0.01000000000000001	0.00001021020472627007
0.010092528860766855	0.000010232964524334347
0.01018591388054118	0.000010273730929400317
0.010280162981264745	0.000010340362798221049
0.010375284158180138	0.000010437717074242372
0.010471285480509006	0.000010570938721048275
0.010568175092136596	0.000010745474001662139
0.01066596121230259	0.000011084138622730139
0.010764652136298361	0.000011583969468106783
0.010864256236170667	0.000012094166534011727
0.010964781961431863	0.000012580392651179769
0.011066237839776675	0.00001300602249108989
0.011168632477805623	0.000013332018848378374
0.011271974561755117	0.000013376165938879637
0.011376272858234322	0.000012811381000147057
0.01148153621496884	0.000012109735413773222
0.011587773561551273	0.000011320161956007074
0.011694993910198724	0.00001049506085941785
0.01180320635651731	9.690495419877188e-6
0.011912420080273762	8.966395756480235e-6
0.012022644346174144	8.972347192032336e-6
0.012133888504649786	9.121987354277591e-6
0.012246161992650502	9.383351757914561e-6
0.01235947433444512	9.726871390100936e-6
0.012473835142429446	0.00001012078779010634
0.012589254117941687	0.000010531026762804165
0.012705741052085433	0.000010732487679285149
0.012823305826560232	0.000010830487630051453
0.01294195841449987	0.000010890492305953791
0.013061708881318424	0.00001091295844954985
0.013182567385564082	0.000010898422094617626
0.01330454417978092	0.000010847501996333484
0.013427649611378649	0.000010780126618244517
0.01355189412351037	0.000010695711222139686
0.013677288255958502	0.000010569354817616138
0.013803842646028859	0.000010395243331954822
0.013931568029453043	0.000010167184694112524
0.01406047524129915	9.878586461125733e-6
0.014190575216890933	9.474160403734075e-6
0.014321878992735446	8.84889421870511e-6
0.014454397707459286	8.172848493358601e-6
0.014588142602753497	7.47191171739438e-6
0.014723125024327202	6.774007167047979e-6
0.014859356422870082	6.109228611524727e-6
0.014996848355023748	5.509984879912399e-6
0.015135612484362095	5.305133926021016e-6
0.015275660582380739	5.2047840285246046e-6
0.015417004529495607	5.196197949004223e-6
0.015559656316050758	5.26790726108773e-6
0.01570362804333554	5.407404824619216e-6
0.015848931924611148	5.601071926208419e-6
0.015995580286146702	5.813136263784108e-6
0.016143585568264878	6.043431602874611e-6
0.016292960326397238	6.286437290866761e-6
0.01644371723214933	6.5283331910278806e-6
0.016595869074375623	6.754131067419215e-6
0.01674942876026439	6.94758715320334e-6
0.016904409316432657	7.0010818448143286e-6
0.017060823890031253	6.901260159873919e-6
0.017218685749860088	6.7483530135143635e-6
0.017378008287493772	6.552687587728963e-6
0.01753880501841763	6.325573714266785e-6
0.01770108958317423	6.079383668759911e-6
0.017864875748520526	5.854073983798155e-6
0.018030177408595707	5.718317998722908e-6
0.018197008586099853	5.590938616109212e-6
0.018365383433483484	5.470320678758741e-6
0.018535316234148135	5.354685066312278e-6
0.018706821403658026	5.242074750042767e-6
0.018879913490962956	5.1303395845497424e-6
0.019054607179632494	4.97925344260867e-6
0.019230917289101597	4.828074516694289e-6
0.019408858775927792	4.680899914147844e-6
0.01958844673505991	4.54191595188373e-6
0.01976969640111862	4.415717654028874e-6
0.01995262314968881	4.307347424856744e-6
0.020137242498623895	4.26024322844396e-6
0.02032357010936223	4.252112110395293e-6
0.020511621788255666	4.267932680898012e-6
0.020701413487910436	4.30539765023659e-6
0.02089296130854041	4.361903441031261e-6
0.02108628149933291	4.434517982808301e-6
0.021281390459827135	4.530026250132222e-6
0.021478304741305354	4.644276950079154e-6
0.02167704104819696	4.759608597231471e-6
0.02187761623949554	4.8675833846128085e-6
0.022080047330189013	4.958782975779555e-6
0.022284351492703053	5.022701515653806e-6
0.022490546058357826	5.008409892040546e-6
0.022698648518838235	4.821422147356672e-6
0.022908676527677748	4.590943491185814e-6
0.023120647901755963	4.330388743473009e-6
0.023334580622810044	4.0549883640108275e-6
0.023550492838960112	3.7820049574490956e-6
0.023768402866248782	3.5309771015407158e-6
0.02398832919019492	3.5253093617820426e-6
0.0242102904673618	3.5707096107074456e-6
0.02443430552693974	3.65728279473465e-6
0.024660393372343412	3.7752995386709995e-6
0.02488857318282393	3.9135063856231194e-6
0.025118864315095822	4.058929725499066e-6
0.025351286304979098	4.096239388955636e-6
0.02558585886905648	4.081444613365952e-6
0.025822601906345985	4.052847205076899e-6
0.026061535499988978	4.015363339799344e-6
0.026302679918953843	3.97468749294138e-6
0.026546055619755416	3.937374279325051e-6
0.026791683248190343	3.9611298532150615e-6
0.027039583641088463	4.053263304255159e-6
0.027289777828080432	4.155928083501188e-6
0.02754228703338169	4.259918226864455e-6
0.02779713267759291	4.354627072830352e-6
0.02805433637951716	4.428003674112673e-6
0.028313919957993816	4.431896338759951e-6
0.028575905433749497	4.279642628933465e-6
0.028840315031266085	4.083172900940493e-6
0.02910717118066608	3.852502603322208e-6
0.029376496519615335	3.5994663466786776e-6
0.029648313895243455	3.337638150242314e-6
0.02992264636608192	3.082118900980635e-6
0.030199517204020192	2.965944392859426e-6
0.03047894989627986	2.874086043675312e-6
0.03076096814740711	2.802293977475286e-6
0.031045595881283587	2.746768576248894e-6
0.03133285724315589	2.7033787575936377e-6
0.031622776601683826	2.667792549491534e-6
0.03191537855100765	2.6212606780492246e-6
0.03221068791283438	2.571295536999104e-6
0.03250872973854347	2.5218368905107595e-6
0.03280952931131194	2.471790011614981e-6
0.03311311214825915	2.420108568847736e-6
0.03341950400261146	2.365800207218802e-6
0.03372873086588692	2.30880117770158e-6
0.034040818970100126	2.248072141688592e-6
0.0343557947899875	2.1816184146772555e-6
0.0346736850452532	2.1084406294541514e-6
0.034994516702835765	2.0276149715723775e-6
0.035318316979195734	1.938288039891222e-6
0.03564511334262446	1.8313140351675051e-6
0.03597493351557427	1.6908386658561715e-6
0.03630780547701017	1.5474789707807295e-6
0.03664375746478335	1.4050139707033748e-6
0.03698281797802665	1.2668150196253668e-6
0.037325015779572084	1.1358850409358225e-6
0.037670379898390914	1.0148979060031188e-6
0.038018939632056145	9.274606590285014e-7
0.0383707245492279	8.504000963578208e-7
0.038725764492161745	7.825087993236076e-7
0.03908408957924023	7.22817980526856e-7
0.03944573020752787	6.704361132657215e-7
0.039810717055349755	6.246061472778319e-7
0.04017908108489402	5.850370864611534e-7
0.040550853544838415	5.504467812466826e-7
0.040926065973001115	5.199658875207076e-7
0.041304750199016166	4.929141004440696e-7
0.04168693834703357	4.686453042670671e-7
0.04207266283844444	4.4655932242234563e-7
0.04246195639463132	4.240844323436014e-7
0.042854852039743985	4.010593760365944e-7
0.04325138310350091	3.7970337471205677e-7
0.04365158322401663	3.601134803631149e-7
0.044055486350655364	3.423803189825699e-7
0.04446312674691091	3.2658891591064665e-7
0.04487453899331325	3.133031367169782e-7
0.04528975799036211	3.0349405715371247e-7
0.04570881896148754	2.9542815015385454e-7
0.04613175745603798	2.889018125482158e-7
0.04655860935229591	2.837245968972908e-7
0.04698941086052156	2.79718102306675e-7
0.04742419852602448	2.7671496670271157e-7
0.04786300923226385	2.775617342143106e-7
0.04830588020397728	2.78581002677862e-7
0.04875284901033865	2.7916857072533277e-7
0.04920395356814511	2.7877416068064037e-7
0.04965923214503363	2.768751204754175e-7
0.05011872336272725	2.729739955479592e-7
0.05058246620031143	2.6110113895396437e-7
0.051050499997540646	2.453690613395703e-7
0.05152286445817567	2.2838381664893204e-7
0.05199959965335162	2.1076601068313202e-7
0.052480746024977286	1.9310693216716862e-7
0.05296634438916581	1.7597028434475112e-7
0.05345643593969719	1.610382383523516e-7
0.05395106225151279	1.4871610266746127e-7
0.05445026528424214	1.3785646091485455e-7
0.05495408738576248	1.286544569556072e-7
0.0554625712957911	1.212465281315898e-7
0.05597576014951104	1.1576883250107794e-7
0.05649369748123028	1.1368153461647401e-7
0.05701642722807478	1.176130882855148e-7
0.05754399373371572	1.227437635326e-7
0.05807644175213124	1.2841056448323744e-7
0.05861381645140291	1.3397468027071963e-7
0.05915616341754743	1.3881959720591613e-7
0.05970352865838372	1.4234933236759587e-7
0.06025595860743581	1.3455973404340514e-7
0.060813500127871824	1.258701173929806e-7
0.061376200516479455	1.172414275583291e-7
0.06194410750767818	1.0953302566745213e-7
0.06251726927756862	1.035785805235933e-7
0.06309573444801936	1.0018815134104836e-7
0.06367955209079162	1.0868780327005222e-7
0.064268771731702	1.2284532590898322e-7
0.06486344335482389	1.386598139600572e-7
0.06546361740672754	1.551787670598745e-7
0.06606934480075964	1.714760380413675e-7
0.06668067692136226	1.8664972463019124e-7
0.06729766562843183	1.95754645598778e-7
0.0679203632617185	1.985084552415729e-7
0.0685488226452662	1.995286772158065e-7
0.0691830970918937	1.9920770049179486e-7
0.06982324040771719	1.9792758926450688e-7
0.07046930689671474	1.960608852684419e-7
0.07112135136533296	1.9488577089385465e-7
0.07177942912713622	1.964982916641993e-7
0.07244359600749906	1.978433067767357e-7
0.0731139083483418	1.9870332151365097e-7
0.07379042301291015	1.988707690478219e-7
0.07447319739059896	1.9812327028985172e-7
0.07516228940182061	1.962629325383021e-7
0.07585775750291844	1.9025999895978272e-7
0.07655966069112569	1.8318044987485456e-7
0.07726805850957029	1.752838635817085e-7
0.07798301105232593	1.6680315185116812e-7
0.07870457896950993	1.5796694790059856e-7
0.07943282347242822	1.49000024991909e-7
0.08016780633876798	1.4076846568420029e-7
0.0809095899178383	1.329672207454938e-7
0.0816582371358593	1.2545169727115803e-7
0.0824138115013003	1.1830367550062757e-7
0.08317637711026717	1.1160427485962433e-7
0.08394599865193982	1.0543410591377705e-7
0.08472274141405972	1.0061392114410816e-7
0.08550667128846841	9.712670866511193e-8
0.0862978547766971	9.405803473278105e-8
0.08709635899560814	9.125987277485666e-8
0.08790225168308852	8.85856973805677e-8
0.08871560120379617	8.589021049468445e-8
0.08953647655495947	8.258433342862371e-8
0.09036494737223023	7.766955658381329e-8
0.09120108393559107	7.265572938854599e-8
0.09204495717531722	6.767889345640972e-8
0.09289663867799372	6.287449462835468e-8
0.09375620069258811	5.8377649590995136e-8
0.09462371613657934	5.4323420934994815e-8
0.09549925860214364	5.216083760777357e-8
0.0963829023623971	5.051501382645353e-8
0.09727472237769656	4.930452794949776e-8
0.09817479430199849	4.845871046610576e-8
0.09908319448927681	4.790732168896076e-8
0.10000000000000005	4.7580411274660335e-8
0.10092528860766849	4.7081716091794476e-8
0.10185913880541175	4.660328806867918e-8
0.10280162981264741	4.625826497684364e-8
0.10375284158180131	4.604543401961905e-8
0.10471285480509002	4.596377194351664e-8
0.1056817509213659	4.601244877905745e-8
0.10665961212302584	4.6076915330431416e-8
0.10764652136298355	4.617011083916466e-8
0.10864256236170661	4.6444792012899633e-8
0.10964781961431856	4.6937309588321134e-8
0.1106623783977667	4.768480177321287e-8
0.11168632477805618	4.8725315164348856e-8
0.1127197456175511	4.970903530644667e-8
0.11376272858234315	4.991841314771709e-8
0.11481536214968835	5.083735345824326e-8
0.11587773561551268	5.27616827192764e-8
0.11694993910198717	5.5994481964836836e-8
0.11803206356517304	6.084722796935526e-8
0.11912420080273756	6.764103463715929e-8
0.12022644346174137	7.766975708064001e-8
0.1213388850464978	9.01833185124723e-8
0.12246161992650495	1.0537649778245344e-7
0.12359474334445113	1.234626981457377e-7
0.12473835142429439	1.4466778822140582e-7
0.1258925411794168	1.692314934236331e-7
0.12705741052085426	2.0066667310243268e-7
0.12823305826560225	2.3668603036453014e-7
0.1294195841449987	2.757436418862735e-7
0.13061708881318423	3.1742171529952273e-7
0.1318256738556408	3.6129404469278876e-7
0.13304544179780922	4.0692398923350174e-7
0.13427649611378642	4.534290278135459e-7
0.13551894123510363	5.003841193881882e-7
0.13677288255958495	5.478877318913142e-7
0.13803842646028852	5.955829284717245e-7
0.13931568029453034	6.430961913941592e-7
0.14060475241299142	6.900345338298504e-7
0.14190575216890927	7.367825383222617e-7
0.1432187899273544	7.845021974507657e-7
0.1445439770745928	8.297687539159261e-7
0.1458814260275349	8.715172896576276e-7
0.14723125024327194	9.085992948383989e-7
0.14859356422870074	9.397684969507976e-7
0.1499684835502374	9.636641421967674e-7
0.15135612484362088	9.607944448288956e-7
0.15275660582380732	9.494762924553493e-7
0.154170045294956	9.311021206030318e-7
0.1555965631605075	9.070136838488091e-7
0.15703628043335532	8.78657966559493e-7
0.15848931924611143	8.476106423327855e-7
0.15995580286146696	8.218510663608037e-7
0.1614358556826487	7.986886603611513e-7
0.1629296032639723	7.767345280513866e-7
0.16443717232149324	7.568343654903545e-7
0.16595869074375613	7.399597783692766e-7
0.16749428760264382	7.27240006430512e-7
0.1690440931643265	7.274052477820648e-7
0.17060823890031243	7.420290048107413e-7
0.17218685749860077	7.632100736271153e-7
0.17378008287493762	7.903120852758589e-7
0.1753880501841762	8.226091805913401e-7
0.1770108958317422	8.592517540500525e-7
0.17864875748520517	8.946173606885618e-7
0.180301774085957	9.170277570477513e-7
0.18197008586099844	9.411043118930194e-7
0.18365383433483473	9.685330889975108e-7
0.18535316234148125	1.0016187706977258e-6
0.18706821403658017	1.0436236032946171e-6
0.18879913490962946	1.0993501058239203e-6
0.19054607179632482	1.1901495303570565e-6
0.19230917289101596	1.3160384089210746e-6
0.19408858775927793	1.4957566650881143e-6
0.19588446735059908	1.7640853717920653e-6
0.1976969640111862	2.1895269937035286e-6
0.19952623149688808	2.9036937579278343e-6
0.20137242498623895	3.957645318252479e-6
0.2032357010936223	4.132463526025246e-6
0.20511621788255666	2.8570796280409184e-6
0.20701413487910436	1.8885619119178485e-6
0.2089296130854041	1.3349060986089312e-6
0.2108628149933291	1.001486181959785e-6
0.21281390459827135	7.886380386359166e-7
0.21478304741305343	6.450034384108926e-7
0.21677041048196952	5.413848025434614e-7
0.2187761623949553	4.6370988443741985e-7
0.22080047330189004	4.0360300119142714e-7
0.22284351492703042	3.5579804524945305e-7
0.22490546058357816	3.16633585529646e-7
0.22698648518838224	2.834472086253769e-7
0.22908676527677735	2.553114025797778e-7
0.23120647901755953	2.3106654722908748e-7
0.23334580622810033	2.09852788657935e-7
0.23550492838960102	1.910197360167211e-7
0.23768402866248772	1.740667566985368e-7
0.2398832919019491	1.5699665928556161e-7
0.2421029046736179	1.415113094445361e-7
0.24434305526939726	1.275368039796482e-7
0.246603933723434	1.1499928451282988e-7
0.24888573182823917	1.0383565663830393e-7
0.25118864315095807	9.399172251245317e-8
0.2535128630497908	8.63770706992426e-8
0.25585858869056466	8.009344028244123e-8
0.2582260190634597	7.46013692086657e-8
0.26061535499988964	6.974141745339843e-8
0.2630267991895383	6.537760386728015e-8
0.26546055619755404	6.139320915626729e-8
0.2679168324819033	5.74247406552279e-8
0.2703958364108845	5.3442018727193074e-8
0.2728977782808042	4.97180854815358e-8
0.27542287033381674	4.624656888129918e-8
0.277971326775929	4.30217855804836e-8
0.2805433637951715	4.003871171426521e-8
0.28313919957993805	3.732589238470845e-8
0.2857590543374948	3.4938894377255794e-8
0.2884031503126607	3.275144521672654e-8
0.29107171180666064	3.0743939264246405e-8
0.2937649651961532	2.8898824038191296e-8
0.2964831389524344	2.7200345230379792e-8
0.29922646366081906	2.5634326938057303e-8
0.30199517204020176	2.4226697939986355e-8
0.30478949896279844	2.292001073864727e-8
0.307609681474071	2.169803074202654e-8
0.3104559588128357	2.0546146668551724e-8
0.3133285724315587	1.9450894249829297e-8
0.3162277660168381	1.8399805414453367e-8
0.31915378551007634	1.7282582198805246e-8
0.3221068791283436	1.617087638404307e-8
0.32508729738543457	1.5108766784849878e-8
0.3280952931131192	1.4104747707653373e-8
0.3311311214825913	1.3167001847390248e-8
0.33419504002611444	1.2303478701755699e-8
0.3372873086588691	1.1590370208087177e-8
0.34040818970100106	1.1024945069153533e-8
0.34355794789987465	1.052328504784157e-8
0.34673685045253166	1.0073377012545037e-8
0.3499451670283573	9.663801171985008e-9
0.353183169791957	9.283632919300012e-9
0.35645113342624424	8.904831275496814e-9
0.3597493351557423	8.483809951006091e-9
0.36307805477010135	8.075643959034217e-9
0.36643757464783333	7.681101631742044e-9
0.3698281797802663	7.300956887901546e-9
0.3732501577957206	6.935999516199851e-9
0.37670379898390893	6.58704684608559e-9
0.38018939632056126	6.258758799231925e-9
0.38370724549227886	5.947695785073875e-9
0.3872576449216173	5.654216993334539e-9
0.3908408957924021	5.378789472115303e-9
0.39445730207527846	5.12197383707791e-9
0.3981071705534973	4.884442421219558e-9
0.40179081084894	4.6809675622583694e-9
0.40550853544838394	4.501613390257635e-9
0.40926065973001097	4.339700507867215e-9
0.41304750199016144	4.193452695080805e-9
0.4168693834703355	4.0611184398932646e-9
0.4207266283844442	3.9409489013414725e-9
0.424619563946313	3.825399429995252e-9
0.4285485203974396	3.7129763731466078e-9
0.43251383103500884	3.609445406520882e-9
0.4365158322401661	3.5148235047743165e-9
0.44055486350655343	3.4292181831386235e-9
0.4446312674691088	3.3528469788102817e-9
0.4487453899331323	3.2852009081507897e-9
0.4528975799036209	3.2249590462790423e-9
0.4570881896148752	3.17598630742963e-9
0.46131757456037953	3.1400031922567248e-9
0.4655860935229591	3.1193077935923304e-9
0.4698941086052156	3.1170177611441227e-9
0.4742419852602448	3.1374448499689673e-9
0.47863009232263853	3.19779029402525e-9
0.48305880203977286	3.296176708683159e-9
0.4875284901033865	3.4440478150049393e-9
0.4920395356814511	3.659745184471092e-9
0.49659232145033627	3.974114384132571e-9
0.5011872336272725	4.443042991532125e-9
0.5058246620031143	5.158881687381411e-9
0.5105049999754064	6.386755899851825e-9
0.5152286445817567	8.913340081969346e-9
0.5199959965335162	1.6585120968983627e-8
0.5248074602497729	6.277601426919474e-8
0.5296634438916581	1.3069869091591044e-8
0.5345643593969719	6.416280953004969e-9
0.5395106225151278	4.1243948256877626e-9
0.5445026528424215	2.978554111565208e-9
0.5495408738576248	2.2979572426280875e-9
0.5546257129579107	1.849203110859966e-9
0.5597576014951101	1.530806003632103e-9
0.5649369748123025	1.284981051175534e-9
0.5701642722807475	1.0738458337038238e-9
0.5754399373371569	9.041602184652831e-10
0.580764417521312	7.65500961029837e-10
0.5861381645140288	6.508444824870363e-10
0.591561634175474	5.552275902474281e-10
0.5970352865838369	4.749307722676126e-10
0.6025595860743578	4.163530484639923e-10
0.6081350012787179	3.642152896546668e-10
0.6137620051647943	3.130765626256856e-10
0.6194410750767815	2.5357415560148044e-10
0.6251726927756859	1.6017290524727586e-10
0.6309573444801934	1.04855666263614e-10
0.6367955209079159	3.4779169151780386e-9
0.6426877173170198	6.98818897239466e-10
0.6486344335482385	5.239170410113702e-10
0.654636174067275	4.637535365278366e-10
0.6606934480075961	4.41854348177183e-10
0.6668067692136223	4.453592155982005e-10
0.6729766562843178	4.810338402737977e-10
0.6792036326171846	5.720772146255621e-10
0.6854882264526617	7.974808885730251e-10
0.6918309709189366	1.7150372825747533e-9
0.6982324040771715	3.35859222654839e-9
0.7046930689671471	7.327538348770871e-10
0.7112135136533292	3.760676351364671e-10
0.7177942912713619	2.384166312734465e-10
0.7244359600749902	1.6896361171368223e-10
0.7311390834834176	1.3205344426138269e-10
0.7379042301291011	1.441506042673668e-10
0.7447319739059892	4.026883303679281e-11
0.7516228940182057	4.411789038733176e-11
0.758577575029184	3.801630248801973e-11
0.7655966069112565	3.215801084990547e-11
0.7726805850957026	2.7634171676117144e-11
0.7798301105232589	2.5847611866327023e-11
0.7870457896950989	1.068926992757299e-11
0.7943282347242817	1.456865693517299e-11
0.8016780633876793	1.4459655598228655e-11
0.8090958991783825	1.648464525050485e-11
0.8165823713585927	3.593359999998108e-11
0.8241381150130026	4.799450746203909e-12
0.8317637711026713	3.009785373126674e-13
0.8394599865193977	4.2194080512090006e-13
0.8472274141405968	2.754759826103069e-13
0.8550667128846836	2.4534194964296424e-13
0.8629785477669706	1.070922902617088e-12
0.870963589956081	2.3759931763717685e-12
0.8790225168308847	4.770112411995321e-12
0.8871560120379608	8.883828130828344e-12
0.8953647655495938	7.999848495608181e-12
0.9036494737223014	5.125874718835531e-12
0.9120108393559097	3.5779426959135314e-12
0.9204495717531712	2.6796425129748375e-12
0.9289663867799363	2.0883559308039688e-12
0.9375620069258802	1.6623403019844319e-12
0.946237161365793	1.334680909864543e-12
0.9549925860214359	1.0694593631789095e-12
0.9638290236239705	8.43785683579213e-13
0.9727472237769651	6.414142035818844e-13
0.9817479430199844	4.4802114636101877e-13
0.9908319448927676	2.474522952576603e-13
1.	1.613539461359848e-14
1.0092528860766845	2.9115409425483167e-13
1.0185913880541169	7.821510468828332e-13
1.0280162981264735	1.8021049515202445e-12
1.0375284158180127	5.561449070387345e-12
1.0471285480508996	1.933124073763268e-11
1.0568175092136585	4.854143510911919e-12
1.066596121230258	3.1903149582431674e-12
1.076465213629835	2.5663421697282437e-12
1.0864256236170655	2.2856943730684006e-12
1.096478196143185	2.185092848933094e-12
1.1066237839776665	2.2302568215595814e-12
1.1168632477805611	2.457842065582836e-12
1.1271974561755105	3.0299972968305204e-12
1.1376272858234309	4.424287037523563e-12
1.1481536214968828	5.776022741856066e-12
1.1587773561551262	3.376513613605503e-12
1.1694993910198712	1.930665376156722e-12
1.1803206356517297	1.2832244027555026e-12
1.191242008027375	9.45427988740618e-13
1.2022644346174132	7.384547465410431e-13
1.2133888504649775	6.121647420778731e-13
1.224616199265049	5.38264240853379e-13
1.2359474334445106	5.0736836106389e-13
1.2473835142429432	5.285060629234623e-13
1.2589254117941675	6.629902102924026e-13
1.270574105208542	1.509286108316277e-12
1.2823305826560218	1.2286864725047106e-12
1.2941958414499863	3.191520985634993e-13
1.3061708881318417	1.526077017536309e-13
1.3182567385564075	8.795353444226411e-14
1.3304544179780915	5.5803193716736544e-14
1.3427649611378643	3.7602674594528685e-14
1.3551894123510364	2.64416572463213e-14
1.3677288255958495	1.9222606408497742e-14
1.3803842646028852	1.4355442564233042e-14
1.3931568029453034	1.096405119686863e-14
1.4060475241299142	8.535501941406794e-15
1.4190575216890926	6.749590717186823e-15
1.432187899273544	5.400048846896403e-15
1.4454397707459279	4.375756245577391e-15
1.4588142602753489	3.587084514352222e-15
1.4723125024327193	2.9719050723347627e-15
1.4859356422870074	2.486345488416115e-15
1.499684835502374	2.098919360768889e-15
1.5135612484362087	1.780867027201983e-15
1.5275660582380732	1.5233246608170311e-15
1.54170045294956	1.3138095334961333e-15
1.555965631605075	1.142770568995192e-15
1.5703628043335531	1.0028935111360459e-15
1.584893192461114	8.885732239168912e-16
1.5995580286146696	7.961353519281134e-16
1.6143585568264869	7.218375494214024e-16
1.629296032639723	6.631847015351715e-16
1.6443717232149324	6.188509828445954e-16
1.6595869074375613	5.885842012033093e-16
1.6749428760264382	5.736515344733552e-16
1.690440931643265	5.772520155292338e-16
1.7060823890031243	6.092841941535306e-16
1.7218685749860079	6.975897446471781e-16
1.7378008287493762	9.395338233810718e-16
1.753880501841762	2.101857435980772e-15
1.770108958317422	2.4565092293094808e-15
1.7864875748520517	5.953727941853137e-16
1.803017740859568	2.889231349832481e-16
1.8197008586099825	1.6936386891199384e-16
1.8365383433483455	1.0867221126188677e-16
1.8535316234148105	7.355444416571933e-17
1.8706821403657996	5.158090227683641e-17
1.8879913490962925	3.709974941742154e-17
1.9054607179632463	2.7317231545507158e-17
1.9230917289101574	2.0405755713792586e-17
1.9408858775927773	1.5405921318043347e-17
1.958844673505989	1.1719986544482195e-17
1.97696964011186	8.960530389400617e-18
1.9952623149688788	6.868508374781699e-18
2.0137242498623875	5.238847552359065e-18
2.032357010936221	3.981820243253081e-18
2.0511621788255647	3.016534211062663e-18
2.0701413487910414	2.273612638530599e-18
2.0892961308540388	1.7008361665120534e-18
2.108628149933289	1.2585457419431624e-18
2.1281390459827114	9.176860746160096e-19
2.147830474130533	6.536785798021687e-19
2.167704104819694	4.468166796837367e-19
2.1877616239495516	2.831658413387877e-19
2.208004733018899	1.5165379021635017e-19
2.228435149270303	4.3129449549376915e-20
2.2490546058357803	5.058999005302168e-20
2.2698648518838214	1.3816698209524733e-19
2.2908676527677723	2.304242927319688e-19
2.312064790175594	3.4636621653575485e-19
2.333458062281002	5.346898728488506e-19
2.355049283896009	1.0069369097345e-18
2.376840286624876	7.959540387950209e-18
2.39883291901949	1.2350440458592574e-18
2.4210290467361775	5.340556270810925e-19
2.4434305526939712	3.206972633079989e-19
2.4660393372343385	2.1712326787020937e-19
2.48885731828239	1.5620343695604205e-19
2.5118864315095797	1.164596892590135e-19
2.535128630497907	8.85533583755647e-20
2.5585858869056453	6.831626503674477e-20
2.582260190634596	5.3311088471156944e-20
2.6061535499988953	4.197510668121678e-20
2.6302679918953813	3.3294885469903577e-20
2.654605561975539	2.658191412350399e-20
2.6791683248190314	2.142642920040359e-20
2.703958364108843	1.7431804291963836e-20
2.7289777828080406	1.424876773858454e-20
2.7542287033381663	1.1690695005098997e-20
2.7797132677592886	9.619364499724352e-21
2.805433637951713	7.93099497322052e-21
2.831391995799379	6.531299696382098e-21
2.8575905433749464	5.341456109713874e-21
2.8840315031266055	4.371501906044311e-21
2.910717118066605	3.582831665227432e-21
2.9376496519615305	2.943199916798026e-21
2.9648313895243423	2.425760348974084e-21
2.992264636608189	2.0082410057628667e-21
3.019951720402016	1.6868395400682205e-21
3.047894989627983	1.4260987497746498e-21
3.076096814740708	1.2133390857142259e-21
3.1045595881283554	1.0387196739667123e-21
3.1332857243155856	8.94504878297346e-22
3.162277660168379	7.746004967847279e-22
3.1915378551007616	6.74014168904023e-22
3.2210687912834346	5.891307068739212e-22
3.250872973854344	5.170195720935385e-22
3.2809529311311905	4.5529320744941795e-22
3.311311214825911	4.0205037551248076e-22
3.3419504002611427	3.5577503637756866e-22
3.372873086588689	3.1461577521386645e-22
3.404081897010009	2.77857097362545e-22
3.4355794789987466	2.4555241879839297e-22
3.4673685045253166	2.171307191808808e-22
3.499451670283573	1.9210773303406776e-22
3.53183169791957	1.7007039790314336e-22
3.5645113342624426	1.5074161712988388e-22
3.5974933515574232	1.3393098158558775e-22
3.630780547701014	1.1907957101490567e-22
3.664375746478333	1.0593606788328761e-22
3.6982817978026628	9.428652368482e-23
3.732501577957206	8.394781137760417e-23
3.767037989839089	7.47623893687309e-23
3.801893963205613	6.653552590780112e-23
3.8370724549227884	5.922563805112973e-23
3.8725764492161727	5.2734593259080903e-23
3.908408957924021	4.6974630836137673e-23
3.944573020752785	4.186751597309641e-23
3.981071705534973	3.73434409640548e-23
4.0179081084894	3.3389430064360025e-23
4.055085354483839	2.990121778314499e-23
4.09260659730011	2.6805340893741507e-23
4.130475019901614	2.4055700124217943e-23
4.168693834703355	2.1614127476985903e-23
4.207266283844442	1.9450672652205817e-23
4.24619563946313	1.7530565179650347e-23
4.285485203974396	1.5856838326586446e-23
4.325138310350088	1.449120992442053e-23
4.365158322401661	1.3664227037585553e-23
4.405548635065534	1.5951155792017845e-23
4.446312674691089	5.873674756674265e-24
4.487453899331323	7.244082913205536e-24
4.528975799036209	6.857084738584803e-24
4.570881896148752	6.267976976542162e-24
4.613175745603791	5.663221470908154e-24
4.655860935229586	5.089003803401094e-24
4.698941086052151	4.55868541455597e-24
4.742419852602444	4.0750466951866366e-24
4.7863009232263805	3.632370546353503e-24
4.830588020397723	3.233832940731859e-24
4.875284901033861	2.8764981923832656e-24
4.920395356814506	2.5571100827632006e-24
4.965923214503357	2.2723799922084604e-24
5.01187233627272	2.0191160960189264e-24
5.058246620031137	1.7965020633486423e-24
5.105049999754059	1.5994955301987243e-24
5.152286445817562	1.4243890885093734e-24
5.1999599653351565	1.2686534870300375e-24
5.248074602497723	1.1300534591158128e-24
5.296634438916575	1.0066165993807996e-24
5.345643593969713	8.965297954833521e-25
5.395106225151273	7.982896424941972e-25
5.445026528424209	7.106440204960789e-25
5.495408738576242	6.324115380745318e-25
5.5462571295791046	5.625477260841571e-25
5.597576014951099	5.001290148973453e-25
5.649369748123022	4.440829235933326e-25
5.701642722807472	3.9330714564455267e-25
5.754399373371567	3.481260976216134e-25
5.807644175213118	3.0802786523560823e-25
5.861381645140285	2.7253150755232573e-25
5.9156163417547365	2.4118782401083027e-25
5.9703528658383656	2.135794652998152e-25
6.025595860743575	1.9008167853819973e-25
6.081350012787176	1.6933655782815488e-25
6.137620051647939	1.5096038521782362e-25
6.194410750767812	1.3463279634053852e-25
6.251726927756856	1.2008170746802344e-25
6.30957344480193	1.0707596995706805e-25
6.367955209079155	9.514281906247646e-26
6.426877173170194	8.439245872168479e-26
6.486344335482381	7.481714372899513e-26
6.546361740672747	6.630894556310182e-26
6.6069344800759575	5.876670855682596e-26
6.668067692136219	5.2096141675961e-26
6.729766562843175	4.629038216242689e-26
6.792036326171843	4.1237539822162003e-26
6.854882264526613	3.6758349365128367e-26
6.918309709189362	3.277766928172014e-26
6.9823240407717115	2.923126246624769e-26
7.046930689671467	2.60641793533913e-26
7.112135136533288	2.32126428792384e-26
7.177942912713615	2.0611582862813706e-26
7.244359600749899	1.8289517879056164e-26
7.311390834834173	1.6220197033537126e-26
7.379042301291007	1.4379305975370716e-26
7.447319739059888	1.274440412238181e-26
7.516228940182053	1.1294848501240078e-26
7.585775750291836	1.0025362854426466e-26
7.655966069112561	8.900627635018564e-27
7.726805850957022	7.9038311924358e-27
7.798301105232586	7.020220682797077e-27
7.870457896950985	6.236759389364437e-27
7.943282347242813	5.541927068402959e-27
8.01678063387679	4.925983796186521e-27
8.090958991783822	4.379493371178417e-27
8.165823713585922	3.894295170385598e-27
8.241381150130021	3.4633415558164624e-27
8.317637711026709	3.0804070903733186e-27
8.394599865193973	2.739992143915784e-27
8.472274141405963	2.437527126861413e-27
8.550667128846833	2.168625888816476e-27
8.629785477669701	1.9291475941911748e-27
8.709635899560805	1.715733857953728e-27
8.790225168308842	1.5254306127574855e-27
8.871560120379607	1.3556373826627308e-27
8.953647655495937	1.2033480088392836e-27
9.036494737223014	1.0654862101776325e-27
9.120108393559097	9.429677348246972e-28
9.204495717531712	8.343665534536442e-28
9.289663867799362	7.383457996600986e-28
9.375620069258803	6.536594785893816e-28
9.462371613657929	5.791523651408376e-28
9.549925860214358	5.161198817269854e-28
9.638290236239705	4.604671837857939e-28
9.727472237769652	4.111218046554032e-28
9.817479430199844	3.6719970843199203e-28
9.908319448927676	3.279582617528606e-28
10.	2.9277345955624203e-28
10.092528860766844	2.602185958125267e-28
10.18591388054117	2.307593026531986e-28
10.280162981264736	2.044622568528743e-28
10.375284158180126	1.8105646618569164e-28
10.471285480508996	1.6028416318910537e-28
10.568175092136585	1.4190242967372378e-28
10.665961212302578	1.2584986822383013e-28
10.76465213629835	1.1185349451246275e-28
10.864256236170656	9.950884208921637e-29
10.964781961431852	8.863767615789013e-29
11.066237839776663	7.911497614108862e-29
11.168632477805613	7.094421031319613e-29
11.271974561755105	6.492516445050975e-29
11.37627285823431	4.365603464508606e-29
11.481536214968829	4.715011700597051e-29
11.587773561551263	4.265056410227452e-29
11.694993910198711	3.8187493251409226e-29
11.803206356517286	3.4087614032524726e-29
11.912420080273739	3.0382608243479197e-29
12.022644346174118	2.701505230236595e-29
12.133888504649763	2.4002752320898954e-29
12.246161992650476	2.1315441923688966e-29
12.359474334445094	1.8922722322285478e-29
12.47383514242942	1.6795711792835208e-29
12.589254117941662	1.4907540042244538e-29
12.705741052085406	1.3247965230693978e-29
12.823305826560205	1.177985749074912e-29
12.941958414499851	1.0475662826527428e-29
13.061708881318404	9.316114531451024e-30
13.182567385564061	8.28431457616695e-30
13.304544179780901	7.365442508989284e-30
13.427649611378628	6.541047360603557e-30
13.551894123510351	5.801835589831406e-30
13.67728825595848	5.144879951111262e-30
13.803842646028839	4.561840861359617e-30
13.931568029453022	4.045102772666483e-30
14.060475241299129	3.5877285788759955e-30
14.190575216890911	3.185165458209988e-30
14.321878992735424	2.8342810273214355e-30
14.454397707459265	2.5232944710051896e-30
14.588142602753473	2.2471741954749524e-30
14.723125024327178	2.0015787234019897e-30
14.859356422870059	1.7827591160108904e-30
14.996848355023726	1.5874750888792502e-30
15.135612484362072	1.4099309727609294e-30
15.275660582380716	1.251646993394291e-30
15.417004529495584	1.1107379034789852e-30
15.559656316050734	9.854559959957419e-31
15.703628043335515	8.742063502996361e-31
15.848931924611126	7.755366090975933e-31
15.995580286146678	6.886478302903897e-31
16.143585568264854	6.118186501331674e-31
16.292960326397214	5.437123163672227e-31
16.443717232149307	4.833252068330342e-31
16.595869074375596	4.297700722877837e-31
16.749428760264365	3.822625086637574e-31
16.90440931643263	3.4022251399021687e-31
17.060823890031227	3.029927130129333e-31
17.21868574986006	2.6988309920296686e-31
17.378008287493746	2.4040443488209367e-31
17.5388050184176	2.14129892900973e-31
17.701089583174202	1.9068676216819899e-31
17.864875748520497	1.696399613261127e-31
18.03017740859568	1.5054322000561496e-31
18.197008586099827	1.3355919644610115e-31
18.365383433483455	1.1849129774560812e-31
18.535316234148105	1.0515531280389211e-31
18.706821403657997	9.337963248247095e-32
18.879913490962927	8.30052199735171e-32
19.054607179632463	7.423486697446177e-32
19.230917289101576	6.647249859067848e-32
19.408858775927772	5.956896595264027e-32
19.58844673505989	5.340223660634903e-32
19.769696401118598	4.787044466644525e-32
19.952623149688787	4.288854273973587e-32
20.137242498623873	3.8296431609737983e-32
20.32357010936221	3.4132575997232615e-32
20.511621788255646	3.039223923526396e-32
20.701413487910415	2.7037739935154246e-32
20.892961308540386	2.40339772238228e-32
21.086281499332888	2.1347225534050243e-32
21.28139045982711	1.8947884960695626e-32
21.47830474130533	1.6810200331768947e-32
21.67704104819694	1.490882219640097e-32
21.87761623949552	1.322220795681182e-32
22.080047330188993	1.1730970848895944e-32
22.28435149270303	1.0407910047491135e-32
22.490546058357804	9.234061476524387e-33
22.698648518838212	8.192596708469504e-33
22.908676527677724	7.26857189932088e-33
23.12064790175594	6.448760504529147e-33
23.33458062281002	5.721410599061679e-33
23.55049283896009	5.076094359572179e-33
23.76840286624876	4.50355107582277e-33
23.9883291901949	3.995581991368434e-33
24.210290467361776	3.544906266704919e-33
24.434305526939713	3.145062105247938e-33
24.660393372343385	2.7903120303911145e-33
24.888573182823905	2.4755728675484557e-33
25.118864315095795	2.196334319146899e-33
25.351286304979073	1.9485923433198824e-33
25.58585886905645	1.7287924240494686e-33
25.82260190634596	1.5337831178545303e-33
26.06153549998895	1.3607704694172334e-33
26.302679918953814	1.2072734545936904e-33
26.54605561975539	1.0710900323233202e-33
26.791683248190314	9.502664479146143e-34
27.039583641088434	8.430719806423592e-34
27.289777828080403	7.479693553886349e-34
27.542287033381662	6.635944350196036e-34
27.797132677592884	5.887360218899508e-34
28.05433637951713	5.223220281058485e-34
28.31391995799379	4.6339996138745745e-34
28.575905433749465	4.111246792630975e-34
28.84031503126606	3.647456383113131e-34
29.10717118066605	3.235984519468031e-34
29.376496519615305	2.8709306764216983e-34
29.648313895243422	2.5470584874070374e-34
29.92264636608189	2.259718572756136e-34
30.19951720402016	2.004792322281798e-34
30.4789498962798	1.7786249769879243e-34
30.76096814740705	1.5779722342109747e-34
31.045595881283525	1.39995402913459e-34
31.332857243155825	1.2420172280534046e-34
31.62277660168376	1.1018981141124634e-34
31.91537855100758	9.775866477233428e-35
32.21068791283432	8.672988099626592e-35
32.50872973854341	7.69451941508761e-35
32.80952931131187	6.826439295229694e-35
33.11311214825908	6.0562945567049e-35
33.41950400261139	5.373034536044815e-35
33.72873086588685	4.7668487529996487e-35
34.040818970100055	4.22905273465903e-35
34.35579478998743	3.751931243330302e-35
34.67368504525313	3.328638738677858e-35
34.994516702835696	2.9530959028102513e-35
35.318316979195664	2.6199219336053975e-35
35.64511334262439	2.324337591379011e-35
35.9749335155742	2.0621018476585705e-35
36.3078054770101	1.8294490624751247e-35
36.64375746478329	1.6230438872825906e-35
36.98281797802659	1.4399263187463764e-35
37.32501577957203	1.277468940486776e-35
37.670379898390856	1.1333392957367225e-35
38.01893963205609	1.0054699499304944e-35
38.370724549227845	8.92027645488141e-36
38.72576449216169	7.91384656423371e-36
39.08408957924017	7.020962721037407e-36
39.44573020752781	6.2288099919436e-36
39.81071705534969	5.526034227117411e-36
40.17908108489396	4.902551521428895e-36
40.55085354483835	4.3494135420468965e-36
40.92606597300105	3.8586771407831384e-36
41.304750199016105	3.4233101781408174e-36
41.68693834703351	3.037065652574761e-36
42.07266283844438	2.694400836891901e-36
42.46195639463126	2.390393350147564e-36
42.85485203974392	2.1206868908170884e-36
43.251383103500835	1.8814117801362134e-36
43.65158322401656	1.6691343093022007e-36
44.0554863506553	1.4808056233122737e-36
44.46312674691084	1.3137255651066908e-36
44.87453899331318	1.1654975880129087e-36
45.28975799036204	1.0339945350979187e-36
45.708818961487474	9.173280201350997e-37
46.13175745603791	8.138244162699724e-37
46.55860935229586	7.219995103641783e-37
46.98941086052151	6.405355556090164e-37
47.42419852602443	5.682629480659792e-37
47.8630092322638	5.041443401836749e-37
48.30588020397723	4.472605365422166e-37
48.7528490103386	3.967952160397303e-37
49.20395356814506	3.5202397247141425e-37
49.65923214503358	3.123038464477e-37
50.118723362727195	2.770655626036818e-37
50.58246620031137	2.458034279844225e-37
51.0504999975406	2.180687649689326e-37
51.52286445817562	1.9346310619282355e-37
51.99959965335157	1.7163384687675464e-37
52.48074602497723	1.5226773612089636e-37
52.966344389165755	1.350868288439172e-37
53.45643593969714	1.1984432804538062e-37
53.95106225151273	1.063216871934768e-37
54.450265284242086	9.432491218761325e-38
54.95408738576243	8.36818237583617e-38
55.462571295791044	7.423956661501894e-38
55.97576014951099	6.586268431017088e-38
56.49369748123023	5.843103757213904e-38
57.01642722807472	5.183796674509674e-38
57.543993733715666	4.598880106043984e-38
58.07644175213118	4.079958429171449e-38
58.61381645140285	3.6195914636238913e-38
59.15616341754737	3.211172014819924e-38
59.70352865838366	2.8488367103683426e-38
60.255958607435744	2.52738198416642e-38
60.81350012787176	2.242200121409559e-38
61.37620051647939	1.9891982162170684e-38
61.94410750767812	1.764744848553096e-38
62.51726927756855	1.5656149295231877e-38
63.0957344480193	1.388954859555611e-38
63.67955209079155	1.232229251472356e-38
64.26877173170195	1.0931885811599155e-38
64.86344335482381	9.698353785314742e-39
65.46361740672747	8.604010118099652e-39
66.06934480075958	7.633153678391497e-39
66.68067692136219	6.771849590409296e-39
67.29766562843174	6.007726645494163e-39
67.92036326171844	5.329822992860302e-39
68.54882264526613	4.728415234967033e-39
69.18309709189363	4.194871326686804e-39
69.82324040771712	3.72152931776556e-39
70.46930689671467	3.30159515599646e-39
71.12135136533288	2.9290473015664982e-39
71.77942912713615	2.5985386021914197e-39
72.44359600749898	2.3053237637066303e-39
73.11390834834172	2.04519193568546e-39
73.79042301291008	1.814414042914463e-39
74.47319739059888	1.60967778478439e-39
75.16228940182053	1.4280442612995968e-39
75.85775750291836	1.2669036909563288e-39
76.55966069112561	1.1239466672680867e-39
77.26805850957021	9.97121388652329e-40
77.98301105232578	8.846074010192453e-40
78.70457896950977	7.847881926904242e-40
79.43282347242805	6.9623259770597355e-40
80.16780633876782	6.176699447724722e-40
80.90958991783813	5.479725538490917e-40
81.65823713585914	4.861392613712961e-40
82.41381150130013	4.312830540543154e-40
83.176377110267	3.826170421127309e-40
83.94599865193965	3.394426865233252e-40
84.72274141405954	3.0113993707557917e-40
85.50667128846823	2.6715903822502656e-40
86.29785477669692	2.3701268903926156e-40
87.09635899560797	2.1026818230892763e-40
87.90225168308834	1.8654150536435e-40
88.71560120379598	1.6549193175527537e-40
89.53647655495928	1.4681768539391136e-40
90.36494737223005	1.3025072830541313e-40
91.20108393559087	1.1555323284801113e-40
92.04495717531702	1.0251402706974226e-40
92.89663867799354	9.094622434456295e-41
93.75620069258792	8.068379056292138e-41
94.6237161365792	7.157941300711523e-41
95.4992586021435	6.350227916110301e-41
96.38290236239695	5.633658727341995e-41
97.2747223776964	4.997951001993384e-41
98.17479430199833	4.4339795441753344e-41
99.08319448927665	3.9336427335054855e-41
99.9999999999999	3.489763439098015e-41