0.01000000000000001	9.975475349261416e-6
0.010092528860766855	9.992365376282703e-6
0.01018591388054118	0.000010026675069652676
0.010280162981264745	0.00001008602825621682
0.010375284158180138	0.000010175105063666839
0.010471285480509006	0.000010298852529207133
0.010568175092136596	0.00001046249713725186
0.01066596121230259	0.000010785455398622437
0.010764652136298361	0.000011264521433744645
0.010864256236170667	0.000011752816290903754
0.010964781961431863	0.000012216945075633721
0.011066237839776675	0.000012621386116320605
0.011168632477805623	0.00001292838608897117
0.011271974561755117	0.000012961568497109021
0.011376272858234322	0.000012404835357642851
0.01148153621496884	0.000011716298355879678
0.011587773561551273	0.000010943611213046272
0.011694993910198724	0.000010137637567717086
0.01180320635651731	9.352614986967453e-6
0.011912420080273762	8.646327463580352e-6
0.012022644346174144	8.644459947540328e-6
0.012133888504649786	8.780727328904394e-6
0.012246161992650502	9.024005197408061e-6
0.01235947433444512	9.345567728638296e-6
0.012473835142429446	9.714683563378658e-6
0.012589254117941687	0.000010098509442637812
0.012705741052085433	0.000010281331647242795
0.012823305826560232	0.000010364523404045133
0.01294195841449987	0.000010410961623407275
0.013061708881318424	0.000010421188930101536
0.013182567385564082	0.000010395825805982329
0.01330454417978092	0.000010335575291366692
0.013427649611378649	0.000010259516917437526
0.01355189412351037	0.000010167146404221321
0.013677288255958502	0.000010034877497244213
0.013803842646028859	9.857344522974178e-6
0.013931568029453043	9.62885896592766e-6
0.01406047524129915	9.34339190117629e-6
0.014190575216890933	8.948959959884854e-6
0.014321878992735446	8.346970852333343e-6
0.014454397707459286	7.698514968707459e-6
0.014588142602753497	7.028197653638447e-6
0.014723125024327202	6.362404503124823e-6
0.014859356422870082	5.729405832879499e-6
0.014996848355023748	5.159467662748581e-6
0.015135612484362095	4.959813566041004e-6
0.015275660582380739	4.858128097235807e-6
0.015417004529495607	4.842074497606068e-6
0.015559656316050758	4.900552722266188e-6
0.01570362804333554	5.021552687739841e-6
0.015848931924611148	5.192097108412425e-6
0.015995580286146702	5.378788485060828e-6
0.016143585568264878	5.581347587126662e-6
0.016292960326397238	5.794556023336122e-6
0.01644371723214933	6.005592977001567e-6
0.016595869074375623	6.200663870547001e-6
0.01674942876026439	6.364937444000309e-6
0.016904409316432657	6.400181129094047e-6
0.017060823890031253	6.295022266063686e-6
0.017218685749860088	6.141612302155564e-6
0.017378008287493772	5.949670766113867e-6
0.01753880501841763	5.729734919962639e-6
0.01770108958317423	5.4932161694175626e-6
0.017864875748520526	5.276286255890943e-6
0.018030177408595707	5.140565633866137e-6
0.018197008586099853	5.012659772896689e-6
0.018365383433483484	4.891077748743319e-6
0.018535316234148135	4.774196540411796e-6
0.018706821403658026	4.660251360067496e-6
0.018879913490962956	4.54732520964385e-6
0.019054607179632494	4.399879712074971e-6
0.019230917289101597	4.252838923845763e-6
0.019408858775927792	4.109824828901922e-6
0.01958844673505991	3.9744892548795455e-6
0.01976969640111862	3.850789714092624e-6
0.01995262314968881	3.743013008964147e-6
0.020137242498623895	3.688621863684657e-6
0.02032357010936223	3.6678103189316814e-6
0.020511621788255666	3.667287856324683e-6
0.020701413487910436	3.684830887002201e-6
0.02089296130854041	3.7179836226000766e-6
0.02108628149933291	3.764038183011693e-6
0.021281390459827135	3.828532731856275e-6
0.021478304741305354	3.907694603269437e-6
0.02167704104819696	3.986487915472728e-6
0.02187761623949554	4.057834580982034e-6
0.022080047330189013	4.113979862305518e-6
0.022284351492703053	4.146431902781578e-6
0.022490546058357826	4.1136847150423845e-6
0.022698648518838235	3.939529413780392e-6
0.022908676527677748	3.7312462536070883e-6
0.023120647901755963	3.500318535970229e-6
0.023334580622810044	3.2594676564167693e-6
0.023550492838960112	3.022774326136812e-6
0.023768402866248782	2.805812596702652e-6
0.02398832919019492	2.7848340604338023e-6
0.0242102904673618	2.8038778675746367e-6
0.02443430552693974	2.854547540997372e-6
0.024660393372343412	2.9287706377619205e-6
0.02488857318282393	3.0175033493847585e-6
0.025118864315095822	3.110625390956708e-6
0.025351286304979098	3.120326039258726e-6
0.02558585886905648	3.09066551603919e-6
0.025822601906345985	3.051349564893435e-6
0.026061535499988978	3.0064254482167635e-6
0.026302679918953843	2.9604531126995828e-6
0.026546055619755416	2.9185636760020268e-6
0.026791683248190343	2.9235835405077372e-6
0.027039583641088463	2.9807042345167634e-6
0.027289777828080432	3.0475362485209712e-6
0.02754228703338169	3.117974400131426e-6
0.02779713267759291	3.185076388933753e-6
0.02805433637951716	3.2409635494650653e-6
0.028313919957993816	3.251272220996532e-6
0.028575905433749497	3.1526532600574676e-6
0.028840315031266085	3.0268431382507632e-6
0.02910717118066608	2.880636697094749e-6
0.029376496519615335	2.7219137421349415e-6
0.029648313895243455	2.5597704894742805e-6
0.02992264636608192	2.404656630154316e-6
0.030199517204020192	2.3614779488834967e-6
0.03047894989627986	2.342843859161223e-6
0.03076096814740711	2.3462894827501667e-6
0.031045595881283587	2.36959575630148e-6
0.03133285724315589	2.410027862000499e-6
0.031622776601683826	2.46427085507086e-6
0.03191537855100765	2.514601339601944e-6
0.03221068791283438	2.5665282976283337e-6
0.03250872973854347	2.622673494746161e-6
0.03280952931131194	2.680629797673062e-6
0.03311311214825915	2.7376561488514848e-6
0.03341950400261146	2.790709757037572e-6
0.03372873086588692	2.8375767372250528e-6
0.034040818970100126	2.874741153829139e-6
0.0343557947899875	2.8972689762039807e-6
0.0346736850452532	2.9013810041533612e-6
0.034994516702835765	2.8835249058894723e-6
0.035318316979195734	2.840522098286947e-6
0.03564511334262446	2.7571104337309914e-6
0.03597493351557427	2.606967240919334e-6
0.03630780547701017	2.435719515198248e-6
0.03664375746478335	2.2506492357719715e-6
0.03698281797802665	2.059093467038675e-6
0.037325015779572084	1.8681883823684949e-6
0.037670379898390914	1.6846580328517841e-6
0.038018939632056145	1.5501336657161494e-6
0.0383707245492279	1.4281318749211464e-6
0.038725764492161745	1.3179508281378127e-6
0.03908408957924023	1.2189931288780053e-6
0.03944573020752787	1.1305302309994595e-6
0.039810717055349755	1.0517434519933903e-6
0.04017908108489402	9.82623908381649e-7
0.040550853544838415	9.215347315977555e-7
0.040926065973001115	8.67105743681495e-7
0.041304750199016166	8.183119711236308e-7
0.04168693834703357	7.741748096094177e-7
0.04207266283844444	7.337693530568495e-7
0.04246195639463132	6.929354909180439e-7
0.042854852039743985	6.514994808668721e-7
0.04325138310350091	6.1311970751642e-7
0.04365158322401663	5.779464379172819e-7
0.044055486350655364	5.461026196525106e-7
0.04446312674691091	5.176888814530925e-7
0.04487453899331325	4.935497434137843e-7
0.04528975799036211	4.751404321713206e-7
0.04570881896148754	4.5966788439323514e-7
0.04613175745603798	4.4677038641434326e-7
0.04655860935229591	4.361133336171078e-7
0.04698941086052156	4.273873142275714e-7
0.04742419852602448	4.203062102073271e-7
0.04786300923226385	4.1914133780805097e-7
0.04830588020397728	4.1827058066177343e-7
0.04875284901033865	4.1678820586895433e-7
0.04920395356814511	4.1388831510726707e-7
0.04965923214503363	4.0882285439148445e-7
0.05011872336272725	4.00896047383939e-7
0.05058246620031143	3.814317272958962e-7
0.051050499997540646	3.5658502483142144e-7
0.05152286445817567	3.3020290544642827e-7
0.05199959965335162	3.0319690217597125e-7
0.052480746024977286	2.7641829185428856e-7
0.05296634438916581	2.5066352859186383e-7
0.05345643593969719	2.2831469990568684e-7
0.05395106225151279	2.0979757183333528e-7
0.05445026528424214	1.9357922577787785e-7
0.05495408738576248	1.7982844657440572e-7
0.0554625712957911	1.6870531626769874e-7
0.05597576014951104	1.603620408737016e-7
0.05649369748123028	1.5677402417015333e-7
0.05701642722807478	1.6148670288869757e-7
0.05754399373371572	1.6780269361355097e-7
0.05807644175213124	1.7479894142024028e-7
0.05861381645140291	1.8160098960251084e-7
0.05915616341754743	1.8737916714581754e-7
0.05970352865838372	1.9134509407326244e-7
0.06025595860743581	1.8012892369140589e-7
0.060813500127871824	1.678074480874869e-7
0.061376200516479455	1.5566914932954389e-7
0.06194410750767818	1.4484742819869746e-7
0.06251726927756862	1.3642378506936206e-7
0.06309573444801936	1.3143164399337923e-7
0.06367955209079162	1.4201546999843664e-7
0.064268771731702	1.5987900316986643e-7
0.06486344335482389	1.7974917685479604e-7
0.06546361740672754	2.0037176744174205e-7
0.06606934480075964	2.205458716544779e-7
0.06668067692136226	2.391202380568629e-7
0.06729766562843183	2.4980187335546293e-7
0.0679203632617185	2.52323282830369e-7
0.0685488226452662	2.526255953157282e-7
0.0691830970918937	2.5122902403596906e-7
0.06982324040771719	2.48632898509139e-7
0.07046930689671474	2.4531700613854465e-7
0.07112135136533296	2.428824384200909e-7
0.07177942912713622	2.439202764326674e-7
0.07244359600749906	2.4461133999515334e-7
0.0731139083483418	2.44691625247323e-7
0.07379042301291015	2.439061202293134e-7
0.07447319739059896	2.4200823239046813e-7
0.07516228940182061	2.387592513754648e-7
0.07585775750291844	2.3050670100363394e-7
0.07655966069112569	2.2101188908563041e-7
0.07726805850957029	2.1060286124125507e-7
0.07798301105232593	1.995706790767297e-7
0.07870457896950993	1.8819676276012248e-7
0.07943282347242822	1.7675345781967784e-7
0.08016780633876798	1.662661129418389e-7
0.0809095899178383	1.5636508238542222e-7
0.0816582371358593	1.4687485738346244e-7
0.0824138115013003	1.3788678856715414e-7
0.08317637711026717	1.2948974426127997e-7
0.08394599865193982	1.2177026286820417e-7
0.08472274141405972	1.1566395807451009e-7
0.08550667128846841	1.1113006293818195e-7
0.0862978547766971	1.0710593138376564e-7
0.08709635899560814	1.0341719933980071e-7
0.08790225168308852	9.98943853713273e-8
0.08871560120379617	9.637261670788449e-8
0.08953647655495947	9.21948742354947e-8
0.09036494737223023	8.626294800853434e-8
0.09120108393559107	8.027337389910923e-8
0.09204495717531722	7.43781624094764e-8
0.09289663867799372	6.872553344553409e-8
0.09375620069258811	6.34601329402083e-8
0.09462371613657934	5.872324033439098e-8
0.09549925860214364	5.606503960526134e-8
0.0963829023623971	5.3981780374445264e-8
0.09727472237769656	5.2377580713466624e-8
0.09817479430199849	5.116975715555801e-8
0.09908319448927681	5.0277699747385346e-8
0.10000000000000005	4.962276214558182e-8
0.10092528860766849	4.878985450835088e-8
0.10185913880541175	4.798014071973203e-8
0.10280162981264741	4.730893051086138e-8
0.10375284158180131	4.677223443266566e-8
0.10471285480509002	4.636621177542413e-8
0.1056817509213659	4.6087165323993686e-8
0.10665961212302584	4.581825858391893e-8
0.10764652136298355	4.557177175107627e-8
0.10864256236170661	4.549654868668668e-8
0.10964781961431856	4.562363703497651e-8
0.1106623783977667	4.5983595500695624e-8
0.11168632477805618	4.6606530122094615e-8
0.1127197456175511	4.715322488063232e-8
0.11376272858234315	4.694964059695333e-8
0.11481536214968835	4.739776937039633e-8
0.11587773561551268	4.8753016842363564e-8
0.11694993910198717	5.126684643985014e-8
0.11803206356517304	5.518706993077233e-8
0.11912420080273756	6.075813296990013e-8
0.12022644346174137	6.907674196834039e-8
0.1213388850464978	7.939173481899788e-8
0.12246161992650495	9.179956299207843e-8
0.12359474334445113	1.0640299444813302e-7
0.12473835142429439	1.2330457884481905e-7
0.1258925411794168	1.4260677009933257e-7
0.12705741052085426	1.671252478184792e-7
0.12823305826560225	1.9475882547287735e-7
0.1294195841449987	2.2409428812498356e-7
0.13061708881318423	2.546821503157846e-7
0.1318256738556408	2.8607995984632926e-7
0.13304544179780922	3.1785181010361474e-7
0.13427649611378642	3.492342131710461e-7
0.13551894123510363	3.798473282475136e-7
0.13677288255958495	4.0972016198464456e-7
0.13803842646028852	4.385404888406839e-7
0.13931568029453034	4.659992375649216e-7
0.14060475241299142	4.917901364934816e-7
0.14190575216890927	5.161700584964126e-7
0.1432187899273544	5.399117524046025e-7
0.1445439770745928	5.606298330534371e-7
0.1458814260275349	5.776762772758217e-7
0.14723125024327194	5.904068001673191e-7
0.14859356422870074	5.981800563493488e-7
0.1499684835502374	6.003568240656251e-7
0.15135612484362088	5.853352011322731e-7
0.15275660582380732	5.651209563862654e-7
0.154170045294956	5.40882811680779e-7
0.1555965631605075	5.136933454889623e-7
0.15703628043335532	4.846155129073828e-7
0.15848931924611143	4.5470411956828163e-7
0.15995580286146696	4.282623415307488e-7
0.1614358556826487	4.0370741140566175e-7
0.1629296032639723	3.8025926907965205e-7
0.16443717232149324	3.5828670318896444e-7
0.16595869074375613	3.381702288915767e-7
0.16749428760264382	3.2032273926070725e-7
0.1690440931643265	3.0840695893475255e-7
0.17060823890031243	3.0323265649363306e-7
0.17218685749860077	3.216500570759457e-7
0.17378008287493762	2.863955363941588e-7
0.1753880501841762	2.8502330866949355e-7
0.1770108958317422	2.821596552423143e-7
0.17864875748520517	2.768505329702225e-7
0.180301774085957	2.659430890433635e-7
0.18197008586099844	2.541847132601528e-7
0.18365383433483473	2.418978598941781e-7
0.18535316234148125	2.2938948405722946e-7
0.18706821403658017	2.1695996609224444e-7
0.18879913490962946	2.049069330869882e-7
0.19054607179632482	1.9582334996291252e-7
0.19230917289101596	1.8737134528548528e-7
0.19408858775927793	1.7946616209227117e-7
0.19588446735059908	1.7204058280419006e-7
0.1976969640111862	1.650272017718644e-7
0.19952623149688808	1.583584148496162e-7
0.20137242498623895	1.5138381040633886e-7
0.2032357010936223	1.4450135434869085e-7
0.20511621788255666	1.3796956403186233e-7
0.20701413487910436	1.3184351186610064e-7
0.2089296130854041	1.2617915847663947e-7
0.2108628149933291	1.2103349337314854e-7
0.21281390459827135	1.1692667148476867e-7
0.21478304741305343	1.1386480816960084e-7
0.21677041048196952	1.1128840593720079e-7
0.2187761623949553	1.0911198490642384e-7
0.22080047330189004	1.072494110753498e-7
0.22284351492703042	1.0561371025126634e-7
0.22490546058357816	1.0405182991135987e-7
0.22698648518838224	1.0234766047528323e-7
0.22908676527677735	1.0065165797242996e-7
0.23120647901755953	9.891372106453487e-8
0.23334580622810033	9.708270092677743e-8
0.23550492838960102	9.510624731293532e-8
0.23768402866248772	9.293064182065651e-8
0.2398832919019491	8.9584333972572e-8
0.2421029046736179	8.605333311058129e-8
0.24434305526939726	8.243492480348316e-8
0.246603933723434	7.882143908253936e-8
0.24888573182823917	7.530763627284268e-8
0.25118864315095807	7.199106271825425e-8
0.2535128630497908	6.974459707878815e-8
0.25585858869056466	6.806502071036867e-8
0.2582260190634597	6.662524417451116e-8
0.26061535499988964	6.536574880709144e-8
0.2630267991895383	6.422527050352883e-8
0.26546055619755404	6.314052814577268e-8
0.2679168324819033	6.176341665763904e-8
0.2703958364108845	6.005236405071876e-8
0.2728977782808042	5.8315224160546084e-8
0.27542287033381674	5.657250652681239e-8
0.277971326775929	5.484560694298496e-8
0.2805433637951715	5.315693901183472e-8
0.28313919957993805	5.157558860440183e-8
0.2857590543374948	5.0217240029237264e-8
0.2884031503126607	4.894030444031706e-8
0.29107171180666064	4.774169634964362e-8
0.2937649651961532	4.661833241276006e-8
0.2964831389524344	4.5567121245174516e-8
0.29922646366081906	4.458495190475228e-8
0.30199517204020176	4.3738576917383926e-8
0.30478949896279844	4.294676720025916e-8
0.307609681474071	4.2193834837246005e-8
0.3104559588128357	4.1463577250030144e-8
0.3133285724315587	4.073856235455049e-8
0.3162277660168381	3.999991397788461e-8
0.31915378551007634	3.900432541390225e-8
0.3221068791283436	3.789694449336451e-8
0.32508729738543457	3.6779435933565626e-8
0.3280952931131192	3.567942455108866e-8
0.3311311214825913	3.4627478970891256e-8
0.33419504002611444	3.365770072774023e-8
0.3372873086588691	3.300321375462115e-8
0.34040818970100106	3.270089574395331e-8
0.34355794789987465	3.254068855730035e-8
0.34673685045253166	3.250584263118281e-8
0.3499451670283573	3.257772422848285e-8
0.353183169791957	3.2735313433653174e-8
0.35645113342624424	3.288985842039199e-8
0.3597493351557423	3.287458149766066e-8
0.36307805477010135	3.2890537866876045e-8
0.36643757464783333	3.294926254053578e-8
0.3698281797802663	3.3064841674055417e-8
0.3732501577957206	3.325472377835403e-8
0.37670379898390893	3.354085117327602e-8
0.38018939632056126	3.397190214807736e-8
0.38370724549227886	3.45634172338045e-8
0.3872576449216173	3.535974468775981e-8
0.3908408957924021	3.6421097852263244e-8
0.39445730207527846	3.7830784356366514e-8
0.3981071705534973	3.970689739371727e-8
0.40179081084894	4.234758840995866e-8
0.40550853544838394	4.594666419277143e-8
0.40926065973001097	5.0831526725167216e-8
0.41304750199016144	5.7553087575085314e-8
0.4168693834703355	6.686094578373214e-8
0.4207266283844442	7.929442984480584e-8
0.424619563946313	9.265491250122943e-8
0.4285485203974396	9.70820134046993e-8
0.43251383103500884	8.42340562496931e-8
0.4365158322401661	6.477603970312845e-8
0.44055486350655343	4.877392925343186e-8
0.4446312674691088	3.739787688449849e-8
0.4487453899331323	2.9387253649425486e-8
0.4528975799036209	2.359715796780673e-8
0.4570881896148752	1.9308017799115528e-8
0.46131757456037953	1.604938437953172e-8
0.4655860935229591	1.352173243220918e-8
0.4698941086052156	1.1529090752724202e-8
0.4742419852602448	9.939433501593583e-9
0.47863009232263853	8.69153101360226e-9
0.48305880203977286	7.682612974892708e-9
0.4875284901033865	6.8632070739677475e-9
0.4920395356814511	6.196755450661588e-9
0.49659232145033627	5.6554004012263865e-9
0.5011872336272725	5.217212065706243e-9
0.5058246620031143	4.845374866088402e-9
0.5105049999754064	4.53925542484731e-9
0.5152286445817567	4.294485695402461e-9
0.5199959965335162	4.1013491277918105e-9
0.5248074602497729	3.951910269881651e-9
0.5296634438916581	3.841669861811234e-9
0.5345643593969719	3.798107602674623e-9
0.5395106225151278	3.847392819163304e-9
0.5445026528424215	4.077181171023643e-9
0.5495408738576248	5.734749305008994e-9
0.5546257129579107	1.2746568905884944e-9
0.5597576014951101	2.3448913681842003e-9
0.5649369748123025	2.468243530293881e-9
0.5701642722807475	2.388904514271543e-9
0.5754399373371569	2.252025881281495e-9
0.580764417521312	2.094098232584261e-9
0.5861381645140288	1.9270894804656576e-9
0.591561634175474	1.7686304117859254e-9
0.5970352865838369	1.6200742599920786e-9
0.6025595860743578	1.521091236683599e-9
0.6081350012787179	1.435389870442129e-9
0.6137620051647943	1.3607575853819255e-9
0.6194410750767815	1.2953984892155643e-9
0.6251726927756859	1.2377788697481113e-9
0.6309573444801934	1.1865751244456742e-9
0.6367955209079159	1.1256774403838027e-9
0.6426877173170198	1.0651689048555738e-9
0.6486344335482385	1.01139636706007e-9
0.654636174067275	9.653713946913223e-10
0.6606934480075961	9.280620262049373e-10
0.6668067692136223	9.004713783576133e-10
0.6729766562843178	8.894658454748472e-10
0.6792036326171846	8.938980536507077e-10
0.6854882264526617	8.827695192155977e-10
0.6918309709189366	9.06712064915783e-9
0.6982324040771715	1.3804036259622274e-9
0.7046930689671471	1.5827195151508865e-9
0.7112135136533292	2.097385557243381e-9
0.7177942912713619	3.5035364969318603e-9
0.7244359600749902	7.235806255471786e-9
0.7311390834834176	2.881625061081967e-9
0.7379042301291011	1.417216378107454e-9
0.7447319739059892	8.734778191129841e-10
0.7516228940182057	5.991936352402949e-10
0.758577575029184	4.3441693244268943e-10
0.7655966069112565	3.271095867077249e-10
0.7726805850957026	2.527983685527938e-10
0.7798301105232589	1.9910549056898323e-10
0.7870457896950989	1.5911546660450576e-10
0.7943282347242817	1.286660286852195e-10
0.8016780633876793	1.0571830450741332e-10
0.8090958991783825	8.784657343407059e-11
0.8165823713585927	7.355321974654641e-11
0.8241381150130026	6.195752719366245e-11
0.8317637711026713	5.242449627423809e-11
0.8394599865193977	4.4487215856489135e-11
0.8472274141405968	3.767288551428808e-11
0.8550667128846836	3.176829943039226e-11
0.8629785477669706	2.673196178289965e-11
0.870963589956081	2.2417212247560984e-11
0.8790225168308847	1.870499428100602e-11
0.8871560120379608	1.5497096901391123e-11
0.8953647655495938	1.2717221066811893e-11
0.9036494737223014	1.0302372256226249e-11
0.9120108393559097	8.164939324778479e-12
0.9204495717531712	6.245045292130301e-12
0.9289663867799363	4.484707672538272e-12
0.9375620069258802	2.82257224499596e-12
0.946237161365793	1.1855615018783685e-12
0.9549925860214359	5.270991273918689e-13
0.9638290236239705	2.4781786755327745e-12
0.9727472237769651	4.979292884476081e-12
0.9817479430199844	8.7684686207632e-12
0.9908319448927676	1.6236671246545545e-11
1.	4.222671714182321e-11
1.0092528860766845	1.0949654547352537e-10
1.0185913880541169	2.8660771467332745e-11
1.0280162981264735	1.7005298054507055e-11
1.0375284158180127	1.2343799181950023e-11
1.0471285480508996	9.798084284314754e-12
1.0568175092136585	8.168758041176508e-12
1.066596121230258	6.954945096882943e-12
1.076465213629835	5.974467307431607e-12
1.0864256236170655	5.194606847284514e-12
1.096478196143185	4.558467388605565e-12
1.1066237839776665	4.032034230877008e-12
1.1168632477805611	3.5942829179965368e-12
1.1271974561755105	3.2467381539341434e-12
1.1376272858234309	3.0096414755404496e-12
1.1481536214968828	2.82692058861333e-12
1.1587773561551262	2.6909951756121187e-12
1.1694993910198712	2.5968401736332167e-12
1.1803206356517297	2.5417466209404716e-12
1.191242008027375	2.5254767070704418e-12
1.2022644346174132	2.513176070468421e-12
1.2133888504649775	2.5491196851965784e-12
1.224616199265049	2.6551577005878722e-12
1.2359474334445106	2.8750965131522224e-12
1.2473835142429432	3.3102266538879955e-12
1.2589254117941675	4.253730106589936e-12
1.270574105208542	7.0731077127699515e-12
1.2823305826560218	3.054199229571892e-11
1.2941958414499863	6.7396296901551955e-12
1.3061708881318417	2.9291794308936153e-12
1.3182567385564075	1.7407589590678325e-12
1.3304544179780915	1.1791238303093625e-12
1.3427649611378643	8.597559146490337e-13
1.3551894123510364	6.582195870818188e-13
1.3677288255958495	5.22623600213878e-13
1.3803842646028852	4.270576775469439e-13
1.3931568029453034	3.5735355753990574e-13
1.4060475241299142	3.0515409707717277e-13
1.4190575216890926	2.650245314357889e-13
1.432187899273544	2.3324211794141665e-13
1.4454397707459279	2.0832406810330931e-13
1.4588142602753489	1.8873226372183628e-13
1.4723125024327193	1.733996587213794e-13
1.4859356422870074	1.6159750447604745e-13
1.499684835502374	1.528607587306834e-13
1.5135612484362087	1.4647746362218202e-13
1.5275660582380732	1.4301442803782372e-13
1.54170045294956	1.428715140011744e-13
1.555965631605075	1.4700565276414378e-13
1.5703628043335531	1.575239275850894e-13
1.584893192461114	1.7939416438401354e-13
1.5995580286146696	2.2692640940108113e-13
1.6143585568264869	3.5964219450421e-13
1.629296032639723	1.1697099456951114e-12
1.6443717232149324	3.8271507991702813e-13
1.6595869074375613	1.578532992486322e-13
1.6749428760264382	9.001198136406462e-14
1.690440931643265	5.838618530614557e-14
1.7060823890031243	4.0559778702324734e-14
1.7218685749860079	2.943682786608152e-14
1.7378008287493762	2.201689936315562e-14
1.753880501841762	1.6834906867102837e-14
1.770108958317422	1.3093553663777227e-14
1.7864875748520517	1.0325674148908076e-14
1.803017740859568	8.240597995429191e-15
1.8197008586099825	6.6401814392362125e-15
1.8365383433483455	5.39544982994913e-15
1.8535316234148105	4.4166254950272845e-15
1.8706821403657996	3.639673022192167e-15
1.8879913490962925	3.0179756331915105e-15
1.9054607179632463	2.528047476312083e-15
1.9230917289101574	2.128288781452051e-15
1.9408858775927773	1.7989593243945055e-15
1.958844673505989	1.5252885681356198e-15
1.97696964011186	1.2960505039965635e-15
1.9952623149688788	1.102629354023141e-15
2.0137242498623875	9.33485933044103e-16
2.032357010936221	7.887069980134374e-16
2.0511621788255647	6.663036292400633e-16
2.0701413487910414	5.629180601907836e-16
2.0892961308540388	4.756958770787309e-16
2.108628149933289	4.0220725137042734e-16
2.1281390459827114	3.4086678641357957e-16
2.147830474130533	2.8967900478516486e-16
2.167704104819694	2.4652152613183345e-16
2.1877616239495516	2.1010359670291312e-16
2.208004733018899	1.7934954491445635e-16
2.228435149270303	1.5336086721941296e-16
2.2490546058357803	1.3145661072219216e-16
2.2698648518838214	1.1310255877971625e-16
2.2908676527677723	9.750166163889433e-17
2.312064790175594	8.420249378527106e-17
2.333458062281002	7.283292867742941e-17
2.355049283896009	6.308553255344584e-17
2.376840286624876	5.4705758037554885e-17
2.39883291901949	4.7477913021456635e-17
2.4210290467361775	4.1232383622897575e-17
2.4434305526939712	3.5822930096599615e-17
2.4660393372343385	3.1127170229672524e-17
2.48885731828239	2.7042463111860386e-17
2.5118864315095797	2.348250470512312e-17
2.535128630497907	2.0310825139443022e-17
2.5585858869056453	1.7532696742161278e-17
2.582260190634596	1.5125497802821557e-17
2.6061535499988953	1.304571888822545e-17
2.6302679918953813	1.1253959509579576e-17
2.654605561975539	9.714710618383758e-18
2.6791683248190314	8.425597933836444e-18
2.703958364108843	7.345176562671782e-18
2.7289777828080406	6.4102366528719834e-18
2.7542287033381663	5.597141586048031e-18
2.7797132677592886	4.886657317404925e-18
2.805433637951713	4.263101250991636e-18
2.831391995799379	3.704918865709199e-18
2.8575905433749464	3.18936607792248e-18
2.8840315031266055	2.7406130114620027e-18
2.910717118066605	2.3525398935764744e-18
2.9376496519615305	2.0190995531007387e-18
2.9648313895243423	1.7344574388567082e-18
2.992264636608189	1.4930901614913639e-18
3.019951720402016	1.3011168145424887e-18
3.047894989627983	1.1387877677974796e-18
3.076096814740708	1.001122262365485e-18
3.1045595881283554	8.840603207823512e-19
3.1332857243155856	7.84222406134789e-19
3.162277660168379	6.987905365735781e-19
3.1915378551007616	6.252415102672709e-19
3.2210687912834346	5.617693125696336e-19
3.250872973854344	5.067991852012924e-19
3.2809529311311905	4.589466998939054e-19
3.311311214825911	4.170408382961029e-19
3.3419504002611427	3.8008998072442917e-19
3.372873086588689	3.465482317982997e-19
3.404081897010009	3.1592308690230175e-19
3.4355794789987466	2.885360420225029e-19
3.4673685045253166	2.6397472182951963e-19
3.499451670283573	2.416801829404895e-19
3.53183169791957	2.2243135503897345e-19
3.5645113342624426	2.0459679271478221e-19
3.5974933515574232	1.888800325725783e-19
3.630780547701014	1.746431443147274e-19
3.664375746478333	1.6168473272806384e-19
3.6982817978026628	1.498416162884035e-19
3.732501577957206	1.3897837491088843e-19
3.767037989839089	1.2898166048659234e-19
3.801893963205613	1.1965070056531177e-19
3.8370724549227884	1.1103481061013505e-19
3.8725764492161727	1.0307822005049464e-19
3.908408957924021	9.573159341420431e-20
3.944573020752785	8.895142628035942e-20
3.981071705534973	8.269888063615307e-20
4.0179081084894	7.705263187665279e-20
4.055085354483839	7.187749284282139e-20
4.09260659730011	6.70835559933181e-20
4.130475019901614	6.262861780164708e-20
4.168693834703355	5.847555373265417e-20
4.207266283844442	5.459169757191901e-20
4.24619563946313	5.090440895399474e-20
4.285485203974396	4.739990285491619e-20
4.325138310350088	4.4114487541008005e-20
4.365158322401661	4.103744110049771e-20
4.405548635065534	3.815843349287701e-20
4.446312674691089	3.546749101631031e-20
4.487453899331323	3.2960296835364124e-20
4.528975799036209	3.063650643952704e-20
4.570881896148752	2.8467052067983403e-20
4.613175745603791	2.6441011344800157e-20
4.655860935229586	2.4548280398380157e-20
4.698941086052151	2.277951029154335e-20
4.742419852602444	2.1126049284602192e-20
4.7863009232263805	1.9555527914423487e-20
4.830588020397723	1.8090832614643195e-20
4.875284901033861	1.672805470847939e-20
4.920395356814506	1.5462947335946913e-20
4.965923214503357	1.4291167215336478e-20
5.01187233627272	1.3208313329740359e-20
5.058246620031137	1.2225013956923747e-20
5.105049999754059	1.132302674474863e-20
5.152286445817562	1.0490059982924022e-20
5.1999599653351565	9.720003696820137e-21
5.248074602497723	9.007305403091619e-21
5.296634438916575	8.346923504327415e-21
5.345643593969713	7.73364224575674e-21
5.395106225151273	7.16349237104913e-21
5.445026528424209	6.6335702577124885e-21
5.495408738576242	6.140593896091237e-21
5.5462571295791046	5.681573568202442e-21
5.597576014951099	5.253786741579569e-21
5.649369748123022	4.8519625485721925e-21
5.701642722807472	4.469198111260271e-21
5.754399373371567	4.113958529141477e-21
5.807644175213118	3.78547076034795e-21
5.861381645140285	3.482844807934664e-21
5.9156163417547365	3.205097739589804e-21
5.9703528658383656	2.9511749627838025e-21
6.025595860743575	2.7309044080940736e-21
6.081350012787176	2.5294677211074975e-21
6.137620051647939	2.344418814480099e-21
6.194410750767812	2.173695544622844e-21
6.251726927756856	2.0154984675325964e-21
6.30957344480193	1.8682621122899156e-21
6.367955209079155	1.725618040066689e-21
6.426877173170194	1.5910292453846442e-21
6.486344335482381	1.4661041371721168e-21
6.546361740672747	1.3505435985924844e-21
6.6069344800759575	1.2440120320256608e-21
6.668067692136219	1.1461454952494346e-21
6.729766562843175	1.0584016393142737e-21
6.792036326171843	9.798574835554903e-22
6.854882264526613	9.076570617465069e-22
6.918309709189362	8.410561455268032e-22
6.9823240407717115	7.794018548026041e-22
7.046930689671467	7.221226681364671e-22
7.112135136533288	6.682377258501543e-22
7.177942912713615	6.165154114955495e-22
7.244359600749899	5.683921232590163e-22
7.311390834834173	5.23723930780022e-22
7.379042301291007	4.823611328230484e-22
7.447319739059888	4.441502183812411e-22
7.516228940182053	4.0893556746252355e-22
7.585775750291836	3.7707449930088667e-22
7.655966069112561	3.4776753735560024e-22
7.726805850957022	3.208015631565591e-22
7.798301105232586	2.959847840776113e-22
7.870457896950985	2.7314114703893344e-22
7.943282347242813	2.5210907451803807e-22
8.01678063387679	2.327610769986217e-22
8.090958991783822	2.1494182912046933e-22
8.165823713585922	1.9851570522186183e-22
8.241381150130021	1.8336593608130765e-22
8.317637711026709	1.6938591754269453e-22
8.394599865193973	1.5647833124056474e-22
8.472274141405963	1.445710336822781e-22
8.550667128846833	1.3357813414461612e-22
8.629785477669701	1.2340345128634346e-22
8.709635899560805	1.1397646253278405e-22
8.790225168308842	1.0523336756719338e-22
8.871560120379607	9.711644390511804e-23
8.953647655495937	8.95202574556569e-23
9.036494737223014	8.230980517128358e-23
9.120108393559097	7.564274764334804e-23
9.204495717531712	6.950041954670098e-23
9.289663867799362	6.386223741639132e-23
9.375620069258803	5.870617682917041e-23
9.462371613657929	5.400918790342262e-23
9.549925860214358	4.9976210945662036e-23
9.638290236239705	4.629622647574362e-23
9.727472237769652	4.2918948224650577e-23
9.817479430199844	3.980262816459374e-23
9.908319448927676	3.691140721745659e-23
10.	3.4214635259518903e-23
10.092528860766844	3.157681797384492e-23
10.18591388054117	2.907774898742485e-23
10.280162981264736	2.675627714102118e-23
10.375284158180126	2.460994785694914e-23
10.471285480508996	2.2636825606511463e-23
10.568175092136585	2.083822289495192e-23
10.665961212302578	1.925432998789439e-23
10.76465213629835	1.7979137868306865e-23
10.864256236170656	1.738701892773802e-23
10.964781961431852	1.4520232390982204e-23
11.066237839776663	1.3577833375787472e-23
11.168632477805613	1.2590972813836336e-23
11.271974561755105	1.1653771994234781e-23
11.37627285823431	1.0779265363630978e-23
11.481536214968829	9.967275201503373e-24
11.587773561551263	9.214465355308059e-24
11.694993910198711	8.516637658104842e-24
11.803206356517286	7.869496047501437e-24
11.912420080273739	7.26892152514998e-24
12.022644346174118	6.701772828918706e-24
12.133888504649763	6.176191670622991e-24
12.246161992650476	5.690008063702882e-24
12.359474334445094	5.24100010549038e-24
12.47383514242942	4.82699057359354e-24
12.589254117941662	4.4458604957906504e-24
12.705741052085406	4.100037355349246e-24
12.823305826560205	3.783375043765693e-24
12.941958414499851	3.491643764178277e-24
13.061708881318404	3.222537010055081e-24
13.182567385564061	2.9739778785200285e-24
13.304544179780901	2.74409543369043e-24
13.427649611378628	2.5290940580038333e-24
13.551894123510351	2.328049847461005e-24
13.67728825595848	2.142334286665158e-24
13.803842646028839	1.9711200225467355e-24
13.931568029453022	1.8141756133260734e-24
14.060475241299129	1.670149634677952e-24
14.190575216890911	1.5389192227945e-24
14.321878992735424	1.4212163911367728e-24
14.454397707459265	1.3131449654113719e-24
14.588142602753473	1.2136838442535329e-24
14.723125024327178	1.1219234171163839e-24
14.859356422870059	1.037057638646397e-24
14.996848355023726	9.583739061876662e-25
15.135612484362072	8.833685881865816e-25
15.275660582380716	8.138422530665896e-25
15.417004529495584	7.495187206586048e-25
15.559656316050734	6.901109247757466e-25
15.703628043335515	6.353377458128284e-25
15.848931924611126	5.849251633938583e-25
15.995580286146678	5.390148838552578e-25
16.143585568264854	4.969699599477261e-25
16.292960326397214	4.583304803912064e-25
16.443717232149307	4.228140985796423e-25
16.595869074375596	3.901619801117318e-25
16.749428760264365	3.601368633122475e-25
16.90440931643263	3.326322591496955e-25
17.060823890031227	3.0741659714723607e-25
17.21868574986006	2.8416004501644674e-25
17.378008287493746	2.6267600459309198e-25
17.5388050184176	2.4279752483458183e-25
17.701089583174202	2.243752630476791e-25
17.864875748520497	2.0714217807511013e-25
18.03017740859568	1.9075942623220594e-25
18.197008586099827	1.7562306330654065e-25
18.365383433483455	1.6168721632753508e-25
18.535316234148105	1.4890198273611787e-25
18.706821403657997	1.372145078051999e-25
18.879913490962927	1.2656991461455278e-25
19.054607179632463	1.1746509908604636e-25
19.230917289101576	1.0914840525162554e-25
19.408858775927772	1.0150059660111212e-25
19.58844673505989	9.442343827253048e-26
19.769696401118598	8.783313115497596e-26
19.952623149688787	8.165851243976477e-26
20.137242498623873	7.566351379757641e-26
20.32357010936221	6.997840810906759e-26
20.511621788255646	6.465815116590698e-26
20.701413487910415	5.968914725619031e-26
20.892961308540386	5.505716858610721e-26
21.086281499332888	5.074482529149055e-26
21.28139045982711	4.673820538780711e-26
21.47830474130533	4.30272953210186e-26
21.67704104819694	3.959800192763467e-26
21.87761623949552	3.6441112948435925e-26
22.080047330188993	3.354889868184404e-26
22.28435149270303	3.088612866974817e-26
22.490546058357804	2.8434613543719425e-26
22.698648518838212	2.6177596778632084e-26
22.908676527677724	2.4099605901785093e-26
23.12064790175594	2.218649980843619e-26
23.33458062281002	2.0425204475798708e-26
23.55049283896009	1.880367825202985e-26
23.76840286624876	1.731079994189871e-26
23.9883291901949	1.593639626149701e-26
24.210290467361776	1.4671076498542234e-26
24.434305526939713	1.3506186540470182e-26
24.660393372343385	1.243373872924636e-26
24.888573182823905	1.1446410015068029e-26
25.118864315095795	1.0537457506996235e-26
25.351286304979073	9.70066227196937e-27
25.58585886905645	8.930287965655726e-27
25.82260190634596	8.22106372090414e-27
26.06153549998895	7.568148213250957e-27
26.302679918953814	6.967072862900353e-27
26.54605561975539	6.413718537116092e-27
26.791683248190314	5.904291853905372e-27
27.039583641088434	5.4353169691702235e-27
27.289777828080403	5.003583280323686e-27
27.542287033381662	4.606133197884409e-27
27.797132677592884	4.240236986273523e-27
28.05433637951713	3.903399236900788e-27
28.31391995799379	3.593313362932645e-27
28.575905433749465	3.3078551602409615e-27
28.84031503126606	3.0450628722992335e-27
29.10717118066605	2.803142682608173e-27
29.376496519615305	2.580438367960559e-27
29.648313895243422	2.3754239615932214e-27
29.92264636608189	2.1866910441042224e-27
30.19951720402016	2.012948913587665e-27
30.4789498962798	1.853008822444411e-27
30.76096814740705	1.7057746316710454e-27
31.045595881283525	1.5702352729021586e-27
31.332857243155825	1.4454621031173421e-27
31.62277660168376	1.3306019358112779e-27
31.91537855100758	1.2248674351327155e-27
32.21068791283432	1.1275328353077636e-27
32.50872973854341	1.0379300379316841e-27
32.80952931131187	9.55446709185832e-28
33.11311214825908	8.79517352212356e-28
33.41950400261139	8.096210297048252e-28
33.72873086588685	7.452771294856882e-28
34.040818970100055	6.8604618216335275e-28
34.35579478998743	6.3152204572910245e-28
34.67368504525313	5.813307204662814e-28
34.994516702835696	5.3512680728727545e-28
35.318316979195664	4.925945933664984e-28
35.64511334262439	4.534425019395996e-28
35.9749335155742	4.174019383262239e-28
36.3078054770101	3.8422499469337013e-28
36.64375746478329	3.5368456960858057e-28
36.98281797802659	3.255714410011892e-28
37.32501577957203	2.996927211440024e-28
37.670379898390856	2.758704881116241e-28
38.01893963205609	2.539413867897058e-28
38.370724549227845	2.3375529196441115e-28
38.72576449216169	2.151736894692168e-28
39.08408957924017	1.980688931144952e-28
39.44573020752781	1.8232340667024402e-28
39.81071705534969	1.6782950995896952e-28
40.17908108489396	1.5448773863127041e-28
40.55085354483835	1.4220646250762e-28
40.92606597300105	1.309011757564613e-28
41.304750199016105	1.2049458481751394e-28
41.68693834703351	1.1091526876004333e-28
42.07266283844438	1.020974622922859e-28
42.46195639463126	9.398042765077613e-29
42.85485203974392	8.650866680325064e-29
43.251383103500835	7.963090913546861e-29
43.65158322401656	7.329993295892764e-29
44.0554863506553	6.747215193636312e-29
44.46312674691084	6.210765210553816e-29
44.87453899331318	5.716965059140968e-29
45.28975799036204	5.262424164273728e-29
45.708818961487474	4.8440148809395026e-29
46.13175745603791	4.458866663712587e-29
46.55860935229586	4.10434063423323e-29
46.98941086052151	3.778002385345545e-29
47.42419852602443	3.477607700990248e-29
47.8630092322638	3.2010922043712786e-29
48.30588020397723	2.946562702378143e-29
48.7528490103386	2.712271354241353e-29
49.20395356814506	2.4966078980739443e-29
49.65923214503358	2.2980877961089623e-29
50.118723362727195	2.1153528053712225e-29
50.58246620031137	1.9471480519882428e-29
51.0504999975406	1.7923180721465895e-29
51.52286445817562	1.649795685924925e-29
51.99959965335157	1.5186061042914683e-29
52.48074602497723	1.397848506082645e-29
52.966344389165755	1.2866933333911135e-29
53.45643593969714	1.1843748518744362e-29
53.95106225151273	1.0901920849163437e-29
54.450265284242086	1.0034988373582243e-29
54.95408738576243	9.236995455965848e-30
55.462571295791044	8.502447985100377e-30
55.97576014951099	7.8263052261407e-30
56.49369748123023	7.203931765986474e-30
57.01642722807472	6.63105196335682e-30
57.543993733715666	6.1037239695206785e-30
58.07644175213118	5.6183230690132125e-30
58.61381645140285	5.171524061324593e-30
59.15616341754737	4.760257453867338e-30
59.70352865838366	4.3816951783486254e-30
60.255958607435744	4.033230863914663e-30
60.81350012787176	3.7124791348063456e-30
61.37620051647939	3.4172364322685114e-30
61.94410750767812	3.1454738059986246e-30
62.51726927756855	2.895317239736825e-30
63.0957344480193	2.6650554965483533e-30
63.67955209079155	2.4531066879443765e-30
64.26877173170195	2.2580142670441463e-30
64.86344335482381	2.0784336661015303e-30
65.46361740672747	1.913134437317112e-30
66.06934480075958	1.760981917955418e-30
66.68067692136219	1.6209304925046266e-30
67.29766562843174	1.4920155094308716e-30
67.92036326171844	1.3733522195869986e-30
68.54882264526613	1.264126747030374e-30
69.18309709189363	1.163588482882653e-30
69.82324040771712	1.0710453678951268e-30
70.46930689671467	9.858612360905235e-31
71.12135136533288	9.074522984197865e-31
71.77942912713615	8.352797272377805e-31
72.44359600749898	7.688470385902694e-31
73.11390834834172	7.076968217714198e-31
73.79042301291008	6.514103172077486e-31
74.47319739059888	5.996007298812046e-31
75.16228940182053	5.519118873842752e-31
75.85775750291836	5.080149227499191e-31
76.55966069112561	4.676094433352835e-31
77.26805850957021	4.304177931707156e-31
77.98301105232578	3.96184320380757e-31
78.70457896950977	3.6467301151189783e-31
79.43282347242805	3.356679553075953e-31
80.16780633876782	3.0896998125383373e-31
80.90958991783813	2.8439557345303918e-31
81.65823713585914	2.617754136262554e-31
82.41381150130013	2.409542596906254e-31
83.176377110267	2.2178925724330992e-31
83.94599865193965	2.04148673405987e-31
84.72274141405954	1.8791104152938613e-31
85.50667128846823	1.7296474219477115e-31
86.29785477669692	1.5920731184325824e-31
87.09635899560797	1.4654418977162595e-31
87.90225168308834	1.3488823943347926e-31
88.71560120379598	1.241592083789319e-31
89.53647655495928	1.1428360172229962e-31
90.36494737223005	1.0519354233621342e-31
91.20108393559087	9.682652193170045e-32
92.04495717531702	8.912484295585636e-32
92.89663867799354	8.20357871265668e-32
93.75620069258792	7.551063159505701e-32
94.6237161365792	6.950451525611616e-32
95.4992586021435	6.397602011619775e-32
96.38290236239695	5.888726811588208e-32
97.2747223776964	5.420330617477373e-32
98.17479430199833	4.989193255837575e-32
99.08319448927665	4.5923434520872924e-32
99.9999999999999	4.2270578392040754e-32