0.01000000000000001	0.023892319882371175	-0.0057324170170561335
0.010092528860766855	0.023892525632828437	-0.00573247346077745
0.01018591388054118	0.023892735212881266	-0.005732531096018474
0.010280162981264745	0.02389294869389396	-0.005732589950559002
0.010375284158180138	0.023893166148552147	-0.0057326500529011485
0.010471285480509006	0.023893387650924476	-0.005732711432315388
0.010568175092136596	0.02389361327645322	-0.005732774118871527
0.01066596121230259	0.02389384310196502	-0.005732838143448174
0.010764652136298361	0.02389407720576424	-0.005732903537758278
0.010864256236170667	0.023894315667592814	-0.005732970334404452
0.010964781961431863	0.023894558568672637	-0.0057330385668647905
0.011066237839776675	0.023894805991772253	-0.005733108269555985
0.011168632477805623	0.02389505802119407	-0.005733179477830102
0.011271974561755117	0.023895314742810845	-0.005733252228058712
0.011376272858234322	0.023895576244105536	-0.00573332655759913
0.01148153621496884	0.02389584261422748	-0.005733402504882216
0.011587773561551273	0.02389611394391865	-0.0057334801094146
0.011694993910198724	0.023896390325697393	-0.005733559411831351
0.01180320635651731	0.02389667185376268	-0.005733640453924185
0.011912420080273762	0.023896958624113885	-0.0057337232786931714
0.012022644346174144	0.02389725073448714	-0.005733807930366138
0.012133888504649786	0.02389754828449855	-0.005733894454462774
0.012246161992650502	0.023897851375645512	-0.0057339828978276814
0.01235947433444512	0.023898160111248977	-0.0057340733086638385
0.012473835142429446	0.023898474596636132	-0.0057341657366173256
0.012589254117941687	0.023898794939085356	-0.005734260232778987
0.012705741052085433	0.023899121247865744	-0.0057343568497737855
0.012823305826560232	0.023899453634288654	-0.005734455641791369
0.01294195841449987	0.023899792211791365	-0.005734556664651184
0.013061708881318424	0.023900137095907797	-0.00573465997585481
0.013182567385564082	0.02390048840433791	-0.0057347656346522355
0.01330454417978092	0.023900846256983257	-0.00573487370209698
0.013427649611378649	0.023901210776014547	-0.005734984241123873
0.01355189412351037	0.02390158208582619	-0.005735097316586592
0.013677288255958502	0.02390196031326017	-0.005735212995372834
0.013803842646028859	0.023902345587433677	-0.00573533134644232
0.013931568029453043	0.023902738039923526	-0.005735452440904012
0.01406047524129915	0.023903137804795648	-0.00573557635213264
0.014190575216890933	0.023903545018558608	-0.0057357031557908585
0.014321878992735446	0.023903959820398862	-0.005735832929983636
0.014454397707459286	0.02390438235198223	-0.005735965755288121
0.014588142602753497	0.023904812757753597	-0.005736101714894863
0.014723125024327202	0.023905251184761018	-0.005736240894661026
0.014859356422870082	0.02390569778290294	-0.005736383383268614
0.014996848355023748	0.023906152704854047	-0.005736529272276591
0.015135612484362095	0.023906616106143537	-0.0057366786562596155
0.015275660582380739	0.023907088145240524	-0.005736831632922987
0.015417004529495607	0.023907568983592423	-0.005736988303222835
0.015559656316050758	0.02390805878567437	-0.00573714877149615
0.01570362804333554	0.023908557719062112	-0.005737313145578305
0.015848931924611148	0.023909065954470465	-0.005737481536963147
0.015995580286146702	0.02390958366581912	-0.0057376540609309235
0.016143585568264878	0.023910111030334642	-0.005737830836716701
0.016292960326397238	0.023910648228525816	-0.005738011987651654
0.01644371723214933	0.023911195444349276	-0.00573819764133348
0.016595869074375623	0.023911752865173143	-0.005738387929805452
0.01674942876026439	0.023912320681943613	-0.005738582989744745
0.016904409316432657	0.023912899089170277	-0.0057387829626207665
0.017060823890031253	0.02391348828501825	-0.005738987994944112
0.017218685749860088	0.023914088471444325	-0.005739198238429668
0.017378008287493772	0.023914699854135257	-0.005739413850231419
0.01753880501841763	0.023915322642698605	-0.005739634993177981
0.01770108958317423	0.02391595705068473	-0.00573986183600687
0.017864875748520526	0.023916603295681918	-0.00574009455361465
0.018030177408595707	0.02391726159935949	-0.005740333327309159
0.018197008586099853	0.02391793218759604	-0.005740578345120598
0.018365383433483484	0.023918615290518502	-0.005740829802050707
0.018535316234148135	0.023919311142605242	-0.005741087900406221
0.018706821403658026	0.02392001998276199	-0.005741352850090318
0.018879913490962956	0.023920742054408087	-0.005741624868969397
0.019054607179632494	0.023921477605568477	-0.0057419041832057535
0.019230917289101597	0.02392222688893415	-0.005742191027628186
0.019408858775927792	0.023922990162020097	-0.0057424856461328186
0.01958844673505991	0.023923767687170555	-0.005742788292079334
0.01976969640111862	0.023924559731707522	-0.0057430992287216005
0.01995262314968881	0.023925366568030595	-0.005743418729664671
0.020137242498623895	0.023926188473676637	-0.0057437470793454005
0.02032357010936223	0.023927025731463773	-0.0057440845735177905
0.020511621788255666	0.0239278786295327	-0.005744431519794188
0.020701413487910436	0.023928747461538957	-0.005744788238189579
0.02089296130854041	0.02392963252666698	-0.005745155061709151
0.02108628149933291	0.02393053412977852	-0.005745532336974525
0.021281390459827135	0.023931452581549346	-0.005745920424862509
0.021478304741305354	0.02393238819853588	-0.005746319701175629
0.02167704104819696	0.02393334130333406	-0.005746730557409029
0.02187761623949554	0.02393431222463049	-0.005747153401450205
0.022080047330189013	0.023935301297383076	-0.00574758865844083
0.022284351492703053	0.023936308862939664	-0.005748036771587722
0.022490546058357826	0.023937335269123262	-0.005748498203074785
0.022698648518838235	0.02393838087037603	-0.005748973435013923
0.022908676527677748	0.02393944602791117	-0.005749462970437266
0.023120647901755963	0.023940531109823464	-0.0057499673343561
0.023334580622810044	0.02394163649120322	-0.005750487074887305
0.023550492838960112	0.023942762554350107	-0.005751022764432248
0.023768402866248782	0.023943909688811275	-0.005751575000941651
0.02398832919019492	0.02394507829159802	-0.005752144409233296
0.0242102904673618	0.023946268767289034	-0.005752731642393505
0.02443430552693974	0.023947481528241117	-0.005753337383296839
0.024660393372343412	0.0239487169946734	-0.005753962346151213
0.02488857318282393	0.02394997559483393	-0.005754607278192858
0.025118864315095822	0.02395125776521466	-0.005755272961475763
0.025351286304979098	0.023952563950660376	-0.005755960214739908
0.02558585886905648	0.02395389460454265	-0.005756669895438212
0.025822601906345985	0.023955250188910798	-0.005757402901838075
0.026061535499988978	0.023956631174761694	-0.005758160175326424
0.026302679918953843	0.02395803804206898	-0.005758942702781626
0.026546055619755416	0.023959471280077076	-0.005759751519157455
0.026791683248190343	0.02396093138745426	-0.00576058771021002
0.027039583641088463	0.0239624188724511	-0.0057614524153908105
0.027289777828080432	0.023963934253118102	-0.005762346830954529
0.02754228703338169	0.023965478057528196	-0.005763272213252412
0.02779713267759291	0.023967050823928353	-0.005764229882235479
0.02805433637951716	0.023968653100995944	-0.005765221225245908
0.028313919957993816	0.023970285447956593	-0.005766247700967836
0.028575905433749497	0.023971948434931913	-0.0057673108437556134
0.028840315031266085	0.023973642643043486	-0.005768412268182828
0.02910717118066608	0.023975368664712456	-0.005769553673941579
0.029376496519615335	0.023977127103865844	-0.005770736851051036
0.029648313895243455	0.023978918576128192	-0.005771963685484078
0.02992264636608192	0.02398074370913692	-0.005773236165131274
0.030199517204020192	0.023982603142737934	-0.00577455638626722
0.03047894989627986	0.023984497529232783	-0.005775926560386697
0.03076096814740711	0.02398642753368545	-0.005777349021636608
0.031045595881283587	0.023988393834125103	-0.005778826234725441
0.03133285724315589	0.023990397121845156	-0.0057803608034585
0.031622776601683826	0.023992438101689682	-0.005781955479879492
0.03191537855100765	0.0239945174923139	-0.005783613174144055
0.03221068791283438	0.023996636026502136	-0.005785336965114165
0.03250872973854347	0.023998794451387823	-0.005787130111754628
0.03280952931131194	0.02400099352887249	-0.005788996065470464
0.03311311214825915	0.024003234035857694	-0.005790938483358357
0.03341950400261146	0.02400551676456596	-0.005792961242535621
0.03372873086588692	0.024007842522908288	-0.005795068455608992
0.034040818970100126	0.024010212134759457	-0.005797264487389425
0.0343557947899875	0.024012626440379048	-0.005799553972966229
0.0346736850452532	0.024015086296676418	-0.005801941837304243
0.034994516702835765	0.024017592577641102	-0.005804433316416941
0.035318316979195734	0.02402014617468272	-0.005807033980376222
0.03564511334262446	0.024022747997026285	-0.005809749758254331
0.03597493351557427	0.024025398972061452	-0.005812586965196373
0.03630780547701017	0.02402810004579214	-0.005815552331884556
0.03664375746478335	0.024030852183251083	-0.00581865303654756
0.03698281797802665	0.024033656368887338	-0.005821896739859527
0.037325015779572084	0.024036513607022126	-0.005825291622914262
0.037670379898390914	0.0240394249222968	-0.005828846428718276
0.038018939632056145	0.02404239136012905	-0.005832570507447083
0.0383707245492279	0.024045413987197103	-0.005836473865922973
0.038725764492161745	0.024048493891934548	-0.005840567221765606
0.03908408957924023	0.02405163218503469	-0.005844862062677419
0.03944573020752787	0.024054829999929816	-0.005849370711439395
0.039810717055349755	0.02405808849339198	-0.005854106397275468
0.04017908108489402	0.024061408846077093	-0.005859083334233074
0.040550853544838415	0.024064792263062334	-0.005864316807424325
0.040926065973001115	0.024068239974446966	-0.00586982326800443
0.041304750199016166	0.024071753236012013	-0.00587562043790191
0.04168693834703357	0.024075333329806322	-0.005881727425393701
0.04207266283844444	0.024078981564844358	-0.00588816485295528
0.04246195639463132	0.02408269927777493	-0.005894954998682236
0.042854852039743985	0.024086487833570674	-0.005902121953037533
0.04325138310350091	0.024090348626313624	-0.005909691792888817
0.04365158322401663	0.024094283079944653	-0.005917692774821626
0.044055486350655364	0.024098292649035326	-0.005926155550388591
0.04446312674691091	0.024102378819687107	-0.005935113405975267
0.04487453899331325	0.02410654311035411	-0.005944602530613674
0.04528975799036211	0.024110787072787833	-0.0059546623154353665
0.04570881896148754	0.024115112293001888	-0.005965335689021414
0.04613175745603798	0.024119520392235375	-0.005976669493623309
0.04655860935229591	0.02412401302808841	-0.005988714907939437
0.04698941086052156	0.024128591895542433	-0.006001527923125629
0.04742419852602448	0.024133258728217016	-0.006015169879563515
0.04786300923226385	0.024138015299576925	-0.00602970807352458
0.04830588020397728	0.024142863424284906	-0.0060452164439636115
0.04875284901033865	0.02414780495955928	-0.006061776351733786
0.04920395356814511	0.02415284180668657	-0.00607947746550468
0.04965923214503363	0.024157975912596153	-0.006098418771086255
0.05011872336272725	0.024163209271581537	-0.0061187097240782175
0.05058246620031143	0.024168543927140764	-0.006140471569138852
0.051050499997540646	0.024173981973878933	-0.006163838853624201
0.05152286445817567	0.024179525559681996	-0.0061889611686501015
0.05199959965335162	0.024185176887981327	-0.006216005156830256
0.052480746024977286	0.024190938220224237	-0.00624515683381034
0.05296634438916581	0.024196811878610062	-0.006276624280138728
0.05345643593969719	0.02420280024906371	-0.006310640771593976
0.05395106225151279	0.024208905784321687	-0.0063474684303235634
0.05445026528424214	0.02421513100772636	-0.0063874024969329726
0.05495408738576248	0.024221478516930867	-0.006430776345139262
0.0554625712957911	0.024227950988400703	-0.006477967388492608
0.05597576014951104	0.024234551182121564	-0.0065294040620239805
0.05649369748123028	0.024241281947084792	-0.006585574105308365
0.05701642722807478	0.02424814622722439	-0.006647034427031133
0.05754399373371572	0.0242551470682491	-0.00671442290052297
0.05807644175213124	0.02426228762521021	-0.006788472527195049
0.05861381645140291	0.02426957117120777	-0.006870028518048599
0.05915616341754743	0.024277001106992747	-0.006960068988668575
0.05970352865838372	0.024284580972337134	-0.0070597301526148315
0.06025595860743581	0.024292314458487816	-0.007170337144602705
0.060813500127871824	0.024300205422819503	-0.007293441929630794
0.061376200516479455	0.02430825790541007	-0.00743087018302177
0.06194410750767818	0.02431647614814627	-0.007584779597428353
0.06251726927756862	0.024324864616489004	-0.007757732837761267
0.06309573444801936	0.024333428024622277	-0.007952789397092395
0.06367955209079162	0.024342171364083173	-0.008173622007812279
0.064268771731702	0.02435109993620059	-0.008424665178603904
0.06486344335482389	0.024360219388679414	-0.008711306065058261
0.06546361740672754	0.024369535756071353	-0.009040131534268303
0.06606934480075964	0.024379055503157145	-0.009419250370695248
0.06668067692136226	0.02438878556959727	-0.00985871668794253
0.06729766562843183	0.024398733411254286	-0.010371090597011842
0.0679203632617185	0.024408907030658174	-0.010972186193829486
0.0685488226452662	0.024419314981689328	-0.011682076500751605
0.0691830970918937	0.02442996632213058	-0.012526451999527715
0.06982324040771719	0.02444087046716134	-0.013538465669067006
0.07046930689671474	0.024452036859575078	-0.014761243542011087
0.07112135136533296	0.024463474308762265	-0.016251291391428203
0.07177942912713622	0.02447518973572712	-0.01808306666280561
0.07244359600749906	0.02448718586271316	-0.02035495398949244
0.0731139083483418	0.024499457046224134	-0.023196633051887208
0.07379042301291015	0.02451198190372938	-0.02677699003170431
0.07447319739059896	0.02452471060651388	-0.03130944965466204
0.07516228940182061	0.02453754398341675	-0.03704613935522571
0.07585775750291844	0.024550302265488023	-0.04424076394695835
0.07655966069112569	0.02456268771454063	-0.05304074559484103
0.07726805850957029	0.024574266905222946	-0.06325398158554933
0.07798301105232593	0.024584542314794417	-0.07398353724939744
0.07870457896950993	0.024593209709881346	-0.08335294110410565
0.07943282347242822	0.02460056006460288	-0.08889383447054472
0.08016780633876798	0.024607632556119363	-0.08890033221247973
0.0809095899178383	0.02461572697013823	-0.08368035056508716
0.0816582371358593	0.02462566683153863	-0.07522227942562537
0.0824138115013003	0.02463756111633173	-0.06575643811155686
0.08317637711026717	0.02465108346233717	-0.05677802657253135
0.08394599865193982	0.024665811130672167	-0.048955090940734206
0.08472274141405972	0.024681395714175474	-0.042425784810319396
0.08550667128846841	0.024697598658200613	-0.03708216599705579
0.0862978547766971	0.024714272282016263	-0.03273717439784493
0.08709635899560814	0.02473133135561916	-0.029201175144583383
0.08790225168308852	0.02474873013011924	-0.026309618020828325
0.08871560120379617	0.02476644680186558	-0.023928771477040894
0.08953647655495947	0.02478447377228029	-0.02195313241507727
0.09036494737223023	0.024802811755120467	-0.02030049661939056
0.09120108393559107	0.02482146627227693	-0.01890702366588432
0.09204495717531722	0.024840445589244996	-0.01772304593475145
0.09289663867799372	0.024859759506749273	-0.016709742702101748
0.09375620069258811	0.024879418660187926	-0.01583658244736574
0.09462371613657934	0.024899434119367042	-0.015079383845413696
0.09549925860214364	0.024919817166430415	-0.014418853381400592
0.0963829023623971	0.024940579179185945	-0.013839482442430159
0.09727472237769656	0.024961731576521783	-0.013328713005337132
0.09817479430199849	0.02498328579991891	-0.01287630346310486
0.09908319448927681	0.025005253316105303	-0.012473843748078957
0.10000000000000005	0.025027645630965642	-0.012114382211798346
0.10092528860766849	0.025050474309659093	-0.011792136570197098
0.10185913880541175	0.025073750999426207	-0.011502268447178013
0.10280162981264741	0.025097487453474288	-0.011240706331899723
0.10375284158180131	0.025121695554575246	-0.011004005628337797
0.10471285480509002	0.025146387338087287	-0.010789237308983358
0.1056817509213659	0.025171575014105923	-0.010593898770262592
0.10665961212302584	0.02519727098856133	-0.01041584203072025
0.10764652136298355	0.02522348788342043	-0.010253215561263606
0.10864256236170661	0.025250238556043365	-0.010104416895818334
0.10964781961431856	0.025277536117820413	-0.009968053817745027
0.1106623783977667	0.025305393952065304	-0.009842912406871235
0.11168632477805618	0.025333825731660195	-0.009727930605506013
0.1127197456175511	0.025362845436106493	-0.009622176247332262
0.11376272858234315	0.025392467368459185	-0.009524828713911046
0.11481536214968835	0.025422706172024665	-0.009435163554108339
0.11587773561551268	0.025453576847146022	-0.009352539535141967
0.11694993910198717	0.02548509476781961	-0.009276387698151768
0.11803206356517304	0.025517275698684262	-0.009206202073639319
0.11912420080273756	0.02555013581195279	-0.009141531777024469
0.12022644346174137	0.025583691704903988	-0.009081974256533967
0.1213388850464978	0.02561796041740484	-0.009027169506918835
0.12246161992650495	0.02565295945013764	-0.008976795095856083
0.12359474334445113	0.025688706783079107	-0.008930561876680756
0.12473835142429439	0.025725220894614216	-0.0088882102827952
0.1258925411794168	0.025762520781245492	-0.008849507116839211
0.12705741052085426	0.025800625977864422	-0.008814242762123439
0.12823305826560225	0.025839556578853343	-0.008782228755619962
0.1294195841449987	0.025879333259829468	-0.008753295671669874
0.13061708881318423	0.025919977300262884	-0.008727291273453881
0.1318256738556408	0.025961510607063344	-0.008704078896162076
0.13304544179780922	0.02600395573891724	-0.008683536031063904
0.13427649611378642	0.026047335931812524	-0.00866555308466557
0.13551894123510363	0.026091675125558343	-0.008650032290718658
0.13677288255958495	0.026136997991438697	-0.008636886756286167
0.13803842646028852	0.026183329961095302	-0.008626039625796646
0.13931568029453034	0.0262306972567641	-0.008617423349310904
0.14060475241299142	0.026279126922722933	-0.008610979043260693
0.14190575216890927	0.026328646858386536	-0.00860665593354623
0.1432187899273544	0.02637928585275552	-0.008604410872423222
0.1445439770745928	0.026431073620656505	-0.008604207921735905
0.1458814260275349	0.026484040840578694	-0.008606017996225563
0.14723125024327194	0.02653821919448821	-0.008609818561520832
0.14859356422870074	0.02659364140942994	-0.008615593382244484
0.1499684835502374	0.026650341301344346	-0.008623332316411167
0.15135612484362088	0.026708353820947883	-0.008633031152808692
0.15275660582380732	0.02676771510207673	-0.008644691488867727
0.154170045294956	0.026828462512357293	-0.008658320646644823
0.1555965631605075	0.026890634706603266	-0.008673931625399502
0.15703628043335532	0.026954271682987908	-0.008691543089380043
0.15848931924611143	0.027019414842117985	-0.00871117938993532
0.15995580286146696	0.027086107049336977	-0.008732870621447382
0.1614358556826487	0.027154392700342096	-0.008756652710832508
0.1629296032639723	0.02722431779037704	-0.008782567540809014
0.16443717232149324	0.027295929987209068	-0.00881066310737217
0.16595869074375613	0.027369278708257384	-0.008840993712243193
0.16749428760264382	0.027444415201874676	-0.008873620191439585
0.1690440931643265	0.027521392633414923	-0.008908610181434858
0.17060823890031243	0.027600266176126407	-0.008946038424625194
0.17218685749860077	0.027681093107272337	-0.008985987116345748
0.17378008287493762	0.02776393291003893	-0.009028546295906437
0.1753880501841762	0.02784884738123263	-0.009073814284684376
0.1770108958317422	0.027935900745630467	-0.009121898174557715
0.17864875748520517	0.028025159777025604	-0.009172914370655351
0.180301774085957	0.028116693926882173	-0.009226989192779483
0.18197008586099844	0.02821057546068612	-0.009284259540460608
0.18365383433483473	0.02830687960298504	-0.009344873627335989
0.18535316234148125	0.02840568469146631	-0.00940899179109605
0.18706821403658017	0.028507072340910728	-0.00947678738620961
0.18879913490962946	0.028611127617712635	-0.009548447767357617
0.19054607179632482	0.028717939225732143	-0.009624175372612604
0.19230917289101596	0.0288275997044663	-0.009704188916451893
0.19408858775927793	0.028940205640452733	-0.00978872470398445
0.19588446735059908	0.029055857892905525	-0.009878038079146778
0.1976969640111862	0.029174661834849253	-0.009972405021217604
0.19952623149688808	0.02929672761083414	-0.01007212390589006
0.20137242498623895	0.029422170412887142	-0.010177517449071619
0.2032357010936223	0.02955111077582149	-0.010288934854008613
0.20511621788255666	0.029683674893964982	-0.010406754184980495
0.20701413487910436	0.029819994960779594	-0.010531384993820368
0.2089296130854041	0.02996020953369178	-0.010663271229026867
0.2108628149933291	0.030104463926035215	-0.010802894461162721
0.21281390459827135	0.030252910628722436	-0.010950777462886384
0.21478304741305343	0.03040570976435027	-0.011107488187133679
0.21677041048196952	0.03056302957653774	-0.011273644193066718
0.2187761623949553	0.030725046958026886	-0.011449917576420117
0.22080047330189004	0.030891948020921156	-0.011637040468814619
0.22284351492703042	0.031063928713299497	-0.011835811180169884
0.22490546058357816	0.031241195486817926	-0.012047101069090725
0.22698648518838224	0.03142396601985847	-0.012271862238715677
0.22908676527677735	0.031612470002459106	-0.01251113617043334
0.23120647901755953	0.03180694998870844	-0.012766063424876658
0.23334580622810033	0.03200766232402811	-0.013037894560047725
0.23550492838960102	0.032214878155110545	-0.013328002439939979
0.23768402866248772	0.03242888453110206	-0.013637896135032895
0.2398832919019491	0.03264998560625913	-0.013969236648901229
0.2421029046736179	0.032878503955494714	-0.014323854744392864
0.24434305526939726	0.03311478201478375	-0.014703771188527524
0.246603933723434	0.03335918366192234	-0.015111219791034372
0.24888573182823917	0.03361209595267804	-0.015548673676184024
0.25118864315095807	0.03387393103227348	-0.016018875306984596
0.2535128630497908	0.03414512824245425	-0.016524870874284354
0.25585858869056466	0.03442615644879699	-0.01707004977732995
0.2582260190634597	0.034717516616114136	-0.017658190059178847
0.26061535499988964	0.03501974466427488	-0.01829351082692385
0.2630267991895383	0.035333414640394425	-0.018980732888276147
0.26546055619755404	0.03565914225172006	-0.019725149084209647
0.2679168324819033	0.035997588807086825	-0.020532706098899532
0.2703958364108845	0.03634946562626791	-0.02141009990233051
0.2728977782808042	0.0367155389833482	-0.022364887440716533
0.27542287033381674	0.03709663566403092	-0.023405617763073587
0.277971326775929	0.0374936492299305	-0.024541986485813527
0.2805433637951715	0.03790754709913376	-0.025785018391912693
0.28313919957993805	0.03833937857390329	-0.027147284089010074
0.2857590543374948	0.03879028397155118	-0.02864315807881414
0.2884031503126607	0.039261505043093704	-0.03028912740778542
0.29107171180666064	0.03975439690493178	-0.03210416240021467
0.2937649651961532	0.040270441753450986	-0.03411016397707274
0.2964831389524344	0.04081126469189157	-0.036332505960897994
0.29922646366081906	0.04137865207215026	-0.03880069585812315
0.30199517204020176	0.04197457284681084	-0.04154918430957665
0.30478949896279844	0.0426012035454739	-0.04461836228616193
0.307609681474071	0.04326095764090374	-0.04805579698908269
0.3104559588128357	0.043956520268370596	-0.0519177734455498
0.3133285724315587	0.04469088951906707	-0.05627123062207602
0.3162277660168381	0.045467425867702596	-0.06119621090802181
0.31915378551007634	0.046289911750534124	-0.06678898358443035
0.3221068791283436	0.047162623921338714	-0.07316606164545544
0.32508729738543457	0.048090422052724506	-0.08046941505276524
0.3280952931131192	0.049078858209644916	-0.08887330442152405
0.3311311214825913	0.05013431345720613	-0.09859333644475567
0.33419504002611444	0.05126417019732843	-0.10989860665861936
0.3372873086588691	0.052477032226860114	-0.12312819637590057
0.34040818970100106	0.05378300955204492	-0.13871391229515034
0.34355794789987465	0.05519409265916496	-0.1572121436927521
0.34673685045253166	0.05672465291063339	-0.1793493248934042
0.3499451670283573	0.05839212527668945	-0.20608826788330334
0.353183169791957	0.0602179666175662	-0.23872855832604203
0.35645113342624424	0.06222758475182677	-0.279932992591722
0.3597493351557423	0.06445918484926469	-0.3295250351101349
0.36307805477010135	0.06695351468502664	-0.3938299782663958
0.36643757464783333	0.06977173695791063	-0.4773341750717771
0.3698281797802663	0.0729973468751773	-0.5884298262921784
0.3732501577957206	0.07675219294788455	-0.7408478235818551
0.37670379898390893	0.0812255611523504	-0.9586389578470688
0.38018939632056126	0.0867381091297249	-1.2880667473871554
0.38370724549227886	0.09390629915499414	-1.8311318396132148
0.3872576449216173	0.1041745284006683	-2.8667986641672334
0.3908408957924021	0.12231827678157595	-5.521687747119041
0.39445730207527846	0.1794493989023057	-21.67526271571433
0.3981071705534973	0.04324351040046885	-18.912919570581607
0.40179081084894	0.09646225931723432	-0.1608366476272156
0.40550853544838394	0.12941412696187027	-1.8913706027071646
0.40926065973001097	0.17360920520412296	-6.452477073643021
0.41304750199016144	0.262227050690885	-20.102931159772993
0.4168693834703355	0.3488319808309571	-74.04520459973521
0.4207266283844442	0.13367639825145533	-112.79776637026713
0.424619563946313	0.05249346457225444	-94.56633403138578
0.4285485203974396	0.0426580226627018	-47.22979387319531
0.43251383103500884	0.05777658164839735	-23.160085800058635
0.4365158322401661	0.0761496502280974	-14.189058723277519
0.44055486350655343	0.09565362747264104	-10.124852607950269
0.4446312674691088	0.11757641940893836	-8.009614444106404
0.4487453899331323	0.14415188995163916	-6.857071760137324
0.4528975799036209	0.17901089060284606	-6.2927201630178375
0.4570881896148752	0.22899801795998345	-6.2009082662792006
0.46131757456037953	0.3095624389071051	-6.667326271107079
0.4655860935229591	0.4656702420728893	-8.205061165148141
0.4698941086052156	0.9009028684470717	-14.240906804313589
0.4742419852602448	4.529245124278082	-74.60192210029473
0.47863009232263853	1.0217261392202377	-169.32795902924667
0.48305880203977286	0.5046422071519697	-175.4756105612158
0.4875284901033865	0.3342364899239602	-177.3943317769235
0.4920395356814511	0.24950897871311117	-178.29547308860776
0.49659232145033627	0.19874306292310234	-178.80302805450492
0.5011872336272725	0.164869645274144	-179.12042299512277
0.5058246620031143	0.14062214741043733	-179.3330546785805
0.5105049999754064	0.12238342573750216	-179.48272113723385
0.5152286445817567	0.10814979543741637	-179.59212520551546
0.5199959965335162	0.0967211859069052	-179.67456763932842
0.5248074602497729	0.08733460682203173	-179.73830499817882
0.5296634438916581	0.07948148707682903	-179.78870339821754
0.5345643593969719	0.07280956700476765	-179.82938290591034
0.5395106225151278	0.06706693960603206	-179.86286013219424
0.5445026528424215	0.06206851315795936	-179.89092260554057
0.5495408738576248	0.057675055587733164	-179.9148478164183
0.5546257129579107	0.053779620851203816	-179.93552049547765
0.5597576014951101	0.05029847220176967	-179.9534669704531
0.5649369748123025	0.04716483510793841	-179.96879845652313
0.5701642722807475	0.04432448814493992	-179.98102819580748
0.5754399373371569	0.041732601473365695	-179.98870529765148
0.580764417521312	0.03935149096077323	-179.9888303173926
0.5861381645140288	0.037149092396951654	-179.97619204940003
0.591561634175474	0.035097816253993726	-179.94317596895914
0.5970352865838369	0.033172746273106055	-179.88067314923404
0.6025595860743578	0.03134733865613565	-179.77852365942155
0.6081350012787179	0.029585394869938313	-179.61877632683166
0.6137620051647943	0.02782813753236483	-179.3487334474267
0.6194410750767815	0.025966412096673563	-178.7882412003891
0.6251726927756859	0.023774836841518238	-177.15278877941842
0.6309573444801934	0.021502753433418707	-169.47871861592253
0.6367955209079159	0.026051330503007293	-164.91808573446045
0.6426877173170198	0.027014865634140597	-166.39544346097964
0.6486344335482385	0.02713562122134811	-175.7856146708677
0.654636174067275	0.024405828328693348	-178.83104376777706
0.6606934480075961	0.023706154155419365	-178.69685726449052
0.6668067692136223	0.022161073124443768	-179.33305282001822
0.6729766562843178	0.02104185371794073	-179.56546951060767
0.6792036326171846	0.02008105249037827	-179.69544729358887
0.6854882264526617	0.019219673395250818	-179.7773116370643
0.6918309709189366	0.018431172978035256	-179.83113008957076
0.6982324040771715	0.01770058765719624	-179.86675169056457
0.7046930689671471	0.01701827312520413	-179.8900764052159
0.7112135136533292	0.016377387538858087	-179.9050552035346
0.7177942912713619	0.015772746051342153	-179.91441916243227
0.7244359600749902	0.01520024903464565	-179.92003798511396
0.7311390834834176	0.014656563299434155	-179.92316479175236
0.7379042301291011	0.014138922821219457	-179.92462319180896
0.7447319739059892	0.013644993021530308	-179.92494670544357
0.7516228940182057	0.013172773636994949	-179.92447735047807
0.758577575029184	0.012720527366576806	-179.92343237777743
0.7655966069112565	0.012286726592902562	-179.92194815610006
0.7726805850957026	0.011870012992145617	-179.92010859556828
0.7798301105232589	0.011469166292127844	-179.91796356916507
0.7870457896950989	0.011083079218982349	-179.91554128450815
0.7943282347242817	0.010710735551167588	-179.91285796868607
0.8016780633876793	0.010351185127296771	-179.90993010243622
0.8090958991783825	0.010003488340977381	-179.90680938351443
0.8165823713585927	0.009666332708214256	-179.9038225351638
0.8241381150130026	0.00934800310213781	-179.8904137176262
0.8317637711026713	0.009027137026323961	-179.8930859218166
0.8394599865193977	0.0087196841124479	-179.88874195087772
0.8472274141405968	0.00842096324496918	-179.8835924310568
0.8550667128846836	0.008130152784865794	-179.87780234833642
0.8629785477669706	0.007846610018600828	-179.8713457677175
0.870963589956081	0.007569737339298216	-179.86414934500525
0.8790225168308847	0.0072989553649536725	-179.85611227742936
0.8871560120379608	0.0070336917317473085	-179.84710824611983
0.8953647655495938	0.006773373379997069	-179.83698215371692
0.9036494737223014	0.006517419547535175	-179.82554398964263
0.9120108393559097	0.006265234514625406	-179.8125600019415
0.9204495717531712	0.006016199589265582	-179.7977405853456
0.9289663867799363	0.005769663914439676	-179.78072374403826
0.9375620069258802	0.00552493364815347	-179.76105232854536
0.946237161365793	0.005281258968446885	-179.73814227915494
0.9549925860214359	0.005037818196133399	-179.71123758156963
0.9638290236239705	0.004793698094759418	-179.67934513486756
0.9727472237769651	0.004547869072214957	-179.64113848408635
0.9817479430199844	0.0042991535257794625	-179.59481192206405
0.9908319448927676	0.004046184869871646	-179.53785290758546
1.	0.0037873537497349827	-179.46667498320716
1.0092528860766845	0.003520736394171891	-179.37600190675252
1.0185913880541169	0.0032439977077467585	-179.2577846317297
1.0280162981264735	0.002954258088988279	-179.09918459765987
1.0375284158180127	0.0026479073868212236	-178.87854074220468
1.0471285480508996	0.002320340983228195	-178.55653069340272
1.0568175092136585	0.001965581632368778	-178.05427451722284
1.066596121230258	0.0015757445802342756	-177.18880212108172
1.076465213629835	0.0011403804665130806	-175.4238572652436
1.0864256236170655	0.0006468528058374244	-170.27799172710456
1.096478196143185	0.00014458420066473603	-111.76326502514696
1.1066237839776665	0.0006714267479971621	-14.662483878896838
1.1168632477805611	0.0015431152924485886	-8.317299559687775
1.1271974561755105	0.002689387596385585	-6.571598995599937
1.1376272858234309	0.0042803993989268254	-6.085398573504102
1.1481536214968828	0.006676875920936277	-6.345998004207405
1.1587773561551262	0.010764060107419149	-7.502691556463458
1.1694993910198712	0.01934742060868367	-10.631570791475612
1.1803206356517297	0.04538159866178737	-18.234068842435562
1.191242008027375	0.08542389107070436	-164.46353139957745
1.2022644346174132	0.030463639054400287	-172.50447398158758
1.2133888504649775	0.019468694615874645	-175.51476323440664
1.224616199265049	0.014730580955732587	-176.8835444646977
1.2359474334445106	0.012077024488866977	-177.63772479177882
1.2473835142429432	0.010366384206247492	-178.10242965281822
1.2589254117941675	0.009161150799855675	-178.40910473305323
1.270574105208542	0.008258000309149773	-178.62008037478145
1.2823305826560218	0.007549627579604511	-178.7681981246296
1.2941958414499863	0.006973989028626199	-178.87195996339202
1.3061708881318417	0.006492614229375967	-178.94209739575209
1.3182567385564075	0.006080249776122327	-178.98464477556206
1.3304544179780915	0.005719461909761178	-179.00237417265677
1.3427649611378643	0.005397601031426603	-178.9953022618174
1.3551894123510364	0.00510495338579434	-178.96046828503938
1.3677288255958495	0.004833486502588859	-178.89081529108336
1.3803842646028852	0.0045758296640223736	-178.77247120962315
1.3931568029453034	0.004324177720086191	-178.5784585984328
1.4060475241299142	0.004068662764319735	-178.2530673840507
1.4190575216890926	0.0037941959011599867	-177.6674645489483
1.432187899273544	0.003473088860442776	-176.46544899085112
1.4454397707459279	0.0030463523873625856	-173.33225695282556
1.4588142602753489	0.0024248023146014887	-160.3129199862656
1.4723125024327193	0.003978066291602141	-114.6768764067031
1.4859356422870074	0.006904592214019292	-162.29394260796883
1.499684835502374	0.005233234448852143	-175.8199814412279
1.5135612484362087	0.004545540607811466	-178.36469500368767
1.5275660582380732	0.004165783184656107	-179.19208057545433
1.54170045294956	0.003908110135010562	-179.545111570629
1.555965631605075	0.00371146022478238	-179.7215132368655
1.5703628043335531	0.003550320907580726	-179.81924648345284
1.584893192461114	0.003412155025668522	-179.8774884774723
1.5995580286146696	0.003290051308475159	-179.91413126802476
1.6143585568264869	0.0031798581525481154	-179.93817342679336
1.629296032639723	0.0030789092369035045	-179.95448518825947
1.6443717232149324	0.0029853977448357446	-179.96585908472795
1.6595869074375613	0.0028980441635253662	-179.97397274808785
1.6749428760264382	0.002815908465156387	-179.97987353449068
1.690440931643265	0.0027382782392493133	-179.98423674772346
1.7060823890031243	0.0026645990717549866	-179.98750991621284
1.7218685749860079	0.0025944295567324133	-179.98999671056885
1.7378008287493762	0.0025274112620453613	-179.99190746569883
1.753880501841762	0.0024632480971250124	-179.99339052066455
1.770108958317422	0.002401691776678941	-179.994552175138
1.7864875748520517	0.002342531345894387	-179.99546969433558
1.803017740859568	0.0022855854782598915	-179.99619995987518
1.8197008586099825	0.0022306967079673214	-179.99678533113706
1.8365383433483455	0.0021777270391159635	-179.99725768290475
1.8535316234148105	0.0021265545525182648	-179.99764122869556
1.8706821403657996	0.002077070747319857	-179.9979545220395
1.8879913490962925	0.002029178432060539	-179.99821189279464
1.9054607179632463	0.001982790032301394	-179.99842448979058
1.9230917289101574	0.0019378262181271508	-179.99860104566324
1.9408858775927773	0.0018942147801940096	-179.9987484433451
1.958844673505989	0.001851889701022739	-179.99887213941193
1.97696964011186	0.0018107903812319551	-179.9989764830883
1.9952623149688788	0.0017708609898943093	-179.99906495848828
2.0137242498623875	0.0017320499152065347	-179.99914036988943
2.032357010936221	0.0016943092968993777	-179.99920498439133
2.0511621788255647	0.0016575946257671662	-179.99926064245201
2.0701413487910414	0.001621864398707064	-179.9993088440422
2.0892961308540388	0.0015870798199777406	-179.999350816167
2.108628149933289	0.001553204541184199	-179.99938756606232
2.1281390459827114	0.001520204433904415	-179.99941992330983
2.147830474130533	0.0014880473899819028	-179.99944857333531
2.167704104819694	0.0014567031453909516	-179.99947408416884
2.1877616239495516	0.001426143124285944	-179.99949692791148
2.208004733018899	0.001396340300413632	-179.99951749802347
2.228435149270303	0.0013672690735285964	-179.9995361232985
2.2490546058357803	0.0013389051588257042	-179.99955307920004
2.2698648518838214	0.0013112254877111018	-179.99956859708786
2.2908676527677723	0.001284208118487951	-179.99958287175204
2.312064790175594	0.001257832155740311	-179.99959606758313
2.333458062281002	0.0012320776773757983	-179.9996083236404
2.355049283896009	0.0012069256684323591	-179.99961975782634
2.376840286624876	0.0011823579608773388	-179.9996304703339
2.39883291901949	0.0011583571787306866	-179.9996405465006
2.4210290467361775	0.001134906687931382	-179.99965005917713
2.4434305526939712	0.001111990550441939	-179.99965907069762
2.4660393372343385	0.0010895934821470135	-179.99966763452196
2.48885731828239	0.0010677008141593777	-179.99967579660796
2.5118864315095797	0.0010462984571912935	-179.9996835965599
2.535128630497907	0.0010253728686903257	-179.9996910685917
2.5585858869056453	0.0010049110224737172	-179.9996982423365
2.582260190634596	0.000984900380625441	-179.9997051435279
2.6061535499988953	0.0009653288674461492	-179.99971179457447
2.6302679918953813	0.000946184845269754	-179.99971821504496
2.654605561975539	0.000927457091979794	-179.99972442207883
2.6791683248190314	0.0009091347800768596	-179.99973043073393
2.703958364108843	0.0008912074571633805	-179.99973625428174
2.7289777828080406	0.000873665027725989	-179.9997419044579
2.7542287033381663	0.0008564977361076579	-179.99974739167567
2.7797132677592886	0.0008396961505722629	-179.9997527252078
2.805433637951713	0.0008232511483737698	-179.99975791334143
2.831391995799379	0.0008071539017507846	-179.99976296351073
2.8575905433749464	0.0007913958647743457	-179.9997678824101
2.8840315031266055	0.0007759687609837331	-179.9997726760914
2.910717118066605	0.000760864571750958	-179.99977735004686
2.9376496519615305	0.0007460755253198108	-179.9997819092808
2.9648313895243423	0.0007315940864704234	-179.99978635837087
2.992264636608189	0.0007174129467640522	-179.99979070152088
3.019951720402016	0.0007035250153272958	-179.9997949426063
3.047894989627983	0.0006899234101379214	-179.99979908521354
3.076096814740708	0.0006766014497778696	-179.99980313267383
3.1045595881283554	0.0006635526456217954	-179.99980708809252
3.1332857243155856	0.0006507706944319896	-179.99981095437448
3.162277660168379	0.0006382494713330131	-179.99981473424592
3.1915378551007616	0.0006259830231412735	-179.99981843027373
3.2210687912834346	0.0006139655620269839	-179.99982204488185
3.250872973854344	0.0006021914594872807	-179.9998255803659
3.2809529311311905	0.0005906552406113238	-179.99982903890546
3.311311214825911	0.0005793515786193579	-179.99983242257545
3.3419504002611427	0.0005682752896590412	-179.9998357333553
3.372873086588689	0.000557421327843825	-179.99983897313786
3.404081897010009	0.000546784780518817	-179.99984214373623
3.4355794789987466	0.0005363608637412117	-179.99984524689071
3.4673685045253166	0.0005261449179625498	-179.99984828427426
3.499451670283573	0.0005161324039016535	-179.99985125749768
3.53183169791957	0.0005063188985973906	-179.999854168114
3.5645113342624426	0.000496700091631234	-179.99985701762242
3.5974933515574232	0.0004872717815105028	-179.99985980747203
3.630780547701014	0.00047802987220341354	-179.99986253906465
3.664375746478333	0.00046897036981794214	-179.99986521375791
3.6982817978026628	0.00046008937941682864	-179.99986783286764
3.732501577957206	0.00045138310196171427	-179.9998703976702
3.767037989839089	0.0004428478313796184	-179.99987290940447
3.801893963205613	0.00043447995174567363	-179.99987536927375
3.8370724549227884	0.00042627593457611446	-179.99987777844746
3.8725764492161727	0.0004182323362261269	-179.99988013806254
3.908408957924021	0.0004103457953873806	-179.99988244922514
3.944573020752785	0.0004026130306803389	-179.99988471301162
3.981071705534973	0.0003950308383368268	-179.9998869304699
4.0179081084894	0.0003875960899685631	-179.9998891026205
4.055085354483839	0.0003803057304175921	-179.99989123045756
4.09260659730011	0.0003731567756847515	-179.99989331494993
4.130475019901614	0.0003661463109327087	-179.99989535704177
4.168693834703355	0.00035927148856001247	-179.9998973576536
4.207266283844442	0.0003525295263430446	-179.99989931768306
4.24619563946313	0.0003459177056428379	-179.9999012380056
4.285485203974396	0.00033943336967384464	-179.9999031194752
4.325138310350088	0.0003330739218320054	-179.9999049629249
4.365158322401661	0.0003268368240795	-179.9999067691676
4.405548635065534	0.00032071959538376596	-179.9999085389967
4.446312674691089	0.0003147198102085125	-179.99991027318632
4.487453899331323	0.00030883509705448774	-179.99991197249224
4.528975799036209	0.00030306313704796814	-179.99991363765213
4.570881896148752	0.00029740166257497355	-179.99991526938612
4.613175745603791	0.0002918484559593546	-179.99991686839732
4.655860935229586	0.0002864013481828726	-179.99991843537194
4.698941086052151	0.00028105821764551667	-179.99991997097928
4.742419852602444	0.00027581698896381776	-179.9999214758705
4.7863009232263805	0.00027067563180244495	-179.99992295066775
4.830588020397723	0.0002656321596993315	-179.99992439579464
4.875284901033861	0.0002606846300020296	-179.99992581028351
4.920395356814506	0.0002558311389538733	-179.99992720087434
4.965923214503357	0.00025106982702304334	-179.9999285615995
5.01187233627272	0.0002463988725791214	-179.99992989518265
5.058246620031137	0.00024181649309271	-179.99993120222368
5.105049999754059	0.00023732094389354618	-179.99993248327272
5.152286445817562	0.00023291051724593455	-179.99993373886235
5.1999599653351565	0.00022858354146116424	-179.99993496951188
5.248074602497723	0.00022433838003701507	-179.99993617572835
5.296634438916575	0.00022017343082222988	-179.99993735800714
5.345643593969713	0.00021608712520479914	-179.99993851683237
5.395106225151273	0.0002120779273231707	-179.99993965267709
5.445026528424209	0.00020814433329954064	-179.99994076600365
5.495408738576242	0.0002042848704944649	-179.99994185726388
5.5462571295791046	0.0002004980967820596	-179.99994292689954
5.597576014951099	0.00019678259984508276	-179.99994397534232
5.649369748123022	0.00019313699648923098	-179.99994500301426
5.701642722807472	0.00018955993197600248	-179.99994601032793
5.754399373371567	0.00018605007937352354	-179.99994699768658
5.807644175213118	0.0001826061389247293	-179.9999479654845
5.861381645140285	0.00017922683743234804	-179.9999489141071
5.9156163417547365	0.00017591092766013844	-179.99994984393123
5.9703528658383656	0.0001726571877498483	-179.9999507553253
6.025595860743575	0.00016946442065341054	-179.99995164864953
6.081350012787176	0.00016633145357987738	-179.99995252425612
6.137620051647939	0.0001632571374566416	-179.99995338248937
6.194410750767812	0.00016024034640448102	-179.99995422368605
6.251726927756856	0.00015727997722601926	-179.99995504817537
6.30957344480193	0.00015437494890717715	-179.9999558562792
6.367955209079155	0.00015152420213121172	-179.99995664831246
6.426877173170194	0.00014872669880497768	-179.99995742458287
6.486344335482381	0.0001459814215970237	-179.99995818539148
6.546361740672747	0.00014328737348718259	-179.99995893103267
6.6069344800759575	0.00014064357732730809	-179.99995966179424
6.668067692136219	0.00013804907541282687	-179.99996037795765
6.729766562843175	0.00013550292906479023	-179.99996107979823
6.792036326171843	0.00013300421822211937	-179.9999617675851
6.854882264526613	0.00013055204104374819	-179.99996244158152
6.918309709189362	0.00012814551352037607	-179.99996310204492
6.9823240407717115	0.00012578376909556	-179.999963749227
7.046930689671467	0.00012346595829587292	-179.99996438337394
7.112135136533288	0.00012119124836988293	-179.9999650047265
7.177942912713615	0.00011895882293569333	-179.99996561352003
7.244359600749899	0.00011676788163681064	-179.99996620998476
7.311390834834173	0.00011461763980611201	-179.9999667943458
7.379042301291007	0.0001125073281376781	-179.9999673668232
7.447319739059888	0.00011043619236628987	-179.99996792763224
7.516228940182053	0.00010840349295436277	-179.99996847698336
7.585775750291836	0.00010640850478613482	-179.99996901508229
7.655966069112561	0.00010445051686889684	-179.99996954213026
7.726805850957022	0.00010252883204108695	-179.99997005832395
7.798301105232586	0.00010064276668705885	-179.99997056385567
7.870457896950985	0.0000987916504583519	-179.9999710589134
7.943282347242813	0.00009697482600128614	-179.9999715436809
8.01678063387679	0.0000951916486907229	-179.9999720183379
8.090958991783822	0.00009344148636982163	-179.99997248305993
8.165823713585922	0.0000917237190956441	-179.99997293801863
8.241381150130021	0.00009003773889045095	-179.99997338338179
8.317637711026709	0.00008838294949854605	-179.99997381931325
8.394599865193973	0.00008675876614852358	-179.99997424597325
8.472274141405963	0.00008516461532078537	-179.99997466351834
8.550667128846833	0.00008359993452018888	-179.99997507210136
8.629785477669701	0.00008206417205370178	-179.99997547187175
8.709635899560805	0.00008055678681293277	-179.99997586297542
8.790225168308842	0.00007907724806142137	-179.99997624555493
8.871560120379607	0.00007762503522656333	-179.99997661974942
8.953647655495937	0.00007619963769606218	-179.99997698569487
9.036494737223014	0.00007480055461878996	-179.9999773435239
9.120108393559097	0.00007342729470995411	-179.99997769336613
9.204495717531712	0.00007207937606046151	-179.99997803534797
9.289663867799362	0.00007075632595037856	-179.99997836959278
9.375620069258803	0.00006945768066639006	-179.999978696221
9.462371613657929	0.0000681829853231577	-179.99997901535005
9.549925860214358	0.00006693179368848614	-179.9999793270945
9.638290236239705	0.00006570366801220515	-179.99997963156605
9.727472237769652	0.00006449817885867982	-179.99997992887359
9.817479430199844	0.00006331490494286203	-179.99998021912327
9.908319448927676	0.00006215343296979993	-179.99998050241854
10.	0.000061013357477524626	-179.99998077886013
10.092528860766844	0.000059894280683233376	-179.99998104854623
10.18591388054117	0.00005879581233269465	-179.99998131157236
10.280162981264736	0.00005771756955279752	-179.9999815680315
10.375284158180126	0.000056659176707174894	-179.99998181801413
10.471285480508996	0.00005562026525482807	-179.99998206160828
10.568175092136585	0.000054600473611684036	-179.9999822988995
10.665961212302578	0.00005359944701501873	-179.9999825299709
10.76465213629835	0.000052616837390680315	-179.99998275490333
10.864256236170656	0.00005165230322304907	-179.99998297377513
10.964781961431852	0.00005070550942767139	-179.99998318666243
11.066237839776663	0.00004977612722650788	-179.99998339363904
11.168632477805613	0.00004886383402573712	-179.99998359477652
11.271974561755105	0.000047968313296056347	-179.9999837901442
11.37627285823431	0.00004708925445542463	-179.99998397980912
11.481536214968829	0.00004622635275419336	-179.99998416383625
11.587773561551263	0.00004537930916257081	-179.99998434228831
11.694993910198711	0.00004454783026037003	-179.9999845152259
11.803206356517286	0.00004373162812898829	-179.99998468270752
11.912420080273739	0.00004293042024556967	-179.99998484478957
12.022644346174118	0.000042143929379303455	-179.9999850015263
12.133888504649763	0.00004137188348981001	-179.99998515296997
12.246161992650476	0.000040614015627570053	-179.9999852991707
12.359474334445094	0.00003987006383635211	-179.9999854401767
12.47383514242942	0.00003913977105759501	-179.99998557603405
12.589254117941662	0.00003842288503670287	-179.99998570678682
12.705741052085406	0.00003771915823121182	-179.99998583247717
12.823305826560205	0.00003702834772078748	-179.99998595314517
12.941958414499851	0.00003635021511901453	-179.99998606882903
13.061708881318404	0.000035684526486939615	-179.99998617956484
13.182567385564061	0.000035031052248330375	-179.99998628538685
13.304544179780901	0.00003438956710661365	-179.99998638632735
13.427649611378628	0.00003375984996345793	-179.99998648241655
13.551894123510351	0.00003314168383896437	-179.9999865736829
13.67728825595848	0.000032534855793433064	-179.99998666015273
13.803842646028839	0.00003193915685067073	-179.99998674185056
13.931568029453022	0.00003135438192280804	-179.99998681879887
14.060475241299129	0.000030780329736594325	-179.99998689101835
14.190575216890911	0.000030216802761139064	-179.99998695852753
14.321878992735424	0.000029663607137069864	-179.99998702134312
14.454397707459265	0.000029120552607077308	-179.99998707947992
14.588142602753473	0.000028587452447817936	-179.99998713295068
14.723125024327178	0.000028064123403147138	-179.99998718176622
14.859356422870059	0.0000275503856186543	-179.99998722593537
14.996848355023726	0.000027046062577473617	-179.99998726546508
15.135612484362072	0.000026550981037343757	-179.99998730036012
15.275660582380716	0.00002606497096889129	-179.9999873306234
15.417004529495584	0.000025587865495112103	-179.99998735625584
15.559656316050734	0.00002511950083202674	-179.99998737725616
15.703628043335515	0.00002465971623048552	-179.9999873936212
15.848931924611126	0.00002420835391909965	-179.99998740534565
15.995580286146678	0.000023765259048275954	-179.99998741242214
16.143585568264854	0.000023330279635332182	-179.99998741484117
16.292960326397214	0.00002290326651067142	-179.99998741259108
16.443717232149307	0.00002248407326499372	-179.99998740565817
16.595869074375596	0.000022072556197524474	-179.99998739402642
16.749428760264365	0.00002166857426523835	-179.9999873776777
16.90440931643263	0.00002127198903305937	-179.9999873565916
17.060823890031227	0.000020882664625016912	-179.99998733074543
17.21868574986006	0.000020500467676338984	-179.99998730011419
17.378008287493746	0.000020125267286463268	-179.9999872646706
17.5388050184176	0.000019756934972948298	-179.99998722438494
17.701089583174202	0.000019395344626266235	-179.9999871792251
17.864875748520497	0.000019040372465459853	-179.9999871291565
18.03017740859568	0.000018691896994646398	-179.99998707414204
18.197008586099827	0.000018349798960351684	-179.99998701414208
18.365383433483455	0.00001801396130965752	-179.99998694911437
18.535316234148105	0.000017684269149146752	-179.9999868790141
18.706821403657997	0.00001736060970462984	-179.99998680379358
18.879913490962927	0.00001704287228163753	-179.9999867234025
19.054607179632463	0.000016730948226664577	-179.99998663778757
19.230917289101576	0.00001642473088914961	-179.9999865468928
19.408858775927772	0.000016124115584176592	-179.99998645065915
19.58844673505989	0.0000158289995558838	-179.9999863490245
19.769696401118598	0.00001553928194156627	-179.99998624192375
19.952623149688787	0.000015254863736458133	-179.9999861292885
20.137242498623873	0.000014975647759181502	-179.99998601104716
20.32357010936221	0.000014701538617848951	-179.99998588712478
20.511621788255646	0.000014432442676806534	-179.999985757443
20.701413487910415	0.000014168268024005136	-179.99998562191993
20.892961308540386	0.000013908924438987646	-179.99998548047006
21.086281499332888	0.000013654323361480047	-179.9999853330041
21.28139045982711	0.000013404377860574672	-179.99998517942905
21.47830474130533	0.00001315900260449398	-179.99998501964785
21.67704104819694	0.000012918113830923761	-179.99998485355948
21.87761623949552	0.000012681629317904501	-179.9999846810587
22.080047330188993	0.000012449468355270171	-179.99998450203594
22.28435149270303	0.000012221551716623893	-179.99998431637718
22.490546058357804	0.000011997801631839934	-179.99998412396394
22.698648518838212	0.000011778141760081983	-179.99998392467285
22.908676527677724	0.000011562497163327617	-179.9999837183758
23.12064790175594	0.00001135079428038924	-179.99998350493948
23.33458062281002	0.000011142960901421934	-179.99998328422552
23.55049283896009	0.000010938926142908745	-179.9999830560901
23.76840286624876	0.000010738620423114242	-179.9999828203838
23.9883291901949	0.000010541975437997437	-179.99998257695148
24.210290467361776	0.000010348924137575016	-179.999982325632
24.434305526939713	0.00001015940070272636	-179.99998206625807
24.660393372343385	9.973340522431893e-6	-179.9999817986559
24.888573182823905	9.79068017143635e-6	-179.9999815226452
25.118864315095795	9.611357388328805e-6	-179.99998123803866
25.351286304979073	9.435311054031577e-6	-179.99998094464192
25.58585886905645	9.262481170689995e-6	-179.99998064225315
25.82260190634596	9.092808840955544e-6	-179.9999803306628
26.06153549998895	8.92623624765469e-6	-179.9999800096534
26.302679918953814	8.762706633836065e-6	-179.9999796789991
26.54605561975539	8.602164283188822e-6	-179.99997933846544
26.791683248190314	8.444554500824926e-6	-179.999978987809
27.039583641088434	8.289823594418589e-6	-179.99997862677688
27.289777828080403	8.137918855695827e-6	-179.99997825510667
27.542287033381662	7.988788542267648e-6	-179.99997787252568
27.797132677592884	7.842381859800139e-6	-179.99997747875065
28.05433637951713	7.698648944515073e-6	-179.99997707348743
28.31391995799379	7.557540846014783e-6	-179.99997665643036
28.575905433749465	7.419009510424945e-6	-179.99997622726178
28.84031503126606	7.283007763849376e-6	-179.99997578565166
29.10717118066605	7.149489296130749e-6	-179.99997533125688
29.376496519615305	7.0184086449114185e-6	-179.99997486372075
29.648313895243422	6.889721179988645e-6	-179.9999743826724
29.92264636608189	6.763383087958517e-6	-179.99997388772613
30.19951720402016	6.6393513571430935e-6	-179.99997337848075
30.4789498962798	6.5175837627953345e-6	-179.99997285451886
30.76096814740705	6.398038852576446e-6	-179.999972315406
31.045595881283525	6.280675932300516e-6	-179.99997176069013
31.332857243155825	6.165455051941139e-6	-179.99997118990046
31.62277660168376	6.052336991895171e-6	-179.99997060254688
31.91537855100758	5.941283249498495e-6	-179.99996999811873
32.21068791283432	5.832256025789096e-6	-179.99996937608407
32.50872973854341	5.725218212512523e-6	-179.99996873588844
32.80952931131187	5.620133379365133e-6	-179.99996807695393
33.11311214825908	5.5169657614704545e-6	-179.9999673986778
33.41950400261139	5.415680247084204e-6	-179.9999667004314
33.72873086588685	5.316242365523382e-6	-179.99996598155892
34.040818970100055	5.2186182753152e-6	-179.99996524137566
34.35579478998743	5.122774752561389e-6	-179.99996447916692
34.67368504525313	5.028679179513793e-6	-179.9999636941863
34.994516702835696	4.93629953335691e-6	-179.9999628856539
35.318316979195664	4.845604375193415e-6	-179.99996205275468
35.64511334262439	4.7565628392285235e-6	-179.9999611946366
35.9749335155742	4.669144622149229e-6	-179.99996031040848
36.3078054770101	4.58331997269449e-6	-179.99995939913802
36.64375746478329	4.499059681412465e-6	-179.99995845984938
36.98281797802659	4.41633507060102e-6	-179.99995749152083
37.32501577957203	4.335117984427627e-6	-179.99995649308218
37.670379898390856	4.2553807792250395e-6	-179.99995546341196
38.01893963205609	4.177096313958952e-6	-179.9999544013345
38.370724549227845	4.1002379408640474e-6	-179.99995330561686
38.72576449216169	4.02477949624478e-6	-179.99995217496536
39.08408957924017	3.950695291437358e-6	-179.999951008022
39.44573020752781	3.8779601039292855e-6	-179.9999498033607
39.81071705534969	3.8065491686330165e-6	-179.9999485594831
40.17908108489396	3.7364381693101426e-6	-179.9999472748142
40.55085354483835	3.6676032301426513e-6	-179.9999459476975
40.92606597300105	3.6000209074477395e-6	-179.99994457639022
41.304750199016105	3.5336681815327264e-6	-179.9999431590575
41.68693834703351	3.468522448686559e-6	-179.99994169376666
42.07266283844438	3.4045615133044046e-6	-179.99994017848104
42.46195639463126	3.34176358014187e-6	-179.99993861105312
42.85485203974392	3.2801072466952772e-6	-179.99993698921716
43.251383103500835	3.2195714957044427e-6	-179.99993531058138
43.65158322401656	3.1601356877743914e-6	-179.9999335726195
44.0554863506553	3.1017795541123257e-6	-179.9999317726616
44.46312674691084	3.044483189376192e-6	-179.99992990788405
44.87453899331318	2.988227044631006e-6	-179.99992797529907
45.28975799036204	2.9329919204091652e-6	-179.99992597174284
45.708818961487474	2.8787589598707225e-6	-179.99992389386318
46.13175745603791	2.8255096420596065e-6	-179.99992173810585
46.55860935229586	2.7732257752515506e-6	-179.9999195006997
46.98941086052151	2.7218894903894195e-6	-179.9999171776407
47.42419852602443	2.6714832346013893e-6	-179.99991476467443
47.8630092322638	2.621989764797282e-6	-179.99991225727717
48.30588020397723	2.57339214133808e-6	-179.99990965063492
48.7528490103386	2.525673721773467e-6	-179.9999069396211
49.20395356814506	2.4788181546418683e-6	-179.99990411877167
49.65923214503358	2.432809373327186e-6	-179.99990118225813
50.118723362727195	2.3876315899660508e-6	-179.99989812385815
50.58246620031137	2.3432692893989165e-6	-179.9998949369229
51.0504999975406	2.2997072231579867e-6	-179.99989161434183
51.52286445817562	2.2569304034842252e-6	-179.99988814850337
51.99959965335157	2.214924097365252e-6	-179.99988453125212
52.48074602497723	2.1736738205851604e-6	-179.99988075384087
52.966344389165755	2.133165331776374e-6	-179.9998768068803
53.45643593969714	2.0933846264630056e-6	-179.9998726802791
53.95106225151273	2.054317931083898e-6	-179.99986836318158
54.450265284242086	2.0159516969824925e-6	-179.99986384389638
54.95408738576243	1.9782725943492275e-6	-179.9998591098186
55.462571295791044	1.941267506100731e-6	-179.99985414734243
55.97576014951099	1.9049235216781948e-6	-179.9998489417643
56.49369748123023	1.869227930745395e-6	-179.99984347717492
57.01642722807472	1.8341682167644234e-6	-179.9998377363385
57.543993733715666	1.7997320504245531e-6	-179.99983170055788
58.07644175213118	1.7659072828966084e-6	-179.99982534952323
58.61381645140285	1.7326819388815723e-6	-179.99981866114217
59.15616341754737	1.7000442094181198e-6	-179.9998116113486
59.70352865838366	1.6679824444089333e-6	-179.99980417388724
60.255958607435744	1.6364851448201217e-6	-179.99979632007037
60.81350012787176	1.6055409545015492e-6	-179.9997880185019
61.37620051647939	1.5751386515683454e-6	-179.999779234765
61.94410750767812	1.5452671392749329e-6	-179.999769931066
62.51726927756855	1.5159154363025158e-6	-179.9997600658293
63.0957344480193	1.4870726663686494e-6	-179.99974959323336
63.67955209079155	1.4587280470529784e-6	-179.99973846267977
64.26877173170195	1.4308708777159877e-6	-179.99972661818273
64.86344335482381	1.4034905263671116e-6	-179.99971399766557
65.46361740672747	1.3765764153140665e-6	-179.99970053214784
66.06934480075958	1.350118005395959e-6	-179.99968614480278
66.68067692136219	1.3241047785674777e-6	-179.99967074986125
67.29766562843174	1.2985262185589358e-6	-179.99965425133266
67.92036326171844	1.2733717892854169e-6	-179.99963654150716
68.54882264526613	1.2486309106155754e-6	-179.99961749919558
69.18309709189363	1.2242929310339941e-6	-179.99959698765272
69.82324040771712	1.2003470966369899e-6	-179.99957485211738
70.46930689671467	1.1767825157856829e-6	-179.9995509168867
71.12135136533288	1.153588118596338e-6	-179.9995249818199
71.77942912713615	1.1307526102687086e-6	-179.999496818142
72.44359600749898	1.1082644170284523e-6	-179.99946616338178
73.11390834834172	1.0861116231765123e-6	-179.9994327152333
73.79042301291008	1.0642818973791955e-6	-179.99939612407235
74.47319739059888	1.0427624058742099e-6	-179.99935598377832
75.16228940182053	1.0215397096786373e-6	-179.9993118204099
75.85775750291836	1.0005996421219717e-6	-179.9992630781394
76.55966069112561	9.79927162032069e-7	-179.99920910166108
77.26805850957021	9.595061765928827e-7	-179.9991491140249
77.98301105232578	9.393193261561965e-7	-179.99908218848262
78.70457896950977	9.193477209641722e-7	-179.9990072124238
79.43282347242805	8.99570616595029e-7	-179.9989228407537
80.16780633876782	8.799650106466882e-7	-179.99882743502377
80.90958991783813	8.605051372334773e-7	-179.99871898311005
81.65823713585914	8.411618275602967e-7	-179.9985949919894
82.41381150130013	8.219016930570304e-7	-179.99845234279144
83.176377110267	8.026860706141102e-7	-179.9982870921427
83.94599865193965	7.834696447184459e-7	-179.99809419576758
84.72274141405954	7.641986245422824e-7	-179.99786711748146
85.50667128846823	7.448082984449628e-7	-179.9975972657827
86.29785477669692	7.25219702520997e-7	-179.99727316521793
87.09635899560797	7.053350043222947e-7	-179.99687920932465
87.90225168308834	6.850309835513428e-7	-179.99639373449224
88.71560120379598	6.641496264953941e-7	-179.99578595561235
89.53647655495928	6.424842241449275e-7	-179.99501092209653
90.36494737223005	6.197582486198409e-7	-179.99400087980814
91.20108393559087	5.955922156293084e-7	-179.99264976986024
92.04495717531702	5.694497256616651e-7	-179.9907838061498
92.89663867799354	5.405456345728934e-7	-179.98810165571982
93.75620069258792	5.076812355808142e-7	-179.98404182944344
94.6237161365792	4.68928433959329e-7	-179.9774535961969
95.4992586021435	4.2097241053309453e-7	-179.9656434514959
96.38290236239695	3.5758722835094266e-7	-179.94089597592264
97.2747223776964	2.6553415185921576e-7	-179.87158382158103
98.17479430199833	1.108070405072395e-7	-179.41418033273334
99.08319448927665	2.2847301381621427e-7	-0.7555601233709337
99.9999999999999	1.762387935647493e-6	-0.7661792511853124