0.01000000000000001	0.3927952044831795	-0.006438247396055116
0.010092528860766855	0.3927994815388676	-0.006438317940035876
0.01018591388054118	0.3928038382120538	-0.006438389805945009
0.010280162981264745	0.3928082759867437	-0.006438463018767638
0.010375284158180138	0.39281279637467	-0.0064385376039691605
0.010471285480509006	0.3928174009158103	-0.006438613587505613
0.010568175092136596	0.392822091178947	-0.00643869099583373
0.01066596121230259	0.3928268687621586	-0.006438769855919674
0.010764652136298361	0.39283173529342064	-0.00643885019525102
0.010864256236170667	0.39283669243114633	-0.0064389320418458545
0.010964781961431863	0.39284174186474213	-0.006439015424264094
0.011066237839776675	0.3928468853152283	-0.006439100371618518
0.011168632477805623	0.39285212453580315	-0.006439186913585826
0.011271974561755117	0.3928574613124566	-0.006439275080417434
0.011376272858234322	0.39286289746460085	-0.006439364902952539
0.01148153621496884	0.3928684348456724	-0.00643945641262861
0.011587773561551273	0.3928740753437932	-0.006439549641494408
0.011694993910198724	0.3928798208824231	-0.006439644622222498
0.01180320635651731	0.3928856734210248	-0.006439741388121777
0.011912420080273762	0.3928916349557281	-0.006439839973150338
0.012022644346174144	0.3928977075200357	-0.00643994041192908
0.012133888504649786	0.3929038931855267	-0.006440042739755677
0.012246161992650502	0.3929101940625684	-0.006440146992617888
0.01235947433444512	0.3929166123010515	-0.006440253207208311
0.012473835142429446	0.3929231500911372	-0.006440361420938696
0.012589254117941687	0.3929298096640145	-0.006440471671955454
0.012705741052085433	0.3929365932926651	-0.006440583999154116
0.012823305826560232	0.39294350329268685	-0.0064406984421960245
0.01294195841449987	0.39295054202304175	-0.006440815041523269
0.013061708881318424	0.39295771188694295	-0.00644093383837612
0.013182567385564082	0.392965015332621	-0.006441054874809274
0.01330454417978092	0.39297245485424165	-0.006441178193709342
0.013427649611378649	0.3929800329927221	-0.006441303838812177
0.01355189412351037	0.3929877523366448	-0.006441431854721262
0.013677288255958502	0.3929956155231439	-0.006441562286925979
0.013803842646028859	0.39300362523884086	-0.006441695181820952
0.013931568029453043	0.39301178422075966	-0.006441830586724889
0.01406047524129915	0.39302009525730514	-0.006441968549901019
0.014190575216890933	0.3930285611892085	-0.006442109120577192
0.014321878992735446	0.3930371849105556	-0.006442252348966853
0.014454397707459286	0.393045969369757	-0.006442398286291045
0.014588142602753497	0.3930549175706115	-0.006442546984799302
0.014723125024327202	0.39306403257334654	-0.006442698497793075
0.014859356422870082	0.3930733174956803	-0.00644285287964923
0.014996848355023748	0.39308277551391324	-0.006443010185842093
0.015135612484362095	0.3930924098640779	-0.0064431704729699954
0.015275660582380739	0.39310222384302085	-0.006443333798779146
0.015417004529495607	0.3931122208095733	-0.00644350022218883
0.015559656316050758	0.39312240418575845	-0.006443669803319192
0.01570362804333554	0.39313277745796765	-0.006443842603517043
0.015848931924611148	0.39314334417819746	-0.006444018685384698
0.015995580286146702	0.3931541079652751	-0.006444198112807595
0.016143585568264878	0.3931650725061707	-0.0064443809509844305
0.016292960326397238	0.3931762415572636	-0.006444567266457309
0.01644371723214933	0.3931876189456869	-0.006444757127142397
0.016595869074375623	0.39319920857065255	-0.0064449506023622205
0.01674942876026439	0.3932110144048535	-0.006445147762878249
0.016904409316432657	0.3932230404958673	-0.006445348680925262
0.017060823890031253	0.39323529096754656	-0.006445553430245258
0.017218685749860088	0.3932477700215266	-0.0064457620861242656
0.017378008287493772	0.39326048193867996	-0.00644597472542837
0.01753880501841763	0.3932734310806528	-0.006446191426642275
0.01770108958317423	0.3932866218914052	-0.006446412269908474
0.017864875748520526	0.3933000588987573	-0.006446637337066946
0.018030177408595707	0.393313746716059	-0.006446866711697672
0.018197008586099853	0.3933276900437807	-0.006447100479162717
0.018365383433483484	0.3933418936712017	-0.006447338726651122
0.018535316234148135	0.3933563624781005	-0.00644758154322421
0.018706821403658026	0.39337110143651216	-0.006447829019862476
0.018879913490962956	0.3933861156124972	-0.006448081249514931
0.019054607179632494	0.39340141016793984	-0.006448338327148969
0.019230917289101597	0.3934169903623993	-0.006448600349801935
0.019408858775927792	0.3934328615549923	-0.006448867416635759
0.01958844673505991	0.3934490292063087	-0.006449139628991644
0.01976969640111862	0.3934654988803663	-0.006449417090447934
0.01995262314968881	0.39348227624659	-0.006449699906879096
0.020137242498623895	0.3934993670818943	-0.006449988186517995
0.02032357010936223	0.3935167772726994	-0.006450282040018554
0.020511621788255666	0.3935345128171037	-0.0064505815805230874
0.020701413487910436	0.3935525798269927	-0.006450886923729267
0.02089296130854041	0.3935709845302845	-0.006451198187962507
0.02108628149933291	0.39358973327314023	-0.006451515494248227
0.021281390459827135	0.393608832522298	-0.0064518389663894135
0.021478304741305354	0.39362828886738516	-0.006452168731044986
0.02167704104819696	0.39364810902329117	-0.006452504917813081
0.02187761623949554	0.39366829983264257	-0.006452847659315813
0.022080047330189013	0.3936888682682453	-0.006453197091289233
0.022284351492703053	0.3937098214356497	-0.0064535533526749135
0.022490546058357826	0.39373116657571994	-0.0064539165857175765
0.022698648518838235	0.3937529110672825	-0.006454286936064708
0.022908676527677748	0.39377506242978244	-0.0064546645528711375
0.023120647901755963	0.3937976283261086	-0.006455049588908972
0.023334580622810044	0.39382061656529604	-0.006455442200680333
0.023550492838960112	0.3938440351054625	-0.006455842548536855
0.023768402866248782	0.3938678920567042	-0.0064562507968034125
0.02398832919019492	0.39389219568405553	-0.00645666711390783
0.0242102904673618	0.3939169544105632	-0.006457091672516019
0.02443430552693974	0.39394217682034127	-0.006457524649674071
0.024660393372343412	0.3939678716618126	-0.006457966226956474
0.02488857318282393	0.3939940478508548	-0.006458416590621199
0.025118864315095822	0.39402071447415926	-0.006458875931772983
0.025351286304979098	0.39404788079256503	-0.0064593444465332415
0.02558585886905648	0.39407555624453633	-0.006459822336220631
0.025822601906345985	0.3941037504496224	-0.0064603098075373365
0.026061535499988978	0.3941324732120699	-0.006460807072768142
0.026302679918953843	0.39416173452447606	-0.006461314349987484
0.026546055619755416	0.39419154457152655	-0.006461831863278707
0.026791683248190343	0.3942219137337939	-0.006462359842963118
0.027039583641088463	0.39425285259162907	-0.006462898525843896
0.027289777828080432	0.39428437192916493	-0.006463448155460855
0.02754228703338169	0.3943164827383421	-0.006464008982360434
0.02779713267759291	0.39434919622307	-0.006464581264380789
0.02805433637951716	0.3943825238034627	-0.006465165266952322
0.028313919957993816	0.3944164771201295	-0.006465761263416317
0.028575905433749497	0.3944510680386439	-0.006466369535361466
0.028840315031266085	0.39448630865401574	-0.006466990372980927
0.02910717118066608	0.3945222112952942	-0.006467624075449688
0.029376496519615335	0.39455878853027915	-0.006468270951325847
0.029648313895243455	0.39459605317036106	-0.006468931318976541
0.02992264636608192	0.3946340182753651	-0.006469605507029431
0.030199517204020192	0.3946726971586122	-0.006470293854853794
0.03047894989627986	0.3947121033920419	-0.006470996713071761
0.03076096814740711	0.3947522508114286	-0.006471714444103498
0.031045595881283587	0.3947931535217502	-0.0064724474227473685
0.03133285724315589	0.3948348259026356	-0.006473196036799674
0.031622776601683826	0.39487728261397237	-0.006473960687715605
0.03191537855100765	0.39492053860159987	-0.006474741791316119
0.03221068791283438	0.39496460910315223	-0.006475539778543546
0.03250872973854347	0.39500950965401205	-0.006476355096270975
0.03280952931131194	0.3950552560934469	-0.0064771882081694765
0.03311311214825915	0.39510186457077595	-0.0064780395956362405
0.03341950400261146	0.395149351551791	-0.006478909758794207
0.03372873086588692	0.39519773382525564	-0.0064797992175632734
0.034040818970100126	0.3952470285095548	-0.006480708512813586
0.0343557947899875	0.39529725305952856	-0.006481638207606808
0.0346736850452532	0.39534842527341274	-0.006482588888533052
0.034994516702835765	0.39540056329996526	-0.006483561167153571
0.035318316979195734	0.3954536856457598	-0.0064845556815579025
0.03564511334262446	0.39550781118262496	-0.006485573098046326
0.03597493351557427	0.39556295915527884	-0.006486614112950857
0.03630780547701017	0.39561914918910107	-0.006487679454606346
0.03664375746478335	0.3956764012981179	-0.006488769885486828
0.03698281797802665	0.39573473589318625	-0.0064898862045262955
0.037325015779572084	0.3957941737903084	-0.00649102924963648
0.037670379898390914	0.3958547362192058	-0.006492199900447686
0.038018939632056145	0.39591644483201577	-0.006493399081291619
0.0383707245492279	0.39597932171233036	-0.006494627764453688
0.038725764492161745	0.3960433893842735	-0.006495886973720747
0.03908408957924023	0.39610867082191514	-0.006497177788258242
0.03944573020752787	0.39617518945889046	-0.006498501346851057
0.039810717055349755	0.3962429691982108	-0.006499858852547098
0.04017908108489402	0.3963120344223437	-0.006501251577750519
0.040550853544838415	0.39638241000353314	-0.0065026808698116605
0.040926065973001115	0.39645412131436925	-0.006504148157174707
0.041304750199016166	0.3965271942386109	-0.006505654956142394
0.04168693834703357	0.39660165518225415	-0.006507202878332715
0.04207266283844444	0.3966775310849422	-0.006508793638911502
0.04246195639463132	0.3967548494315677	-0.006510429065688356
0.042854852039743985	0.3968336382642708	-0.006512111109187082
0.04325138310350091	0.39691392619464244	-0.006513841853807952
0.04365158322401663	0.3969957424162593	-0.006515623530218527
0.044055486350655364	0.39707911671762797	-0.006517458529132659
0.04446312674691091	0.3971640794953292	-0.006519349416651962
0.04487453899331325	0.3972506617675762	-0.006521298951379405
0.04528975799036211	0.3973388951881706	-0.00652331010353925
0.04570881896148754	0.3974288120607146	-0.00652538607637475
0.04613175745603798	0.39752044535328	-0.006527530330135588
0.04655860935229591	0.39761382871348877	-0.006529746609020625
0.04698941086052156	0.39770899648393915	-0.006532038971491527
0.04742419852602448	0.3978059837180746	-0.0065344118244458765
0.04786300923226385	0.39790482619654866	-0.006536869961816857
0.04830588020397728	0.3980055604439905	-0.006539418608259934
0.04875284901033865	0.39810822374626403	-0.006542063468699577
0.04920395356814511	0.398212854168238	-0.0065448107846425
0.04965923214503363	0.39831949057206045	-0.006547667398324955
0.05011872336272725	0.3984281726360317	-0.006550640825948704
0.05058246620031143	0.398538940873946	-0.006553739341490605
0.051050499997540646	0.3986518366551594	-0.006556972072851176
0.05152286445817567	0.39876690222521666	-0.006560349112432211
0.05199959965335162	0.3988841807271096	-0.006563881644645803
0.052480746024977286	0.39900371622339553	-0.006567582093346843
0.05296634438916581	0.3991255537188354	-0.006571464292779611
0.05345643593969719	0.3992497391840608	-0.006575543686371423
0.05395106225151279	0.39937631957992414	-0.006579837558610657
0.05445026528424214	0.39950534288280276	-0.006584365306367441
0.05495408738576248	0.39963685811092303	-0.006589148757412195
0.0554625712957911	0.3997709153516824	-0.006594212545615205
0.05597576014951104	0.3999075657900674	-0.006599584554488424
0.05649369748123028	0.4000468617384424	-0.006605296443464016
0.05701642722807478	0.4001888566675093	-0.006611384274750587
0.05754399373371572	0.4003336052388695	-0.006617889263006571
0.05807644175213124	0.40048116333914685	-0.006624858675664969
0.05861381645140291	0.4006315881158802	-0.0066323469189386985
0.05915616341754743	0.400784938015473	-0.0066404168538272594
0.05970352865838372	0.40094127282328607	-0.006649141398492748
0.06025595860743581	0.4011006537062428	-0.006658605489136198
0.060813500127871824	0.40126314325817486	-0.0066689084921935935
0.061376200516479455	0.40142880554834337	-0.006680167188061331
0.06194410750767818	0.40159770617339874	-0.006692519483004191
0.06251726927756862	0.4017699123132738	-0.006706129054751145
0.06309573444801936	0.40194549279146424	-0.006721191203203161
0.06367955209079162	0.40212451814011735	-0.006737940267210231
0.064268771731702	0.402307060670303	-0.006756659090856406
0.06486344335482389	0.40249319454775806	-0.006777691191307659
0.06546361740672754	0.4026829958739035	-0.006801456513903852
0.06606934480075964	0.4028765427714354	-0.006828471985692404
0.06668067692136226	0.40307391547242644	-0.0068593785342503984
0.06729766562843183	0.4032751964046925	-0.006894976878309132
0.0679203632617185	0.40348047026808226	-0.006936275294825736
0.0685488226452662	0.4036898240856578	-0.006984553822664794
0.0691830970918937	0.40390334720170445	-0.007041451096999307
0.06982324040771719	0.4041211311774215	-0.007109082341304822
0.07046930689671474	0.40434326949576094	-0.007190200015149829
0.07112135136533296	0.404569856919071	-0.007288411956836115
0.07177942912713622	0.40480098822238714	-0.0074084743945120055
0.07244359600749906	0.4050367558142648	-0.007556675354998735
0.0731139083483418	0.40527724539701193	-0.007741308242277704
0.07379042301291015	0.4055225282355209	-0.007973182104415662
0.07447319739059896	0.4057726477750358	-0.00826597004111836
0.07516228940182061	0.40602759756618895	-0.008635847866139622
0.07585775750291844	0.4062872881572021	-0.009099136701524896
0.07655966069112569	0.40655150736759904	-0.009665423463331482
0.07726805850957029	0.4068199011299956	-0.010322651594224432
0.07798301105232593	0.40709204865991744	-0.01101373051290727
0.07870457896950993	0.40736773452505104	-0.011618885963061036
0.07943282347242822	0.4076473748361064	-0.011980336580295
0.08016780633876798	0.4079321814470083	-0.011988809170831321
0.0809095899178383	0.40822364808085176	-0.011663543571344042
0.0816582371358593	0.4085227704515151	-0.011131129993438299
0.0824138115013003	0.40882979212013065	-0.010533774641634316
0.08317637711026717	0.40914449819179766	-0.009966944356162778
0.08394599865193982	0.40946657352697596	-0.009473417082765645
0.08472274141405972	0.40979578376966086	-0.009062171795597797
0.08550667128846841	0.41013201350519607	-0.008726456581492185
0.0862978547766971	0.41047524662626983	-0.008454434055149822
0.08709635899560814	0.41082553655270143	-0.008234070637222675
0.08790225168308852	0.4111829821210556	-0.008054910039658072
0.08871560120379617	0.41154771128845896	-0.007908446727597478
0.08953647655495947	0.41191987094711685	-0.0077879662155640635
0.09036494737223023	0.4122996208036157	-0.007688234294340647
0.09120108393559107	0.41268712978668143	-0.007605184585027942
0.09204495717531722	0.41308257398233333	-0.007535652681342345
0.09289663867799372	0.4134861354807801	-0.0074771649124584045
0.09375620069258811	0.4138980017663104	-0.007427775756166073
0.09462371613657934	0.41431836543142286	-0.007385944497084462
0.09549925860214364	0.41474742408563503	-0.007350442151525822
0.0963829023623971	0.4151853803820813	-0.007320281238492113
0.09727472237769656	0.41563244211633255	-0.0072946626320209715
0.09817479430199849	0.41608882237012046	-0.007272935148195943
0.09908319448927681	0.41655473968391604	-0.00725456463622203
0.10000000000000005	0.4170304182487223	-0.007239110186750855
0.10092528860766849	0.4175160881114786	-0.007226205695927981
0.10185913880541175	0.41801198539102846	-0.007215545482633753
0.10280162981264741	0.41851835250295566	-0.007206872992171121
0.10375284158180131	0.4190354383924209	-0.0071999718653725
0.10471285480509002	0.41956349877501253	-0.00719465883235943
0.1056817509213659	0.42010279638551207	-0.007190778022956439
0.10665961212302584	0.42065360123511136	-0.007188196384034195
0.10764652136298355	0.42121619087748796	-0.00718679996719212
0.10864256236170661	0.4217908506843094	-0.007186490904923905
0.10964781961431856	0.4223778741308035	-0.0071871849346353605
0.1106623783977667	0.4229775630921322	-0.007188809361100066
0.11168632477805618	0.423590228151121	-0.007191301371731405
0.1127197456175511	0.4242161889182383	-0.007194606637289396
0.11376272858234315	0.42485577436452776	-0.007198678144696294
0.11481536214968835	0.4255093231682024	-0.007203475219543096
0.11587773561551268	0.4261771840758925	-0.0072089627043645035
0.11694993910198717	0.4268597162792859	-0.007215110265426701
0.11803206356517304	0.4275572898080553	-0.0072218918060200695
0.11912420080273756	0.428270285940161	-0.0072292849684093205
0.12022644346174137	0.4289990976302455	-0.007237270709898491
0.1213388850464978	0.4297441299575263	-0.007245832941124106
0.12246161992650495	0.4305058005939649	-0.007254958216802915
0.12359474334445113	0.4312845402940473	-0.00726463547088711
0.12473835142429439	0.43208079340739625	-0.007274855789466165
0.1258925411794168	0.4328950184154054	-0.007285612215885379
0.12705741052085426	0.43372768849349286	-0.0072968995834792735
0.12823305826560225	0.4345792921001652	-0.007308714372075491
0.1294195841449987	0.435450333594752	-0.007321054585052483
0.13061708881318423	0.4363413338851782	-0.007333919644247491
0.1318256738556408	0.43725283110779545	-0.007347310300450885
0.13304544179780922	0.4381853813410149	-0.0073612285575689156
0.13427649611378642	0.43913955935474913	-0.007375677608849802
0.13551894123510363	0.44011595939788867	-0.007390661783812492
0.13677288255958495	0.44111519602606813	-0.00740618650473496
0.13803842646028852	0.4421379049720991	-0.007422258251739142
0.13931568029453034	0.44318474406181263	-0.007438884535664284
0.14060475241299142	0.4442563941780398	-0.007456073878055192
0.14190575216890927	0.44535356027567374	-0.007473835797701362
0.1432187899273544	0.4464769724512196	-0.007492180803272273
0.1445439770745928	0.4476273870699994	-0.00751112039166956
0.1458814260275349	0.4488055879549651	-0.007530667051803916
0.14723125024327194	0.45001238764096224	-0.007550834273570728
0.14859356422870074	0.4512486286987013	-0.007571636561857353
0.1499684835502374	0.45251518513301237	-0.0075930894554758835
0.15135612484362088	0.45381296386044667	-0.0076152095509698925
0.15275660582380732	0.4551429062713193	-0.007638014531284694
0.154170045294956	0.45650598988209196	-0.0076615231993505785
0.1555965631605075	0.4579032300841152	-0.0076857555166615285
0.15703628043335532	0.45933568199551084	-0.007710732646988568
0.15848931924611143	0.46080444242324675	-0.007736477005404132
0.15995580286146696	0.46231065194321735	-0.007763012312843824
0.1614358556826487	0.4638554971068	-0.007790363656479543
0.1629296032639723	0.4654402127826725	-0.007818557556223507
0.16443717232149324	0.4670660846440774	-0.007847622037741227
0.16595869074375613	0.46873445181188966	-0.007877586712399727
0.16749428760264382	0.4704467096652379	-0.007908482864645404
0.1690440931643265	0.47220431283195546	-0.0079403435473585
0.17060823890031243	0.4740087783728235	-0.007973203685818709
0.17218685749860077	0.4758616891740671	-0.00800710019097462
0.17378008287493762	0.4777646975644398	-0.008042072082810707
0.1753880501841762	0.479719529174398	-0.008078160624691086
0.1770108958317422	0.4817279870564874	-0.008115409469666827
0.17864875748520517	0.48379195608773906	-0.008153864819847974
0.180301774085957	0.4859134076772668	-0.008193575600079423
0.18197008586099844	0.48809440480341054	-0.008234593647291174
0.18365383433483473	0.4903371074084717	-0.008276973917078016
0.18535316234148125	0.4926437781803946	-0.00832077470922721
0.18706821403658017	0.49501678875457866	-0.00836605791413918
0.18879913490962946	0.49745862637186633	-0.008412889282310657
0.19054607179632482	0.4999719010322089	-0.008461338719321884
0.19230917289101596	0.5025593531879833	-0.00851148060907276
0.19408858775927793	0.5052238620247506	-0.008563394168354234
0.19588446735059908	0.5079684543828822	-0.008617163836238654
0.1976969640111862	0.5107963143784184	-0.00867287970221573
0.19952623149688808	0.5137107937883488	-0.008730637977518333
0.20137242498623895	0.5167154232718896	-0.00879054151466277
0.2032357010936223	0.5198139245077867	-0.008852700380910416
0.20511621788255666	0.5230102233358147	-0.008917232492118194
0.20701413487910436	0.5263084640012504	-0.008984264314352971
0.2089296130854041	0.5297130246117961	-0.009053931641660006
0.2108628149933291	0.5332285339291568	-0.009126380459571606
0.21281390459827135	0.5368598896321581	-0.009201767905323848
0.21478304741305343	0.540612278203994	-0.00928026333734213
0.21677041048196952	0.544491196615067	-0.009362049528428765
0.2187761623949553	0.5485024759935614	-0.009447323999250443
0.22080047330189004	0.5526523075000224	-0.009536300511271335
0.22284351492703042	0.5569472706495346	-0.009629210741249441
0.22490546058357816	0.5613943643561113	-0.009726306162909799
0.22698648518838224	0.5660010410102095	-0.009827860165525672
0.22908676527677735	0.5707752439410888	-0.009934170443993862
0.23120647901755953	0.5757254486637744	-0.010045561700742027
0.23334580622810033	0.5808607083645145	-0.010162388706620581
0.23550492838960102	0.5861907041430119	-0.01028503977605221
0.23768402866248772	0.5917258006026624	-0.010413940721393719
0.2398832919019491	0.5974771074660624	-0.01054955936304389
0.2421029046736179	0.6034565479930452	-0.01069241068575197
0.24434305526939726	0.6096769350952165	-0.010843062748314002
0.246603933723434	0.6161520561781356	-0.011002143474077204
0.24888573182823917	0.6228967679035364	-0.011170348474188966
0.25118864315095807	0.6299271022538684	-0.011348450085333464
0.2535128630497908	0.6372603855069159	-0.011537307840096002
0.25585858869056466	0.6449153719950439	-0.011737880632669121
0.2582260190634597	0.6529123948417866	-0.011951240897430285
0.26061535499988964	0.6612735362494315	-0.01217859118561823
0.2630267991895383	0.6700228203669637	-0.012421283609239284
0.26546055619755404	0.6791864323181621	-0.01268084272583766
0.2679168324819033	0.6887929676337616	-0.012958992568444558
0.2703958364108845	0.6988737171392787	-0.013257688689257034
0.2728977782808042	0.7094629933342717	-0.01357915629296393
0.27542287033381674	0.7205985055044735	-0.013925935798818137
0.277971326775929	0.7323217922937678	-0.014300937506358581
0.2805433637951715	0.7446787222984703	-0.01470750747047949
0.28313919957993805	0.7577200755312373	-0.015149507247474391
0.2857590543374948	0.7715022214584286	-0.015631410895432428
0.2884031503126607	0.7860879129074022	-0.016158423555361023
0.29107171180666064	0.8015472196873407	-0.016736627179793528
0.2937649651961532	0.8179586315592262	-0.017373160618669375
0.2964831389524344	0.8354103676191017	-0.01807644346489318
0.29922646366081906	0.8540019387529556	-0.018856456010879073
0.30199517204020176	0.8738460223140899	-0.019725091666496466
0.30478949896279844	0.8950707245650544	-0.02069660365957004
0.307609681474071	0.9178223281281731	-0.02178817539386753
0.3104559588128357	0.9422686506833796	-0.023020654372529783
0.3133285724315587	0.968603180277238	-0.0244195044370017
0.3162277660168381	0.9970502059658382	-0.02601605222072106
0.31915378551007634	1.0278712361128104	-0.027849134215775055
0.3221068791283436	1.0613730994388442	-0.0299672954005305
0.32508729738543457	1.097918269341986	-0.032431756353344776
0.3280952931131192	1.137938160750522	-0.035320464951738226
0.3311311214825913	1.1819504531206866	-0.03873370025072485
0.33419504002611444	1.2305819445433952	-0.04280193163338987
0.3372873086588691	1.2845991238958874	-0.047697009474856236
0.34040818970100106	1.3449496997756056	-0.05364836736591153
0.34355794789987465	1.412819984461553	-0.060966916103501995
0.34673685045253166	1.4897157167828177	-0.07008101147138407
0.3499451670283573	1.5775783812375663	-0.08159187669463348
0.353183169791957	1.678956810328908	-0.09636162710706009
0.35645113342624424	1.79725429290361	-0.1159312005215219
0.3597493351557423	1.9371985846413373	-0.14136038743981405
0.36307805477010135	2.105383702036272	-0.17646489020698222
0.36643757464783333	2.3115176493446086	-0.2257399520839541
0.3698281797802663	2.5703951123390665	-0.29725892746729327
0.3732501577957206	2.9058124628851205	-0.4054129254390923
0.37670379898390893	3.3587416097972285	-0.5776892738715597
0.38018939632056126	4.006462713734901	-0.8715765930907553
0.38370724549227886	5.014781503374411	-1.4234888450958723
0.3872576449216173	6.816977912217855	-2.6255317189886047
0.3908408957924021	11.01398506726764	-6.060862261924402
0.39445730207527846	30.69299152658229	-26.710868467781822
0.3981071705534973	21.357737245281836	-148.18268131005217
0.40179081084894	7.644194521229387	-158.29137605154546
0.40550853544838394	4.0134263881328085	-151.28790306503566
0.40926065973001097	2.6501938645221585	-122.87550749933122
0.41304750199016144	4.217737042031211	-88.17391997575083
0.4168693834703355	9.448526429439601	-123.17573118901488
0.4207266283844442	6.281426552003587	-164.9127379929907
0.424619563946313	4.199708858148336	-174.3134467384741
0.4285485203974396	3.1948212891492678	-177.22451850273032
0.43251383103500884	2.598199006971927	-178.43667873243226
0.4365158322401661	2.195573832349556	-179.04065786171142
0.44055486350655343	1.901428439554625	-179.38057598185
0.4446312674691088	1.6747683016445818	-179.59038120943765
0.4487453899331323	1.4931650040427347	-179.73030407681915
0.4528975799036209	1.3429926313758846	-179.83028275059365
0.4570881896148752	1.2150282601079203	-179.90539609222472
0.46131757456037953	1.1017987052607914	-179.95808289734612
0.4655860935229591	0.9940864679234421	-179.94964748843404
0.4698941086052156	0.8654619580700519	-179.34667238421378
0.4742419852602448	0.8412253888946458	-144.4530435835389
0.47863009232263853	0.9559165112416599	-177.5923199774779
0.48305880203977286	0.8450325501285684	-179.06870686482043
0.4875284901033865	0.776762810794138	-179.42648643213406
0.4920395356814511	0.7227802292438131	-179.5790971647502
0.49659232145033627	0.6766771625348406	-179.66200305614433
0.5011872336272725	0.635987442642972	-179.71322371017683
0.5058246620031143	0.5994387765513964	-179.74727599551488
0.5105049999754064	0.5662454034988129	-179.7708192228862
0.5152286445817567	0.5358635293214908	-179.78729052440193
0.5199959965335162	0.5078881252989096	-179.79859832968077
0.5248074602497729	0.48200243923086095	-179.80583512575942
0.5296634438916581	0.4579502855967899	-179.80960689063832
0.5345643593969719	0.43551939073425466	-179.81019206612598
0.5395106225151278	0.4145306388784411	-179.8076146940138
0.5445026528424215	0.39483073425004656	-179.801667604434
0.5495408738576248	0.37628699295264284	-179.79190112897552
0.5546257129579107	0.35878356976383335	-179.77758450789452
0.5597576014951101	0.34221874768872296	-179.75764713733764
0.5649369748123025	0.32650310933745735	-179.73061866326412
0.5701642722807475	0.3115584948779805	-179.69462276067827
0.5754399373371569	0.29731752186451493	-179.64755935187003
0.580764417521312	0.2837227437767773	-179.58773446617602
0.5861381645140288	0.2707227085995643	-179.51521661730638
0.591561634175474	0.25825982695857225	-179.4335468025343
0.5970352865838369	0.2462474194683912	-179.349426811151
0.6025595860743578	0.23454766713295835	-179.26649457802804
0.6081350012787179	0.22297031322261845	-179.17313864807056
0.6137620051647943	0.21127515223116305	-179.0272437206504
0.6194410750767815	0.19911350977032505	-178.71676211407802
0.6251726927756859	0.18590351342144187	-177.84865772100497
0.6309573444801934	0.17338868804382793	-174.41095686047564
0.6367955209079159	0.18271815647622766	-173.49131576258546
0.6426877173170198	0.17189337190224238	-175.83904772199185
0.6486344335482385	0.1504226755726062	-179.3926256909428
0.654636174067275	0.07868217778449062	-179.27103603142956
0.6606934480075961	0.23149584313227506	-178.612163485569
0.6668067692136223	0.17148364673412092	-179.63281444514374
0.6729766562843178	0.15177984178196674	-179.8092901992613
0.6792036326171846	0.13827852626164444	-179.87432487486
0.6854882264526617	0.12688774145078285	-179.90292039800502
0.6918309709189366	0.11641126347282298	-179.91473555523942
0.6982324040771715	0.10633372485667592	-179.91691985249523
0.7046930689671471	0.09636343126660399	-179.91227949130177
0.7112135136533292	0.08629204042978718	-179.90143784896435
0.7177942912713619	0.07593783660742275	-179.8832843278485
0.7244359600749902	0.06511540813127642	-179.85439845957688
0.7311390834834176	0.0536130193902743	-179.8067015878354
0.7379042301291011	0.04116914181665179	-179.719308196112
0.7447319739059892	0.027441731832764063	-179.52089434457534
0.7516228940182057	0.011962824904226076	-178.72205827958334
0.758577575029184	0.005954804353222578	-3.0607740041743368
0.7655966069112565	0.027288688531811513	-0.8192042611709957
0.7726805850957026	0.05365512648801347	-0.5299738805735501
0.7798301105232589	0.08773711385244667	-0.431813668087354
0.7870457896950989	0.13445958259023869	-0.3997409622818627
0.7943282347242817	0.20394152530254164	-0.40960683755707
0.8016780633876793	0.3208162041061584	-0.4684722280656775
0.8090958991783825	0.5648484170493739	-0.6317121398099507
0.8165823713585927	1.421231376243738	-1.2656386780694224
0.8241381150130026	5.706181586985603	-175.8267058238334
0.8317637711026713	1.0865384269111837	-179.3325197884839
0.8394599865193977	0.6372375196860959	-179.66431777517184
0.8472274141405968	0.46595781184038676	-179.7859998487149
0.8550667128846836	0.3748118792567306	-179.84778769337066
0.8629785477669706	0.3177314555158608	-179.8845064878684
0.870963589956081	0.27830276353715994	-179.90848191026018
0.8790225168308847	0.2492121068898933	-179.9251566491007
0.8871560120379608	0.2267063028985762	-179.93729256585218
0.8953647655495938	0.2086605405841342	-179.94643276148855
0.9036494737223014	0.19378127703934112	-179.95350267712223
0.9120108393559097	0.1812356324643009	-179.95908832394005
0.9204495717531712	0.17046284353984517	-179.96357705577395
0.9289663867799363	0.16107132831326304	-179.9672339168496
0.9375620069258802	0.15277920013253396	-179.97024541938876
0.946237161365793	0.1453782391087924	-179.9727458112564
0.9549925860214359	0.13871119362223314	-179.9748334344946
0.9638290236239705	0.13265699105412043	-179.97658122280427
0.9727472237769651	0.12712081783026016	-179.97804359141017
0.9817479430199844	0.12202729446977009	-179.97926101844482
0.9908319448927676	0.11731567338607767	-179.98026308453814
1.	0.11293639131739046	-179.9810704243947
1.0092528860766845	0.10884854854887617	-179.98169584691652
1.0185913880541169	0.10501803404676682	-179.98214474099157
1.0280162981264735	0.10141610769489998	-179.98241476485242
1.0375284158180127	0.09801830960104316	-179.98249468561497
1.0471285480508996	0.09480360432033769	-179.98236205196045
1.0568175092136585	0.09175369195615629	-179.9819790797148
1.066596121230258	0.08885243229288299	-179.9812855752761
1.076465213629835	0.08608533375746448	-179.98018663105117
1.0864256236170655	0.08343905472443247	-179.97853054253005
1.096478196143185	0.08090084440059075	-179.97606728429008
1.1066237839776665	0.07845779736141797	-179.9723655391199
1.1168632477805611	0.07609566349757654	-179.96663362900094
1.1271974561755105	0.07379660691839354	-179.95729301811588
1.1376272858234309	0.07153428770738252	-179.94082203442846
1.1481536214968828	0.0692611690379792	-179.90801065371977
1.1587773561551262	0.06686844225914992	-179.82821192529983
1.1694993910198712	0.06401994131139138	-179.54862507864667
1.1803206356517297	0.05930949360720188	-177.63405873574368
1.191242008027375	0.07042258755377201	-178.98262315177982
1.2022644346174132	0.06410280477110322	-179.69251137491702
1.2133888504649775	0.06145380318249999	-179.87063851781932
1.224616199265049	0.05942724382781474	-179.92873239929236
1.2359474334445106	0.057652166028058845	-179.95413659503365
1.2473835142429432	0.05601871466379026	-179.96737173059194
1.2589254117941675	0.054482039146892126	-179.97509640299015
1.270574105208542	0.05301981309094362	-179.979972165422
1.2823305826560218	0.05161923973722913	-179.983225551353
1.2941958414499863	0.05027215176726251	-179.98548245947103
1.3061708881318417	0.048972875913772924	-179.98708689366245
1.3182567385564075	0.04771719654427155	-179.9882378241578
1.3304544179780915	0.0465018079583681	-179.989053151241
1.3427649611378643	0.0453240034674117	-179.98960109874093
1.3551894123510364	0.04418148673680256	-179.9899152114309
1.3677288255958495	0.04307224848656911	-179.9899992817514
1.3803842646028852	0.04199447682087448	-179.98982320243294
1.3931568029453034	0.040946478934771394	-179.98930526101594
1.4060475241299142	0.03992658955772301	-179.98826473213109
1.4190575216890926	0.038933019102368495	-179.98629183323303
1.432187899273544	0.03796351157595607	-179.98233340423477
1.4454397707459279	0.037014363047111296	-179.97299270757676
1.4588142602753489	0.03607727706463507	-179.94193726235974
1.4723125024327193	0.035170327090326046	-179.75508139527673
1.4859356422870074	0.0345064418362837	-179.85881593683365
1.499684835502374	0.03360980075920501	-179.97235619432908
1.5135612484362087	0.032762754344901016	-179.9889158939029
1.5275660582380732	0.03194796246686581	-179.9935723754627
1.54170045294956	0.031157499579464818	-179.99538966106533
1.555965631605075	0.030388262494631564	-179.99624354260277
1.5703628043335531	0.02963860185903052	-179.9966955913415
1.584893192461114	0.02890742118861895	-179.99695548353574
1.5995580286146696	0.028193878378765372	-179.99711391862485
1.6143585568264869	0.027497267776066665	-179.99721448537065
1.629296032639723	0.0268169668467283	-179.99727985526968
1.6443717232149324	0.026152409307256135	-179.99732256801312
1.6595869074375613	0.02550307030594628	-179.99734990754058
1.6749428760264382	0.02486845758206026	-179.9973662757511
1.690440931643265	0.024248105809429363	-179.99737441957893
1.7060823890031243	0.023641572743768522	-179.99737609766666
1.7218685749860079	0.023048436448462082	-179.99737245803914
1.7378008287493762	0.022468293197434704	-179.99736425981047
1.753880501841762	0.02190075582251768	-179.9973520073701
1.770108958317422	0.021345452364887427	-179.9973360337633
1.7864875748520517	0.020802024942571096	-179.99731655368592
1.803017740859568	0.020270128776935684	-179.99729369781858
1.8197008586099825	0.019749431339925693	-179.99726753542197
1.8365383433483455	0.019239611595654366	-179.99723808938376
1.8535316234148105	0.018740359317596347	-179.9972053463092
1.8706821403657996	0.018251374467699068	-179.99716926329123
1.8879913490962925	0.017772366627165765	-179.99712977240975
1.9054607179632463	0.01730305447105228	-179.9970867836432
1.9230917289101574	0.016843165280512502	-179.99704018664224
1.9408858775927773	0.016392434487754837	-179.9969898516635
1.958844673505989	0.015950605249675943	-179.99693562986224
1.97696964011186	0.015517428046817938	-179.99687735307288
1.9952623149688788	0.015092660304815242	-179.99681483316238
2.0137242498623875	0.014676066035898438	-179.99674786100613
2.032357010936221	0.014267415498340623	-179.99667620511312
2.0511621788255647	0.013866484871981874	-179.9965996099074
2.0701413487910414	0.013473055948170961	-179.9965177936586
2.0892961308540388	0.013086915832626653	-179.99643044604005
2.108628149933289	0.012707856659854258	-179.9963372252815
2.1281390459827114	0.012335675317862555	-179.99623775487032
2.147830474130533	0.011970173182014024	-179.9961316197422
2.167704104819694	0.011611155856914534	-179.99601836188765
2.1877616239495516	0.011258432925305272	-179.99589747528375
2.208004733018899	0.010911817702965636	-179.9957684000398
2.228435149270303	0.010571126998669807	-179.99563051562276
2.2490546058357803	0.01023618087826387	-179.9954831329979
2.2698648518838214	0.009906802431945428	-179.9953254854843
2.2908676527677723	0.009582817543833484	-179.99515671808064
2.312064790175594	0.009264054662913681	-179.99497587495947
2.333458062281002	0.00895034457443352	-179.99478188475933
2.355049283896009	0.008641520170801439	-179.99457354321225
2.376840286624876	0.00833741622101613	-179.99434949253305
2.39883291901949	0.008037869137613639	-179.9941081968465
2.4210290467361775	0.007742716740072766	-179.9938479127412
2.4434305526939712	0.007451798013560063	-179.9935666537881
2.4660393372343385	0.007164952861826508	-179.99326214753552
2.48885731828239	0.0068820218529844724	-179.99293178305723
2.5118864315095797	0.006602845956796982	-179.99257254654717
2.535128630497907	0.006327266271998712	-179.99218094166469
2.5585858869056453	0.006055123742037341	-179.99175289025337
2.582260190634596	0.005786258857474026	-179.99128360755995
2.6061535499988953	0.0055205113431082385	-179.99076744398198
2.6302679918953813	0.005257719827693464	-179.99019768239384
2.654605561975539	0.0049977214938817655	-179.98956627580526
2.6791683248190314	0.0047403517057727235	-179.98886350382224
2.703958364108843	0.004485443611140732	-179.98807751702054
2.7289777828080406	0.004232827715068094	-179.98719372414178
2.7542287033381663	0.003982331421312529	-179.98619395503542
2.7797132677592886	0.0037337785372780047	-179.98505529743363
2.805433637951713	0.003486988737927885	-179.98374844904893
2.831391995799379	0.0032417769833668546	-179.98223533188758
2.8575905433749464	0.0029979528841093403	-179.98046555244875
2.8840315031266055	0.0027553200072308603	-179.97837099945755
2.910717118066605	0.0025136751156463093	-179.97585732618418
2.9376496519615305	0.0022728073316533866	-179.97278999869766
2.9648313895243423	0.002032497214599339	-179.9689703846373
2.992264636608189	0.0017925157410558757	-179.9640924684673
3.019951720402016	0.001552623174227424	-179.95765902201126
3.047894989627983	0.0013125678075671695	-179.94880472711733
3.076096814740708	0.001072084566189191	-179.93587840962826
3.1045595881283554	0.0008308934507633722	-179.9152892612656
3.1332857243155856	0.0005886978243148954	-179.8774754008549
3.162277660168379	0.00034518268071519393	-179.78566450371994
3.1915378551007616	0.00010001633402231472	-179.24051322660486
3.2210687912834346	0.00014718778683957726	-0.5303648226139217
3.250872973854344	0.00039677541422605654	-0.2023955353768005
3.2809529311311905	0.0006491841285428844	-0.1273922109838935
3.311311214825911	0.0009048604642568331	-0.09422708453220409
3.3419504002611427	0.0011642906820309934	-0.07558669969881038
3.372873086588689	0.00142800375645078	-0.06368733486355689
3.404081897010009	0.001696576866914046	-0.05546717200322208
3.4355794789987466	0.001970641920329885	-0.04947752968180039
3.4673685045253166	0.002250893164917133	-0.044944432580686804
3.499451670283573	0.002538096085542575	-0.041417052856986075
3.53183169791957	0.0028330978331420394	-0.038615261828174624
3.5645113342624426	0.003136839504851991	-0.03635608248502355
3.5974933515574232	0.003450370670085458	-0.03451519136422221
3.630780547701014	0.0037748666378414303	-0.03300542444594796
3.664375746478333	0.004111649089615846	-0.03176413396461401
3.6982817978026628	0.004462210870328199	-0.030745426284184394
3.732501577957206	0.004828245950314808	-0.029915225644311923
3.767037989839089	0.005211685863653959	-0.029248044092067587
3.801893963205613	0.00561474431866204	-0.0287248209479179
3.8370724549227884	0.00603997220355862	-0.028331456755699397
3.8725764492161727	0.006490325929261797	-0.02805781452202029
3.908408957924021	0.006969253042854053	-0.027897048066549746
3.944573020752785	0.0074808004293619714	-0.027845170737101854
3.981071705534973	0.008029752376712069	-0.02790081230072867
4.0179081084894	0.00862180858545501	-0.028065135875786813
4.055085354483839	0.009263816291540277	-0.028341905467068565
4.09260659730011	0.009964076720251082	-0.028737711614032126
4.130475019901614	0.010732755209273316	-0.029262380982683706
4.168693834703355	0.011582438363230363	-0.029929618923665385
4.207266283844442	0.012528903647707668	-0.030757966968484804
4.24619563946313	0.013592202341394409	-0.0317722077885474
4.285485203974396	0.014798215543522569	-0.03300543196982755
4.325138310350088	0.01618094325053642	-0.034502119229189436
4.365158322401661	0.01778596376640694	-0.03632282996094928
4.405548635065534	0.019675826558564286	-0.038551549384225184
4.446312674691089	0.021938768751296033	-0.04130758495584996
4.487453899331323	0.024703418600039037	-0.044765659974167454
4.528975799036209	0.028164903723403377	-0.04919161520393367
4.570881896148752	0.03263421682022928	-0.05500993495989806
4.613175745603791	0.038639224212492496	-0.06294193448731765
4.655860935229586	0.04715365641147922	-0.07431905709055468
4.698941086052151	0.06019391141289965	-0.09189942245954505
4.742419852602444	0.08272490193275554	-0.12247544258505355
4.7863009232263805	0.13115500660735657	-0.1884968541498531
4.830588020397723	0.3111330597861701	-0.43451682038111705
4.875284901033861	0.8688448490252814	-178.81973791472734
4.920395356814506	0.18260570943053353	-179.758530233805
4.965923214503357	0.10236592697352387	-179.86810780761476
5.01187233627272	0.07125347372970832	-179.91047517412125
5.058246620031137	0.05470970184604869	-179.93291617127161
5.105049999754059	0.04443330502500574	-179.94678848793714
5.152286445817562	0.03742342305717352	-179.95619763898048
5.1999599653351565	0.03233150699783758	-179.96298843492207
5.248074602497723	0.028461686701258808	-179.9681126991899
5.296634438916575	0.025418527221995633	-179.97211121315064
5.345643593969713	0.02296068349893486	-179.97531394694408
5.395106225151273	0.020932504790426916	-179.97793363808196
5.445026528424209	0.019229099132002575	-179.9801135895531
5.495408738576242	0.01777720026401258	-179.98195384682919
5.5462571295791046	0.01652408235021815	-179.98352636385553
5.597576014951099	0.015430831949115284	-179.98488420747697
5.649369748123022	0.014468101950728115	-179.98606736608872
5.701642722807472	0.013613341155316608	-179.98710653937226
5.754399373371567	0.012848933946329105	-179.98802568289938
5.807644175213118	0.012160919364799225	-179.98884376005583
5.861381645140285	0.01153808944243894	-179.98957597511674
5.9156163417547365	0.010971341946863646	-179.99023465828424
5.9703528658383656	0.010453207551636656	-179.99082991212225
6.025595860743575	0.009977498949084972	-179.99137009119016
6.081350012787176	0.009539046727097735	-179.99186216300347
6.137620051647939	0.009133497970440094	-179.9923119832085
6.194410750767812	0.008757160869361128	-179.99272450784093
6.251726927756856	0.008406883523456617	-179.99310395882608
6.30957344480193	0.00807995847202387	-179.99345395430595
6.367955209079155	0.0077740467972335645	-179.99377761220958
6.426877173170194	0.007487117273077208	-179.9940776332589
6.486344335482381	0.0072173971914302705	-179.99435636801707
6.546361740672747	0.006963332331829356	-179.99461587144376
6.6069344800759575	0.006723554150834402	-179.99485794758874
6.668067692136219	0.006496852716086605	-179.99508418643987
6.729766562843175	0.006282154244760622	-179.9952959944848
6.792036326171843	0.006078502357660601	-179.9954946202011
6.854882264526613	0.005885042351007099	-179.99568117542867
6.918309709189362	0.005701007933882991	-179.9958566533789
6.9823240407717115	0.005525709991780298	-179.9960219438812
7.046930689671467	0.005358527024023545	-179.99617784634785
7.112135136533288	0.005198896971130731	-179.9963250808451
7.177942912713615	0.005046310201917972	-179.9964642975851
7.244359600749899	0.0049003034727182395	-179.99659608509407
7.311390834834173	0.004760454704994919	-179.99672097726727
7.379042301291007	0.004626378454798749	-179.99683945948325
7.447319739059888	0.004497721969399584	-179.99695197391975
7.516228940182053	0.004374161744140276	-179.99705892419036
7.585775750291836	0.004255400506972383	-179.99716067940045
7.655966069112561	0.004141164569913002	-179.9972575777054
7.726805850957022	0.0040312014963321974	-179.9973499294406
7.798301105232586	0.003925278040953223	-179.997438019882
7.870457896950985	0.0038231783260474247	-179.99752211168686
7.943282347242813	0.003724702222790312	-179.9976024470569
8.01678063387679	0.0036296639113202215	-179.99767924966002
8.090958991783822	0.0035378905968709755	-179.99775272634116
8.165823713585922	0.00344922136256716	-179.99782306864856
8.241381150130021	0.003363506142182319	-179.99789045419863
8.317637711026709	0.003280604798453244	-179.99795504789827
8.394599865193973	0.0032003862944879734	-179.99801700304207
8.472274141405963	0.0031227279474594955	-179.99807646229883
8.550667128846833	0.003047514755188248	-179.99813355860024
8.629785477669701	0.0029746387874237815	-179.99818841594265
8.709635899560805	0.002903998634671342	-179.99824115011168
8.790225168308842	0.0028354989082998	-179.99829186933837
8.871560120379607	0.0027690497864347823	-179.99834067489377
8.953647655495937	0.002704566600804499	-179.99838766162912
9.036494737223014	0.0026419694602802875	-179.99843291846693
9.120108393559097	0.0025811829073528196	-179.9984765288481
9.204495717531712	0.0025221356042190246	-179.99851857113987
9.289663867799362	0.0024647600455332216	-179.9985591190079
9.375620069258803	0.0024089922952066334	-179.9985982417569
9.462371613657929	0.0023547717449290046	-179.99863600464212
9.549925860214358	0.0023020408923399003	-179.99867246915494
9.638290236239705	0.002250745137000524	-179.99870769328498
9.727472237769652	0.002200832592513316	-179.99874173176082
9.817479430199844	0.0021522539133098815	-179.99877463627118
9.908319448927676	0.0021049621347809734	-179.99880645566907
10.	0.0020589125255577032	-179.9988372361594
10.092528860766844	0.0020140624508733153	-179.99886702147236
10.18591388054117	0.0019703712460414726	-179.99889585302344
10.280162981264736	0.0019278000991819158	-179.99892377006145
10.375284158180126	0.0018863119424087462	-179.99895080980536
10.471285480508996	0.0018458713507720017	-179.99897700757106
10.568175092136585	0.0018064444483104282	-179.99900239688884
10.665961212302578	0.0017679988206335878	-179.99902700961266
10.76465213629835	0.0017305034335053343	-179.99905087602116
10.864256236170656	0.0016939285569490636	-179.99907402491183
10.964781961431852	0.0016582456944385347	-179.9990964836887
11.066237839776663	0.0016234275167771601	-179.99911827844352
11.168632477805613	0.0015894478003037839	-179.999139434032
11.271974561755105	0.0015562813690946596	-179.99915997414436
11.37627285823431	0.001523904040859948	-179.99917992137148
11.481536214968829	0.0014922925762589107	-179.9991992972665
11.587773561551263	0.001461424631381312	-179.99921812240248
11.694993910198711	0.0014312787131637562	-179.99923641642633
11.803206356517286	0.001401834137528832	-179.99925419810896
11.912420080273739	0.0013730709900523826	-179.99927148539288
12.022644346174118	0.0013449700889800497	-179.99928829543614
12.133888504649763	0.0013175129504285595	-179.99930464465385
12.246161992650476	0.0012906817556204116	-179.99932054875714
12.359474334445094	0.0012644593200124834	-179.99933602278958
12.47383514242942	0.0012388290641899976	-179.9993510811616
12.589254117941662	0.0012137749864072067	-179.99936573768264
12.705741052085406	0.0011892816366652348	-179.9993800055915
12.823305826560205	0.0011653340922258388	-179.99939389758475
12.941958414499851	0.0011419179344674128	-179.99940742584388
13.061708881318404	0.0011190192269965617	-179.9994206020602
13.182567385564061	0.0010966244949349325	-179.99943343745906
13.304544179780901	0.001074720705306853	-179.99944594282204
13.427649611378628	0.0010532952484587216	-179.99945812850834
13.551894123510351	0.0010323359204460279	-179.99947000447474
13.67728825595848	0.0010118309063284273	-179.99948158029454
13.803842646028839	0.0009917687643175084	-179.99949286517543
13.931568029453022	0.0009721384107257297	-179.99950386797627
14.060475241299129	0.00095292910566856	-179.9995145972233
14.190575216890911	0.0009341304394751597	-179.9995250611251
14.321878992735424	0.0009157323197659568	-179.99953526758688
14.454397707459265	0.0008977249591582758	-179.99954522422416
14.588142602753473	0.0008800988635637752	-179.99955493837558
14.723125024327178	0.0008628448210438383	-179.99956441711498
14.859356422870059	0.0008459538911912874	-179.99957366726306
14.996848355023726	0.000829417395008849	-179.99958269539837
15.135612484362072	0.0008132269052566932	-179.9995915078676
15.275660582380716	0.0007973742372431595	-179.99960011079548
15.417004529495584	0.0007818514400344061	-179.99960851009428
15.559656316050734	0.000766650788060247	-179.99961671147258
15.703628043335515	0.0007517647730948754	-179.99962472044388
15.848931924611126	0.0007371860965924664	-179.9996325423345
15.995580286146678	0.000722907662358895	-179.99964018229144
16.143585568264854	0.0007089225695419515	-179.9996476452896
16.292960326397214	0.00069522410592348	-179.99965493613863
16.443717232149307	0.0006818057414978814	-179.99966205948976
16.595869074375596	0.0006686611223223357	-179.99966901984197
16.749428760264365	0.0006557840646249619	-179.999675821548
16.90440931643263	0.0006431685491579449	-179.99968246882023
17.060823890031227	0.0006308087157834047	-179.99968896573588
17.21868574986006	0.0006186988582805028	-179.99969531624254
17.378008287493746	0.0006068334193629146	-179.999701524163
17.5388050184176	0.0005952069858964403	-179.9997075931999
17.701089583174202	0.0005838142843070778	-179.99971352694055
17.864875748520497	0.0005726501761704452	-179.99971932886098
18.03017740859568	0.0005617096539739257	-179.9997250023304
18.197008586099827	0.0005509878370433952	-179.99973055061471
18.365383433483455	0.0005404799676268376	-179.99973597688088
18.535316234148105	0.0005301814071275601	-179.9997412842001
18.706821403657997	0.0005200876324801261	-179.99974647555143
18.879913490962927	0.0005101942326624823	-179.99975155382518
19.054607179632463	0.0005004969053381073	-179.99975652182601
19.230917289101576	0.0004909914536223334	-179.99976138227603
19.408858775927772	0.00048167378296729675	-179.99976613781766
19.58844673505989	0.0004725398981602612	-179.99977079101643
19.769696401118598	0.00046358590043033704	-179.99977534436374
19.952623149688787	0.0004548079846588561	-179.99977980027944
20.137242498623873	0.00044620243668892556	-179.99978416111415
20.32357010936221	0.00043776563072989025	-179.99978842915172
20.511621788255646	0.000429494026852663	-179.99979260661155
20.701413487910415	0.00042138416857206745	-179.99979669565076
20.892961308540386	0.00041343268051254734	-179.99980069836613
21.086281499332888	0.00040563626615375655	-179.99980461679627
21.28139045982711	0.0003979917056527291	-179.99980845292362
21.47830474130533	0.0003904958537394764	-179.999812208676
21.67704104819694	0.00038314563768302145	-179.99981588592868
21.87761623949552	0.0003759380553250142	-179.999819486506
22.080047330188993	0.00036887017317820895	-179.99982301218304
22.28435149270303	0.00036193912458722035	-179.9998264646871
22.490546058357804	0.0003551421079490838	-179.99982984569934
22.698648518838212	0.00034847638499127184	-179.99983315685628
22.908676527677724	0.00034193927910491635	-179.99983639975102
23.12064790175594	0.0003355281737311029	-179.99983957593486
23.33458062281002	0.0003292405107981833	-179.99984268691836
23.55049283896009	0.00032307378920816513	-179.99984573417277
23.76840286624876	0.00031702556337030545	-179.99984871913114
23.9883291901949	0.00031109344178013447	-179.99985164318963
24.210290467361776	0.0003052750856422054	-179.99985450770848
24.434305526939713	0.0002995682075349425	-179.99985731401318
24.660393372343385	0.0002939705701160372	-179.99986006339552
24.888573182823905	0.0002884799848668976	-179.99986275711453
25.118864315095795	0.0002830943108747359	-179.99986539639758
25.351286304979073	0.00027781145365092546	-179.99986798244117
25.58585886905645	0.0002726293639843273	-179.99987051641205
25.82260190634596	0.00026754603682833765	-179.99987299944783
26.06153549998895	0.00026255951022045767	-179.99987543265803
26.302679918953814	0.000257667864233243	-179.99987781712483
26.54605561975539	0.0002528692199555335	-179.9998801539038
26.791683248190314	0.00024816173850290986	-179.9998824440248
27.039583641088434	0.00024354362005636902	-179.99988468849256
27.289777828080403	0.0002390131029282505	-179.99988688828756
27.542287033381662	0.00023456846265448105	-179.9998890443665
27.797132677592884	0.0002302080111122538	-179.99989115766326
28.05433637951713	0.00022593009566227698	-179.9998932290892
28.31391995799379	0.0002217330983147776	-179.99989525953404
28.575905433749465	0.00021761543491846888	-179.99989724986642
28.84031503126606	0.00021357555437172135	-179.9998992009343
29.10717118066605	0.00020961193785521323	-179.9999011135658
29.376496519615305	0.00020572309808535613	-179.9999029885696
29.648313895243422	0.00020190757858782547	-179.99990482673536
29.92264636608189	0.00019816395299054868	-179.99990662883442
30.19951720402016	0.00019449082433552564	-179.99990839562025
30.4789498962798	0.00019088682440888743	-179.99991012782883
30.76096814740705	0.00018735061308861067	-179.99991182617921
31.045595881283525	0.00018388087770934117	-179.99991349137395
31.332857243155825	0.00018047633244378363	-179.9999151240995
31.62277660168376	0.00017713571770015032	-179.99991672502665
31.91537855100758	0.00017385779953516946	-179.999918294811
32.21068791283432	0.0001706413690821781	-179.9999198340933
32.50872973854341	0.00016748524199383826	-179.99992134349975
32.80952931131187	0.00016438825789903455	-179.99992282364255
33.11311214825908	0.00016134927987352383	-179.99992427512015
33.41950400261139	0.00015836719392392853	-179.9999256985176
33.72873086588685	0.0001554409084846713	-179.9999270944069
34.040818970100055	0.0001525693539274724	-179.9999284633474
34.35579478998743	0.00014975148208303703	-179.999929805886
34.67368504525313	0.00014698626577457644	-179.99993112255763
34.994516702835696	0.00014427269836281853	-179.99993241388526
35.318316979195664	0.00014160979330217501	-179.99993368038054
35.64511334262439	0.0001389965837077438	-179.99993492254387
35.9749335155742	0.00013643212193283581	-179.99993614086472
36.3078054770101	0.00013391547915672858	-179.99993733582195
36.64375746478329	0.00013144574498235296	-179.99993850788397
36.98281797802659	0.0001290220270436378	-179.99993965750906
37.32501577957203	0.00012664345062223773	-179.99994078514567
37.670379898390856	0.00012430915827338514	-179.99994189123248
38.01893963205609	0.00012201830946061245	-179.99994297619892
38.370724549227845	0.000119770080199099	-179.99994404046507
38.72576449216169	0.0001175636627074079	-179.99994508444212
39.08408957924017	0.00011539826506738144	-179.99994610853247
39.44573020752781	0.0001132731108919756	-179.99994711313
39.81071705534969	0.00011118743900081685	-179.99994809862017
40.17908108489396	0.00010914050310327577	-179.99994906538038
40.55085354483835	0.00010713157148885436	-179.99995001378002
40.92606597300105	0.00010515992672469317	-179.99995094418068
41.304750199016105	0.00010322486536001035	-179.99995185693643
41.68693834703351	0.0001013256976372879	-179.99995275239385
42.07266283844438	0.00009946174721002956	-179.99995363089232
42.46195639463126	0.00009763235086691829	-179.9999544927641
42.85485203974392	0.00009583685826220662	-179.9999553383346
43.251383103500835	0.00009407463165217888	-179.99995616792236
43.65158322401656	0.0000923450456375288	-179.9999569818395
44.0554863506553	0.0000906474869115009	-179.9999577803915
44.46312674691084	0.00008898135401364847	-179.9999585638776
44.87453899331318	0.00008734605708906538	-179.99995933259098
45.28975799036204	0.0000857410176529533	-179.99996008681862
45.708818961487474	0.00008416566836039019	-179.99996082684174
46.13175745603791	0.00008261945278116914	-179.99996155293573
46.55860935229586	0.00008110182517958144	-179.9999622653704
46.98941086052151	0.00007961225029902072	-179.99996296441006
47.42419852602443	0.00007815020315128894	-179.99996365031356
47.8630092322638	0.0000767151688104884	-179.99996432333464
48.30588020397723	0.00007530664221138684	-179.9999649837217
48.7528490103386	0.00007392412795214673	-179.9999656317183
49.20395356814506	0.00007256714010131244	-179.99996626756294
49.65923214503358	0.00007123520200895137	-179.99996689148935
50.118723362727195	0.00006992784612185025	-179.99996750372657
50.58246620031137	0.00006864461380266689	-179.99996810449906
51.0504999975406	0.00006738505515294476	-179.99996869402668
51.52286445817562	0.00006614872883989706	-179.99996927252494
51.99959965335157	0.00006493520192687023	-179.99996984020507
52.48074602497723	0.00006374404970740126	-179.99997039727404
52.966344389165755	0.00006257485554278248	-179.99997094393464
53.45643593969714	0.00006142721070305222	-179.99997148038574
53.95106225151273	0.00006030071421133081	-179.9999720068222
54.450265284242086	0.00005919497269142388	-179.9999725234349
54.95408738576243	0.00005810960021861709	-179.9999730304111
55.462571295791044	0.00005704421817358816	-179.99997352793426
55.97576014951099	0.00005599845509936419	-179.99997401618427
56.49369748123023	0.000054971946561254657	-179.99997449533737
57.01642722807472	0.000053964335009691084	-179.99997496556645
57.543993733715666	0.00005297526964590754	-179.99997542704088
58.07644175213118	0.00005200440629039704	-179.99997587992678
58.61381645140285	0.00005105140725408106	-179.99997632438695
59.15616341754737	0.00005011594121213019	-179.999976760581
59.70352865838366	0.00004919768308037678	-179.99997718866547
60.255958607435744	0.000048296313894261007	-179.99997760879378
60.81350012787176	0.00004741152069025339	-179.9999780211164
61.37620051647939	0.00004654299638969897	-179.99997842578074
61.94410750767812	0.0000456904396850285	-179.9999788229315
62.51726927756855	0.00004485355492828467	-179.99997921271046
63.0957344480193	0.00004403205202191188	-179.99997959525663
63.67955209079155	0.00004322564631175939	-179.9999799707064
64.26877173170195	0.00004243405848224967	-179.99998033919346
64.86344335482381	0.00004165701445366376	-179.9999807008489
65.46361740672747	0.00004089424528149776	-179.99998105580127
66.06934480075958	0.000040145487057845244	-179.99998140417665
66.68067692136219	0.00003941048081476122	-179.99998174609868
67.29766562843174	0.000038688972429564884	-179.99998208168861
67.92036326171844	0.000037980712532039026	-179.99998241106533
68.54882264526613	0.0000372854564134854	-179.99998273434548
69.18309709189363	0.000036602963937595725	-179.9999830516434
69.82324040771712	0.00003593299945309975	-179.99998336307127
70.46930689671467	0.0000352753317081519	-179.99998366873908
71.12135136533288	0.000034629733766419604	-179.99998396875475
71.77942912713615	0.00003399598292483713	-179.99998426322412
72.44359600749898	0.00003337386063298923	-179.99998455225096
73.11390834834172	0.000032763152414090176	-179.9999848359371
73.79042301291008	0.00003216364778752448	-179.9999851143824
74.47319739059888	0.00003157514019291639	-179.99998538768483
75.16228940182053	0.000030997426915695546	-179.99998565594038
75.85775750291836	0.000030430309014128076	-179.99998591924341
76.55966069112561	0.000029873591247781677	-179.9999861776863
77.26805850957021	0.00002932708200739526	-179.99998643135976
77.98301105232578	0.000028790593246123474	-179.99998668035272
78.70457896950977	0.000028263940412127514	-179.99998692475248
79.43282347242805	0.000027746942382484692	-179.9999871646446
80.16780633876782	0.000027239421398388722	-179.99998740011313
80.90958991783813	0.00002674120300161446	-179.99998763124037
81.65823713585914	0.000026252115972220822	-179.99998785810718
82.41381150130013	0.00002577199226746663	-179.99998808079286
83.176377110267	0.000025300666961913885	-179.99998829937516
83.94599865193965	0.000024837978188694707	-179.9999885139304
84.72274141405954	0.00002438376708191775	-179.99998872453347
85.50667128846823	0.000023937877720190743	-179.99998893125777
86.29785477669692	0.00002350015707123662	-179.9999891341754
87.09635899560797	0.00002307045493758081	-179.99998933335704
87.90225168308834	0.000022648623903287853	-179.99998952887208
88.71560120379598	0.00002223451928172619	-179.99998972078856
89.53647655495928	0.000021827999064340164	-179.99998990917325
90.36494737223005	0.000021428923870408902	-179.99999009409163
91.20108393559087	0.000021037156897772185	-179.99999027560804
92.04495717531702	0.000020652563874503708	-179.99999045378556
92.89663867799354	0.000020275013011512733	-179.999990628686
93.75620069258792	0.00001990437495605561	-179.99999080037009
94.6237161365792	0.000019540522746138544	-179.99999096889746
95.4992586021435	0.00001918333176579419	-179.99999113432654
96.38290236239695	0.000018832679701214236	-179.9999912967147
97.2747223776964	0.000018488446497721178	-179.9999914561182
98.17479430199833	0.000018150514317562298	-179.9999916125923
99.08319448927665	0.00001781876749850967	-179.99999176619116
99.9999999999999	0.000017493092513250075	-179.999991916968