0.01000000000000001	0.013109657511644559	-0.19897204766940024
0.010092528860766855	0.013109712615232083	-0.2007603312200212
0.01018591388054118	0.013109768744826366	-0.20256516806241767
0.010280162981264745	0.013109825919550455	-0.20438671154617816
0.010375284158180138	0.013109884158884645	-0.20622511644507804
0.010471285480509006	0.01310994348267323	-0.20808053897041012
0.010568175092136596	0.013110003911131287	-0.20995313678444377
0.01066596121230259	0.0131100654648517	-0.21184306901401292
0.010764652136298361	0.013110128164812206	-0.21375049626423417
0.010864256236170667	0.013110192032382654	-0.21567558063235803
0.010964781961431863	0.013110257089332373	-0.2176184857217522
0.011066237839776675	0.013110323357837683	-0.21957937665602073
0.011168632477805623	0.013110390860489545	-0.22155842009325785
0.011271974561755117	0.013110459620301345	-0.22355578424044145
0.011376272858234322	0.013110529660716895	-0.22557163886796266
0.01148153621496884	0.013110601005618458	-0.22760615532429943
0.011587773561551273	0.013110673679335065	-0.22965950655082948
0.011694993910198724	0.013110747706650886	-0.2317318670967871
0.01180320635651731	0.013110823112813834	-0.2338234131343658
0.011912420080273762	0.013110899923544259	-0.23593432247396756
0.012022644346174144	0.013110978165043896	-0.23806477457959926
0.012133888504649786	0.013111057864004912	-0.24021495058441944
0.012246161992650502	0.013111139047619158	-0.24238503330643713
0.01235947433444512	0.013111221743587604	-0.2445752072643614
0.012473835142429446	0.013111305980129889	-0.2467856586936091
0.012589254117941687	0.013111391785994216	-0.24901657556246604
0.012705741052085433	0.013111479190467209	-0.25126814758840704
0.012823305826560232	0.013111568223384175	-0.2535405662545768
0.01294195841449987	0.0131116589151394	-0.25583402482643114
0.013061708881318424	0.013111751296696752	-0.2581487183685429
0.013182567385564082	0.01311184539960044	-0.2604848437615712
0.01330454417978092	0.013111941255985967	-0.2628425997193999
0.013427649611378649	0.01311203889859134	-0.2652221868064437
0.01355189412351037	0.013112138360768435	-0.26762380745512576
0.013677288255958502	0.013112239676494662	-0.27004766598352775
0.013803842646028859	0.013112342880384775	-0.27249396861321507
0.013931568029453043	0.013112448007702966	-0.2749629234872382
0.01406047524129915	0.01311255509437514	-0.2774547406883146
0.014190575216890933	0.013112664177001514	-0.27996963225718885
0.014321878992735446	0.013112775292869352	-0.28250781221117843
0.014454397707459286	0.013112888479966021	-0.28506949656290426
0.014588142602753497	0.0131130037769923	-0.2876549033392064
0.014723125024327202	0.01311312122337589	-0.2902642526002521
0.014859356422870082	0.013113240859285278	-0.2928977664588356
0.014996848355023748	0.013113362725643733	-0.295555669099869
0.015135612484362095	0.013113486864143766	-0.29823818680007436
0.015275660582380739	0.013113613317261697	-0.30094554794787076
0.015417004529495607	0.013113742128272593	-0.303677983063466
0.015559656316050758	0.013113873341265458	-0.30643572481914905
0.01570362804333554	0.013114007001158813	-0.30921900805979136
0.015848931924611148	0.013114143153716435	-0.31202806982355663
0.015995580286146702	0.013114281845563536	-0.3148631493628223
0.016143585568264878	0.013114423124203162	-0.31772448816531457
0.016292960326397238	0.013114567038033015	-0.32061232997546274
0.01644371723214933	0.013114713636362485	-0.32352692081596995
0.016595869074375623	0.013114862969430166	-0.32646850900961194
0.01674942876026439	0.013115015088421556	-0.3294373452012565
0.016904409316432657	0.013115170045487247	-0.3324336823801155
0.017060823890031253	0.013115327893761377	-0.3354577759022275
0.017218685749860088	0.013115488687380529	-0.3385098835131748
0.017378008287493772	0.013115652481502928	-0.3415902653710404
0.01753880501841763	0.013115819332328084	-0.34469918406960626
0.01770108958317423	0.01311598929711679	-0.34783690466179557
0.017864875748520526	0.013116162434211535	-0.35100369468336545
0.018030177408595707	0.013116338803057345	-0.3541998241768508
0.018197008586099853	0.013116518464222956	-0.3574255657157635
0.018365383433483484	0.013116701479422566	-0.3606811944290537
0.018535316234148135	0.013116887911537848	-0.3639669880258319
0.018706821403658026	0.013117077824640569	-0.36728322682036035
0.018879913490962956	0.013117271284015556	-0.3706301937573168
0.019054607179632494	0.013117468356184154	-0.374008174437331
0.019230917289101597	0.013117669108928203	-0.3774174571428065
0.019408858775927792	0.013117873611314466	-0.3808583328640242
0.01958844673505991	0.013118081933719543	-0.3843310953255353
0.01976969640111862	0.013118294147855328	-0.38783604101285013
0.01995262314968881	0.013118510326794971	-0.39137346919942617
0.020137242498623895	0.013118730544999384	-0.39494368197395985
0.02032357010936223	0.013118954878344281	-0.39854698426798935
0.020511621788255666	0.013119183404147776	-0.4021836838838117
0.020701413487910436	0.013119416201198584	-0.4058540915227227
0.02089296130854041	0.013119653349784773	-0.4095585208135817
0.02108628149933291	0.013119894931723105	-0.41329728834171175
0.021281390459827135	0.013120141030389068	-0.41707071367813897
0.021478304741305354	0.01312039173074744	-0.42087911940917844
0.02167704104819696	0.013120647119383566	-0.42472283116637116
0.02187761623949554	0.013120907284535258	-0.4286021776567862
0.022080047330189013	0.013121172316125399	-0.43251749069368883
0.022284351492703053	0.013121442305795249	-0.4364691052275818
0.022490546058357826	0.013121717346938377	-0.4404573593776368
0.022698648518838235	0.01312199753473548	-0.4444825944635142
0.022908676527677748	0.013122282966189796	-0.44854515503758796
0.023120647901755963	0.013122573740163358	-0.4526453889175796
0.023334580622810044	0.013122869957414053	-0.4567836472196163
0.023550492838960112	0.013123171720633433	-0.4609602843917183
0.023768402866248782	0.013123479134485406	-0.4651756582477323
0.02398832919019492	0.01312379230564575	-0.4694301300017156
0.0242102904673618	0.013124111342842523	-0.47372406430279174
0.02443430552693974	0.01312443635689736	-0.4780578292704805
0.024660393372343412	0.013124767460767685	-0.4824317965305268
0.02488857318282393	0.013125104769589903	-0.48684634125123166
0.025118864315095822	0.013125448400723532	-0.491301842180309
0.025351286304979098	0.01312579847379639	-0.4957986816822818
0.02558585886905648	0.013126155110750767	-0.5003372457764321
0.025822601906345985	0.013126518435890678	-0.5049179241753271
0.026061535499988978	0.01312688857593026	-0.5095411103239353
0.026302679918953843	0.013127265660043196	-0.5142072014393619
0.026546055619755416	0.013127649819913415	-0.5189165985512142
0.026791683248190343	0.013128041189786926	-0.5236697065426289
0.027039583641088463	0.013128439906524927	-0.5284669341919846
0.027289777828080432	0.01312884610965812	-0.5333086942153196
0.02754228703338169	0.01312925994144248	-0.5381954033094943
0.02779713267759291	0.01312968154691626	-0.5431274821961196
0.02805433637951716	0.013130111073958447	-0.548105355666288
0.028313919957993816	0.013130548673348702	-0.5531294526261423
0.028575905433749497	0.013130994498828798	-0.5582002061433182
0.028840315031266085	0.01313144870716558	-0.5633180534943024
0.02910717118066608	0.013131911458215559	-0.5684834362127508
0.029376496519615335	0.013132382914991246	-0.5736968001388121
0.029648313895243455	0.01313286324372909	-0.5789585954695076
0.02992264636608192	0.01313335261395935	-0.5842692768102249
0.030199517204020192	0.01313385119857776	-0.589629303227384
0.03047894989627986	0.013134359173919172	-0.5950391383023348
0.03076096814740711	0.013134876719833178	-0.6004992501865666
0.031045595881283587	0.01313540401976189	-0.6060101116582952
0.03133285724315589	0.01313594126081989	-0.6115722001805187
0.031622776601683826	0.013136488633876444	-0.617185997960623
0.03191537855100765	0.013137046333640141	-0.6228519920116428
0.03221068791283438	0.01313761455874592	-0.6285706742152813
0.03250872973854347	0.01313819351184487	-0.6343425413868048
0.03280952931131194	0.013138783399696518	-0.6401680953419377
0.03311311214825915	0.013139384433264227	-0.6460478429659067
0.03341950400261146	0.013139996827813277	-0.6519822962847701
0.03372873086588692	0.013140620803012353	-0.6579719725392182
0.034040818970100126	0.013141256583038115	-0.6640173942610148
0.0343557947899875	0.013141904396683302	-0.6701190893522893
0.0346736850452532	0.013142564477468487	-0.676277591167898
0.034994516702835765	0.013143237063757576	-0.6824934386011041
0.035318316979195734	0.013143922398877407	-0.6887671761728421
0.03564511334262446	0.013144620731241601	-0.6950993541248681
0.03597493351557427	0.013145332314478843	-0.7014905285171269
0.03630780547701017	0.013146057407566024	-0.7079412613297001
0.03664375746478335	0.013146796274966392	-0.714452120569744
0.03698281797802665	0.013147549186772993	-0.7210236803838622
0.037325015779572084	0.013148316418857936	-0.7276565211764194
0.037670379898390914	0.013149098253027593	-0.7343512297343495
0.038018939632056145	0.013149894977184311	-0.7411083993590835
0.0383707245492279	0.01315070688549503	-0.7479286300062822
0.038725764492161745	0.013151534278567172	-0.7548125284341586
0.03908408957924023	0.013152377463632481	-0.7617607083612442
0.03944573020752787	0.013153236754739306	-0.7687737906345838
0.039810717055349755	0.013154112472953854	-0.7758524034094323
0.04017908108489402	0.013155004946571283	-0.7829971823416954
0.040550853544838415	0.013155914511337206	-0.7902087707944747
0.040926065973001115	0.013156841510680533	-0.7974878200602848
0.041304750199016166	0.013157786295958531	-0.8048349896006844
0.04168693834703357	0.013158749226715073	-0.8122509473053142
0.04207266283844444	0.013159730670953235	-0.819736369772577
0.04246195639463132	0.013160731005423426	-0.8272919426145157
0.042854852039743985	0.013161750615928452	-0.8349183607887767
0.04325138310350091	0.013162789897646974	-0.8426163289609627
0.04365158322401663	0.013163849255477145	-0.8503865619011235
0.044055486350655364	0.013164929104402118	-0.8582297849186811
0.04446312674691091	0.013166029869879761	-0.8661467343407108
0.04487453899331325	0.013167151988258755	-0.8741381580391959
0.04528975799036211	0.013168295907223713	-0.8822048160137612
0.04570881896148754	0.013169462086272388	-0.8903474810373033
0.04613175745603798	0.013170650997228167	-0.8985669393731643
0.04655860935229591	0.01317186312479164	-0.9068639915737651
0.04698941086052156	0.013173098967135416	-0.9152394533722467
0.04742419852602448	0.013174359036547081	-0.9236941566805068
0.04786300923226385	0.013175643860125518	-0.9322289507092341
0.04830588020397728	0.013176953980536858	-0.9408447032281281
0.04875284901033865	0.013178289956836944	-0.9495423019876114
0.04920395356814511	0.013179652365368315	-0.9583226563270129
0.04965923214503363	0.013181041800740714	-0.9671866989986013
0.05011872336272725	0.013182458876905492	-0.9761353882421304
0.05058246620031143	0.013183904228335817	-0.9851697101508785
0.051050499997540646	0.01318537851132627	-0.9942906813778163
0.05152286445817567	0.013186882405427586	-1.0034993522397517
0.05199959965335162	0.013188416615034533	-1.0127968102885192
0.052480746024977286	0.013189981871148018	-1.0221841844319226
0.05296634438916581	0.013191578933335356	-1.031662649703787
0.05345643593969719	0.013193208591917112	-1.0412334328029595
0.05395106225151279	0.013194871670412885	-1.050897818546259
0.05445026528424214	0.013196569028284328	-1.0606571574115184
0.05495408738576248	0.013198301564019589	-1.0705128743855123
0.0554625712957911	0.013200070218611349	-1.0804664793797956
0.05597576014951104	0.013201875979489063	-1.0905195795378309
0.05649369748123028	0.013203719884976872	-1.100673893832805
0.05701642722807478	0.013205603029361105	-1.1109312704516197
0.05754399373371572	0.013207526568665725	-1.1212937075826799
0.05807644175213124	0.013209491727251891	-1.1317633783811325
0.05861381645140291	0.013211499805377875	-1.1423426610856258
0.05915616341754743	0.013213552187879687	-1.1530341755195284
0.05970352865838372	0.013215650354160564	-1.163840827545829
0.06025595860743581	0.013217795889708948	-1.17476586348448
0.060813500127871824	0.013219990499400805	-1.1858129370788864
0.061376200516479455	0.013222236022880402	-1.1969861923631597
0.06194410750767818	0.013224534452354582	-1.2082903668006486
0.06251726927756862	0.013226887953172653	-1.2197309204305986
0.06309573444801936	0.013229298887592007	-1.231314198604664
0.06367955209079162	0.01323176984213328	-1.2430476384028732
0.064268771731702	0.01323430365888542	-1.2549400322515174
0.06486344335482389	0.013236903470986619	-1.2670018669956187
0.06546361740672754	0.013239572742210253	-1.2792457632383412
0.06606934480075964	0.013242315309995558	-1.2916870489087635
0.06668067692136226	0.013245135430161903	-1.3043445138412277
0.06729766562843183	0.013248037819545295	-1.317241410174047
0.0679203632617185	0.013251027689221958	-1.3304067887255997
0.0685488226452662	0.013254110754647814	-1.3438772970188888
0.0691830970918937	0.013257293197840825	-1.3576996138120287
0.06982324040771719	0.013260581536925152	-1.371933761440823
0.07046930689671474	0.013263982323279763	-1.3866576225024692
0.07112135136533296	0.013267501524362875	-1.4019730845995917
0.07177942912713622	0.013271143340317017	-1.41801431442354
0.07244359600749906	0.013274908009693125	-1.434958622718949
0.0731139083483418	0.01327878782946161	-1.4530399617292684
0.07379042301291015	0.01328276007817269	-1.4725636423558675
0.07447319739059896	0.013286774763065765	-1.4939168546833363
0.07516228940182061	0.013290734368964018	-1.5175598669700692
0.07585775750291844	0.013294463366695817	-1.543962118713423
0.07655966069112569	0.013297671297067156	-1.5734123878388915
0.07726805850957029	0.01329993394229712	-1.6056032950702268
0.07798301105232593	0.013300759868780711	-1.6389724139105197
0.07870457896950993	0.013299837279736196	-1.6701896162952878
0.07943282347242822	0.01329742560400825	-1.6948159055495713
0.08016780633876798	0.013294513702178698	-1.7097125695064117
0.0809095899178383	0.013292357646281951	-1.7153230404494328
0.0816582371358593	0.013291765121403069	-1.7151412051817605
0.0824138115013003	0.013292853831534782	-1.7131558612862718
0.08317637711026717	0.013295314407840828	-1.712075506880427
0.08394599865193982	0.013298737931332821	-1.713134037888281
0.08472274141405972	0.013302783464443904	-1.7166091837616597
0.08550667128846841	0.013307214547253145	-1.7223284517908144
0.0862978547766971	0.013311882037078622	-1.729970156881029
0.08709635899560814	0.013316697133662823	-1.7392030186959506
0.08790225168308852	0.01332160932949892	-1.7497376221338992
0.08871560120379617	0.013326591401262786	-1.7613379443763926
0.08953647655495947	0.0133316299546477	-1.7738174842395964
0.09036494737223023	0.013336719678647193	-1.7870308884091848
0.09120108393559107	0.013341859913171626	-1.8008653782585589
0.09204495717531722	0.013347052615869532	-1.8152333975560613
0.09289663867799372	0.013352301164442703	-1.8300667442251888
0.09375620069258811	0.013357609655756707	-1.845312039941436
0.09462371613657934	0.013362982500248777	-1.8609272856411243
0.09549925860214364	0.01336842419197176	-1.876879257764878
0.0963829023623971	0.013373939183055066	-1.8931415408375194
0.09727472237769656	0.013379531820034877	-1.9096930367912415
0.09817479430199849	0.013385206316537116	-1.9265168302925493
0.09908319448927681	0.013390966746969372	-1.9435993201150594
0.10000000000000005	0.013396817051990643	-1.9609295499702328
0.10092528860766849	0.013402761050221002	-1.9784986895772154
0.10185913880541175	0.013408802452895295	-1.9962996295313022
0.10280162981264741	0.01341494487952916	-2.0143266628950784
0.10375284158180131	0.013421191873497322	-2.032575233298617
0.10471285480509002	0.013427546916928127	-2.0510417343757266
0.1056817509213659	0.013434013444622864	-2.069723349079475
0.10665961212302584	0.01344059485688901	-2.0886179201735104
0.10764652136298355	0.01344729453128127	-2.1077238452462597
0.10864256236170661	0.013454115833302485	-2.127039991131122
0.10964781961431856	0.01346106212614604	-2.146565623773013
0.1106623783977667	0.01346813677957404	-2.166300350458912
0.11168632477805618	0.013475343178028095	-2.1862440719987157
0.1127197456175511	0.013482684728066541	-2.206396942955818
0.11376272858234315	0.013490164865215497	-2.2267593384222604
0.11481536214968835	0.013497787060314239	-2.2473318261404174
0.11587773561551268	0.013505554825427176	-2.2681151430124316
0.11694993910198717	0.013513471719387235	-2.289110175226273
0.11803206356517304	0.013521541353028504	-2.310317941375441
0.11912420080273756	0.013529767394159288	-2.3317395780662777
0.12022644346174137	0.013538153572321049	-2.353376327600335
0.1213388850464978	0.013546703683373646	-2.375229527393737
0.12246161992650495	0.01355542159394276	-2.397300600855449
0.12359474334445113	0.013564311245761523	-2.419591049494711
0.12473835142429439	0.01357337665993513	-2.4421024460670613
0.1258925411794168	0.013582621941154132	-2.4648364286002575
0.12705741052085426	0.013592051281880062	-2.4877946951674157
0.12823305826560225	0.013601668966524535	-2.510978999296043
0.1294195841449987	0.013611479375641576	-2.5343911459191713
0.13061708881318423	0.01362148699015141	-2.558032987789293
0.1318256738556408	0.01363169639561253	-2.581906422287815
0.13304544179780922	0.013642112286558395	-2.6060133885726793
0.13427649611378642	0.01365273947091371	-2.6303558650151597
0.13551894123510363	0.013663582874505182	-2.654935866883758
0.13677288255958495	0.013674647545680993	-2.6797554442388822
0.13803842646028852	0.013685938660052984	-2.7048166800070366
0.13931568029453034	0.013697461525375128	-2.7301216882071797
0.14060475241299142	0.01370922158657251	-2.7556726123055166
0.14190575216890927	0.013721224430934266	-2.781471623677851
0.1432187899273544	0.013733475793484676	-2.807520920161174
0.1445439770745928	0.013745981562546755	-2.833822724678223
0.1458814260275349	0.013758747785512938	-2.8603792839205564
0.14723125024327194	0.013771780674837997	-2.8871928670772706
0.14859356422870074	0.013785086614269958	-2.9142657645976646
0.1499684835502374	0.013798672165335321	-2.9416002869774824
0.15135612484362088	0.01381254407409568	-2.969198763559021
0.15275660582380732	0.013826709278193704	-2.997063541336513
0.154170045294956	0.013841174914207395	-3.0251969837587005
0.1555965631605075	0.013855948325332485	-3.053601469521106
0.15703628043335532	0.013871037069414102	-3.0822793913412276
0.15848931924611143	0.013886448927350123	-3.11123315471005
0.15995580286146696	0.013902191911889898	-3.1404651766138834
0.1614358556826487	0.01391827427685376	-3.169977884220804
0.1629296032639723	0.013934704526800115	-3.1997737135262168
0.16443717232149324	0.013951491427169194	-3.229855107952481
0.16595869074375613	0.013968644014933996	-3.260224516897586
0.16749428760264382	0.013986171609791667	-3.290884394228392
0.1690440931643265	0.01400408382593045	-3.32183719671382
0.17060823890031243	0.014022390584410373	-3.3530853823939784
0.17218685749860077	0.014041102126198355	-3.3846314088811353
0.17378008287493762	0.014060229025901658	-3.416477731588927
0.1753880501841762	0.014079782206246937	-3.4486268018862627
0.1770108958317422	0.014099772953355879	-3.4810810651728916
0.17864875748520517	0.014120212932872387	-3.5138429588737377
0.180301774085957	0.014141114207000677	-3.546914910349612
0.18197008586099844	0.014162489252518647	-3.580299334722244
0.18365383433483473	0.014184350979835942	-3.6139986326122187
0.18535316234148125	0.01420671275317207	-3.6480151877887845
0.18706821403658017	0.014229588411936446	-3.682351364731346
0.18879913490962946	0.014252992293398948	-3.7170095061030617
0.19054607179632482	0.014276939256747608	-3.751991930138067
0.19230917289101596	0.01430144470863834	-3.7873009279446124
0.19408858775927793	0.01432652463035129	-3.8229387607278964
0.19588446735059908	0.014352195606678268	-3.8589076569375265
0.1976969640111862	0.014378474856677865	-3.895209809346309
0.19952623149688808	0.014405380266446981	-3.931847372068898
0.20137242498623895	0.014432930424071897	-3.968822457530909
0.2032357010936223	0.014461144656937486	-4.00613713340172
0.20511621788255666	0.014490043071590823	-4.043793419506989
0.20701413487910436	0.014519646596374374	-4.0817932847402
0.2089296130854041	0.014549977027066131	-4.1201386439964445
0.2108628149933291	0.014581057075787553	-4.158831355156043
0.21281390459827135	0.014612910423467622	-4.197873216150582
0.21478304741305343	0.014645561776181586	-4.237265962149995
0.21677041048196952	0.014679036925716413	-4.277011262915889
0.2187761623949553	0.014713362814753857	-4.317110720374182
0.22080047330189004	0.014748567607104615	-4.35756586646915
0.22284351492703042	0.014784680763475765	-4.398378161371271
0.22490546058357816	0.014821733123308643	-4.439548992123289
0.22698648518838224	0.01485975699328659	-4.481079671822827
0.22908676527677735	0.014898786243182725	-4.522971439455877
0.23120647901755953	0.01493885640979833	-4.565225460514115
0.23334580622810033	0.014980004809834446	-4.607842828550666
0.23550492838960102	0.015022270662644048	-4.650824567853932
0.23768402866248772	0.015065695223932862	-4.694171637448506
0.2398832919019491	0.01511032193161461	-4.73788493666607
0.2421029046736179	0.015156196565186651	-4.781965312569435
0.24434305526939726	0.015203367420174982	-4.8264135695590875
0.246603933723434	0.015251885499411614	-4.871230481546982
0.24888573182823917	0.015301804723154152	-4.91641680714652
0.25118864315095807	0.015353182160346528	-4.961973308404169
0.2535128630497908	0.015406078283656286	-5.007900773688205
0.25585858869056466	0.015460557251319496	-5.054200045457647
0.2582260190634597	0.01551668721928896	-5.100872053761965
0.26061535499988964	0.015574540687730079	-5.147917856475172
0.2630267991895383	0.015634194886559167	-5.195338687451583
0.26546055619755404	0.01569573220549148	-5.243136014011724
0.2679168324819033	0.01575924067498931	-5.291311605434997
0.2703958364108845	0.015824814505606567	-5.339867614461581
0.2728977782808042	0.01589255469455762	-5.388806674204482
0.27542287033381674	0.01596256970994806	-5.438132013361801
0.277971326775929	0.016034976265060882	-5.487847593223419
0.2805433637951715	0.016109900197478384	-5.5379582707162225
0.28313919957993805	0.01618747747074933	-5.58846999266851
0.2857590543374948	0.016267855319923936	-5.639390027650745
0.2884031503126607	0.01635119356676047	-5.690727243237627
0.29107171180666064	0.016437666136000378	-5.742492438430057
0.2937649651961532	0.0165274628111315	-5.794698743403174
0.2964831389524344	0.016620791276935918	-5.847362101881816
0.29922646366081906	0.016717879507419615	-5.900501855525211
0.30199517204020176	0.01681897857221305	-5.954141455057883
0.30478949896279844	0.01692436595326809	-6.008309329973517
0.307609681474071	0.017034349488103128	-6.063039958112354
0.3104559588128357	0.017149272087991756	-6.118375189199434
0.3133285724315587	0.01726951742220745	-6.174365893876295
0.3162277660168381	0.017395516816825083	-6.231074033840413
0.31915378551007634	0.01752775769461168	-6.288575282383287
0.3221068791283436	0.017666793990068052	-6.346962372405919
0.32508729738543457	0.01781325912417451	-6.406349417959338
0.3280952931131192	0.017967882337917407	-6.466877556948909
0.3311311214825913	0.018131509496633533	-6.528722416235279
0.33419504002611444	0.01830512994832677	-6.592104141098598
0.3372873086588691	0.018489911762583033	-6.65730112955425
0.34040818970100106	0.01868724894693846	-6.724669334965793
0.34355794789987465	0.018898826749452806	-6.794670544475268
0.34673685045253166	0.019126717684038258	-6.867917442256122
0.3499451670283573	0.01937354801070272	-6.945263359102214
0.353183169791957	0.01964301715287232	-7.0281653066875664
0.35645113342624424	0.019879465564862787	-7.227756400659323
0.3597493351557423	0.0202591462238135	-7.211203176705532
0.36307805477010135	0.02062443706621243	-7.320173968681204
0.36643757464783333	0.02103756573442053	-7.444532126882977
0.3698281797802663	0.02151344945002801	-7.591302219726981
0.3732501577957206	0.022074111365618262	-7.771699385231263
0.37670379898390893	0.022755158100898985	-8.005471211719481
0.38018939632056126	0.023619695047678788	-8.331078147742504
0.38370724549227886	0.024794812232804	-8.834865068011084
0.3872576449216173	0.0265918315010978	-9.758957834081958
0.3908408957924021	0.030079985356301967	-12.115951034454465
0.39445730207527846	0.0424244761850385	-27.155936713772363
0.3981071705534973	0.010774502261853164	-30.29089288894199
0.40179081084894	0.020801270769001134	-9.049093705581926
0.40550853544838394	0.026018095546459803	-10.104866042283135
0.40926065973001097	0.03193424641274079	-14.392982880072589
0.41304750199016144	0.042144108556403805	-26.07979069763877
0.4168693834703355	0.0472159528481702	-74.33968999275973
0.4207266283844442	0.014809565791067994	-93.58290962600384
0.424619563946313	0.009447629861821719	-46.11074776737696
0.4285485203974396	0.011832737621042679	-23.920732274701535
0.43251383103500884	0.014076320923933206	-16.96648182527784
0.4365158322401661	0.015820459105880307	-14.095140344859672
0.44055486350655343	0.017252414764184928	-12.678430533933192
0.4446312674691088	0.01851596891194875	-11.915559329997436
0.4487453899331323	0.019714225931090762	-11.502105032702557
0.4528975799036209	0.020939851308283255	-11.309217700524236
0.4570881896148752	0.02231159163429743	-11.292702616513923
0.46131757456037953	0.024052569209947496	-11.490759422923736
0.4655860935229591	0.02677953866619869	-12.197579965116065
0.4698941086052156	0.032785633415267613	-17.049770196390362
0.4742419852602448	0.06607310430071134	-63.698951427226476
0.47863009232263853	0.011027804472745678	-28.058276617756313
0.48305880203977286	0.017399273417421975	-14.640654870647152
0.4875284901033865	0.020233892406473858	-13.254596276461466
0.4920395356814511	0.022087249536826736	-13.045566000467474
0.49659232145033627	0.023573549927700384	-13.174243668346904
0.5011872336272725	0.024907186913369097	-13.464557333950783
0.5058246620031143	0.02618600859443114	-13.86439096666219
0.5105049999754064	0.027464586870773324	-14.357846193585324
0.5152286445817567	0.02877906632375298	-14.943396810224343
0.5199959965335162	0.0301573401389567	-15.627119949543486
0.5248074602497729	0.031623886468422756	-16.420507158484007
0.5296634438916581	0.03320238433061232	-17.340047753611966
0.5345643593969719	0.03491728201699424	-18.407722058451846
0.5395106225151278	0.036794753199531474	-19.652150208303567
0.5445026528424215	0.038863101551557706	-21.11037050479673
0.5495408738576248	0.041152358858010225	-22.830312202696923
0.5546257129579107	0.0436923853690597	-24.874022318935324
0.5597576014951101	0.04650803815776745	-27.321535104685747
0.5649369748123025	0.04960869698661082	-30.27471600600041
0.5701642722807475	0.052967512021952254	-33.85897343679734
0.5754399373371569	0.05648393472873891	-38.21750550589199
0.580764417521312	0.05992552898877783	-43.48676957647089
0.5861381645140288	0.06286379028943304	-49.73477411509494
0.591561634175474	0.06467092016064077	-56.847893124640684
0.5970352865838369	0.06470521201848364	-64.39633873865792
0.6025595860743578	0.0627293743552868	-71.59826064240245
0.6081350012787179	0.05928101291075088	-77.52216122906505
0.6137620051647943	0.05561738512089999	-81.50334438983995
0.6194410750767815	0.05343055259600878	-83.68949397317185
0.6251726927756859	0.055098449881850954	-86.34346751472778
0.6309573444801934	0.0634686718529918	-101.45868464780223
0.6367955209079159	0.02782908224101535	-159.74822294639438
0.6426877173170198	0.0393125482020722	-34.32988981546194
0.6486344335482385	0.05124156867639019	-77.43279055405272
0.654636174067275	0.04783512657490491	-84.53236364794559
0.6606934480075961	0.047463811000270896	-85.67806448558684
0.6668067692136223	0.049436355295002746	-88.9722582427103
0.6729766562843178	0.051230093239337776	-93.4257656578025
0.6792036326171846	0.05235546988578771	-98.72578559270617
0.6854882264526617	0.05256774370630755	-104.46563975070173
0.6918309709189366	0.05185222666704575	-110.26655614027263
0.6982324040771715	0.05035862800576923	-115.83793193448932
0.7046930689671471	0.048314135647092936	-120.99609287769869
0.7112135136533292	0.04594765399120724	-125.65343647836124
0.7177942912713619	0.0434464030364528	-129.79244656668274
0.7244359600749902	0.04094327869831187	-133.43828614926448
0.7311390834834176	0.03852229273865525	-136.63733143393367
0.7379042301291011	0.036230473299319374	-139.44317304209412
0.7447319739059892	0.0340896887679731	-141.90871438473005
0.7516228940182057	0.0321059680661209	-144.08235085178038
0.758577575029184	0.030276041858650075	-146.00655374371206
0.7655966069112565	0.028591619780574593	-147.71772957879674
0.7726805850957026	0.02704204996596572	-149.2466781031052
0.7798301105232589	0.025615901928306466	-150.61927538380257
0.7870457896950989	0.0243018629176373	-151.85718889995437
0.7943282347242817	0.023089206519410557	-152.9785267732555
0.8016780633876793	0.021967987534911186	-153.99834743573356
0.8090958991783825	0.02092898841744171	-154.9288007656244
0.8165823713585927	0.01996260076194949	-155.77637255722206
0.8241381150130026	0.019091032231373737	-156.62078166419354
0.8317637711026713	0.018239301136839643	-157.31175614449558
0.8394599865193977	0.017457721471705025	-157.98087841608927
0.8472274141405968	0.016727235660299888	-158.60433160633195
0.8550667128846836	0.01604264656916969	-159.18538090485447
0.8629785477669706	0.015399766803201705	-159.72787261835782
0.870963589956081	0.014794942517945664	-160.23532753170971
0.8790225168308847	0.01422493124917281	-160.7108534352078
0.8871560120379608	0.013686836833616762	-161.15716802927437
0.8953647655495938	0.013178062170186114	-161.5766397505476
0.9036494737223014	0.012696270859439635	-161.97132787395722
0.9120108393559097	0.012239354722099296	-162.34301756926487
0.9204495717531712	0.011805405793241882	-162.69324911474553
0.9289663867799363	0.01139269193178231	-163.02334139378294
0.9375620069258802	0.010999635415385971	-163.33440996931452
0.946237161365793	0.010624794010243185	-163.62737994539586
0.9549925860214359	0.010266844075831394	-163.90299363049596
0.9638290236239705	0.009924565307946094	-164.1618127482036
0.9727472237769651	0.009596826745552641	-164.40421458757112
0.9817479430199844	0.009282573668850703	-164.63038100843053
0.9908319448927676	0.008980814993859835	-164.84027854647962
1.	0.008690610715261246	-165.03362688191362
1.0092528860766845	0.008411058850862676	-165.20985144889178
1.0185913880541169	0.00814128117536917	-165.36801363856034
1.0280162981264735	0.007880406759972062	-165.50670830226414
1.0375284158180127	0.007627551891920963	-165.62391203820366
1.0471285480508996	0.007381794219165042	-165.71675506672554
1.0568175092136585	0.007142137740694882	-165.78117051814112
1.066596121230258	0.006907463155486126	-165.81133985115275
1.076465213629835	0.006676454347717721	-165.79878519204735
1.0864256236170655	0.00644748494817853	-165.73082090822237
1.096478196143185	0.006218435957284261	-165.58777664799845
1.1066237839776665	0.005986390054655403	-165.3377048145383
1.1168632477805611	0.005747097500211834	-164.92550647259338
1.1271974561755105	0.005494009510407014	-164.2483666978418
1.1376272858234309	0.005216524966970275	-163.0930081932184
1.1481536214968828	0.004897349080724673	-160.94692194826953
1.1587773561551262	0.0045159011632667665	-156.29207702711398
1.1694993910198712	0.004181113257482169	-143.38841388406664
1.1803206356517297	0.0063811846208916365	-117.2924019151835
1.191242008027375	0.01031554659001541	-157.5158167318484
1.2022644346174132	0.0074778524464320815	-171.15231439147624
1.2133888504649775	0.006388447272792136	-172.5430759537187
1.224616199265049	0.005824930508456558	-172.5828264727327
1.2359474334445106	0.005455916857508212	-172.42326911340714
1.2473835142429432	0.0051786522650823985	-172.25421186573254
1.2589254117941675	0.00495207407442234	-172.10921107238406
1.270574105208542	0.0047566773452273736	-171.98933689400494
1.2823305826560218	0.004581967915662636	-171.88862151571607
1.2941958414499863	0.0044217174452247645	-171.79996278270005
1.3061708881318417	0.004271897754504611	-171.71632476684445
1.3182567385564075	0.004129673068941994	-171.6306374816781
1.3304544179780915	0.003992851894097232	-171.5352259973869
1.3427649611378643	0.0038595465155005395	-171.42088562147435
1.3551894123510364	0.0037279161059129754	-171.2754094615795
1.3677288255958495	0.003595913703391834	-171.08103866979766
1.3803842646028852	0.003460957325653985	-170.80961213274747
1.3931568029453034	0.0033194010042875894	-170.41239893178692
1.4060475241299142	0.003165554731399535	-169.79628116322755
1.4190575216890926	0.002989684247424471	-168.7595606238875
1.432187899273544	0.0027737397569335374	-166.78251444561516
1.4454397707459279	0.0024844979780487245	-162.12719796074234
1.4588142602753489	0.00213568005804519	-146.35719908049538
1.4723125024327193	0.0037975322774964257	-109.64547677735139
1.4859356422870074	0.00625940407324542	-159.39040462340174
1.499684835502374	0.004555913492068048	-172.52228245742347
1.5135612484362087	0.003916960528499596	-174.41525244322054
1.5275660582380732	0.00358384172474221	-174.82789367604727
1.54170045294956	0.003366650925524289	-174.91791655804295
1.555965631605075	0.003205311785681715	-174.922982198207
1.5703628043335531	0.0030753731645891662	-174.90745323388546
1.584893192461114	0.0029650865879989902	-174.89114148425793
1.5995580286146696	0.002868114234467958	-174.88016848951298
1.6143585568264869	0.00278073208435964	-174.87601241763772
1.629296032639723	0.002700602763266459	-174.8785273323055
1.6443717232149324	0.0026261798145172893	-174.88703569461896
1.6595869074375613	0.0025563947738166874	-174.9007392565594
1.6749428760264382	0.002490482057551335	-174.9188716714032
1.690440931643265	0.0024278757449043096	-174.94074921904786
1.7060823890031243	0.002368146033827584	-174.9657809956603
1.7218685749860079	0.002310958649072373	-174.99346360028468
1.7378008287493762	0.0022560480736511573	-175.02337071697866
1.753880501841762	0.0022031994000392663	-175.05514186705707
1.770108958317422	0.0021522357216521354	-175.0884719857914
1.7864875748520517	0.002103009181580431	-175.12310235298295
1.803017740859568	0.0020553944934272846	-175.15881293558328
1.8197008586099825	0.0020092841689193512	-175.1954160181182
1.8365383433483455	0.0019645849465790813	-175.23275094095823
1.8535316234148105	0.0019212150803016735	-175.27067976436336
1.8706821403657996	0.0018791022533330465	-175.30908369468017
1.8879913490962925	0.0018381819536796126	-175.34786013338982
1.9054607179632463	0.0017983961944950937	-175.38692023366445
1.9230917289101574	0.0017596924955408585	-175.42618687032564
1.9408858775927773	0.0017220230644642144	-175.46559294701106
1.958844673505989	0.0016853441326234752	-175.50507997906303
1.97696964011186	0.0016496154116198707	-175.54459690255837
1.9952623149688788	0.00161479964497239	-175.58409906946008
2.0137242498623875	0.0015808622354322064	-175.62354739652392
2.032357010936221	0.0015477709329187914	-175.662907641709
2.0511621788255647	0.001515495571413163	-175.70214978673363
2.0701413487910414	0.001484007845673894	-175.7412475083373
2.0892961308540388	0.0014532811205677312	-175.7801777239591
2.108628149933289	0.0014232902672850663	-175.8189202000766
2.1281390459827114	0.0013940115218543255	-175.857457213501
2.147830474130533	0.001365422362260644	-175.8957732575847
2.167704104819694	0.0013375014011738021	-175.93385478665164
2.1877616239495516	0.0013102282918430886	-175.97168999306382
2.208004733018899	0.0012835836451561787	-176.00926861224508
2.228435149270303	0.001257548956210619	-176.04658175172705
2.2490546058357803	0.0012321065390292721	-176.08362174089837
2.2698648518838214	0.0012072394682797849	-176.12038199864782
2.2908676527677723	0.0011829315270441563	-176.15685691651595
2.312064790175594	0.0011591671598364499	-176.1930417553243
2.333458062281002	0.0011359314301915256	-176.22893255354558
2.355049283896009	0.0011132099822506196	-176.26452604592973
2.376840286624876	0.0010909890058549486	-176.2998195911068
2.39883291901949	0.0010692552047294873	-176.33481110706785
2.4210290467361775	0.0010479957673984331	-176.36949901357235
2.4434305526939712	0.0010271983405236273	-176.40388218066013
2.4660393372343385	0.0010068510043991362	-176.437959882553
2.48885731828239	0.000986942250370624	-176.47173175632477
2.5118864315095797	0.0009674609599782037	-176.50519776479825
2.535128630497907	0.000948396385647057	-176.53835816319477
2.5585858869056453	0.0009297381327719441	-176.5712134691223
2.582260190634596	0.0009114761430604783	-176.60376443553767
2.6061535499988953	0.0008936006790161079	-176.63601202636283
2.6302679918953813	0.0008761023094556677	-176.66795739447346
2.654605561975539	0.0008589718959683082	-176.69960186181063
2.6791683248190314	0.000842200580233095	-176.73094690139573
2.703958364108843	0.0008257797721215444	-176.76199412105333
2.7289777828080406	0.0008097011385193217	-176.7927452486693
2.7542287033381663	0.0007939565928082062	-176.8232021188302
2.7797132677592886	0.0007785382849554724	-176.85336666070745
2.805433637951713	0.0007634385921631812	-176.8832408870635
2.831391995799379	0.0007486501100345353	-176.9128268842722
2.8575905433749464	0.0007341656442186277	-176.94212680325487
2.8840315031266055	0.0007199782024985352	-176.97114285124565
2.910717118066605	0.0007060809872910034	-176.99987728430773
2.9376496519615305	0.0006924673885288274	-177.02833240053002
2.9648313895243423	0.0006791309768996378	-177.05651053384184
2.992264636608189	0.0006660654974170803	-177.0844140483881
3.019951720402016	0.0006532648633024534	-177.11204533341459
3.047894989627983	0.0006407231501567108	-177.13940679861682
3.076096814740708	0.000628434590404394	-177.16650086991092
3.1045595881283554	0.0006163935679925567	-177.193329985589
3.1332857243155856	0.0006045946133290883	-177.21989659282497
3.162277660168379	0.0005930323984460714	-177.24620314449993
3.1915378551007616	0.0005817017323748897	-177.27225209631905
3.2210687912834346	0.0005705975567208303	-177.29804590419496
3.250872973854344	0.0005597149414258092	-177.32358702187443
3.2809529311311905	0.0005490490807086872	-177.34887789878695
3.311311214825911	0.0005385952891733925	-177.3739209780972
3.3419504002611427	0.0005283489980757572	-177.39871869494334
3.372873086588689	0.0005183057517405963	-177.42327347484493
3.404081897010009	0.0005084612041211412	-177.44758773226752
3.4355794789987466	0.0004988111154934626	-177.4716638693293
3.4673685045253166	0.0004893513492790004	-177.49550427463845
3.499451670283573	0.0004800778689887689	-177.51911132225035
3.53183169791957	0.0004709867352832135	-177.54248737073456
3.5645113342624426	0.00046207410314206486	-177.56563476234197
3.5974933515574232	0.0004533362191389044	-177.58855582226434
3.630780547701014	0.00044476941881545733	-177.61125285797812
3.664375746478333	0.00043637012415093644	-177.63372815866592
3.6982817978026628	0.000428134841122043	-177.6559839947086
3.732501577957206	0.0004200601573494747	-177.67802261724268
3.767037989839089	0.0004121427398270365	-177.69984625777693
3.801893963205613	0.0004043793327296739	-177.72145712786408
3.8370724549227884	0.0003967667552969438	-177.74285741882227
3.8725764492161727	0.0003893018997886439	-177.76404930150213
3.908408957924021	0.00038198172950948753	-177.78503492609616
3.944573020752785	0.0003748032768998886	-177.80581642198626
3.981071705534973	0.00036776364169006974	-177.82639589762638
4.0179081084894	0.0003608599891148558	-177.84677544045744
4.055085354483839	0.00035408954818665333	-177.86695711685118
4.09260659730011	0.0003474496100242408	-177.88694297208139
4.130475019901614	0.00034093752623511915	-177.9067350303188
4.168693834703355	0.0003345507073492766	-177.92633529464885
4.207266283844442	0.00032828662130234123	-177.94574574710953
4.24619563946313	0.0003221427919661776	-177.96496834874748
4.285485203974396	0.00031611679772509244	-177.98400503969094
4.325138310350088	0.0003102062700958917	-178.00285773923804
4.365158322401661	0.0003044088923901221	-178.0215283459585
4.405548635065534	0.0002987223984168985	-178.04001873780805
4.446312674691089	0.000293144571224807	-178.05833077225375
4.487453899331323	0.0002876732418814289	-178.07646628640964
4.528975799036209	0.00028230628828910306	-178.09442709718132
4.570881896148752	0.0002770416340356089	-178.11221500141852
4.613175745603791	0.0002718772472785059	-178.12983177607492
4.655860935229586	0.00026681113966191917	-178.14727917837445
4.698941086052151	0.00026184136526462835	-178.16455894598306
4.742419852602444	0.0002569660195783393	-178.18167279718543
4.7863009232263805	0.0002521832385150812	-178.19862243106562
4.830588020397723	0.00024749119744254616	-178.21540952768706
4.875284901033861	0.00024288811025114323	-178.23203574836276
4.920395356814506	0.00023837222842661897	-178.24850273555984
4.965923214503357	0.0002339418401912326	-178.26481211353993
5.01187233627272	0.00022959526961995763	-178.28096548819875
5.058246620031137	0.00022533087581208462	-178.29696444739736
5.105049999754059	0.0002211470520752407	-178.31281056114335
5.152286445817562	0.00021704222513276958	-178.32850538178798
5.1999599653351565	0.00021301485435255962	-178.34405044422476
5.248074602497723	0.0002090634309965881	-178.35944726608835
5.296634438916575	0.0002051864774905106	-178.3746973479533
5.345643593969713	0.00020138254671264735	-178.38980217353264
5.395106225151273	0.00019765022130175593	-178.40476320987628
5.445026528424209	0.00019398811298298877	-178.4195819075682
5.495408738576242	0.00019039486191147086	-178.43425970092338
5.5462571295791046	0.000186869136032944	-178.44879800818345
5.597576014951099	0.00018340963046095015	-178.46319823171126
5.649369748123022	0.00018001506687004434	-178.47746175818443
5.701642722807472	0.00017668419290454605	-178.4915899587872
5.754399373371567	0.0001734157816023577	-178.5055841894011
5.807644175213118	0.00017020863083339304	-178.51944579079415
5.861381645140285	0.00016706156275217874	-178.53317608880798
5.9156163417547365	0.0001639734232642035	-178.5467763945438
5.9703528658383656	0.00016094308150560924	-178.56024800454625
6.025595860743575	0.00015796942933582854	-178.57359220098562
6.081350012787176	0.00015505138084279026	-178.58681025183796
6.137620051647939	0.00015218787186032512	-178.59990341106376
6.194410750767812	0.00014937785949741962	-178.61287291878398
6.251726927756856	0.00014662032167897472	-178.6257200014548
6.30957344480193	0.0001439142566977407	-178.63844587203988
6.367955209079155	0.00014125868277710927	-178.65105173018082
6.426877173170194	0.00013865263764445524	-178.66353876236553
6.486344335482381	0.00013609517811472946	-178.6759081420944
6.546361740672747	0.00013358537968401757	-178.6881610300448
6.6069344800759575	0.00013112233613278402	-178.70029857423296
6.668067692136219	0.00012870515913853507	-178.71232191017415
6.729766562843175	0.00012633297789763835	-178.7242321610408
6.792036326171843	0.000124004938756051	-178.7360304378182
6.854882264526613	0.00012172020484870842	-178.7477178394586
6.918309709189362	0.00011947795574734373	-178.75929545303288
6.9823240407717115	0.00011727738711650448	-178.7707643538803
7.046930689671467	0.00011511771037755125	-178.78212560575625
7.112135136533288	0.00011299815238042022	-178.7933802609778
7.177942912713615	0.00011091795508294559	-178.80452936056767
7.244359600749899	0.00010887637523754048	-178.8155739343955
7.311390834834173	0.00010687268408504286	-178.82651500131777
7.379042301291007	0.0001049061670555366	-178.8373535693155
7.447319739059888	0.00010297612347596804	-178.84809063562992
7.516228940182053	0.00010108186628437959	-178.8587271868963
7.585775750291836	0.00009922272175058899	-178.86926419927605
7.655966069112561	0.00009739802920314955	-178.8797026385865
7.726805850957022	0.00009560714076242867	-178.89004346042938
7.798301105232586	0.0000938494210796494	-178.9002876103168
7.870457896950985	0.00009212424708174324	-178.91043602379614
7.943282347242813	0.00009043100772186685	-178.9204896265723
8.01678063387679	0.00008876910373544035	-178.9304493346292
8.090958991783822	0.0000871379474015682	-178.94031605434836
8.165823713585922	0.00008553696230970905	-178.95009068262686
8.241381150130021	0.00008396558313146232	-178.9597741069928
8.317637711026709	0.00008242325539734721	-178.96936720571944
8.394599865193973	0.00008090943527844852	-178.97887084793754
8.472274141405963	0.0000794235893728112	-178.9882858937463
8.550667128846833	0.00007796519449646738	-178.99761319432238
8.629785477669701	0.00007653373747898197	-179.00685359202745
8.709635899560805	0.0000751287149634084	-179.01600792051434
8.790225168308842	0.00007374963321054724	-179.02507700483136
8.871560120379607	0.0000723960079074038	-179.03406166152533
8.953647655495937	0.00007106736397974473	-179.04296269874308
9.036494737223014	0.00006976323540865518	-179.05178091633138
9.120108393559097	0.00006848316505100119	-179.06051710593547
9.204495717531712	0.00006722670446370503	-179.0691720510962
9.289663867799362	0.0000659934137317432	-179.0777465273458
9.375620069258803	0.00006478286129977929	-179.08624130230214
9.462371613657929	0.00006359462380734682	-179.09465713576174
9.549925860214358	0.00006242828592749879	-179.10299477979154
9.638290236239705	0.00006128344020884285	-179.11125497881895
9.727472237769652	0.000060159686920884694	-179.11943846972122
9.817479430199844	0.00005905663390260154	-179.1275459819129
9.908319448927676	0.0000579738964141725	-179.13557823743267
10.	0.00005691109699179286	-179.14353595102838
10.092528860766844	0.00005586786530550136	-179.1514198302413
10.18591388054117	0.000054843838019952405	-179.15923057548886
10.280162981264736	0.00005383865865806544	-179.16696888014658
10.375284158180126	0.00005285197746748691	-179.1746354306284
10.471285480508996	0.000051883451289800734	-179.18223090646634
10.568175092136585	0.00005093274343242583	-179.1897559803887
10.665961212302578	0.00004999952354313975	-179.19721131839736
10.76465213629835	0.000049083467487170256	-179.2045975798439
10.864256236170656	0.00004818425722679723	-179.2119154175048
10.964781961431852	0.00004730158070340868	-179.2191654776553
11.066237839776663	0.000046435131721957105	-179.22634840014277
11.168632477805613	0.00004558460983776264	-179.23346481845843
11.271974561755105	0.000044749720245611146	-179.24051535980854
11.37627285823431	0.000043930173671097185	-179.2475006451846
11.481536214968829	0.000043125686264162154	-179.25442128943223
11.587773561551263	0.00004233597949477983	-179.26127790131957
11.694993910198711	0.000041560780050742554	-179.26807108360438
11.803206356517286	0.00004079981973750212	-179.27480143310058
11.912420080273739	0.00004005283538002059	-179.28146954074356
12.022644346174118	0.000039319568726588665	-179.28807599165478
12.133888504649763	0.000038599766354567324	-179.29462136520561
12.246161992650476	0.00003789317957801315	-179.30110623508006
12.359474334445094	0.000037199564357145523	-179.3075311693369
12.47383514242942	0.00003651868120961704	-179.31389673047096
12.589254117941662	0.000035850295123548386	-179.32020347547325
12.705741052085406	0.000035194175472289804	-179.326451955891
12.823305826560205	0.00003455009593087309	-179.3326427178861
12.941958414499851	0.000033917834394117426	-179.33877630229344
13.061708881318404	0.000033297172896354755	-179.3448532446781
13.182567385564061	0.00003268789753274021	-179.3508740753919
13.304544179780901	0.00003208979838211408	-179.35683931962942
13.427649611378628	0.00003150266943138308	-179.3627494974829
13.551894123510351	0.00003092630850138863	-179.36860512399673
13.67728825595848	0.000030360517174231426	-179.37440670922123
13.803842646028839	0.000029805100722021672	-179.3801547582657
13.931568029453022	0.000029259868037025247	-179.38584977135065
14.060475241299129	0.000028724631563177	-179.39149224385966
14.190575216890911	0.00002819920722893255	-179.3970826663903
14.321878992735424	0.00002768341438143109	-179.40262152480463
14.454397707459265	0.00002717707572194199	-179.4081093002789
14.588142602753473	0.00002668001724256883	-179.41354646935287
14.723125024327178	0.000026192068164184742	-179.41893350397808
14.859356422870059	0.000025713060875574227	-179.42427087156616
14.996848355023726	0.00002524283087375618	-179.42955903503582
15.135612484362072	0.00002478121670546434	-179.4347984528599
15.275660582380716	0.00002432805990976134	-179.4399895791114
15.417004529495584	0.000023883204961763414	-179.44513286350926
15.559656316050734	0.000023446499217452894	-179.45022875146333
15.703628043335515	0.000023017792859556658	-179.45527768411898
15.848931924611126	0.000022596938844468817	-179.460280098401
15.995580286146678	0.000022183792850196426	-179.46523642705728
16.143585568264854	0.000021778213225307704	-179.4701470987015
16.292960326397214	0.00002138006093886244	-179.4750125378558
16.443717232149307	0.000020989199531304702	-179.4798331649925
16.595869074375596	0.000020605495066298808	-179.48460939657576
16.749428760264365	0.000020228816083489255	-179.48934164510237
16.90440931643263	0.000019859033552166397	-179.49403031914233
17.060823890031227	0.000019496020825819464	-179.49867582337865
17.21868574986006	0.00001913965359755948	-179.5032785586471
17.378008287493746	0.00001878980985639446	-179.50783892197526
17.5388050184176	0.000018446369844340116	-179.51235730662088
17.701089583174202	0.000018109216014349283	-179.51683410211038
17.864875748520497	0.00001777823298904392	-179.52126969427644
18.03017740859568	0.000017453307520233755	-179.5256644652952
18.197008586099827	0.000017134328449205854	-179.53001879372326
18.365383433483455	0.00001682118666777009	-179.53433305453424
18.535316234148105	0.000016513775080045395	-179.53860761915448
18.706821403657997	0.000016211988564972237	-179.5428428554991
18.879913490962927	0.000015915723939537077	-179.54703912800684
19.054607179632463	0.000015624879922694673	-179.5511967976753
19.230917289101576	0.000015339357099974645	-179.5553162220951
19.408858775927772	0.00001505905788875878	-179.55939775548407
19.58844673505989	0.000014783886504215917	-179.563441748721
19.769696401118598	0.000014513748925881734	-179.5674485493789
19.952623149688787	0.000014248552864870456	-179.57141850175805
20.137242498623873	0.00001398820773170654	-179.57535194691852
20.32357010936221	0.000013732624604763955	-179.5792492227126
20.511621788255646	0.000013481716199301342	-179.5831106638165
20.701413487910415	0.000013235396837081482	-179.5869366017623
20.892961308540386	0.000012993582416563556	-179.59072736496864
21.086281499332888	0.000012756190383657296	-179.59448327877232
21.28139045982711	0.000012523139703027951	-179.59820466545838
21.47830474130533	0.000012294350829941407	-179.6018918442906
21.67704104819694	0.000012069745682639098	-179.60554513154156
21.87761623949552	0.00001184924761523245	-179.6091648405222
22.080047330188993	0.000011632781391106667	-179.61275128161122
22.28435149270303	0.000011420273156824195	-179.61630476228427
22.490546058357804	0.000011211650416518196	-179.6198255871426
22.698648518838212	0.000011006842006766571	-179.62331405794183
22.908676527677724	0.000010805778071937164	-179.62677047361996
23.12064790175594	0.000010608390039995397	-179.63019513032563
23.33458062281002	0.000010414610598765113	-179.63358832144567
23.55049283896009	0.000010224373672634114	-179.63695033763275
23.76840286624876	0.00001003761439969585	-179.6402814668325
23.9883291901949	9.854269109318887e-6	-179.6435819943107
24.210290467361776	9.674275300135937e-6	-179.64685220267992
24.434305526939713	9.497571618444448e-6	-179.65009237192632
24.660393372343385	9.324097837010946e-6	-179.65330277943585
24.888573182823905	9.153794834271326e-6	-179.65648370002052
25.118864315095795	8.986604573919602e-6	-179.65963540594456
25.351286304979073	8.822470084877706e-6	-179.66275816694994
25.58585886905645	8.661335441639047e-6	-179.66585225028243
25.82260190634596	8.503145744978785e-6	-179.66891792071684
26.06153549998895	8.3478471030238e-6	-179.67195544058262
26.302679918953814	8.195386612675483e-6	-179.67496506978915
26.54605561975539	8.045712341378833e-6	-179.67794706585084
26.791683248190314	7.898773309231047e-6	-179.68090168391242
27.039583641088434	7.75451947142336e-6	-179.6838291767739
27.289777828080403	7.612901701009789e-6	-179.68672979491575
27.542287033381662	7.473871771996523e-6	-179.6896037865239
27.797132677592884	7.337382342746039e-6	-179.6924513975148
28.05433637951713	7.2033869396898665e-6	-179.69527287156066
28.31391995799379	7.071839941344296e-6	-179.69806845011468
28.575905433749465	6.942696562623273e-6	-179.70083837243652
28.84031503126606	6.815912839442904e-6	-179.70358287561783
29.10717118066605	6.691445613612098e-6	-179.70630219460824
29.376496519615305	6.569252518004007e-6	-179.70899656224142
29.648313895243422	6.449291962002952e-6	-179.71166620926172
29.92264636608189	6.331523117221749e-6	-179.71431136435135
30.19951720402016	6.215905903484377e-6	-179.7169322541577
30.4789498962798	6.102400975068997e-6	-179.71952910332206
30.76096814740705	5.99096970720654e-6	-179.7221021345084
31.045595881283525	5.8815741828302146e-6	-179.7246515684335
31.332857243155825	5.774177179571078e-6	-179.72717762389843
31.62277660168376	5.6687421569953735e-6	-179.72968051782067
31.91537855100758	5.5652332440790735e-6	-179.73216046526852
32.21068791283432	5.4636152269153754e-6	-179.7346176794968
32.50872973854341	5.363853536650882e-6	-179.73705237198516
32.80952931131187	5.265914237646369e-6	-179.73946475247848
33.11311214825908	5.1697640158581296e-6	-179.74185502903063
33.41950400261139	5.075370167436029e-6	-179.74422340805143
33.72873086588685	4.9827005875344e-6	-179.74657009435813
34.040818970100055	4.891723759332213e-6	-179.74889529123155
34.35579478998743	4.802408743258888e-6	-179.751199200478
34.67368504525313	4.714725166422429e-6	-179.75348202249833
34.994516702835696	4.628643212236534e-6	-179.7557439563654
35.318316979195664	4.544133610243653e-6	-179.75798519991082
35.64511334262439	4.46116762613102e-6	-179.7602059498244
35.9749335155742	4.379717051936964e-6	-179.7624064017674
36.3078054770101	4.29975419644501e-6	-179.7645867505031
36.64375746478329	4.221251875763506e-6	-179.76674719004887
36.98281797802659	4.144183404088934e-6	-179.76888791385352
37.32501577957203	4.06852258465132e-6	-179.7710091150063
37.670379898390856	3.994243700840693e-6	-179.77311098648497
38.01893963205609	3.92132150751406e-6	-179.77519372145153
38.370724549227845	3.849731222483119e-6	-179.77725751360882
38.72576449216169	3.7794485181837085e-6	-179.77930255763152
39.08408957924017	3.7104495135292025e-6	-179.78132904969286
39.44573020752781	3.6427107659514194e-6	-179.78333718811203
39.81071705534969	3.5762092636344616e-6	-179.78532717415618
40.17908108489396	3.5109224179493787e-6	-179.78729921304267
40.55085354483835	3.446828056100664e-6	-179.78925351520098
40.92606597300105	3.3839044139999937e-6	-179.79119029787677
41.304750199016105	3.322130129388359e-6	-179.79310978718877
41.68693834703351	3.2614842352358217e-6	-179.79501222079358
42.07266283844438	3.2019461534590896e-6	-179.79689785137353
42.46195639463126	3.1434956890129062e-6	-179.79876695125424
42.85485203974392	3.0861130244333334e-6	-179.80061981859254
43.251383103500835	3.0297787149433582e-6	-179.80245678577847
43.65158322401656	2.9744736842787445e-6	-179.8042782310088
44.0554863506553	2.9201792214631063e-6	-179.80608459448055
44.46312674691084	2.8668769788698683e-6	-179.80787640144467
44.87453899331318	2.8145489720782045e-6	-179.80965429565666
45.28975799036204	2.763177582300675e-6	-179.81141908895802
45.708818961487474	2.712745562603674e-6	-179.81317183653627
46.13175745603791	2.663236049889864e-6	-179.81491395427668
46.55860935229586	2.614632585915398e-6	-179.81664740743173
46.98941086052151	2.566919152972078e-6	-179.81837502480548
47.42419852602443	2.5200802343111634e-6	-179.82010104376346
47.8630092322638	2.4741009181910943e-6	-179.82183210219534
48.30588020397723	2.4289670828874654e-6	-179.82357915063648
48.7528490103386	2.3846657413637307e-6	-179.82536140473488
49.20395356814506	2.3411857246928967e-6	-179.82721525727155
49.65923214503358	2.2985191515824527e-6	-179.82921674087325
50.118723362727195	2.256664935713864e-6	-179.8315471949669
50.58246620031137	2.2156383233446596e-6	-179.8347295873195
51.0504999975406	2.175500229936666e-6	-179.8407904650394
51.52286445817562	2.1363900088074606e-6	-179.86246238108853
51.99959965335157	2.095175008100879e-6	-179.92365171618522
52.48074602497723	2.056227889360025e-6	-179.8567642131829
52.966344389165755	2.0191910702130183e-6	-179.8450737113417
53.45643593969714	1.9825708718042724e-6	-179.8431825839018
53.95106225151273	1.9465106091035068e-6	-179.84335141902335
54.450265284242086	1.911058567655353e-6	-179.8441776459132
54.95408738576243	1.8762271750896978e-6	-179.84526886344284
55.462571295791044	1.842016058961553e-6	-179.84648224735406
55.97576014951099	1.8084196198562345e-6	-179.84775605840605
56.49369748123023	1.77542989710214e-6	-179.84906018379803
57.01642722807472	1.743037799946888e-6	-179.85037856814432
57.543993733715666	1.7112336921713768e-6	-179.8517020492048
58.07644175213118	1.6800076922851087e-6	-179.85302511400857
58.61381645140285	1.649349837432175e-6	-179.85434430403865
59.15616341754737	1.6192501772757049e-6	-179.85565737722118
59.70352865838366	1.5896988297747312e-6	-179.85696284271896
60.255958607435744	1.5606860151975297e-6	-179.85825969047997
60.81350012787176	1.5322020771881984e-6	-179.85954722769782
61.37620051647939	1.504237495858901e-6	-179.86082497650528
61.94410750767812	1.4767828958219664e-6	-179.8620926080502
62.51726927756855	1.449829050928092e-6	-179.86334989889485
63.0957344480193	1.423366886813186e-6	-179.86459670150538
63.67955209079155	1.397387481960327e-6	-179.86583292386246
64.26877173170195	1.371882067740203e-6	-179.86705851511036
64.86344335482381	1.3468420277403249e-6	-179.86827345528607
65.46361740672747	1.3222588965947448e-6	-179.86947774785645
66.06934480075958	1.29812435846121e-6	-179.87067141422008
66.68067692136219	1.2744302452492546e-6	-179.87185448960543
67.29766562843174	1.2511685346731667e-6	-179.87302701997496
67.92036326171844	1.228331348183274e-6	-179.87418905966354
68.54882264526613	1.2059109488146385e-6	-179.87534066955973
69.18309709189363	1.1838997389819796e-6	-179.87648191569153
69.82324040771712	1.1622902582423197e-6	-179.87761286811835
70.46930689671467	1.141075181041427e-6	-179.8787336000557
71.12135136533288	1.1202473144562143e-6	-179.87984418717886
71.77942912713615	1.0997995959422997e-6	-179.88094470706528
72.44359600749898	1.07972509109371e-6	-179.88203523874535
73.11390834834172	1.0600169914200675e-6	-179.88311586233837
73.79042301291008	1.0406686121453175e-6	-179.8841866587564
74.47319739059888	1.02167339003106e-6	-179.88524770946137
75.16228940182053	1.0030248812268211e-6	-179.88629909626604
75.85775750291836	9.847167591489944e-7	-179.88734090116955
76.55966069112561	9.66742812389721e-7	-179.8883732062212
77.26805850957021	9.49096942656633e-7	-179.8893960934075
77.98301105232578	9.317731627440783e-7	-179.8904096445582
78.70457896950977	9.147655945362313e-7	-179.89141394126753
79.43282347242805	8.980684670423281e-7	-179.89240906482888
80.16780633876782	8.816761144640793e-7	-179.89339509617972
80.90958991783813	8.655829742952458e-7	-179.89437211585565
81.65823713585914	8.497835854532517e-7	-179.89534020395195
82.41381150130013	8.342725864426242e-7	-179.8962994400914
83.176377110267	8.1904471355002e-7	-179.89724990339732
83.94599865193965	8.040947990705208e-7	-179.898191672471
84.72274141405954	7.894177695648709e-7	-179.89912482537335
85.50667128846823	7.750086441472805e-7	-179.90004943960918
86.29785477669692	7.608625328034101e-7	-179.90096559211466
87.09635899560797	7.469746347381228e-7	-179.90187335924708
87.90225168308834	7.333402367525867e-7	-179.90277281677638
88.71560120379598	7.199547116502951e-7	-179.90366403987886
89.53647655495928	7.068135166715687e-7	-179.90454710313176
90.36494737223005	6.939121919560945e-7	-179.9054220805098
91.20108393559087	6.812463590330607e-7	-179.90628904538227
92.04495717531702	6.688117193384391e-7	-179.9071480705115
92.89663867799354	6.566040527589689e-7	-179.9079992280519
93.75620069258792	6.446192162024055e-7	-179.9088425895498
94.6237161365792	6.328531421935843e-7	-179.90967822594396
95.4992586021435	6.213018374958653e-7	-179.9105062075666
96.38290236239695	6.099613817575276e-7	-179.9113266041448
97.2747223776964	5.988279261823752e-7	-179.91213948478855
98.17479430199833	5.878976922262719e-7	-179.91294491806275
99.08319448927665	5.771669703127041e-7	-179.9137429718503
99.9999999999999	5.666321185777137e-7	-179.914533713494