0.01000000000000001	0.02390020443343168	-0.005732415492177188
0.010092528860766855	0.023900410138268706	-0.0057324719063489085
0.01018591388054118	0.023900619671852356	-0.005732529511444381
0.010280162981264745	0.02390083310553113	-0.005732588335230474
0.010375284158180138	0.023901050511974532	-0.005732648406196079
0.010471285480509006	0.02390127196523483	-0.005732709753598119
0.010568175092136596	0.02390149754073757	-0.005732772407492508
0.01066596121230259	0.023901727315292352	-0.0057328363987436196
0.010764652136298361	0.023901961367186208	-0.005732901759049811
0.010864256236170667	0.023902199776143412	-0.005732968520998777
0.010964781961431863	0.02390244262336786	-0.005733036718053273
0.011066237839776675	0.023902689991609744	-0.005733106384614288
0.011168632477805623	0.023902941965152816	-0.005733177556017793
0.011271974561755117	0.02390319862985078	-0.005733250268618869
0.011376272858234322	0.023903460073167248	-0.005733324559757874
0.01148153621496884	0.023903726384231785	-0.005733400467848342
0.011587773561551273	0.023903997653766284	-0.005733478032379091
0.011694993910198724	0.023904273974268572	-0.005733557293966938
0.01180320635651731	0.023904555439916767	-0.005733638294384867
0.011912420080273762	0.023904842146689	-0.005733721076613721
0.012022644346174144	0.023905134192299723	-0.005733805684861609
0.012133888504649786	0.023905431676342983	-0.005733892164628003
0.012246161992650502	0.0239057347002937	-0.005733980562736726
0.01235947433444512	0.023906043367449947	-0.005734070927369426
0.012473835142429446	0.02390635778311558	-0.005734163308150313
0.012589254117941687	0.023906678054545206	-0.005734257756147745
0.012705741052085433	0.02390700429098374	-0.0057343543239636195
0.012823305826560232	0.02390733660371787	-0.0057344530657638905
0.01294195841449987	0.023907675106159782	-0.0057345540373436405
0.013061708881318424	0.023908019913817774	-0.0057346572961794635
0.013182567385564082	0.02390837114436577	-0.00573476290149564
0.01330454417978092	0.023908728917678753	-0.0057348709143192934
0.013427649611378649	0.023909093355900416	-0.005734981397558124
0.01355189412351037	0.023909464583397586	-0.0057350944160379095
0.013677288255958502	0.023909842726984182	-0.005735210036617684
0.013803842646028859	0.0239102279157488	-0.005735328328227689
0.013931568029453043	0.02391062028123912	-0.005735449361946558
0.01406047524129915	0.02391101995749141	-0.005735573211117862
0.014190575216890933	0.02391142708098399	-0.005735699951372161
0.014321878992735446	0.023911841790872527	-0.005735829660781453
0.014454397707459286	0.023912264228791454	-0.0057359624198889065
0.014588142602753497	0.023912694539153716	-0.005736098311850164
0.014723125024327202	0.02391313286897478	-0.005736237422486392
0.014859356422870082	0.02391357936811995	-0.005736379840442587
0.014996848355023748	0.02391403418923009	-0.005736525657239592
0.015135612484362095	0.023914497487799977	-0.005736674967412793
0.015275660582380739	0.023914969422263684	-0.005736827868627041
0.015417004529495607	0.023915450154032854	-0.005736984461796843
0.015559656316050758	0.023915939847546246	-0.005737144851216229
0.01570362804333554	0.023916438670342533	-0.00573730914467635
0.015848931924611148	0.023916946793098748	-0.005737477453625459
0.015995580286146702	0.023917464389696098	-0.005737649893296794
0.016143585568264878	0.023917991637321907	-0.0057378265828769565
0.016292960326397238	0.023918528716445085	-0.005738007645647123
0.01644371723214933	0.023919075810981513	-0.005738193209153414
0.016595869074375623	0.023919633108257888	-0.0057383834053859484
0.01674942876026439	0.02392020079917815	-0.005738578370966958
0.016904409316432657	0.02392077907820887	-0.005738778247309216
0.017060823890031253	0.023921368143471348	-0.005738983180864805
0.017218685749860088	0.023921968196877683	-0.005739193323288218
0.017378008287493772	0.02392257944406915	-0.005739408831671069
0.01753880501841763	0.023923202094606945	-0.0057396298687775165
0.01770108958317423	0.02392383636199421	-0.0057398566032785155
0.017864875748520526	0.02392448246377112	-0.005740089210001841
0.018030177408595707	0.023925140621557955	-0.0057403278701841825
0.018197008586099853	0.0239258110611834	-0.00574057277178223
0.018365383433483484	0.0239264940127235	-0.005740824109721682
0.018535316234148135	0.023927189710604792	-0.005741082086230629
0.018706821403658026	0.023927898393680175	-0.005741346911130874
0.018879913490962956	0.023928620305315194	-0.005741618802204607
0.019054607179632494	0.023929355693479957	-0.00574189798552696
0.019230917289101597	0.02393010481080964	-0.00574218469583651
0.019408858775927792	0.023930867914762278	-0.00574247917693589
0.01958844673505991	0.02393164526762419	-0.005742781682088024
0.01976969640111862	0.023932437136658255	-0.005743092474446465
0.01995262314968881	0.02393324379420392	-0.005743411827512321
0.020137242498623895	0.023934065517736698	-0.005743740025614696
0.02032357010936223	0.023934902590012276	-0.005744077364395872
0.020511621788255666	0.02393575529910768	-0.005744424151352322
0.020701413487910436	0.023936623938613587	-0.0057447807063788
0.02089296130854041	0.023937508807648368	-0.005745147362355744
0.02108628149933291	0.023938410211006445	-0.005745524465775292
0.021281390459827135	0.023939328459294983	-0.005745912377379774
0.021478304741305354	0.023940263869000496	-0.00574631147283211
0.02167704104819696	0.023941216762647755	-0.005746722143482342
0.02187761623949554	0.023942187468850757	-0.005747144797067216
0.022080047330189013	0.023943176322493497	-0.005747579858571716
0.022284351492703053	0.023944183664848483	-0.005748027771039702
0.022490546058357826	0.023945209843661955	-0.0057484889964856
0.022698648518838235	0.023946255213297858	-0.005748964016844996
0.022908676527677748	0.023947320134889753	-0.0057494533349665014
0.023120647901755963	0.023948404976451166	-0.005749957475670358
0.023334580622810044	0.023949510112989653	-0.005750476986874518
0.023550492838960112	0.023950635926720643	-0.005751012440773079
0.023768402866248782	0.02395178280710534	-0.0057515644351008016
0.02398832919019492	0.0239529511510675	-0.005752133594450351
0.0242102904673618	0.023954141363096617	-0.005752720571673305
0.02443430552693974	0.0239553538554586	-0.005753326049399373
0.024660393372343412	0.023956589048279974	-0.005753950741580963
0.02488857318282393	0.023957847369714413	-0.005754595395187633
0.025118864315095822	0.02395912925615768	-0.005755260791994884
0.025351286304979098	0.023960435152356577	-0.005755947750451834
0.02558585886905648	0.0239617655115828	-0.005756657127707456
0.025822601906345985	0.023963120795783933	-0.0057573898217114505
0.026061535499988978	0.023964501475853116	-0.00575814677351852
0.026302679918953843	0.02396590803165835	-0.005758928969659497
0.026546055619755416	0.02396734095233633	-0.005759737444724464
0.026791683248190343	0.023968800736445608	-0.005760573284088811
0.027039583641088463	0.023970287892124912	-0.0057614376268052825
0.027289777828080432	0.023971802937310795	-0.005762331668710819
0.02754228703338169	0.023973346399960026	-0.0057632566657187965
0.02779713267759291	0.023974918818201223	-0.0057642139373210825
0.02805433637951716	0.023976520740591128	-0.005765204870378268
0.028313919957993816	0.023978152726232452	-0.005766230923069054
0.028575905433749497	0.023979815345121495	-0.005767293629217143
0.028840315031266085	0.023981509178252168	-0.005768394602838782
0.02910717118066608	0.02398323481791551	-0.005769535543040425
0.029376496519615335	0.02398499286790591	-0.005770718239225539
0.029648313895243455	0.02398678394371275	-0.005771944576719486
0.02992264636608192	0.02398860867283571	-0.0057732165427314755
0.030199517204020192	0.023990467694980283	-0.005774536232818808
0.03047894989627986	0.02399236166230493	-0.005775905857720842
0.03076096814740711	0.0239942912397278	-0.005777327750788439
0.031045595881283587	0.023996257105129412	-0.0057788043758908655
0.03133285724315589	0.023998259949651667	-0.005780338335948231
0.031622776601683826	0.02400030047798421	-0.00578193238207011
0.03191537855100765	0.024002379408624888	-0.0057835894234258296
0.03221068791283438	0.024004497474197587	-0.005785312537835423
0.03250872973854347	0.024006655421672213	-0.005787104983162386
0.03280952931131194	0.024008854012783604	-0.005788970209647045
0.03311311214825915	0.024011094024263425	-0.00579091187315372
0.03341950400261146	0.02401337624816101	-0.005792933849494959
0.03372873086588692	0.02401570149221084	-0.005795040249895357
0.034040818970100126	0.024018070580107704	-0.005797235437700821
0.0343557947899875	0.024020484351927798	-0.005799524046446907
0.0346736850452532	0.02402294366439345	-0.005801910999449533
0.034994516702835765	0.024025449391303584	-0.005804401530971269
0.035318316979195734	0.024028002423873474	-0.00580700120922355
0.03564511334262446	0.02403060367113004	-0.005809715961300581
0.03597493351557427	0.02403325406026103	-0.005812552100242944
0.03630780547701017	0.02403595453706441	-0.005815516354492305
0.03664375746478335	0.024038706066363068	-0.0058186158998903715
0.03698281797802665	0.024041509632392034	-0.00582185839456655
0.037325015779572084	0.02404436623925438	-0.005825252016899745
0.037670379898390914	0.024047276911369053	-0.005828805506997966
0.038018939632056145	0.02405024269392694	-0.00583252821193993
0.0383707245492279	0.024053264653375043	-0.005836430135236691
0.038725764492161745	0.02405634387791122	-0.005840521990964705
0.03908408957924023	0.02405948147798842	-0.00584481526303198
0.03944573020752787	0.024062678586793833	-0.00584932227015269
0.039810717055349755	0.024065936360849607	-0.005854056237188452
0.04017908108489402	0.024069255980556842	-0.0058590313735034484
0.040550853544838415	0.024072638650732895	-0.005864262959177562
0.040926065973001115	0.024076085601212025	-0.005869767439954009
0.041304750199016166	0.024079598087505098	-0.00587556253193559
0.04168693834703357	0.024083177391385425	-0.005881667337122254
0.04207266283844444	0.024086824821586517	-0.005888102471219808
0.04246195639463132	0.024090541714470594	-0.005894890205015587
0.042854852039743985	0.024094329434718103	-0.005902054621074958
0.04325138310350091	0.024098189376113032	-0.005909621787722119
0.04365158322401663	0.024102122962292315	-0.005917619952290711
0.044055486350655364	0.024106131647517515	-0.005926079756303256
0.04446312674691091	0.024110216917573875	-0.00593503447525925
0.04487453899331325	0.024114380290593034	-0.005944520286361934
0.04528975799036211	0.024118623317997547	-0.0059545765678743765
0.04570881896148754	0.024122947585465484	-0.005965246234360824
0.04613175745603798	0.024127354713893708	-0.005976576112785801
0.04655860935229591	0.024131846360533192	-0.005988617365153614
0.04698941086052156	0.02413642422000919	-0.006001425964364885
0.04742419852602448	0.024141090025577995	-0.006015063230811084
0.04786300923226385	0.024145845550333667	-0.0060295964388422845
0.04830588020397728	0.02415069260856079	-0.006045099503338302
0.04875284901033865	0.02415563305709188	-0.006061653758671656
0.04920395356814511	0.024160668796819804	-0.006079348844339014
0.04965923214503363	0.024165801774272303	-0.0060982837139585975
0.05011872336272725	0.02417103398333302	-0.006118567787546792
0.05058246620031143	0.024176367467081798	-0.006140322270360288
0.051050499997540646	0.024181804319696958	-0.0061636816660458615
0.05152286445817567	0.024187346688628958	-0.006188795517139412
0.05199959965335162	0.024192996776864657	-0.006215830412155151
0.052480746024977286	0.024198756845397764	-0.006244972306369173
0.05296634438916581	0.024204629215964585	-0.006276429212820319
0.05345643593969719	0.024210616274017417	-0.006310434331626068
0.05395106225151279	0.024216720471810355	-0.006347249699941627
0.05445026528424214	0.024222944332193228	-0.006387170462668915
0.05495408738576248	0.02422929045231641	-0.006430529885490317
0.0554625712957911	0.02423576150813201	-0.006477705259682625
0.05597576014951104	0.024242360259101564	-0.006529124881510035
0.05649369748123028	0.024249089553681137	-0.00658527633261313
0.05701642722807478	0.024255952335258072	-0.006646716341390416
0.05754399373371572	0.024262951648982775	-0.0067140825747259636
0.05807644175213124	0.02427009064933622	-0.00678810779685324
0.05861381645140291	0.024277372608835855	-0.006869636945352538
0.05915616341754743	0.024284800927637306	-0.006959647819467314
0.05970352865838372	0.024292379144904282	-0.007059276265367717
0.06025595860743581	0.02430011095126192	-0.007169846989388889
0.060813500127871824	0.024308000203449417	-0.007292911454932514
0.061376200516479455	0.024316050940894837	-0.007430294747390452
0.06194410750767818	0.02432426740482045	-0.007584153862351752
0.06251726927756862	0.02433265406000742	-0.007757050637012517
0.06309573444801936	0.02434121561994423	-0.007952043576472822
0.06367955209079162	0.024349957075456136	-0.008172804227379794
0.064268771731702	0.024358883727143166	-0.008423765667042317
0.06486344335482389	0.02436800122196363	-0.008710313312558386
0.06546361740672754	0.02437731559370426	-0.009039031905832865
0.06606934480075964	0.024386833306361457	-0.009418027615685453
0.06668067692136226	0.024396561298791246	-0.009857351313303002
0.06729766562843183	0.024406507026030633	-0.010369559060021004
0.0679203632617185	0.024416678489762002	-0.01097045985413307
0.0685488226452662	0.024427084242995306	-0.011680120249064556
0.0691830970918937	0.0244377333426195	-0.012524222449353138
0.06982324040771719	0.024448635202896602	-0.01353590875511354
0.07046930689671474	0.0244597992656804	-0.014758291311557875
0.07112135136533296	0.024471234339402525	-0.016247857700963472
0.07177942912713622	0.02448294734409669	-0.018079041406129922
0.07244359600749906	0.024494941001039126	-0.020350195407505416
0.0731139083483418	0.024507209665798037	-0.02319095767894178
0.07379042301291015	0.024519731954992047	-0.026770160107817388
0.07447319739059896	0.024532458039235143	-0.03130115883870933
0.07516228940182061	0.02454528874703804	-0.03703600033626187
0.07585775750291844	0.024558044309721763	-0.04422830801627005
0.07655966069112569	0.024570426990308817	-0.0530254569089808
0.07726805850957029	0.02458200336585237	-0.06323540639645882
0.07798301105232593	0.02459227591686407	-0.07396151053353997
0.07870457896950993	0.024600940412253157	-0.08332790155199918
0.07943282347242822	0.024608287824110734	-0.08886701506489572
0.08016780633876798	0.02461535732119994	-0.08887351528351554
0.0809095899178383	0.02462344867748082	-0.08365521959415943
0.0816582371358593	0.024633385408835112	-0.07519987735326432
0.0824138115013003	0.02464527648789909	-0.06573708894274266
0.08317637711026717	0.02465879555308747	-0.056761572253856626
0.08394599865193982	0.02467351986734745	-0.04894115814488551
0.08472274141405972	0.024689101024992242	-0.042413955868504286
0.08550667128846841	0.024705300472038803	-0.03707205825093202
0.0862978547766971	0.02472197052767566	-0.03272846566837845
0.08709635899560814	0.024739025961271897	-0.029193604512385743
0.08790225168308852	0.02475642102293875	-0.026302977696198656
0.08871560120379617	0.024774133907780722	-0.02392289683282387
0.08953647655495947	0.02479215701581049	-0.021947892864794392
0.09036494737223023	0.02481049105926087	-0.020295788092240294
0.09120108393559107	0.0248291415584139	-0.018902762677979287
0.09204495717531722	0.024848116777089212	-0.017719165014898754
0.09289663867799372	0.024867426514279308	-0.01670618689199293
0.09375620069258811	0.024887081403599593	-0.015833306627697146
0.09462371613657934	0.02490709251302568	-0.015076350687948247
0.09549925860214364	0.02492747112282437	-0.014416031772986065
0.0963829023623971	0.02494822860888034	-0.013836846264872131
0.09727472237769656	0.02496937638811177	-0.013326240184404302
0.09817479430199849	0.024990925899981985	-0.012873975222067176
0.09908319448927681	0.025012888609152482	-0.012471644017596154
0.10000000000000005	0.025035276019391196	-0.012112297160102547
0.10092528860766849	0.025058099693688895	-0.011790154226453188
0.10185913880541175	0.025081371277064342	-0.01150037839750676
0.10280162981264741	0.02510510252044802	-0.011238899472454102
0.10375284158180131	0.0251293053042782	-0.011002273963473514
0.10471285480509002	0.02515399166152083	-0.010787573785299417
0.1056817509213659	0.025179173799818585	-0.010592297139360194
0.10665961212302584	0.02520486412258635	-0.010414296735088082
0.10764652136298355	0.02523107524921118	-0.010251721638895397
0.10864256236170661	0.025257820034406735	-0.010102969900092365
0.10964781961431856	0.025285111586848045	-0.009966649749803236
0.1106623783977667	0.02531296328706245	-0.009841547658283049
0.11168632477805618	0.025341388805072432	-0.009726601909445281
0.1127197456175511	0.02537040211744391	-0.009620880636825788
0.11376272858234315	0.025400017524218086	-0.009523563485993819
0.11481536214968835	0.02543024966560666	-0.009433926238929193
0.11587773561551268	0.02546111353877454	-0.009351327869237732
0.11694993910198717	0.025492624514453485	-0.009275199601244863
0.11803206356517304	0.025524798353928433	-0.009205035628425218
0.11912420080273756	0.025557651225966052	-0.009140385211502794
0.12022644346174137	0.025591199724303577	-0.009080845928515774
0.1213388850464978	0.025625460885167713	-0.009026057890396498
0.12246161992650495	0.025660452205498358	-0.008975698768974976
0.12359474334445113	0.025696191661424228	-0.008929479511095047
0.12473835142429439	0.025732697727372945	-0.008887140634216426
0.1258925411794168	0.025769989395776547	-0.008848449016621707
0.12705741052085426	0.02580808619733882	-0.00881319510974999
0.12823305826560225	0.025847008222133053	-0.008781190511971926
0.1294195841449987	0.025886776141341643	-0.008752265852981984
0.13061708881318423	0.02592741122986965	-0.008726268945867996
0.1318256738556408	0.02596893538992677	-0.008703063170805804
0.13304544179780922	0.0260113711753593	-0.008682526059589725
0.13427649611378642	0.026054741817169994	-0.008664548055194754
0.13551894123510363	0.026099071250032142	-0.00864903142414114
0.13677288255958495	0.026144384139937644	-0.008635889302873834
0.13803842646028852	0.02619070591307393	-0.008625044862092642
0.13931568029453034	0.026238062786054266	-0.008616430575261963
0.14060475241299142	0.02628648179735891	-0.008609987579563558
0.14190575216890927	0.026335990840423366	-0.008605665119182085
0.1432187899273544	0.026386618698080164	-0.00860342006235748
0.1445439770745928	0.02643839507879156	-0.008603216484762569
0.1458814260275349	0.026491350654478305	-0.008605025312937878
0.14723125024327194	0.026545517100325756	-0.008608824022391543
0.14859356422870074	0.026600927136377073	-0.008614596385800671
0.1499684835502374	0.026657614571341026	-0.008622332267489746
0.15135612484362088	0.0267156143484629	-0.008632027460880317
0.15275660582380732	0.02677496259385823	-0.008643683566417065
0.154170045294956	0.026835696667172875	-0.008657307907596688
0.1555965631605075	0.02689785521496893	-0.008672913483580524
0.15703628043335532	0.02696147822688551	-0.008690518957006387
0.15848931924611143	0.027026607094700394	-0.008710148676117361
0.15995580286146696	0.02709328467462047	-0.008731832730702454
0.1614358556826487	0.02716155535288504	-0.00875560704159741
0.1629296032639723	0.027231465114944457	-0.008781513483943735
0.16443717232149324	0.027303061618421977	-0.008809600044646865
0.16595869074375613	0.027376394270226367	-0.008839921014799964
0.16749428760264382	0.027451514307816602	-0.008872537218220965
0.1690440931643265	0.027528474885251897	-0.00890751627757057
0.17060823890031243	0.027607331164066114	-0.008944932919768585
0.17218685749860077	0.027688140409368376	-0.00898486932295103
0.17378008287493762	0.027770962091730418	-0.009027415507437554
0.1753880501841762	0.027855857994861375	-0.009072669773745778
0.1770108958317422	0.027942892329934868	-0.009120739190936922
0.17864875748520517	0.02803213185660942	-0.009171740139266514
0.180301774085957	0.028123646011657066	-0.009225798911496417
0.18197008586099844	0.028217507045286	-0.009283052377827164
0.18365383433483473	0.028313790166150734	-0.009343648720140381
0.18535316234148125	0.02841257369539862	-0.0094077482417951
0.18706821403658017	0.028513939230589768	-0.009475524260187385
0.18879913490962946	0.028617971820181488	-0.00954716409000191
0.19054607179632482	0.028724760149342308	-0.009622870126190992
0.19230917289101596	0.028834396738082718	-0.009702861036767605
0.19408858775927793	0.028946978152615387	-0.009787373076790451
0.19588446735059908	0.029062605230944966	-0.009876661536294249
0.1976969640111862	0.029181383323952776	-0.009971002336512899
0.19952623149688808	0.029303422553059285	-0.010070693790631417
0.20137242498623895	0.029428838086118916	-0.010176058547234149
0.2032357010936223	0.02955775043266914	-0.010287445737042739
0.20511621788255666	0.02969028576059433	-0.010405233346185365
0.20701413487910436	0.029826576235676038	-0.010529830842249692
0.2089296130854041	0.029966760386348917	-0.010661682082879854
0.2108628149933291	0.030110983495563664	-0.010801268540607804
0.21281390459827135	0.030259398022372878	-0.010949112882259306
0.21478304741305343	0.030412164055944057	-0.011105782946444969
0.21677041048196952	0.030569449804798036	-0.011271896168746087
0.2187761623949553	0.03073143212480257	-0.01144812451121676
0.22080047330189004	0.030898297089294778	-0.011635199960762822
0.22284351492703042	0.03107024060557035	-0.0118339206705181
0.22490546058357816	0.03124746908234958	-0.012045157829080324
0.22698648518838224	0.0314302001527797	-0.012269863355080743
0.22908676527677735	0.031618663459206185	-0.012509078529477165
0.23120647901755953	0.03181310150539444	-0.01276394369496168
0.23334580622810033	0.032013770583625055	-0.013035709172314457
0.23550492838960102	0.03222094178442727	-0.01332574756704599
0.23768402866248772	0.03243490209753979	-0.013635567667674858
0.2398832919019491	0.03265595561432421	-0.013966830169850274
0.2421029046736179	0.03288442484304617	-0.01432136549973626
0.24434305526939726	0.03312065214899037	-0.014701194055765969
0.246603933723434	0.03336500133490178	-0.01510854924363357
0.24888573182823917	0.0336178593767863	-0.015545903744120656
0.25118864315095807	0.03387963833501022	-0.016015999532757483
0.2535128630497908	0.03415077746094474	-0.01652188226378184
0.25585858869056466	0.03443174552380697	-0.017066940744849424
0.2582260190634597	0.03472304338554809	-0.017654952365783558
0.26061535499988964	0.03502520685610213	-0.018290135511190398
0.2630267991895383	0.03533880986494002	-0.01897721018833089
0.26546055619755404	0.03566446799324891	-0.01972146834976707
0.2679168324819033	0.036002842414600264	-0.020528855691795016
0.2703958364108845	0.03635464430341978	-0.02140606708377648
0.2728977782808042	0.03672063977737465	-0.02236065824319353
0.27542287033381674	0.037101655453573024	-0.02340117684438599
0.277971326775929	0.03749858471160949	-0.02453731696237691
0.2805433637951715	0.03791239477271806	-0.025780101647777002
0.28313919957993805	0.03834413472588059	-0.027142099556436223
0.2857590543374948	0.03879494465688829	-0.02863768298537897
0.2884031503126607	0.0392660660649309	-0.03028333648395052
0.29107171180666064	0.03975885379191413	-0.03209802754000726
0.2937649651961532	0.04027478973434659	-0.03410365384292282
0.2964831389524344	0.04081549866708302	-0.036325585521665135
0.29922646366081906	0.04138276658150583	-0.038793325846812256
0.30199517204020176	0.041978562033346815	-0.04154132058402604
0.30478949896279844	0.04260506111409972	-0.044609955071878545
0.307609681474071	0.04326467681139231	-0.04804678997811211
0.3104559588128357	0.04396009372150986	-0.0519081027184129
0.3133285724315587	0.044694309334711975	-0.05626082335083644
0.3162277660168381	0.04547068345314377	-0.06118498378672034
0.31915378551007634	0.046292997757209714	-0.06677684091736295
0.3221068791283436	0.04716552814740682	-0.07315289300256277
0.32508729738543457	0.048093133328343016	-0.08045509237253402
0.3280952931131192	0.04908136426091123	-0.08885767840202531
0.3311311214825913	0.05013660074349827	-0.09857623200790622
0.33419504002611444	0.051266223715129185	-0.10987981719403896
0.3372873086588691	0.052478835270827896	-0.12310747635742375
0.34040818970100106	0.05378454342080552	-0.13869096769666844
0.34355794789987465	0.05519533628852489	-0.15718661938098435
0.34673685045253166	0.0567255824098339	-0.1793207877916112
0.3499451670283573	0.05839271333247528	-0.20605618408317117
0.353183169791957	0.06021818171306292	-0.23869226114343636
0.35645113342624424	0.06222739033955007	-0.2798915058214725
0.3597493351557423	0.06445853709698256	-0.3294775434327582
0.36307805477010135	0.0669523616505624	-0.3937749201296847
0.36643757464783333	0.06977001484458759	-0.4772696349575612
0.3698281797802663	0.07299497564707631	-0.588353150250956
0.3732501577957206	0.07674906887842485	-0.7407551920143517
0.37670379898390893	0.08122154369642791	-0.9585245879539097
0.38018939632056126	0.08673299527022839	-1.287921244710934
0.38370724549227886	0.09389976536662814	-1.8309382673257841
0.3872576449216173	0.10416596696091474	-2.8665209414303003
0.3908408957924021	0.12230612643166662	-5.521221763451792
0.39445730207527846	0.17942533062326546	-21.67399271249594
0.3981071705534973	0.04324599350031956	-18.907785690753947
0.40179081084894	0.09645515247315327	-0.16082356289091138
0.40550853544838394	0.1294006609257379	-1.8912502124908315
0.40926065973001097	0.17358721485717116	-6.45214019029192
0.41304750199016144	0.2621876018962004	-20.102220664857022
0.4168693834703355	0.3487689259711201	-74.04367209753588
0.4207266283844442	0.13364692564221636	-112.7938568770349
0.424619563946313	0.05248243810312367	-94.55538889435174
0.4285485203974396	0.04265653027188045	-47.21972425235576
0.43251383103500884	0.05777454845340552	-23.156043454265767
0.4365158322401661	0.07614442693908573	-14.187119058661347
0.44055486350655343	0.09564455683454665	-10.123728684406876
0.4446312674691088	0.11756284973079283	-8.008878618554897
0.4487453899331323	0.1441327662331469	-6.856549358389164
0.4528975799036209	0.1789844096628439	-6.292327577484027
0.4570881896148752	0.2289609273496443	-6.200600580417148
0.46131757456037953	0.3095081925153959	-6.667077126502516
0.4655860935229591	0.4655826871148234	-8.204853620515323
0.4698941086052156	0.9007222563325705	-14.240718072150308
0.4742419852602448	4.528282206824339	-74.60177172069092
0.47863009232263853	1.0214964600290375	-169.32782795744032
0.48305880203977286	0.5045226428932018	-175.47549465373007
0.4875284901033865	0.33415324217785486	-177.39422816734086
0.4920395356814511	0.24944379324531074	-178.29537960018746
0.49659232145033627	0.1986887029328706	-178.80294299498385
0.5011872336272725	0.16482251167766823	-179.12034502776095
0.5058246620031143	0.1405801900561053	-179.3329827341245
0.5105049999754064	0.12234536559211953	-179.4826543523457
0.5152286445817567	0.10811478067386102	-179.59206287942803
0.5199959965335162	0.09668862061507312	-179.67450920371988
0.5248074602497729	0.08730405786045689	-179.73824999730456
0.5296634438916581	0.07945262987234482	-179.78865147782815
0.5345643593969719	0.0727821522775355	-179.8293338107759
0.5395106225151278	0.06704077203724507	-179.86281371343972
0.5445026528424215	0.062043437224169704	-179.89087884079422
0.5495408738576248	0.0576509458847631	-179.91480684839064
0.5546257129579107	0.05375637534042507	-179.93548269856765
0.5597576014951101	0.05027600742709668	-179.9534330608627
0.5649369748123025	0.04714308278505893	-179.9687696690258
0.5701642722807475	0.04430339272673807	-179.98100655652374
0.5754399373371569	0.04171211840017717	-179.98869401408209
0.580764417521312	0.039331585344701395	-179.98883425040333
0.5861381645140288	0.03712973794600347	-179.97621807447342
0.591561634175474	0.035078994563550396	-179.94323281766052
0.5970352865838369	0.033154447588260715	-179.88077051624725
0.6025595860743578	0.031329566585914174	-179.77867184325234
0.6081350012787179	0.029568177968502064	-179.61899012163076
0.6137620051647943	0.02781155167490217	-179.34904661307715
0.6194410750767815	0.02595062745559527	-178.78875231867517
0.6251726927756859	0.023760220310044124	-177.15387229462513
0.6309573444801934	0.021489300511970837	-169.482370296597
0.6367955209079159	0.026032626313880914	-164.92163574641404
0.6426877173170198	0.02699465873261271	-166.3979854202032
0.6486344335482385	0.02711484653908938	-175.78624231838003
0.654636174067275	0.024387070980341704	-178.83115507557974
0.6606934480075961	0.02368726134427989	-178.6970571608306
0.6668067692136223	0.02214312702279832	-179.3331287374103
0.6729766562843178	0.02102443754802024	-179.56550712176448
0.6792036326171846	0.020064039338921535	-179.69546578800612
0.6854882264526617	0.019202994582860112	-179.7773193378658
0.6918309709189366	0.018414784293052714	-179.83113137487928
0.6982324040771715	0.017684457819978787	-179.86674903143154
0.7046930689671471	0.01700237865532754	-179.8900712073891
0.7112135136533292	0.016361710136439903	-179.9050482453263
0.7177942912713619	0.01575727110648285	-179.91441085283245
0.7244359600749902	0.015184964692092039	-179.9200285203215
0.7311390834834176	0.014641459826574476	-179.9231542480874
0.7379042301291011	0.014123992160891866	-179.924611578879
0.7447319739059892	0.013630228467450295	-179.92493399539768
0.7516228940182057	0.013158169594891468	-179.92446349340997
0.758577575029184	0.012706079177031286	-179.923417309308
0.7655966069112565	0.01227243039955005	-179.92193180056663
0.7726805850957026	0.011855865644069867	-179.92009086664459
0.7798301105232589	0.011455165273253153	-179.9179443687252
0.7870457896950989	0.011069222601198499	-179.91552049974072
0.7943282347242817	0.01069702197443785	-179.9128354662861
0.8016780633876793	0.01033761382987518	-179.90990571535954
0.8090958991783825	0.009990059366029744	-179.9067828711111
0.8165823713585927	0.009653048557418671	-179.90379341633428
0.8241381150130026	0.009334831769415484	-179.8903961394202
0.8317637711026713	0.009014127054026043	-179.89305450157667
0.8394599865193977	0.008706820049995031	-179.88870720185372
0.8472274141405968	0.008408245843595138	-179.8835544946174
0.8550667128846836	0.008117584117595462	-179.87776101981115
0.8629785477669706	0.007834192891021026	-179.87130072952712
0.870963589956081	0.00755747520607111	-179.86410019884954
0.8790225168308847	0.0072868523388928946	-179.8560585440577
0.8871560120379608	0.007021752625401793	-179.84704935425086
0.8953647655495938	0.006761603766582563	-179.83691742212457
0.9036494737223014	0.006505825838579634	-179.82547260251027
0.9120108393559097	0.006253824055129108	-179.81248097604876
0.9204495717531712	0.006004980772861955	-179.79765272648814
0.9289663867799363	0.005758646322321086	-179.78062558870036
0.9375620069258802	0.005514128216851211	-179.76094206486982
0.946237161365793	0.005270678193156706	-179.73801763822658
0.9549925860214359	0.0050274763783485785	-179.7110956852093
0.9638290236239705	0.00478361164573584	-179.67918227821872
0.9727472237769651	0.004538056887552349	-179.6409498178639
0.9817479430199844	0.004289637451601994	-179.59459097580043
0.9908319448927676	0.004036990288391061	-179.53759085224493
1.	0.0037785103223916478	-179.46635944943924
1.0092528860766845	0.00351227901565155	-179.3756150095717
1.0185913880541169	0.0032359677464790892	-179.25729949700747
1.0280162981264735	0.0029467050233540426	-179.0985588617413
1.0375284158180127	0.00264089099812212	-178.87770339527714
1.0471285480508996	0.0023139343485444846	-178.5553525961277
1.0568175092136585	0.0019598752954075515	-178.0524925394958
1.066596121230258	0.0015708525189174027	-177.185780812431
1.076465213629835	0.001136449052454352	-175.41755821995724
1.0864256236170655	0.0006440782072908439	-170.25664327084738
1.096478196143185	0.000143812874357428	-111.30199854132759
1.1066237839776665	0.000670935184781362	-14.640206868396625
1.1168632477805611	0.0015403664106693675	-8.313243218664262
1.1271974561755105	0.0026835478476973183	-6.570661438859838
1.1376272858234309	0.004270148338998197	-6.085599959295962
1.1481536214968828	0.0066598310254345405	-6.346903995665584
1.1587773561551262	0.010735224294452934	-7.5043536803355595
1.1694993910198712	0.01929345326022428	-10.634658107548953
1.1803206356517297	0.04524804599612707	-18.242181275605432
1.191242008027375	0.08516068736376918	-164.4578682254735
1.2022644346174132	0.030369345189076205	-172.50165531677732
1.2133888504649775	0.019406997061349435	-175.51296451609792
1.224616199265049	0.014682729138110322	-176.88222097748886
1.2359474334445106	0.01203681975778933	-177.63667111205098
1.2473835142429432	0.010331034354758616	-178.10154668251113
1.2589254117941675	0.009129164615610965	-178.40833677105456
1.270574105208542	0.008228490139771132	-178.619392576362
1.2823305826560218	0.00752202405361965	-178.76756675978885
1.2941958414499863	0.006947906828248383	-178.87136758232944
1.3061708881318417	0.006467782328010336	-178.9415301239593
1.3182567385564075	0.006056472456830715	-178.9840905890823
1.3304544179780915	0.005696595862177859	-179.0018215912647
1.3427649611378643	0.005375541560859921	-178.99473910562435
1.3551894123510364	0.00508362628749093	-178.95988015848835
1.3677288255958495	0.00481284397430045	-178.89018330031254
1.3803842646028852	0.004555849815002154	-178.7717679386807
1.3931568029453034	0.004304868423779729	-178.5776400500823
1.4060475241299142	0.004050072583443564	-178.25205462723227
1.4190575216890926	0.0037764394351140944	-177.66609483038687
1.432187899273544	0.003456406774622747	-176.46331369652555
1.4454397707459279	0.0030312635415552344	-173.32794852069927
1.4588142602753489	0.0024123365739605615	-160.29818787312973
1.4723125024327193	0.003959281260510373	-114.65417629000312
1.4859356422870074	0.006870891049206787	-162.28983123129572
1.499684835502374	0.005206727684555749	-175.81875322576042
1.5135612484362087	0.004521864681461836	-178.36416646290579
1.5275660582380732	0.0041435487232911305	-179.19180384330608
1.54170045294956	0.003886770426576778	-179.54494625644696
1.555965631605075	0.0036907462294656244	-179.72140371176334
1.5703628043335531	0.003530079470109114	-179.81916719590797
1.584893192461114	0.0033922897336714827	-179.87742643929403
1.5995580286146696	0.003270496849443855	-179.91407937371417
1.6143585568264869	0.0031605677481795855	-179.93812756783908
1.629296032639723	0.003059847893629492	-179.95444288497572
1.6443717232149324	0.002966538359593448	-179.9658187889014
1.6595869074375613	0.0028793651440787624	-179.97393346639706
1.6749428760264382	0.0027973922055984134	-179.97983461534264
1.690440931643265	0.002719910103924583	-179.9841977557931
1.7060823890031243	0.002646366694837462	-179.98747055614587
1.7218685749860079	0.0025763223451669356	-179.98995677927866
1.7378008287493762	0.0025094200337694326	-179.99186682182773
1.753880501841762	0.002445364811834372	-179.99334906463315
1.770108958317422	0.0023839093314839835	-179.99450983588267
1.7864875748520517	0.002324843417487617	-179.99542642035905
1.803017740859568	0.002267986399082468	-179.99615571313004
1.8197008586099825	0.0022131813676725893	-179.9967400827993
1.8365383433483455	0.002160290805159132	-179.99721141042727
1.8535316234148105	0.002109193205418945	-179.997593913738
1.8706821403657996	0.002059780427331565	-179.9979061490061
1.8879913490962925	0.0020119555948167702	-179.99816244779663
1.9054607179632463	0.0019656314116050307	-179.99837395990832
1.9230917289101574	0.0019207287944830755	-179.99854941842113
1.9408858775927773	0.0018771757540032316	-179.9986957063384
1.958844673505989	0.0018349064695934124	-179.9988182800425
1.97696964011186	0.0017938605189411767	-179.9989214883789
1.9952623149688788	0.0017539822309705249	-179.9990088149533
2.0137242498623875	0.0017152201387069241	-179.9990830634464
2.032357010936221	0.0016775265135377643	-179.99914650030175
2.0511621788255647	0.0016408569663115668	-179.99920096528325
2.0701413487910414	0.0016051701037162298	-179.9992479576443
2.0892961308540388	0.001570427230686035	-179.9992887036601
2.108628149933289	0.001536592091376197	-179.99932420983131
2.1281390459827114	0.0015036306426465485	-179.99935530500403
2.147830474130533	0.0014715108550995052	-179.99938267387114
2.167704104819694	0.0014402025375962891	-179.9994068837346
2.1877616239495516	0.0014096771818769948	-179.99942840597316
2.208004733018899	0.0013799078244751094	-179.99944763333062
2.228435149270303	0.0013508689235764524	-179.99946489389038
2.2490546058357803	0.001322536248844532	-179.99948046241101
2.2698648518838214	0.0012948867825406801	-179.99949456955213
2.2908676527677723	0.0012678986305209787	-179.9995074094077
2.312064790175594	0.0012415509418982737	-179.99951914567512
2.333458062281002	0.0012158238363340719	-179.9995299167226
2.355049283896009	0.0011906983380692323	-179.9995398397625
2.376840286624876	0.0011661563159246775	-179.99954901429768
2.39883291901949	0.0011421804286066086	-179.9995575249746
2.4210290467361775	0.0011187540747375716	-179.99956544395084
2.4434305526939712	0.0010958613471101885	-179.99957283286437
2.4660393372343385	0.0010734869907213257	-179.99957974447506
2.48885731828239	0.0010516163642013995	-179.999586224036
2.5118864315095797	0.0010302354042982052	-179.9995923104408
2.535128630497907	0.001009330593115416	-179.99959803718644
2.5585858869056453	0.0009888889278409022	-179.99960343318165
2.582260190634596	0.0009688978927298477	-179.99960852342744
2.6061535499988953	0.0009493454331336879	-179.99961332959097
2.6302679918953813	0.0009302199313892781	-179.99961787048994
2.654605561975539	0.0009115101844020632	-179.99962216250242
2.6791683248190314	0.0008932053827750769	-179.9996262199138
2.703958364108843	0.000875295091350544	-179.99963005521144
2.7289777828080406	0.0008577692310447487	-179.9996336793345
2.7542287033381663	0.0008406180618687442	-179.99963710188672
2.7797132677592886	0.0008238321670379082	-179.99964033131766
2.805433637951713	0.0008074024380828517	-179.99964337507706
2.831391995799379	0.0007913200608827092	-179.9996462397467
2.8575905433749464	0.0007755765025489248	-179.9996489311532
2.8840315031266055	0.0007601634990945613	-179.9996514544643
2.910717118066605	0.000745073043829979	-179.99965381427165
2.9376496519615305	0.0007302973764309662	-179.9996560146615
2.9648313895243423	0.0007158289726304321	-179.99965805927545
2.992264636608189	0.0007016605344885351	-179.99965995136276
3.019951720402016	0.0006877849812005933	-179.99966169382512
3.047894989627983	0.0006741954404050752	-179.9996632892554
3.076096814740708	0.0006608852399573635	-179.99966473997085
3.1045595881283554	0.0006478479001377517	-179.99966604804175
3.1332857243155856	0.000635077126264611	-179.9996672153161
3.162277660168379	0.000622566801686156	-179.99966824344105
3.1915378551007616	0.0006103109811261127	-179.9996691338813
3.2210687912834346	0.0005983038843608023	-179.99966988793486
3.250872973854344	0.0005865398902064937	-179.99967050674698
3.2809529311311905	0.0005750135307979015	-179.99967099132195
3.311311214825911	0.0005637194861398697	-179.99967134253325
3.3419504002611427	0.0005526525789155999	-179.9996715611326
3.372873086588689	0.0005418077695362556	-179.99967164775754
3.404081897010009	0.0005311801514174245	-179.999671602938
3.4355794789987466	0.000520764946469552	-179.99967142710202
3.4673685045253166	0.0005105575007896627	-179.99967112058067
3.499451670283573	0.0005005532805432383	-179.99967068361224
3.53183169791957	0.0004907478680254444	-179.99967011634587
3.5645113342624426	0.00048113695789170254	-179.99966941884458
3.5974933515574232	0.00047171635354851794	-179.999668591088
3.630780547701014	0.0004624819636957259	-179.99966763297442
3.664375746478333	0.00045342979901217135	-179.99966654432276
3.6982817978026628	0.0004445559689771841	-179.99966532487403
3.732501577957206	0.0004358566788208566	-179.9996639742926
3.767037989839089	0.00042732822659635267	-179.9996624921672
3.801893963205613	0.0004189670003681824	-179.99966087801172
3.8370724549227884	0.0004107694755104582	-179.99965913126562
3.8725764492161727	0.0004027322121097513	-179.9996572512945
3.908408957924021	0.00039485185246738725	-179.9996552373902
3.944573020752785	0.0003871251186962911	-179.99965308877083
3.981071705534973	0.0003795488104078722	-179.99965080458082
4.0179081084894	0.0003721198024846689	-179.99964838389047
4.055085354483839	0.00036483504293469626	-179.99964582569575
4.09260659730011	0.00035769155082365333	-179.9996431289179
4.130475019901614	0.00035068641428151687	-179.9996402924027
4.168693834703355	0.0003438167885799932	-179.9996373149198
4.207266283844442	0.0003370798942777128	-179.99963419516203
4.24619563946313	0.0003304730154301411	-179.99963093174443
4.285485203974396	0.0003239934978613053	-179.99962752320337
4.325138310350088	0.00031763874749468423	-179.99962396799526
4.365158322401661	0.0003114062287406573	-179.99962026449555
4.405548635065534	0.0003052934629381029	-179.99961641099745
4.446312674691089	0.0002992980268478743	-179.99961240571034
4.487453899331323	0.0002934175511959266	-179.99960824675858
4.528975799036209	0.00028764971926405946	-179.9996039321798
4.570881896148752	0.00028199226552629047	-179.9995994599231
4.613175745603791	0.00027644297432900567	-179.99959482784746
4.655860935229586	0.00027099967861301714	-179.99959003371947
4.698941086052151	0.00026566025867577094	-179.9995850752109
4.742419852602444	0.00026042264097147236	-179.99957994989487
4.7863009232263805	0.0002552847969444124	-179.9995746552315
4.830588020397723	0.0002502447418557135	-179.99956918838512
4.875284901033861	0.0002453005347222267	-179.9995635449529
4.920395356814506	0.00024045027340066226	-179.99955772863774
4.965923214503357	0.0002356920999239882	-179.99955172953563
5.01187233627272	0.00023102419417446698	-179.99954554688807
5.058246620031137	0.00022644477508662245	-179.9995391775779
5.105049999754059	0.00022195209940636124	-179.99953261833144
5.152286445817562	0.0002175444607676302	-179.9995258657491
5.1999599653351565	0.00021322018880601547	-179.99951891630622
5.248074602497723	0.00020897764829938371	-179.99951176635025
5.296634438916575	0.0002048152383334438	-179.99950441209725
5.345643593969713	0.00020073139149107458	-179.9994968496281
5.395106225151273	0.00019672457306453678	-179.99948907488437
5.445026528424209	0.00019279328028972277	-179.99948108366405
5.495408738576242	0.0001889360416016888	-179.99947287161697
5.5462571295791046	0.00018515141591073753	-179.99946443424014
5.597576014951099	0.00018143799189834526	-179.9994557668727
5.649369748123022	0.0001777943873322681	-179.99944686469087
5.701642722807472	0.0001742192484001828	-179.9994377227022
5.754399373371567	0.00017071124906125563	-179.9994283357402
5.807644175213118	0.00016726909041503616	-179.9994186984581
5.861381645140285	0.00016389150008712318	-179.99940880532262
5.9156163417547365	0.00016057723163105474	-179.99939865060756
5.9703528658383656	0.0001573250639458922	-179.99938822838655
6.025595860743575	0.00015413380070901231	-179.99937753252604
6.081350012787176	0.0001510022698236135	-179.99936655667773
6.137620051647939	0.00014792932288048197	-179.99935529427037
6.194410750767812	0.00014491383463355773	-179.9993437385016
6.251726927756856	0.00014195470248889284	-179.99933188232907
6.30957344480193	0.00013905084600657612	-179.99931971846107
6.367955209079155	0.00013620120641522483	-179.99930723934713
6.426877173170194	0.0001334047461386759	-179.99929443716746
6.486344335482381	0.00013066044833449222	-179.99928130382258
6.546361740672747	0.00012796731644394035	-179.99926783092178
6.6069344800759575	0.00012532437375309792	-179.9992540097713
6.668067692136219	0.00012273066296475385	-179.99923983136208
6.729766562843175	0.00012018524578079245	-179.9992252863563
6.792036326171843	0.00011768720249475084	-179.99921036507385
6.854882264526613	0.00011523563159425655	-179.9991950574775
6.918309709189362	0.00011282964937305863	-179.99917935315776
6.9823240407717115	0.00011046838955237999	-179.99916324131655
7.046930689671467	0.00010815100291132057	-179.99914671075027
7.112135136533288	0.0001058766569260641	-179.99912974983167
7.177942912713615	0.00010364453541763088	-179.9991123464909
7.244359600749899	0.00010145383820794272	-179.99909448819545
7.311390834834173	0.00009930378078397175	-179.99907616192894
7.379042301291007	0.00009719359396974053	-179.99905735416866
7.447319739059888	0.0000951225236059708	-179.99903805086194
7.516228940182053	0.00009308983023715625	-179.99901823740097
7.585775750291836	0.00009109478880587384	-179.99899789859643
7.655966069112561	0.00008913668835412469	-179.99897701864919
7.726805850957022	0.00008721483173152469	-179.9989555811206
7.798301105232586	0.00008532853531015573	-179.99893356890098
7.870457896950985	0.00008347712870590576	-179.99891096417596
7.943282347242813	0.00008165995450612023	-179.99888774839104
8.01678063387679	0.00007987636800340635	-179.99886390221377
8.090958991783822	0.00007812573693542088	-179.9988394054937
8.165823713585922	0.00007640744123049226	-179.99881423721956
8.241381150130021	0.00007472087275892287	-179.99878837547402
8.317637711026709	0.00007306543508982656	-179.99876179738527
8.394599865193973	0.00007144054325335603	-179.9987344790756
8.472274141405963	0.00006984562350818868	-179.99870639560646
8.550667128846833	0.00006828011311413074	-179.99867752092
8.629785477669701	0.00006674346010971532	-179.9986478277765
8.709635899560805	0.00006523512309466533	-179.99861728768764
8.790225168308842	0.0000637545710171021	-179.9985858708453
8.871560120379607	0.00006230128296537876	-179.99855354604495
8.953647655495937	0.00006087474796442636	-179.99852028060434
9.036494737223014	0.000059474464776497975	-179.99848604027562
9.120108393559097	0.00005809994170620613	-179.9984507891516
9.204495717531712	0.00005675069640974549	-179.99841448956514
9.289663867799362	0.00005542625570819948	-179.99837710198088
9.375620069258803	0.00005412615540483301	-179.998338584879
9.462371613657929	0.00005284994010627256	-179.99829889463018
9.549925860214358	0.00005159716304748153	-179.99825798536077
9.638290236239705	0.00005036738592043929	-179.99821580880786
9.727472237769652	0.00004916017870643512	-179.99817231416256
9.817479430199844	0.00004797511951189107	-179.9981274479009
9.908319448927676	0.00004681179440763007	-179.99808115360108
10.	0.000045669797271507907	-179.99803337174566
10.092528860766844	0.000044548729634328814	-179.99798403950743
10.18591388054117	0.00004344820052896965	-179.9979330905172
10.280162981264736	0.00004236782634263492	-179.99788045461145
10.375284158180126	0.00004130723067217182	-179.99782605755865
10.471285480508996	0.00004026604418237319	-179.99776982076105
10.568175092136585	0.00003924390446719894	-179.99771166092987
10.665961212302578	0.000038240455913849194	-179.99765148973145
10.76465213629835	0.000037255349569623094	-179.99758921340026
10.864256236170656	0.000036288243011499455	-179.9975247323163
10.964781961431852	0.000035338800218376743	-179.99745794054186
11.066237839776663	0.00003440669144591172	-179.99738872531424
11.168632477805613	0.00003349159310389845	-179.997316966488
11.271974561755105	0.00003259318763612831	-179.99724253592234
11.37627285823431	0.00003171116340267657	-179.99716529680586
11.481536214968829	0.00003084521456455966	-179.99708510291214
11.587773561551263	0.00002999504097071	-179.99700179777702
11.694993910198711	0.000029160348047216883	-179.99691521378818
11.803206356517286	0.000028340846688781542	-179.99682517117577
11.912420080273739	0.000027536253152337382	-179.99673147689134
12.022644346174118	0.00002674628895278798	-179.99663392336066
12.133888504649763	0.00002597068076081363	-179.99653228709275
12.246161992650476	0.00002520916030270238	-179.99642632712653
12.359474334445094	0.000024461464262159548	-179.9963157832917
12.47383514242942	0.00002372733418405222	-179.9962003742575
12.589254117941662	0.00002300651638004584	-179.9960797953393
12.705741052085406	0.00002229876183609122	-179.99595371602584
12.823305826560205	0.00002160382612172096	-179.99582177718617
12.941958414499851	0.000020921469301115593	-179.9956835879059
13.061708881318404	0.000020251455845900418	-179.99553872189432
13.182567385564061	0.000019593554549634996	-179.99538671339303
13.304544179780901	0.000018947538443958016	-179.99522705250337
13.427649611378628	0.00001831318471635149	-179.9950591798337
13.551894123510351	0.000017690274629488447	-179.99488248034925
13.67728825595848	0.00001707859344212954	-179.9946962762808
13.803842646028839	0.000016477930331534566	-179.99449981892107
13.931568029453022	0.00001588807831735584	-179.99429227909943
14.060475241299129	0.00001530883418698071	-179.9940727360792
14.190575216890911	0.000014739998422291636	-179.99384016456509
14.321878992735424	0.00001418137512781259	-179.99359341943335
14.454397707459265	0.00001363277196021155	-179.9933312177063
14.588142602753473	0.000013094000059129053	-179.99305211717166
14.723125024327178	0.000012564873979303917	-179.9927544908961
14.859356422870059	0.000012045211623967283	-179.99243649668165
14.996848355023726	0.000011534834179477401	-179.99209604025515
15.135612484362072	0.000011033566051167344	-179.99173073063668
15.275660582380716	0.000010541234800379192	-179.99133782567796
15.417004529495584	0.000010057671082658169	-179.99091416514764
15.559656316050734	9.582708587081013e-6	-179.99045608791093
15.703628043335515	9.116183976693493e-6	-179.98995932860979
15.848931924611126	8.657936830032024e-6	-179.98941888766979
15.995580286146678	8.207809583705506e-6	-179.98882886623872
16.143585568264854	7.765647476013286e-6	-179.98818225450034
16.292960326397214	7.331298491576337e-6	-179.98747065723884
16.443717232149307	6.9046133069586e-6	-179.98668393382604
16.595869074375596	6.485445237256623e-6	-179.98580971979104
16.749428760264365	6.073650183635674e-6	-179.98483278189494
16.90440931643263	5.669086581791684e-6	-179.98373413495025
17.060823890031227	5.271615351318824e-6	-179.98248981096032
17.21868574986006	4.881099845964361e-6	-179.98106910968238
17.378008287493746	4.497405804753409e-6	-179.97943205646928
17.5388050184176	4.1204013039700235e-6	-179.97752561408214
17.701089583174202	3.7499567099851896e-6	-179.9752778725636
17.864875748520497	3.385944632931786e-6	-179.97258883515548
18.03017740859568	3.028239881243698e-6	-179.96931522185636
18.197008586099827	2.6767194171125556e-6	-179.96524420929
18.365383433483455	2.3312623129961236e-6	-179.96004541179977
18.535316234148105	1.9917497095089907e-6	-179.9531766997965
18.706821403657997	1.6580647755600483e-6	-179.94368220234782
18.879913490962927	1.3300926732669814e-6	-179.9297045490751
19.054607179632463	1.0077205364693306e-6	-179.90709420710735
19.230917289101576	6.908375032143231e-7	-179.8642959254402
19.408858775927772	3.7933510292030365e-7	-179.75251746144846
19.58844673505989	7.311826922484368e-8	-178.71415964308704
19.769696401118598	2.279710495166514e-7	-0.4129746847852132
19.952623149688787	5.239698041947605e-7	-0.1799407527790582
20.137242498623873	8.150102132970475e-7	-0.11585668706411123
20.32357010936221	1.1011908059403437e-6	-0.08587831944017127
20.511621788255646	1.3826101052756605e-6	-0.06850495254017025
20.701413487910415	1.6593652551132392e-6	-0.057170121509869866
20.892961308540386	1.9315518973969473e-6	-0.04919355475311487
21.086281499332888	2.1992641715813657e-6	-0.043276785288424685
21.28139045982711	2.462594738126032e-6	-0.03871433819870551
21.47830474130533	2.7216348084975425e-6	-0.035089905209009606
21.67704104819694	2.976474177176875e-6	-0.032141958123347254
21.87761623949552	3.2272012542444316e-6	-0.029697934054938403
22.080047330188993	3.4739030980213053e-6	-0.027639371046693013
22.28435149270303	3.7166654475586234e-6	-0.025882247553510027
22.490546058357804	3.9555727548891524e-6	-0.024365314677462675
22.698648518838212	4.190708217008118e-6	-0.023042870796010338
22.908676527677724	4.4221538075745e-6	-0.021880123031200165
23.12064790175594	4.649990308336116e-6	-0.02085011590042553
23.33458062281002	4.874297340288643e-6	-0.019931642340842718
23.55049283896009	5.09515339458186e-6	-0.019107789078748737
23.76840286624876	5.312635863189103e-6	-0.01836490243834565
23.9883291901949	5.526821069356844e-6	-0.017691839330561693
24.210290467361776	5.73778429785286e-6	-0.01707941570801583
24.434305526939713	5.945599825031878e-6	-0.01651999430706276
24.660393372343385	6.150340948738321e-6	-0.016007172296558483
24.888573182823905	6.3520800180666385e-6	-0.015535541683502962
25.118864315095795	6.550888463000035e-6	-0.015100503442640651
25.351286304979073	6.746836823949205e-6	-0.014698121822337649
25.58585886905645	6.939994781213223e-6	-0.014325009047697828
25.82260190634596	7.130431184385485e-6	-0.013978233270765208
26.06153549998895	7.318214081728262e-6	-0.013655244477334657
26.302679918953814	7.503410749540197e-6	-0.013353814392560795
26.54605561975539	7.68608772154184e-6	-0.013071987394092224
26.791683248190314	7.866310818305364e-6	-0.012808040150318178
27.039583641088434	8.044145176755223e-6	-0.012560448226632565
27.289777828080403	8.219655279767883e-6	-0.012327858295721738
27.542287033381662	8.392904985899525e-6	-0.012109064884737912
27.797132677592884	8.563957559271981e-6	-0.011902990818318446
28.05433637951713	8.732875699648277e-6	-0.011708670690008117
28.31391995799379	8.899721572730604e-6	-0.011525236828942848
28.575905433749465	9.064556840714838e-6	-0.01135190733329889
28.84031503126606	9.227442693137409e-6	-0.011187975824104192
29.10717118066605	9.388439878051858e-6	-0.011032802637822118
29.376496519615305	9.547608733574253e-6	-0.01088580722760073
29.648313895243422	9.705009219838522e-6	-0.010746461584212694
29.92264636608189	9.860700951404791e-6	-0.010614284520752021
30.19951720402016	0.000010014743230166037	-0.01048883669183629
30.4789498962798	0.000010167195078800677	-0.010369716239717075
30.76096814740705	0.000010318115274821354	-0.01025655497735866
31.045595881283525	0.000010467562385272638	-0.010149015033009367
31.332857243155825	0.000010615594802133691	-0.010046785892688788
31.62277660168376	0.00001076227077848465	-0.00994958178684582
31.91537855100758	0.000010907648465499214	-0.009857139375595647
32.21068791283432	0.000011051785950329242	-0.009769215693733558
32.50872973854341	0.000011194741294951379	-0.009685586322397015
32.80952931131187	0.000011336572576049668	-0.009606043759005648
33.11311214825908	0.000011477337926012773	-0.009530395961113134
33.41950400261139	0.000011617095575129297	-0.009458465043185416
33.72873086588685	0.000011755903895069909	-0.009390086108183015
34.040818970100055	0.000011893821443750602	-0.009325106198257768
34.35579478998743	0.000012030907011677675	-0.009263383350946827
34.67368504525313	0.000012167219669881427	-0.009204785749017995
34.994516702835696	0.000012302818819552792	-0.009149190953638203
35.318316979195664	0.000012437764243504838	-0.009096485211840888
35.64511334262439	0.000012572116159589234	-0.009046562830391638
35.9749335155742	0.000012705935276207004	-0.008999325609121759
36.3078054770101	0.000012839282850062364	-0.008954682327639893
36.64375746478329	0.00001297222074631917	-0.008912548280060988
36.98281797802659	0.000013104811501330809	-0.008872844853027351
37.32501577957203	0.000013237118388126807	-0.008835499142849718
37.670379898390856	0.000013369205484852815	-0.008800443608081309
38.01893963205609	0.000013501137746375277	-0.008767615754262182
38.370724549227845	0.000013632981079277804	-0.008736957847944742
38.72576449216169	0.000013764802420493755	-0.008708416657440333
39.08408957924017	0.000013896669819837918	-0.00868194321801755
39.44573020752781	0.000014028652526720954	-0.00865749261954072
39.81071705534969	0.000014160821081352354	-0.008635023814766161
40.17908108489396	0.000014293247410761834	-0.008614499446717966
40.55085354483835	0.000014426004929995843	-0.008595885693748207
40.92606597300105	0.000014559168648874523	-0.008579152131050488
41.304750199016105	0.000014692815284726355	-0.008564271607544227
41.68693834703351	0.000014827023381552164	-0.008551220137181195
42.07266283844438	0.000014961873436108248	-0.00853997680384842
42.46195639463126	0.000015097448031439845	-0.008530523679153645
42.85485203974392	0.000015233831978441933	-0.008522845752483106
43.251383103500835	0.000015371112466074443	-0.008516930872817328
43.65158322401656	0.00001550937922091404	-0.008512769701880897
44.0554863506553	0.00001564872467678541	-0.008510355678286938
44.46312674691084	0.000015789244155281707	-0.008509684992418193
44.87453899331318	0.000015931036058057738	-0.008510756571864585
45.28975799036204	0.000016074202071860562	-0.008513572077313184
45.708818961487474	0.000016218847387352503	-0.008518135908861127
46.13175745603791	0.00001636508093288078	-0.00852445522279661
46.55860935229586	0.000016513015624458517	-0.008532539958967987
46.98941086052151	0.000016662768633344056	-0.008542402878937249
47.42419852602443	0.00001681446167274125	-0.008554059615192839
47.8630092322638	0.000016968221305294546	-0.008567528731778547
48.30588020397723	0.00001712417927322079	-0.008582831796781168
48.7528490103386	0.000017282472853106668	-0.008599993467210763
49.20395356814506	0.00001744324523761027	-0.008619041586905055
49.65923214503358	0.000017606645946538558	-0.00864000729819447
50.118723362727195	0.000017772831270034305	-0.008662925168178723
50.58246620031137	0.000017941964746898898	-0.008687833330590453
51.0504999975406	0.00001811421768140667	-0.008714773644358013
51.52286445817562	0.00001828976970233587	-0.008743791870126113
51.99959965335157	0.00001846880936835812	-0.008774937866181887
52.48074602497723	0.00001865153482439695	-0.00880826580554201
52.966344389165755	0.000018838154514097055	-0.008843834415328383
53.45643593969714	0.000019028887954144835	-0.008881707241901286
53.95106225151273	0.000019223966576860975	-0.008921952942578333
54.450265284242086	0.00001942363464825726	-0.008964645607446309
54.95408738576243	0.000019628150269627554	-0.00900986511397659
55.462571295791044	0.00001983778647174249	-0.009057697517809396
55.97576014951099	0.00002005283241185925	-0.009108235483493937
56.49369748123023	0.000020273594685063485	-0.009161578759467007
57.01642722807472	0.000020500398762957208	-0.009217834702122235
57.543993733715666	0.000020733590574425842	-0.009277118854475701
58.07644175213118	0.00002097353824519623	-0.00933955558568493
58.61381645140285	0.000021220634015181545	-0.009405278798544444
59.15616341754737	0.000021475296355248542	-0.009474432713081423
59.70352865838366	0.00002173797230810381	-0.009547172735534163
60.255958607435744	0.00002200914008155204	-0.009623666423342041
60.81350012787176	0.000022289311926522585	-0.009704094558343312
61.37620051647939	0.00002257903733710021	-0.009788652342207087
61.94410750767812	0.00002287890661546489	-0.009877550730269337
62.51726927756855	0.000023189554851303325	-0.009971017922459212
63.0957344480193	0.00002351166637309887	-0.01006930103296658
63.67955209079155	0.000023845979737975186	-0.010172667963803724
64.26877173170195	0.000024193293337755436	-0.010281409511565446
64.86344335482381	0.000024554471711965298	-0.010395841741627937
65.46361740672747	0.000024930452674100668	-0.010516308669917283
66.06934480075958	0.000025322255376154565	-0.010643185299432196
66.68067692136219	0.000025730989458843793	-0.010776881067184097
67.29766562843174	0.000026157865462061182	-0.010917843767448107
67.92036326171844	0.000026604206702893078	-0.011066564029612341
68.54882264526613	0.000027071462868464005	-0.011223580443991422
69.18309709189363	0.000027561225619653646	-0.011389485447394878
69.82324040771712	0.000028075246561615276	-0.01156493210285846
70.46930689671467	0.000028615458010891413	-0.011750641935844137
71.12135136533288	0.00002918399708049244	-0.011947414023798715
71.77942912713615	0.000029783233718424042	-0.01215613557906094
72.44359600749898	0.000030415803478160977	-0.012377794319119154
73.11390834834172	0.00003108464597983221	-0.012613492986302955
73.79042301291008	0.000031793050249507665	-0.012864466465338053
74.47319739059888	0.000032544708415822354	-0.013132102057414436
75.16228940182053	0.000033343779618271886	-0.01341796361108149
75.85775750291836	0.00003419496646712191	-0.013723820393683207
76.55966069112561	0.00003510360702839022	-0.014051681826305994
77.26805850957021	0.000036075786140593144	-0.014403839519897915
77.98301105232578	0.00003711847097539333	-0.01478291846771022
78.70457896950977	0.00003823967723447996	-0.015191939808235206
79.43282347242805	0.00003944867437662873	-0.015634398328761574
80.16780633876782	0.00004075624100434428	-0.01611435891276422
80.90958991783813	0.00004217498532039004	-0.01663657756227292
81.65823713585914	0.000043719750854521394	-0.01720665462423467
82.41381150130013	0.000045408135160167634	-0.01783123068218259
83.176377110267	0.00004726115996488109	-0.018518239647328405
83.94599865193965	0.00004930414700732451	-0.0192772395310784
84.72274141405954	0.000051567877184082115	-0.020119850214832754
85.50667128846823	0.00005409014601616749	-0.02106034089732677
86.29785477669692	0.00005691788307672481	-0.022116430532416704
87.09635899560797	0.00006011008927541682	-0.023310397145632454
87.90225168308834	0.0000637419855069607	-0.0246706446448693
88.71560120379598	0.00006791099852376671	-0.026233963492828905
89.53647655495928	0.0000727456088904816	-0.028048872297787228
90.36494737223005	0.00007841879582013664	-0.03018069550208057
91.20108393559087	0.00008516912934920628	-0.0327195292304361
92.04495717531702	0.00009333511602973667	-0.03579321257630456
92.89663867799354	0.00010341365069744183	-0.03958940299916322
93.75620069258792	0.00011616492834356181	-0.04439519825418792
94.6237161365792	0.00013281347840398092	-0.05067306077353974
95.4992586021435	0.00015546658657790164	-0.059218842605284504
96.38290236239695	0.00018808464608848735	-0.07152825721243154
97.2747223776964	0.00023909216435098803	-0.09078297735687993
98.17479430199833	0.0003301355649626591	-0.12515819753102464
99.08319448927665	0.0005387715045455829	-0.20394482945537332
99.9999999999999	0.0015079625750366462	-0.5699777960832856