0.01000000000000001	0.000013094279332635822	-0.0058612438671573185
0.010092528860766855	0.00001309427934111127	-0.005862462264309924
0.01018591388054118	0.00001309427934974455	-0.005863691938142075
0.010280162981264745	0.000013094279358538586	-0.005864932993079085
0.010375284158180138	0.000013094279367496378	-0.005866185534514822
0.010471285480509006	0.000013094279376620976	-0.005867449668820765
0.010568175092136596	0.000013094279385915468	-0.005868725503355098
0.01066596121230259	0.000013094279395383033	-0.005870013146471912
0.010764652136298361	0.000013094279405026875	-0.005871312707530487
0.010864256236170667	0.000013094279414850283	-0.0058726242969046796
0.010964781961431863	0.000013094279424856595	-0.005873948025992374
0.011066237839776675	0.000013094279435049219	-0.0058752840072250345
0.011168632477805623	0.000013094279445431615	-0.005876632354077353
0.011271974561755117	0.000013094279456007313	-0.0058779931810769796
0.011376272858234322	0.000013094279466779915	-0.005879366603814352
0.01148153621496884	0.000013094279477753081	-0.005880752738952617
0.011587773561551273	0.000013094279488930536	-0.005882151704237636
0.011694993910198724	0.00001309427950031609	-0.0058835636185081
0.01180320635651731	0.000013094279511913613	-0.0058849886017057415
0.011912420080273762	0.000013094279523727048	-0.005886426774885626
0.012022644346174144	0.000013094279535760403	-0.005887878260226556
0.012133888504649786	0.00001309427954801778	-0.005889343181041567
0.012246161992650502	0.000013094279560503341	-0.005890821661788536
0.01235947433444512	0.000013094279573221333	-0.0058923138280808805
0.012473835142429446	0.00001309427958617608	-0.005893819806698348
0.012589254117941687	0.000013094279599371983	-0.005895339725597927
0.012705741052085433	0.000013094279612813533	-0.005896873713924872
0.012823305826560232	0.000013094279626505302	-0.005898421902023796
0.01294195841449987	0.000013094279640451932	-0.005899984421449904
0.013061708881318424	0.000013094279654658174	-0.005901561404980313
0.013182567385564082	0.000013094279669128856	-0.005903152986625501
0.01330454417978092	0.000013094279683868894	-0.0059047593016408415
0.013427649611378649	0.000013094279698883299	-0.0059063804865382595
0.01355189412351037	0.00001309427971417718	-0.005908016679098007
0.013677288255958502	0.000013094279729755735	-0.005909668018380543
0.013803842646028859	0.000013094279745624244	-0.005911334644738516
0.013931568029453043	0.00001309427976178812	-0.005913016699828889
0.01406047524129915	0.00001309427977825285	-0.005914714326625166
0.014190575216890933	0.000013094279795024028	-0.005916427669429729
0.014321878992735446	0.000013094279812107363	-0.0059181568738862905
0.014454397707459286	0.00001309427982950865	-0.005919902086992501
0.014588142602753497	0.000013094279847233804	-0.005921663457112637
0.014723125024327202	0.000013094279865288859	-0.0059234411339904244
0.014859356422870082	0.000013094279883679941	-0.005925235268762005
0.014996848355023748	0.000013094279902413307	-0.005927046013968988
0.015135612484362095	0.00001309427992149532	-0.0059288735235716785
0.015275660582380739	0.000013094279940932462	-0.005930717952962382
0.015417004529495607	0.000013094279960731349	-0.0059325794589788795
0.015559656316050758	0.000013094279980898699	-0.005934458199918008
0.01570362804333554	0.00001309428000144137	-0.0059363543355493795
0.015848931924611148	0.00001309428002236634	-0.005938268027129241
0.015995580286146702	0.000013094280043680723	-0.005940199437414457
0.016143585568264878	0.000013094280065391756	-0.005942148730676636
0.016292960326397238	0.000013094280087506823	-0.005944116072716386
0.01644371723214933	0.000013094280110033442	-0.005946101630877725
0.016595869074375623	0.00001309428013297926	-0.005948105574062603
0.01674942876026439	0.00001309428015635207	-0.00595012807274561
0.016904409316432657	0.000013094280180159828	-0.005952169298988776
0.017060823890031253	0.00001309428020441061	-0.005954229426456553
0.017218685749860088	0.000013094280229112664	-0.005956308630430935
0.017378008287493772	0.00001309428025427438	-0.005958407087826706
0.01753880501841763	0.00001309428027990431	-0.005960524977206877
0.01770108958317423	0.00001309428030601116	-0.005962662478798232
0.017864875748520526	0.000013094280332603793	-0.005964819774507053
0.018030177408595707	0.000013094280359691262	-0.0059669970479349944
0.018197008586099853	0.000013094280387282752	-0.005969194484395104
0.018365383433483484	0.000013094280415387649	-0.005971412270928019
0.018535316234148135	0.00001309428044401549	-0.005973650596318304
0.018706821403658026	0.000013094280473176023	-0.005975909651110959
0.018879913490962956	0.000013094280502879127	-0.005978189627628096
0.019054607179632494	0.000013094280533134907	-0.005980490719985764
0.019230917289101597	0.000013094280563953648	-0.00598281312411096
0.019408858775927792	0.000013094280595345809	-0.005985157037758793
0.01958844673505991	0.000013094280627322062	-0.0059875226605298265
0.01976969640111862	0.000013094280659893265	-0.005989910193887595
0.01995262314968881	0.00001309428069307049	-0.005992319841176284
0.020137242498623895	0.000013094280726865	-0.0059947518076385944
0.02032357010936223	0.000013094280761288281	-0.005997206300433802
0.020511621788255666	0.000013094280796352026	-0.005999683528655949
0.020701413487910436	0.000013094280832068146	-0.006002183703352266
0.02089296130854041	0.000013094280868448777	-0.006004707037541761
0.02108628149933291	0.000013094280905506269	-0.006007253746233997
0.021281390459827135	0.000013094280943253223	-0.006009824046448035
0.021478304741305354	0.000013094280981702454	-0.00601241815723161
0.02167704104819696	0.000013094281020867023	-0.006015036299680468
0.02187761623949554	0.00001309428106076023	-0.00601767869695791
0.022080047330189013	0.000013094281101395647	-0.006020345574314526
0.022284351492703053	0.00001309428114278706	-0.0060230371591081435
0.022490546058357826	0.000013094281184948533	-0.0060257536808239545
0.022698648518838235	0.000013094281227894391	-0.006028495371094875
0.022908676527677748	0.00001309428127163922	-0.006031262463722086
0.023120647901755963	0.000013094281316197876	-0.006034055194695791
0.023334580622810044	0.000013094281361585513	-0.00603687380221621
0.023550492838960112	0.000013094281407817532	-0.00603971852671473
0.023768402866248782	0.000013094281454909643	-0.006042589610875347
0.02398832919019492	0.000013094281502877847	-0.006045487299656256
0.0242102904673618	0.000013094281551738436	-0.006048411840311709
0.02443430552693974	0.00001309428160150801	-0.006051363482414082
0.024660393372343412	0.000013094281652203478	-0.0060543424778761725
0.02488857318282393	0.000013094281703842054	-0.006057349080973723
0.025118864315095822	0.000013094281756441302	-0.006060383548368166
0.025351286304979098	0.000013094281810019062	-0.006063446139129643
0.02558585886905648	0.000013094281864593552	-0.006066537114760214
0.025822601906345985	0.000013094281920183318	-0.006069656739217343
0.026061535499988978	0.000013094281976807233	-0.0060728052789376106
0.026302679918953843	0.000013094282034484543	-0.006075983002860679
0.026546055619755416	0.000013094282093234841	-0.006079190182453506
0.026791683248190343	0.00001309428215307809	-0.006082427091734822
0.027039583641088463	0.000013094282214034621	-0.006085694007299844
0.027289777828080432	0.000013094282276125153	-0.006088991208345269
0.02754228703338169	0.000013094282339370766	-0.006092318976694521
0.02779713267759291	0.000013094282403792973	-0.006095677596823268
0.02805433637951716	0.000013094282469413645	-0.006099067355885203
0.028313919957993816	0.000013094282536255092	-0.0061024885437381115
0.028575905433749497	0.000013094282604340029	-0.0061059414529702
0.028840315031266085	0.000013094282673691588	-0.006109426378926718
0.02910717118066608	0.000013094282744333343	-0.006112943619736865
0.029376496519615335	0.000013094282816289299	-0.006116493476340968
0.029648313895243455	0.000013094282889583917	-0.006120076252517973
0.02992264636608192	0.00001309428296424212	-0.006123692254913226
0.030199517204020192	0.000013094283040289254	-0.006127341793066539
0.03047894989627986	0.000013094283117751205	-0.006131025179440593
0.03076096814740711	0.000013094283196654285	-0.0061347427294496035
0.031045595881283587	0.000013094283277025332	-0.006138494761488358
0.03133285724315589	0.000013094283358891673	-0.0061422815969615074
0.031622776601683826	0.000013094283442281131	-0.006146103560313221
0.03191537855100765	0.000013094283527222085	-0.0061499609790571595
0.03221068791283438	0.000013094283613743405	-0.006153854183806774
0.03250872973854347	0.000013094283701874527	-0.006157783508305937
0.03280952931131194	0.000013094283791645418	-0.006161749289459929
0.03311311214825915	0.000013094283883086635	-0.006165751867366761
0.03341950400261146	0.000013094283976229271	-0.006169791585348835
0.03372873086588692	0.000013094284071105032	-0.006173868789985015
0.034040818970100126	0.000013094284167746194	-0.006177983831142986
0.0343557947899875	0.000013094284266185657	-0.006182137062012031
0.0346736850452532	0.000013094284366456931	-0.0061863288391361855
0.034994516702835765	0.00001309428446859414	-0.0061905595224477535
0.035318316979195734	0.000013094284572632066	-0.006194829475301206
0.03564511334262446	0.00001309428467860615	-0.006199139064507511
0.03597493351557427	0.00001309428478655248	-0.006203488660368821
0.03630780547701017	0.000013094284896507827	-0.006207878636713627
0.03664375746478335	0.000013094285008509669	-0.006212309370932262
0.03698281797802665	0.00001309428512259617	-0.006216781244012905
0.037325015779572084	0.00001309428523880623	-0.006221294640577959
0.037670379898390914	0.000013094285357179464	-0.006225849948920927
0.038018939632056145	0.000013094285477756252	-0.006230447561043724
0.0383707245492279	0.000013094285600577737	-0.0062350878726944396
0.038725764492161745	0.00001309428572568582	-0.006239771283405625
0.03908408957924023	0.000013094285853123212	-0.006244498196533043
0.03944573020752787	0.000013094285982933444	-0.006249269019294943
0.039810717055349755	0.000013094286115160847	-0.006254084162811841
0.04017908108489402	0.000013094286249850617	-0.006258944042146884
0.040550853544838415	0.000013094286387048798	-0.006263849076346725
0.040926065973001115	0.000013094286526802314	-0.00626879968848303
0.041304750199016166	0.000013094286669158987	-0.00627379630569455
0.04168693834703357	0.000013094286814167555	-0.006278839359229868
0.04207266283844444	0.000013094286961877695	-0.00628392928449076
0.04246195639463132	0.000013094287112340035	-0.006289066521076304
0.042854852039743985	0.00001309428726560616	-0.006294251512827672
0.04325138310350091	0.000013094287421728682	-0.006299484707873752
0.04365158322401663	0.000013094287580761214	-0.006304766558677526
0.044055486350655364	0.000013094287742758408	-0.006310097522083386
0.04446312674691091	0.000013094287907775994	-0.0063154780593653636
0.04487453899331325	0.000013094288075870775	-0.006320908636276362
0.04528975799036211	0.000013094288247100673	-0.006326389723098509
0.04570881896148754	0.000013094288421524755	-0.0063319217946946876
0.04613175745603798	0.00001309428859920326	-0.00633750533056136
0.04655860935229591	0.000013094288780197604	-0.006343140814882854
0.04698941086052156	0.000013094288964570452	-0.006348828736587192
0.04742419852602448	0.00001309428915238572	-0.0063545695894037324
0.04786300923226385	0.000013094289343708602	-0.006360363871922745
0.04830588020397728	0.000013094289538605636	-0.006366212087657225
0.04875284901033865	0.000013094289737144714	-0.006372114745107228
0.04920395356814511	0.00001309428993939513	-0.006378072357827012
0.04965923214503363	0.000013094290145427624	-0.006384085444495546
0.05011872336272725	0.000013094290355314406	-0.006390154528990684
0.05058246620031143	0.000013094290569129242	-0.006396280140467759
0.051050499997540646	0.000013094290786947468	-0.006402462813443214
0.05152286445817567	0.00001309429100884605	-0.006408703087884165
0.05199959965335162	0.00001309429123490366	-0.006415001509304911
0.052480746024977286	0.000013094291465200721	-0.006421358628871659
0.05296634438916581	0.000013094291699819478	-0.00642777500351698
0.05345643593969719	0.000013094291938844083	-0.0064342511960658886
0.05395106225151279	0.000013094292182360661	-0.006440787775375809
0.05445026528424214	0.000013094292430457396	-0.006447385316493264
0.05495408738576248	0.000013094292683224662	-0.006454044400830791
0.0554625712957911	0.000013094292940755099	-0.006460765616368389
0.05597576014951104	0.000013094293203143736	-0.006467549557884926
0.05649369748123028	0.00001309429347048814	-0.006474396827226234
0.05701642722807478	0.00001309429374288858	-0.006481308033618446
0.05754399373371572	0.000013094294020448176	-0.006488283794037266
0.05807644175213124	0.000013094294303273107	-0.0064953247336469
0.05861381645140291	0.000013094294591472827	-0.006502431486325998
0.05915616341754743	0.000013094294885160343	-0.006509604695303039
0.05970352865838372	0.000013094295184452485	-0.006516845013930065
0.06025595860743581	0.00001309429548947027	-0.006524153106632176
0.060813500127871824	0.000013094295800339276	-0.006531529650081943
0.061376200516479455	0.000013094296117190124	-0.006538975334663006
0.06194410750767818	0.000013094296440159016	-0.006546490866308278
0.06251726927756862	0.000013094296769388363	-0.006554076968826307
0.06309573444801936	0.00001309429710502753	-0.006561734386868481
0.06367955209079162	0.000013094297447233746	-0.00656946388974333
0.064268771731702	0.000013094297796173111	-0.006577266276359173
0.06486344335482389	0.000013094298152021859	-0.006585142381681403
0.06546361740672754	0.000013094298514967814	-0.006593093085239202
0.06606934480075964	0.000013094298885212097	-0.006601119322428248
0.06668067692136226	0.000013094299262971112	-0.006609222099659676
0.06729766562843183	0.000013094299648478844	-0.00661740251484433
0.0679203632617185	0.000013094300041989386	-0.006625661785337743
0.0685488226452662	0.000013094300443779617	-0.006634001286397297
0.0691830970918937	0.000013094300854151715	-0.006642422604547549
0.06982324040771719	0.000013094301273434943	-0.0066509276121864275
0.07046930689671474	0.000013094301701985333	-0.006659518572496413
0.07112135136533296	0.00001309430214018101	-0.006668198287408233
0.07177942912713622	0.000013094302588408387	-0.006676970305848511
0.07244359600749906	0.000013094303047030514	-0.0066858392135806565
0.0731139083483418	0.000013094303516321175	-0.006694811025351119
0.07379042301291015	0.000013094303996335209	-0.006703893682439182
0.07447319739059896	0.000013094304486663622	-0.0067130975920732545
0.07516228940182061	0.000013094304985993436	-0.006722435954910858
0.07585775750291844	0.000013094305491376464	-0.006731924166664258
0.07655966069112569	0.000013094305997192339	-0.006741576670513174
0.07726805850957029	0.00001309430649419048	-0.006751398488693694
0.07798301105232593	0.00001309430697001278	-0.006761369350298642
0.07870457896950993	0.000013094307413731304	-0.006771426424876611
0.07943282347242822	0.000013094307825020855	-0.006781468653279164
0.08016780633876798	0.000013094308220728508	-0.006791404596972716
0.0809095899178383	0.000013094308628138869	-0.006801213035787574
0.0816582371358593	0.000013094309069132092	-0.006810949433669408
0.0824138115013003	0.000013094309551675588	-0.006820697178446456
0.08317637711026717	0.00001309431007301482	-0.006830522984027749
0.08394599865193982	0.00001309431062632906	-0.006840464527506492
0.08472274141405972	0.000013094311204957341	-0.006850537330373473
0.08550667128846841	0.000013094311803843179	-0.00686074465623485
0.0862978547766971	0.000013094312419574628	-0.0068710843781204
0.08709635899560814	0.00001309431305000212	-0.006881552644194788
0.08790225168308852	0.000013094313693842509	-0.0068921455362774536
0.08871560120379617	0.00001309431435037809	-0.006902859697127776
0.08953647655495947	0.000013094315019252158	-0.006913692488041364
0.09036494737223023	0.000013094315700336655	-0.006924641956107075
0.09120108393559107	0.000013094316393648386	-0.006935706738440839
0.09204495717531722	0.000013094317099296326	-0.006946885956938843
0.09289663867799372	0.000013094317817448508	-0.006958179123494869
0.09375620069258811	0.000013094318548311247	-0.006969586061170221
0.09462371613657934	0.000013094319292115952	-0.006981106841060215
0.09549925860214364	0.000013094320049110868	-0.006992741732664074
0.0963829023623971	0.000013094320819555809	-0.00700449116520356
0.09727472237769656	0.000013094321603718862	-0.007016355697563354
0.09817479430199849	0.000013094322401874322	-0.007028335994922338
0.09908319448927681	0.000013094323214301439	-0.007040432810543962
0.10000000000000005	0.000013094324041283671	-0.007052646971537387
0.10092528860766849	0.000013094324883108294	-0.007064979367678354
0.10185913880541175	0.000013094325740066192	-0.007077430942594642
0.10280162981264741	0.000013094326612451815	-0.00709000268678656
0.10375284158180131	0.0000130943275005632	-0.00710269563207826
0.10471285480509002	0.000013094328404702069	-0.0071155108471907536
0.1056817509213659	0.000013094329325173935	-0.007128449434199111
0.10665961212302584	0.000013094330262288278	-0.0071415125256907045
0.10764652136298355	0.000013094331216358643	-0.007154701282482394
0.10864256236170661	0.000013094332187702837	-0.007168016891786196
0.10964781961431856	0.000013094333176643018	-0.007181460565736661
0.1106623783977667	0.000013094334183505943	-0.007195033540211882
0.11168632477805618	0.000013094335208623026	-0.00720873707389423
0.1127197456175511	0.000013094336252330503	-0.007222572447527928
0.11376272858234315	0.000013094337314969614	-0.0072365409633392596
0.11481536214968835	0.000013094338396886672	-0.0072506439445919725
0.11587773561551268	0.000013094339498433244	-0.007264882735255746
0.11694993910198717	0.000013094340619966223	-0.00727925869976976
0.11803206356517304	0.000013094341761848	-0.007293773222886965
0.11912420080273756	0.000013094342924446557	-0.007308427709586988
0.12022644346174137	0.000013094344108135563	-0.007323223585048141
0.1213388850464978	0.00001309434531329453	-0.007338162294670452
0.12246161992650495	0.000013094346540308865	-0.007353245304143192
0.12359474334445113	0.000013094347789570028	-0.007368474099551464
0.12473835142429439	0.000013094349061475593	-0.007383850187517393
0.1258925411794168	0.000013094350356429363	-0.007399375095372138
0.12705741052085426	0.000013094351674841475	-0.0074150503713557095
0.12823305826560225	0.000013094353017128483	-0.0074308775848419654
0.1294195841449987	0.000013094354383713445	-0.00744685832658671
0.13061708881318423	0.000013094355775026027	-0.007462994208997018
0.1318256738556408	0.000013094357191502605	-0.007479286866420459
0.13304544179780922	0.000013094358633586297	-0.00749573795545284
0.13427649611378642	0.000013094360101727104	-0.007512349155263595
0.13551894123510363	0.000013094361596381974	-0.007529122167937894
0.13677288255958495	0.000013094363118014849	-0.007546058718834799
0.13803842646028852	0.00001309436466709679	-0.007563160556960988
0.13931568029453034	0.00001309436624410603	-0.007580429455359519
0.14060475241299142	0.000013094367849528033	-0.007597867211513268
0.14190575216890927	0.000013094369483855565	-0.007615475647762883
0.1432187899273544	0.00001309437114758878	-0.007633256611738885
0.1445439770745928	0.000013094372841235254	-0.00765121197680786
0.1458814260275349	0.000013094374565310055	-0.007669343642532639
0.14723125024327194	0.000013094376320335801	-0.007687653535146306
0.14859356422870074	0.000013094378106842694	-0.007706143608040086
0.1499684835502374	0.000013094379925368579	-0.007724815842265063
0.15135612484362088	0.00001309438177645897	-0.00774367224704774
0.15275660582380732	0.000013094383660667091	-0.007762714860319436
0.154170045294956	0.000013094385578553915	-0.007781945749259605
0.1555965631605075	0.00001309438753068816	-0.007801367010853073
0.15703628043335532	0.000013094389517646326	-0.007820980772461234
0.15848931924611143	0.00001309439154001268	-0.007840789192407258
0.15995580286146696	0.000013094393598379287	-0.007860794460575318
0.1614358556826487	0.000013094395693345979	-0.007880998799023885
0.1629296032639723	0.000013094397825520328	-0.00790140446261299
0.16443717232149324	0.000013094399995517664	-0.007922013739645559
0.16595869074375613	0.00001309440220396097	-0.007942828952522657
0.16749428760264382	0.000013094404451480892	-0.007963852458412607
0.1690440931643265	0.000013094406738715645	-0.007985086649933807
0.17060823890031243	0.000013094409066310951	-0.008006533955851125
0.17218685749860077	0.000013094411434919934	-0.00802819684178555
0.17378008287493762	0.000013094413845203038	-0.008050077810936933
0.1753880501841762	0.000013094416297827889	-0.008072179404819293
0.1770108958317422	0.000013094418793469162	-0.008094504204008346
0.17864875748520517	0.000013094421332808434	-0.00811705482890069
0.180301774085957	0.000013094423916533973	-0.008139833940483971
0.18197008586099844	0.000013094426545340588	-0.008162844241117278
0.18365383433483473	0.000013094429219929349	-0.008186088475320876
0.18535316234148125	0.000013094431941007383	-0.008209569430574213
0.18706821403658017	0.000013094434709287581	-0.008233289938120975
0.18879913490962946	0.000013094437525488277	-0.00825725287377981
0.19054607179632482	0.000013094440390332942	-0.008281461158759067
0.19230917289101596	0.000013094443304549773	-0.008305917760473699
0.19408858775927793	0.000013094446268871309	-0.00833062569336224
0.19588446735059908	0.000013094449284033978	-0.00835558801970138
0.1976969640111862	0.000013094452350777584	-0.008380807850415417
0.19952623149688808	0.00001309445546984481	-0.008406288345877422
0.20137242498623895	0.00001309445864198057	-0.008432032716698587
0.2032357010936223	0.000013094461867931415	-0.008458044224501728
0.20511621788255666	0.000013094465148444803	-0.008484326182674367
0.20701413487910436	0.000013094468484268345	-0.008510881957096225
0.2089296130854041	0.000013094471876148968	-0.008537714966835346
0.2108628149933291	0.000013094475324831993	-0.008564828684806262
0.21281390459827135	0.000013094478831060164	-0.00859222663838272
0.21478304741305343	0.000013094482395572559	-0.008619912409956703
0.21677041048196952	0.000013094486019103422	-0.008647889637434153
0.2187761623949553	0.000013094489702380887	-0.00867616201465687
0.22080047330189004	0.000013094493446125591	-0.008704733291738405
0.22284351492703042	0.000013094497251049164	-0.008733607275300453
0.22490546058357816	0.000013094501117852589	-0.008762787828594317
0.22698648518838224	0.00001309450504722441	-0.008792278871490103
0.22908676527677735	0.00001309450903983878	-0.008822084380313963
0.23120647901755953	0.000013094513096353357	-0.00885220838751119
0.23334580622810033	0.000013094517217406977	-0.008882654981109867
0.23550492838960102	0.00001309452140361715	-0.008913428303956542
0.23768402866248772	0.000013094525655577279	-0.008944532552691335
0.2398832919019491	0.000013094529973853696	-0.00897597197642557
0.2421029046736179	0.000013094534358982344	-0.009007750875079622
0.24434305526939726	0.000013094538811465199	-0.009039873597333062
0.246603933723434	0.000013094543331766342	-0.009072344538131868
0.24888573182823917	0.000013094547920307625	-0.009105168135689685
0.25118864315095807	0.000013094552577463943	-0.00913834886791065
0.2535128630497908	0.00001309455730355801	-0.009171891248150366
0.25585858869056466	0.000013094562098854631	-0.009205799820218671
0.2582260190634597	0.000013094566963554371	-0.009240079152512742
0.26061535499988964	0.000013094571897786529	-0.009274733831151
0.2630267991895383	0.00001309457690160141	-0.00930976845195729
0.26546055619755404	0.000013094581974961692	-0.009345187611118957
0.2679168324819033	0.000013094587117732892	-0.00938099589431247
0.2703958364108845	0.000013094592329672641	-0.009417197864053456
0.2728977782808042	0.000013094597610418796	-0.009453798044983835
0.27542287033381674	0.000013094602959476034	-0.009490800906755272
0.277971326775929	0.000013094608376200805	-0.009528210844102524
0.2805433637951715	0.000013094613859784341	-0.009566032153620051
0.28313919957993805	0.000013094619409233479	-0.009604269006656266
0.2857590543374948	0.00001309462502334876	-0.00964292541761671
0.2884031503126607	0.000013094630700699563	-0.00968200520681409
0.29107171180666064	0.000013094636439595544	-0.00972151195681019
0.2937649651961532	0.000013094642238053802	-0.009761448960950889
0.2964831389524344	0.000013094648093760934	-0.009801819162484559
0.29922646366081906	0.00001309465400402888	-0.009842625082255769
0.30199517204020176	0.00001309465996574345	-0.009883868732450249
0.30478949896279844	0.000013094665975303764	-0.00992555151319487
0.307609681474071	0.00001309467202855067	-0.00996767408793194
0.3104559588128357	0.000013094678120681624	-0.01001023623231268
0.3133285724315587	0.000013094684246148642	-0.010053236649780325
0.3162277660168381	0.00001309469039853515	-0.010096672744879485
0.31915378551007634	0.000013094696570406103	-0.010140540342404145
0.3221068791283436	0.00001309470275312403	-0.010184833336439972
0.32508729738543457	0.000013094708936621088	-0.01022954324765479
0.3280952931131192	0.000013094715109113811	-0.010274658659063178
0.3311311214825913	0.00001309472125674201	-0.010320164488728105
0.33419504002611444	0.00001309472736310624	-0.010366041040557427
0.3372873086588691	0.000013094733408666806	-0.010412262748455857
0.34040818970100106	0.000013094739369950405	-0.010458796489663994
0.34355794789987465	0.00001309474521848125	-0.010505599282251947
0.34673685045253166	0.000013094750919296584	-0.01055261508810275
0.3499451670283573	0.000013094756428739424	-0.010599770312739175
0.353183169791957	0.000013094761690045162	-0.010646967593453132
0.35645113342624424	0.000013094766823509273	-0.010693004868419842
0.3597493351557423	0.000013094771204926526	-0.010740890596619092
0.36307805477010135	0.000013094775217889612	-0.010787190412592436
0.36643757464783333	0.000013094778536596924	-0.010832579399631231
0.3698281797802663	0.000013094780916294976	-0.010876488018835184
0.3732501577957206	0.000013094781991270151	-0.010918002280130802
0.37670379898390893	0.000013094781175898047	-0.010955551350416662
0.38018939632056126	0.00001309477744871592	-0.010986157160407075
0.38370724549227886	0.000013094768800650536	-0.01100329999298238
0.3872576449216173	0.000013094750501644785	-0.010989049969889392
0.3908408957924021	0.000013094707742082471	-0.01086867438970218
0.39445730207527846	0.00001309460076143011	-0.009783680421725194
0.3981071705534973	0.000013095097947904013	-0.011301022452117454
0.40179081084894	0.000013094896854395162	-0.011406046378626484
0.40550853544838394	0.000013094818043535999	-0.011304960758430838
0.40926065973001097	0.000013094737012098798	-0.011028236624191572
0.41304750199016144	0.00001309464790767957	-0.010065811686701159
0.4168693834703355	0.000013095250406342226	-0.008245781039608116
0.4207266283844442	0.000013095416674473082	-0.011141183268033109
0.424619563946313	0.000013095256481833257	-0.01177217459047892
0.4285485203974396	0.000013095180161850881	-0.011951154804818056
0.43251383103500884	0.000013095139978841104	-0.012045460619989234
0.4365158322401661	0.000013095116232616301	-0.012116344629216355
0.44055486350655343	0.000013095100805110665	-0.012178718486202788
0.4446312674691088	0.000013095089697774852	-0.012236805111728699
0.4487453899331323	0.000013095080492407489	-0.012291304375241107
0.4528975799036209	0.000013095071251838318	-0.012340920425111907
0.4570881896148752	0.000013095059706379383	-0.012381785219327297
0.46131757456037953	0.000013095041859579013	-0.012403791686353185
0.4655860935229591	0.000013095007310470723	-0.012373330380684484
0.4698941086052156	0.000013094918212036377	-0.01205060082213527
0.4742419852602448	0.000013095251299295347	-0.0075684764963710625
0.47863009232263853	0.0000130953896714841	-0.013068165651812933
0.48305880203977286	0.000013095252815126778	-0.01308753851996526
0.4875284901033865	0.000013095209394178797	-0.013112419691370144
0.4920395356814511	0.000013095187885136939	-0.013154518782798628
0.49659232145033627	0.000013095174355983396	-0.013205385019826082
0.5011872336272725	0.000013095164157866334	-0.013260593107061666
0.5058246620031143	0.000013095155208340293	-0.01331762781270626
0.5105049999754064	0.000013095146351422466	-0.013374769030013866
0.5152286445817567	0.00001309513681690532	-0.013430580276202921
0.5199959965335162	0.00001309512600293129	-0.013483630778091256
0.5248074602497729	0.000013095113374484857	-0.01353229885363427
0.5296634438916581	0.000013095098410460754	-0.013574586737417203
0.5345643593969719	0.000013095080575346118	-0.013607904434922867
0.5395106225151278	0.000013095059308637504	-0.01362878592838972
0.5445026528424215	0.000013095034035240862	-0.013632497153380873
0.5495408738576248	0.000013095004210801828	-0.013612488288744506
0.5546257129579107	0.000013094969432483736	-0.013559643804040532
0.5597576014951101	0.000013094929674107763	-0.013461320903994564
0.5649369748123025	0.000013094885750455799	-0.013300315856926951
0.5701642722807475	0.000013094840173035819	-0.013054335935268556
0.5754399373371569	0.000013094798567571741	-0.012697615251442763
0.580764417521312	0.000013094771549563963	-0.012208269815090853
0.5861381645140288	0.000013094775862100032	-0.011586600301638696
0.591561634175474	0.000013094831372088231	-0.010884256432623671
0.5970352865838369	0.000013094949988476987	-0.010221164025081437
0.6025595860743578	0.000013095121203838369	-0.009743225262430417
0.6081350012787179	0.000013095312559946759	-0.009520738721252057
0.6137620051647943	0.00001309549297926309	-0.009484164630598797
0.6194410750767815	0.000013095661182498055	-0.009447558818872302
0.6251726927756859	0.0000130958912399102	-0.009123638515020224
0.6309573444801934	0.000013096653867836066	-0.008723871976371401
0.6367955209079159	0.000013097074979387814	-0.017990283647157383
0.6426877173170198	0.000013094667898810176	-0.019215426848307477
0.6486344335482385	0.000013094711749180203	-0.011267533968088007
0.654636174067275	0.000013095233151664405	-0.010234807244940084
0.6606934480075961	0.000013095253792326631	-0.01014375264431823
0.6668067692136223	0.000013095442871484512	-0.009588165389189083
0.6729766562843178	0.00001309560895122599	-0.009096191117829534
0.6792036326171846	0.000013095797369663089	-0.008700905586808463
0.6854882264526617	0.000013096006028324109	-0.008466403334551377
0.6918309709189366	0.00001309622101858473	-0.008422647168942025
0.6982324040771715	0.00001309642700084852	-0.008557707947854985
0.7046930689671471	0.000013096613093412013	-0.008831245094217252
0.7112135136533292	0.000013096774514357837	-0.009194189816173
0.7177942912713619	0.00001309691135867244	-0.00960304188530044
0.7244359600749902	0.000013097026500258202	-0.010025755865352605
0.7311390834834176	0.00001309712385307015	-0.010441746078068857
0.7379042301291011	0.0000130972073244101	-0.010839392919600612
0.7447319739059892	0.00001309728033389815	-0.01121319640013504
0.7516228940182057	0.000013097345673992834	-0.01156145670695542
0.758577575029184	0.000013097405537419748	-0.01188464753868843
0.7655966069112565	0.000013097461607928317	-0.012184370974874698
0.7726805850957026	0.000013097515162735225	-0.012462725944501804
0.7798301105232589	0.000013097567165030491	-0.012721946318503837
0.7870457896950989	0.000013097618339954174	-0.0129642053154852
0.7943282347242817	0.000013097669234073437	-0.013191517813966807
0.8016780633876793	0.000013097720260883105	-0.01340569547645548
0.8090958991783825	0.000013097771735987623	-0.013608313587269735
0.8165823713585927	0.000013097823913996104	-0.013800501298164194
0.8241381150130026	0.000013097876798329454	-0.013988947207870776
0.8317637711026713	0.00001309793089048738	-0.01416223715978286
0.8394599865193977	0.000013097986048147766	-0.014331444908612562
0.8472274141405968	0.000013098042406256133	-0.014494922641113713
0.8550667128846836	0.00001309810003889252	-0.014653275168106336
0.8629785477669706	0.000013098159003487256	-0.014807112275353742
0.870963589956081	0.000013098219346749493	-0.014956983898746648
0.8790225168308847	0.000013098281107626237	-0.015103377887107996
0.8871560120379608	0.000013098344319318236	-0.015246725720275382
0.8953647655495938	0.000013098409010759518	-0.015387409164405485
0.9036494737223014	0.000013098475207728081	-0.015525766483821818
0.9120108393559097	0.000013098542933685588	-0.015662097925097568
0.9204495717531712	0.000013098612210412411	-0.015796670461729306
0.9289663867799363	0.000013098683058484917	-0.015929721860650427
0.9375620069258802	0.000013098755497629025	-0.016061464146581945
0.946237161365793	0.0000130988295469747	-0.016192086536111077
0.9549925860214359	0.000013098905225228483	-0.016321757902846356
0.9638290236239705	0.000013098982550775561	-0.016450628822126646
0.9727472237769651	0.00001309906154171758	-0.016578833229655896
0.9817479430199844	0.000013099142215847628	-0.016706489712849146
0.9908319448927676	0.000013099224590558642	-0.016833702435472987
1.	0.000013099308682675406	-0.016960561673270636
1.0092528860766845	0.000013099394508192206	-0.01708714390721424
1.0185913880541169	0.000013099482081887017	-0.017213511376030388
1.0280162981264735	0.00001309957141676596	-0.017339710920727648
1.0375284158180127	0.000013099662523265588	-0.017465771843309608
1.0471285480508996	0.000013099755408097214	-0.017591702317095673
1.0568175092136585	0.000013099850072546059	-0.01771748356479542
1.066596121230258	0.00001309994650991252	-0.01784306043846167
1.076465213629835	0.000013100044701557543	-0.017968325932885457
1.0864256236170655	0.000013100144610590236	-0.018093094967194405
1.096478196143185	0.000013100246171399612	-0.01821705812877202
1.1066237839776665	0.000013100349271494705	-0.01833969556833087
1.1168632477805611	0.000013100453718276916	-0.018460105382423993
1.1271974561755105	0.000013100559174290496	-0.018576630285755433
1.1376272858234309	0.000013100665021535683	-0.01868594698773481
1.1481536214968828	0.000013100770055325774	-0.018780471773046894
1.1587773561551262	0.000013100871787794911	-0.018839135653938768
1.1694993910198712	0.000013100966159917754	-0.018781755751564714
1.1803206356517297	0.00001310110753049489	-0.018186471511008606
1.191242008027375	0.000013101559937007832	-0.019015266773327745
1.2022644346174132	0.000013101551877070566	-0.01968329423231565
1.2133888504649775	0.0000131016290606571	-0.0198422219042952
1.224616199265049	0.000013101736885134494	-0.01997070190465221
1.2359474334445106	0.000013101857358437853	-0.02009937372335686
1.2473835142429432	0.000013101985017663291	-0.020231052319083277
1.2589254117941675	0.000013102117734362575	-0.020365586180347957
1.270574105208542	0.000013102254529691419	-0.02050253577278716
1.2823305826560218	0.000013102394900493764	-0.02064152987668896
1.2941958414499863	0.000013102538566551367	-0.02078228840205969
1.3061708881318417	0.000013102685360777727	-0.020924597189303874
1.3182567385564075	0.000013102835175162746	-0.021068281052618706
1.3304544179780915	0.000013102987930382444	-0.021213180223487744
1.3427649611378643	0.0000131031435553422	-0.021359127466571027
1.3551894123510364	0.000013103301969394762	-0.021505920618349737
1.3677288255958495	0.000013103463061634723	-0.021653281763463667
1.3803842646028852	0.00001310362666015441	-0.021800785632500843
1.3931568029453034	0.000013103792478150117	-0.021947717114809372
1.4060475241299142	0.000013103960007305492	-0.022092752664955983
1.4190575216890926	0.000013104128281957638	-0.022233146836427384
1.432187899273544	0.000013104295288049843	-0.022362261265965726
1.4454397707459279	0.00001310445625454648	-0.022459918275397325
1.4588142602753489	0.000013104598589350928	-0.022436292559928205
1.4723125024327193	0.00001310476071263995	-0.021620670680852893
1.4859356422870074	0.000013105379325546325	-0.02241839461989582
1.499684835502374	0.000013105453654630411	-0.02320703490259839
1.5135612484362087	0.000013105604086330565	-0.023444937649461976
1.5275660582380732	0.000013105785582993108	-0.023627616031894963
1.54170045294956	0.000013105981411985962	-0.023800533074052815
1.555965631605075	0.000013106186179664599	-0.023971934608794085
1.5703628043335531	0.000013106397720671851	-0.02414396695826136
1.584893192461114	0.000013106615032547456	-0.024317312185784454
1.5995580286146696	0.000013106837610892102	-0.024492213903410796
1.6143585568264869	0.000013107065193132939	-0.02466876545443618
1.629296032639723	0.000013107297645812003	-0.024847004555127963
1.6443717232149324	0.000013107534909790295	-0.02502694782935719
1.6595869074375613	0.000013107776971443459	-0.025208604306105907
1.6749428760264382	0.000013108023846542146	-0.025391980890887098
1.690440931643265	0.000013108275570757425	-0.025577084582602633
1.7060823890031243	0.000013108532193825652	-0.0257639233183446
1.7218685749860079	0.000013108793775832084	-0.025952506230575222
1.7378008287493762	0.000013109060384771706	-0.026142843656433764
1.753880501841762	0.000013109332094906814	-0.026334947049698503
1.770108958317422	0.000013109608985637245	-0.026528828862357037
1.7864875748520517	0.00001310989114070918	-0.02672450242486927
1.803017740859568	0.000013110178647653033	-0.026921981836827657
1.8197008586099825	0.000013110471597379712	-0.02712128187177267
1.8365383433483455	0.000013110770083888384	-0.02732241789639089
1.8535316234148105	0.000013111074204054383	-0.027525405802875633
1.8706821403657996	0.00001311138405747544	-0.027730261952752834
1.8879913490962925	0.000013111699746361085	-0.027937003130438422
1.9054607179632463	0.000013112021375454576	-0.028145646504939635
1.9230917289101574	0.000013112349051979485	-0.028356209598320886
1.9408858775927773	0.000013112682885605426	-0.028568710259768544
1.958844673505989	0.000013113022988428582	-0.02878316664428434
1.97696964011186	0.000013113369474964114	-0.02899959719520818
1.9952623149688788	0.000013113722462147969	-0.02921802062991318
2.0137242498623875	0.000013114082069346378	-0.029438455928135262
2.032357010936221	0.000013114448418371652	-0.0296609223224963
2.0511621788255647	0.000013114821633503203	-0.029885439290859645
2.0701413487910414	0.000013115201841513012	-0.030112026550221244
2.0892961308540388	0.000013115589171694895	-0.030340704051892067
2.108628149933289	0.000013115983755896984	-0.03057149197777054
2.1281390459827114	0.000013116385728557137	-0.030804410737538215
2.147830474130533	0.000013116795226740856	-0.031039480966640706
2.167704104819694	0.000013117212390181571	-0.03127672352493886
2.1877616239495516	0.000013117637361322933	-0.03151615949593465
2.208004733018899	0.000013118070285363108	-0.03175781018649139
2.228435149270303	0.000013118511310300884	-0.032001697126981546
2.2490546058357803	0.000013118960586983441	-0.032247842071805616
2.2698648518838214	0.000013119418269155753	-0.03249626700023482
2.2908676527677723	0.00001311988451351161	-0.03274699411753739
2.312064790175594	0.000013120359479746036	-0.033000045856355055
2.333458062281002	0.000013120843330609327	-0.0332554448783005
2.355049283896009	0.000013121336231962415	-0.0335132140757524
2.376840286624876	0.000013121838352833686	-0.033773376573826716
2.39883291901949	0.000013122349865477278	-0.034035955732507284
2.4210290467361775	0.000013122870945432693	-0.03430097514892057
2.4434305526939712	0.000013123401771585891	-0.03456845865974228
2.4660393372343385	0.000013123942526231742	-0.0348384303437249
2.48885731828239	0.000013124493395137914	-0.03511091452433725
2.5118864315095797	0.0000131250545676102	-0.035385935772508426
2.535128630497907	0.000013125626236559243	-0.03566351890946942
2.5585858869056453	0.000013126208598568775	-0.03594368900968732
2.582260190634596	0.000013126801853965235	-0.036226471403887225
2.6061535499988953	0.000013127406206888999	-0.0365118916821584
2.6302679918953813	0.00001312802186536699	-0.036799975697141156
2.654605561975539	0.000013128649041386933	-0.037090749567292434
2.6791683248190314	0.000013129287950973098	-0.03738423968022762
2.703958364108843	0.00001312993881426367	-0.037680472696137245
2.7289777828080406	0.00001313060185558969	-0.037979475551277425
2.7542287033381663	0.000013131277303555696	-0.03828127546153302
2.7797132677592886	0.00001313196539112197	-0.038585899926053116
2.805433637951713	0.000013132666355688573	-0.0388933767309586
2.831391995799379	0.000013133380439181029	-0.03920373395312169
2.8575905433749464	0.000013134107888137795	-0.03951699996401775
2.8840315031266055	0.000013134848953799654	-0.039833203433649746
2.910717118066605	0.000013135603892200772	-0.04015237333454574
2.9376496519615305	0.00001313637296426176	-0.04047453894583072
2.9648313895243423	0.000013137156435884613	-0.04079972985737283
2.992264636608189	0.000013137954578049628	-0.041127975974005894
3.019951720402016	0.000013138767666914283	-0.04145930751982863
3.047894989627983	0.000013139595983914224	-0.04179375504258243
3.076096814740708	0.000013140439815866248	-0.04213134941810872
3.1045595881283554	0.000013141299455073534	-0.042472121854887634
3.1332857243155856	0.000013142175199432924	-0.04281610389865927
3.162277660168379	0.000013143067352544533	-0.04316332743712973
3.1915378551007616	0.000013143976223823582	-0.04351382470476314
3.2210687912834346	0.000013144902128614559	-0.043867628287661976
3.250872973854344	0.000013145845388307764	-0.04422477112853753
3.2809529311311905	0.00001314680633045826	-0.04458528653177236
3.311311214825911	0.00001314778528890736	-0.04494920816857728
3.3419504002611427	0.000013148782603906564	-0.04531657008224458
3.372873086588689	0.000013149798622244174	-0.04568740669350023
3.404081897010009	0.000013150833697374507	-0.04606175280595727
3.4355794789987466	0.000013151888189549837	-0.04643964361167277
3.4673685045253166	0.000013152962465955117	-0.046821114696811106
3.499451670283573	0.000013154056900845534	-0.047206202047416074
3.53183169791957	0.000013155171875686957	-0.04759494205529442
3.5645113342624426	0.000013156307779299357	-0.04798737152401406
3.5974933515574232	0.000013157465008003279	-0.04838352767501938
3.630780547701014	0.000013158643965769388	-0.048783448153866885
3.664375746478333	0.00001315984506437124	-0.04918717103658423
3.6982817978026628	0.000013161068723541265	-0.049594734836155896
3.732501577957206	0.000013162315371130107	-0.050006178509138556
3.767037989839089	0.000013163585443269342	-0.050421541462409715
3.801893963205613	0.000013164879384537717	-0.05084086356005325
3.8370724549227884	0.000013166197648130957	-0.05126418513038493
3.8725764492161727	0.000013167540696035192	-0.05169154697312215
3.908408957924021	0.000013168908999204162	-0.05212299036670139
3.944573020752785	0.000013170303037740232	-0.05255855707574745
3.981071705534973	0.000013171723301079368	-0.052998289358698325
4.0179081084894	0.000013173170288180071	-0.05344222997559028
4.055085354483839	0.000013174644507716474	-0.05389042219600668
4.09260659730011	0.000013176146478275648	-0.054342909807196055
4.130475019901614	0.000013177676728559213	-0.054799737122362836
4.168693834703355	0.000013179235797589367	-0.0552609489891363
4.207266283844442	0.000013180824234919482	-0.055726590798221974
4.24619563946313	0.000013182442600849278	-0.05619670849224106
4.285485203974396	0.000013184091466644869	-0.05667134857476235
4.325138310350088	0.000013185771414763534	-0.05715055811953251
4.365158322401661	0.000013187483039083614	-0.05763438477990977
4.405548635065534	0.000013189226945139495	-0.058122876798506945
4.446312674691089	0.000013191003750361795	-0.05861608301704929
4.487453899331323	0.000013192814084323002	-0.059114052886453425
4.528975799036209	0.000013194658588988593	-0.05961683647713336
4.570881896148752	0.000013196537918973847	-0.060124484489540025
4.613175745603791	0.000013198452741806413	-0.06063704826494052
4.655860935229586	0.000013200403738194877	-0.061154579796444807
4.698941086052151	0.00001320239160230341	-0.06167713174028524
4.742419852602444	0.000013204417042032741	-0.0622047574273578
4.7863009232263805	0.00001320648077930743	-0.06273751087503115
4.830588020397723	0.000013208583550369897	-0.06327544679923203
4.875284901033861	0.000013210726106081063	-0.06381862062681475
4.920395356814506	0.000013212909212228062	-0.06436708850822094
4.965923214503357	0.00001321513364983903	-0.06492090733044295
5.01187233627272	0.000013217400215505175	-0.06548013473029347
5.058246620031137	0.000013219709721710431	-0.0660448291079946
5.105049999754059	0.000013222062997168781	-0.06661504964109384
5.152286445817562	0.00001322446088716949	-0.06719085629871722
5.1999599653351565	0.000013226904253930525	-0.06777230985616872
5.248074602497723	0.000013229393976960242	-0.06835947190988727
5.296634438916575	0.000013231930953427766	-0.06895240489277037
5.345643593969713	0.000013234516098542074	-0.06955117208987699
5.395106225151273	0.000013237150345940203	-0.07015583765451885
5.445026528424209	0.000013239834648084748	-0.07076646662475398
5.495408738576242	0.000013242569976670904	-0.07138312494029264
5.5462571295791046	0.000013245357323043388	-0.0720058794598289
5.597576014951099	0.000013248197698623391	-0.07263479797881091
5.649369748123022	0.00001325109213534598	-0.0732699492476621
5.701642722807472	0.000013254041686108157	-0.07391140299046828
5.754399373371567	0.000013257047425227892	-0.0745592299241436
5.807644175213118	0.000013260110448914476	-0.07521350177809084
5.861381645140285	0.00001326323187575046	-0.0758742913143707
5.9156163417547365	0.00001326641284718556	-0.07654167234839604
5.9703528658383656	0.000013269654528042896	-0.07721571977016697
6.025595860743575	0.000013272958107037793	-0.07789650956606384
6.081350012787176	0.000013276324797309734	-0.07858411884121527
6.137620051647939	0.000013279755836967568	-0.07927862584245915
6.194410750767812	0.000013283252489648623	-0.07998010998191532
6.251726927756856	0.000013286816045092017	-0.08068865186118915
6.30957344480193	0.000013290447819726519	-0.08140433329622561
6.367955209079155	0.000013294149157273575	-0.08212723734283515
6.426877173170194	0.00001329792142936576	-0.08285744832291154
6.486344335482381	0.000013301766036181265	-0.0835950518513653
6.546361740672747	0.000013305684407094865	-0.08434013486379419
6.6069344800759575	0.000013309678001345785	-0.08509278564491528
6.668067692136219	0.000013313748308723147	-0.08585309385778332
6.729766562843175	0.000013317896850269352	-0.08662115057381993
6.792036326171843	0.000013322125179002132	-0.08739704830368128
6.854882264526613	0.000013326434880655669	-0.08818088102899055
6.918309709189362	0.000013330827574441583	-0.0889727442349642
6.9823240407717115	0.000013335304913830166	-0.08977273494396089
7.046930689671467	0.000013339868587352773	-0.09058095174998469
7.112135136533288	0.00001334452031942581	-0.0913974948541726
7.177942912713615	0.000013349261871197113	-0.09222246610130042
7.244359600749899	0.000013354095041415484	-0.0930559690173409
7.311390834834173	0.000013359021667323951	-0.09389810884810897
7.379042301291007	0.000013364043625577788	-0.09474899259903112
7.447319739059888	0.000013369162833187814	-0.09560872907607727
7.516228940182053	0.000013374381248489995	-0.09647742892789411
7.585775750291836	0.000013379700872142177	-0.09735520468918099
7.655966069112561	0.000013385123748148779	-0.09824217082535204
7.726805850957022	0.0000133906519649144	-0.09913844377852728
7.798301105232586	0.000013396287656327425	-0.10004414201489975
7.870457896950985	0.000013402033002874413	-0.10095938607352646
7.943282347242813	0.000013407890232786516	-0.10188429861659251
8.01678063387679	0.000013413861623218896	-0.1028190044811999
8.090958991783822	0.000013419949501464334	-0.10376363073273565
8.165823713585922	0.000013426156246202145	-0.1047183067198739
8.241381150130021	0.000013432484288783617	-0.10568316413127123
8.317637711026709	0.000013438936114555378	-0.10665833705401456
8.394599865193973	0.000013445514264221789	-0.10764396203388546
8.472274141405963	0.000013452221335247892	-0.1086401781375057
8.550667128846833	0.000013459059983304359	-0.10964712701643264
8.629785477669701	0.000013466032923755772	-0.11066495297327456
8.709635899560805	0.000013473142933193985	-0.1116938030299009
8.790225168308842	0.000013480392851018014	-0.11273382699782351
8.871560120379607	0.000013487785581062209	-0.11378517755082909
8.953647655495937	0.000013495324093274526	-0.11484801029994672
9.036494737223014	0.000013503011425446538	-0.11592248387083665
9.120108393559097	0.000013510850684997331	-0.11700875998369244
9.204495717531712	0.000013518845050813022	-0.1181070035357493
9.289663867799362	0.000013526997775144168	-0.11921738268649798
9.375620069258803	0.00001353531218556312	-0.12034006894570778
9.462371613657929	0.000013543791686983588	-0.12147523726436395
9.549925860214358	0.000013552439763744766	-0.12262306612863393
9.638290236239705	0.000013561259981762509	-0.12378373765697656
9.727472237769652	0.000013570255990750076	-0.12495743770051874
9.817479430199844	0.000013579431526511113	-0.12614435594682483
9.908319448927676	0.000013588790413307711	-0.1273446860271926
10.	0.000013598336566306408	-0.1285586256276154
10.092528860766844	0.000013608073994105208	-0.129786376603554
10.18591388054117	0.000013618006801344834	-0.13102814509867114
10.280162981264736	0.000013628139191407441	-0.13228414166768723
10.375284158180126	0.000013638475469206447	-0.1335545814035222
10.471285480508996	0.000013649020044070966	-0.13483968406889824
10.568175092136585	0.000013659777432728697	-0.1361396742325838
10.665961212302578	0.000013670752262391366	-0.1374547814104695
10.76465213629835	0.000013681949273946773	-0.13878524021167402
10.864256236170656	0.000013693373325261805	-0.1401312904898891
10.964781961431852	0.000013705029394601242	-0.14149317750018078
11.066237839776663	0.000013716922584166727	-0.1428711520614756
11.168632477805613	0.000013729058123761443	-0.144265470724971
11.271974561755105	0.000013741441374585312	-0.14567639594872087
11.37627285823431	0.000013754077833166567	-0.14710419627865842
11.481536214968829	0.000013766973135435354	-0.14854914653633405
11.587773561551263	0.00001378013306094547	-0.15001152801365544
11.694993910198711	0.0000137935635372507	-0.1514916286749339
11.803206356517286	0.0000138072706444423	-0.1529897433665569
11.912420080273739	0.000013821260619854924	-0.15450617403462105
12.022644346174118	0.000013835539862948071	-0.15604122995087366
12.133888504649763	0.000013850114940371204	-0.1575952279473384
12.246161992650476	0.000013864992591220305	-0.15916849266000632
12.359474334445094	0.000013880179732494823	-0.16076135678200557
12.47383514242942	0.000013895683464763837	-0.16237416132667482
12.589254117941662	0.000013911511078050998	-0.16400725590099358
12.705741052085406	0.000013927670057948277	-0.1656609989898442
12.823305826560205	0.000013944168091968967	-0.16733575825160396
12.941958414499851	0.000013961013076151224	-0.16903191082559452
13.061708881318404	0.000013978213121923581	-0.17074984365194368
13.182567385564061	0.00001399577656324494	-0.17248995380444068
13.304544179780901	0.000014013711964031909	-0.17425264883700436
13.427649611378628	0.000014032028125887297	-0.1760383471444096
13.551894123510351	0.000014050734096144007	-0.17784747833795977
13.67728825595848	0.000014069839176239827	-0.17968048363682465
13.803842646028839	0.000014089352930438916	-0.18153781627580912
13.931568029453022	0.000014109285194917246	-0.1834199419303555
14.060475241299129	0.000014129646087229733	-0.18532733915963118
14.190575216890911	0.000014150446016178138	-0.18726049986859947
14.321878992735424	0.000014171695692099779	-0.1892199297900258
14.454397707459265	0.000014193406137598222	-0.1912061489874203
14.588142602753473	0.00001421558869873837	-0.19321969237998404
14.723125024327178	0.00001423825505672981	-0.19526111029068016
14.859356422870059	0.000014261417240123475	-0.1973309690186248
14.996848355023726	0.000014285087637548241	-0.19942985143705644
15.135612484362072	0.000014309279011015817	-0.20155835761822272
15.275660582380716	0.000014334004509823718	-0.20371710548660257
15.417004529495584	0.000014359277685088197	-0.20590673150196584
15.559656316050734	0.000014385112504940731	-0.20812789137386747
15.703628043335515	0.000014411523370423929	-0.21038126080926886
15.848931924611126	0.000014438525132124808	-0.21266753629508528
15.995580286146678	0.000014466133107585724	-0.21498743591757133
16.143585568264854	0.00001449436309953611	-0.21734170022057472
16.292960326397214	0.000014523231414990365	-0.21973109310482092
16.443717232149307	0.000014552754885260747	-0.22215640277052479
16.595869074375596	0.000014582950886936762	-0.22461844270578107
16.749428760264365	0.000014613837363886281	-0.22711805272333446
16.90440931643263	0.000014645432850336951	-0.22965610004851394
17.060823890031227	0.00001467775649510065	-0.23223348046128603
17.21868574986006	0.00001471082808700749	-0.23485111949559098
17.378008287493746	0.000014744668081620895	-0.2375099736993306
17.5388050184176	0.000014779297629309633	-0.2402110319586101
17.701089583174202	0.000014814738604758195	-0.24295531689007688
17.864875748520497	0.000014851013638002408	-0.24574388630547403
18.03017740859568	0.000014888146147083241	-0.24857783475280032
18.197008586099827	0.000014926160372418312	-0.25145829513878837
18.365383433483455	0.000014965081412997547	-0.25438644043774145
18.535316234148105	0.000015004935264517371	-0.25736348549212557
18.706821403657997	0.000015045748859575528	-0.2603906889107135
18.879913490962927	0.000015087550110058185	-0.26346935507048885
19.054607179632463	0.000015130367951859901	-0.2666008362289781
19.230917289101576	0.000015174232392088284	-0.26978653475417735
19.408858775927772	0.000015219174558915736	-0.27302790547976674
19.58844673505989	0.0000152652267542535	-0.276326458193899
19.769696401118598	0.000015312422509436476	-0.2796837602704676
19.952623149688787	0.000015360796644121437	-0.28310143945245936
20.137242498623873	0.00001541038532861771	-0.28658118679772776
20.32357010936221	0.000015461226149885822	-0.2901247597983504
20.511621788255646	0.000015513358181458877	-0.29373398568560677
20.701413487910415	0.000015566822057561586	-0.2974107649335831
20.892961308540386	0.000015621660051724017	-0.30115707497546035
21.086281499332888	0.000015677916160211686	-0.30497497414769253
21.28139045982711	0.000015735636190619968	-0.3088666058785341
21.47830474130533	0.000015794867856009785	-0.3128342031387534
21.67704104819694	0.000015855660874993568	-0.3168800931738676
21.87761623949552	0.000015918067078214994	-0.32100670253888625
22.080047330188993	0.000015982140521704594	-0.3252165624583551
22.28435149270303	0.000016047937607634874	-0.32951231453647845
22.490546058357804	0.000016115517213044997	-0.3338967168442745
22.698648518838212	0.000016184940827155663	-0.338372650413125
22.908676527677724	0.000016256272697950746	-0.3429431261667144
23.12064790175594	0.000016329579988763653	-0.3476112923262695
23.33458062281002	0.00001640493294567473	-0.35238044232722904
23.55049283896009	0.000016482405076600422	-0.35725402328901323
23.76840286624876	0.000016562073343038774	-0.3622356450835026
23.9883291901949	0.000016644018365527017	-0.3673290900521751
24.210290467361776	0.00001672832464396946	-0.37253832342667564
24.434305526939713	0.000016815080794106666	-0.37786750451294315
24.660393372343385	0.000016904379801522822	-0.3833209987049641
24.888573182823905	0.00001699631929472791	-0.38890339040083727
25.118864315095795	0.000017091001839007265	-0.39461949690121034
25.351286304979073	0.0000171885352529047	-0.40047438337836244
25.58585886905645	0.000017289032949399722	-0.40647337901339736
25.82260190634596	0.000017392614304056542	-0.4126220944092876
26.06153549998895	0.00001749940505266557	-0.4189264403990091
26.302679918953814	0.000017609537721171447	-0.42539264838092644
26.54605561975539	0.000017723152090987797	-0.4320272923280859
26.791683248190314	0.000017840395703144183	-0.43883731263439485
27.039583641088434	0.000017961424405099195	-0.4458300419790597
27.289777828080403	0.000018086402944492767	-0.4530132334114098
27.542287033381662	0.000018215505614606516	-0.46039509088171005
27.797132677592884	0.000018348916956863014	-0.46798430247014466
28.05433637951713	0.0000184868325263324	-0.47579007659631695
28.31391995799379	0.000018629459726938932	-0.48382218152588274
28.575905433749465	0.000018777018723885354	-0.4920909885299745
28.84031503126606	0.000018929743441753886	-0.5006075190975956
29.10717118066605	0.00001908788265781846	-0.509383496652069
29.376496519615305	0.000019251701201335005	-0.518431403280929
29.648313895243422	0.000019421481270990924	-0.52776454205556
29.92264636608189	0.000019597523884321282	-0.5373971055938658
30.19951720402016	0.000019780150474774893	-0.5473442516079822
30.4789498962798	0.000019969704654279823	-0.5576221862815829
30.76096814740705	0.00002016655416166731	-0.5682482564400811
31.045595881283525	0.000020371093020226147	-0.5792410516148676
31.332857243155825	0.000020583743931050703	-0.5906205172632502
31.62277660168376	0.00002080496093280213	-0.6024080805929601
31.91537855100758	0.000021035232363132422	-0.6146267906592642
32.21068791283432	0.00002127508416245327	-0.6273014746598112
32.50872973854341	0.000021525083567124796	-0.6404589126549475
32.80952931131187	0.00002178584324668452	-0.654128033298379
33.11311214825908	0.000022058025948670897	-0.6683401335859591
33.41950400261139	0.00002234234972520792	-0.6831291261327209
33.72873086588685	0.00002263959382816503	-0.6985318180870242
34.040818970100055	0.000022950605374833025	-0.7145882265067971
34.35579478998743	0.00002327630690421574	-0.7313419358825669
34.67368504525313	0.000023617704965914882	-0.7488405045278244
34.994516702835696	0.000023975899910053766	-0.7671359278105059
35.318316979195664	0.000024352097078834768	-0.7862851677217083
35.64511334262439	0.000024747619639546628	-0.8063507601350767
35.9749335155742	0.000025163923346900623	-0.8274015133864785
36.3078054770101	0.000025602613581752023	-0.8495133146063168
36.64375746478329	0.000026065465086484955	-0.8727700637049969
36.98281797802659	0.000026554444908407804	-0.8972647592259275
37.32501577957203	0.000027071739176391552	-0.9231007656755921
37.670379898390856	0.000027619784479214866	-0.9503932987261915
38.01893963205609	0.0000282013047953089	-0.9792711732735745
38.370724549227845	0.000028819355154357247	-1.0098788702685102
38.72576449216169	0.000029477373507016242	-1.0423789922589892
39.08408957924017	0.00003017924266090352	-1.0769551956824672
39.44573020752781	0.00003092936463771143	-1.1138157114944038
39.81071705534969	0.000031732750457516036	-1.1531975965963042
40.17908108489396	0.0000325951292173732	-1.1953718993581015
40.55085354483835	0.000033523081479992245	-1.240649977014069
40.92606597300105	0.00003452420353554642	-1.2893912761155366
41.304750199016105	0.00003560731120528659	-1.3420129871389372
41.68693834703351	0.00003678269475272131	-1.3990021218555706
42.07266283844438	0.000038062440501579626	-1.4609307535674698
42.46195639463126	0.00003946084044720568	-1.5284754304241368
42.85485203974392	0.000040994919278715664	-1.6024421583185442
43.251383103500835	0.00004268512002728527	-1.6837989106040807
43.65158322401656	0.00004455620695532534	-1.7737184492195164
44.0554863506553	0.000046638470419713386	-1.8736354843961949
44.46312674691084	0.00004896935841740254	-1.98532410309149
44.87453899331318	0.00005159572202754964	-2.1110043738893647
45.28975799036204	0.00005457696204101522	-2.2534918073768466
45.708818961487474	0.00005798952857893162	-2.4164112018290105
46.13175745603791	0.00006193350404065171	-2.6045097118775784
46.55860935229586	0.00006654248731288959	-2.8241273062378136
46.98941086052151	0.00007199888372320285	-3.083925269609806
47.42419852602443	0.00007855838897591768	-3.3960542725992915
47.8630092322638	0.00008659081914918122	-3.7781055352219726
48.30588020397723	0.00009665157151085426	-4.256533340264129
48.7528490103386	0.0001096142402508635	-4.8730257803305115
49.20395356814506	0.00012693522941795274	-5.69727173260816
49.65923214503358	0.00015123271244636794	-6.85507762877991
50.118723362727195	0.00018771644800294064	-8.598551266747007
50.58246620031137	0.00024835643488520703	-11.514796325260082
51.0504999975406	0.000367293897216856	-17.33300687334936
51.52286445817562	0.000677782836780111	-33.69779264164505
51.99959965335157	0.0011858448058782234	-101.59451032832999
52.48074602497723	0.0005563434734334673	-152.3678290002596
52.966344389165755	0.0003168525094931643	-164.540059125213
53.45643593969714	0.00021752005375849236	-169.3578057953375
53.95106225151273	0.00016440204397978738	-171.90251863948217
54.450265284242086	0.00013152548175898108	-173.4700314369773
54.95408738576243	0.00010922185386975095	-174.53116691986014
55.462571295791044	0.00009311499507187691	-175.29674910961995
55.97576014951099	0.00008094517969238092	-175.87501456868668
56.49369748123023	0.00007143021771149797	-176.3271646282763
57.01642722807472	0.00006378929668328648	-176.6903847898981
57.543993733715666	0.00005752006045265606	-176.98856218039828
58.07644175213118	0.00005228477760280693	-177.23773810521055
58.61381645140285	0.000047848076134342395	-177.44908284445276
59.15616341754737	0.00004404092766244325	-177.63061309035572
59.70352865838366	0.000040738827704515437	-177.78823094914347
60.255958607435744	0.00003784805052804901	-177.92637772947603
60.81350012787176	0.000035296697000439626	-178.0484593807171
61.37620051647939	0.0000330286936314491	-178.1571314804213
61.94410750767812	0.00003099966739368872	-178.2544950287584
62.51726927756855	0.000029174046423313624	-178.34223399386545
63.0957344480193	0.000027522981805819965	-178.4217138654033
63.67955209079155	0.000026022831479492703	-178.49405352738108
64.26877173170195	0.000024654036580859796	-178.56017851163676
64.86344335482381	0.000023400276653298553	-178.62086102542543
65.46361740672747	0.000022247826205805535	-178.67675043232828
66.06934480075958	0.000021185058785957203	-178.7283967408859
66.68067692136219	0.0000202020605728173	-178.7762689031152
67.29766562843174	0.00001929032628017782	-178.8207692131592
67.92036326171844	0.00001844251761998448	-178.86224474236502
68.54882264526613	0.000017652269811291798	-178.90099649873383
69.18309709189363	0.000016914035344596496	-178.93728682205708
69.82324040771712	0.000016222956894309807	-178.97134539885045
70.46930689671467	0.000015574763227299446	-179.00337418851797
71.12135136533288	0.000014965683395747925	-179.03355148391682
71.77942912713615	0.000014392375574371901	-179.0620352787062
72.44359600749898	0.000013851867707182195	-179.08896607571828
73.11390834834172	0.00001334150773916288	-179.11446924168314
73.79042301291008	0.000012858921674570946	-179.13865699155173
74.47319739059888	0.000012401978062731647	-179.1616300686517
75.16228940182053	0.000011968757790901789	-179.18347917371167
75.85775750291836	0.000011557528281539697	-179.2042861854797
76.55966069112561	0.000011166721362604813	-179.22412520755086
77.26805850957021	0.00001079491421508041	-179.2430634696021
77.98301105232578	0.000010440812909854792	-179.26116210612096
78.70457896950977	0.00001010323813252688	-179.2784768316251
79.43282347242805	9.781112764281767e-6	-179.29505852807532
80.16780633876782	9.473451043281406e-6	-179.3109537575206
80.90958991783813	9.179349076795208e-6	-179.32620521084658
81.65823713585914	8.89797651169249e-6	-179.34085210172978
82.41381150130013	8.628569201605608e-6	-179.3549305134471
83.176377110267	8.370422734360642e-6	-179.36847370499387
83.94599865193965	8.122886704197009e-6	-179.38151238197335
84.72274141405954	7.88535963067865e-6	-179.39407493689882
85.50667128846823	7.657284440692149e-6	-179.40618766286224
86.29785477669692	7.438144442055176e-6	-179.4178749439518
87.09635899560797	7.227459727442221e-6	-179.42915942531667
87.90225168308834	7.0247839559152026e-6	-179.44006216537272
88.71560120379598	6.829701466598468e-6	-179.45060277230007
89.53647655495928	6.6418246851867565e-6	-179.46079952669058
90.36494737223005	6.4607917892033275e-6	-179.47066949195883
91.20108393559087	6.286264602384739e-6	-179.48022861391667
92.04495717531702	6.117926692382077e-6	-179.48949181073235
92.89663867799354	5.955481649238638e-6	-179.49847305434076
93.75620069258792	5.798651524914948e-6	-179.50718544423722
94.6237161365792	5.647175416554994e-6	-179.51564127447352
95.4992586021435	5.500808178280656e-6	-179.523852094576
96.38290236239695	5.359319248113908e-6	-179.53182876501907
97.2747223776964	5.2224915781996365e-6	-179.53958150781358
98.17479430199833	5.09012065787026e-6	-179.5471199527048
99.08319448927665	4.962013620286277e-6	-179.55445317941803
99.9999999999999	4.8379884244288515e-6	-179.56158975634105