0.01000000000000001	1.2079756799974928	-0.01417146641878185
0.010092528860766855	1.2079844081436597	-0.014171527165731349
0.01018591388054118	1.2079932987361186	-0.01417158904606844
0.010280162981264745	1.2080023548016618	-0.014171652081020948
0.010375284158180138	1.208011579423602	-0.014171716292217399
0.010471285480509006	1.2080209757428273	-0.014171781701695028
0.010568175092136596	1.2080305469589083	-0.014171848331907468
0.01066596121230259	1.2080402963311545	-0.014171916205732722
0.010764652136298361	1.2080502271797824	-0.014171985346481564
0.010864256236170667	1.2080603428870347	-0.014172055777905555
0.010964781961431863	1.2080706468983344	-0.014172127524205854
0.011066237839776675	1.2080811427235039	-0.014172200610041744
0.011168632477805623	1.208091833937946	-0.014172275060539573
0.011271974561755117	1.2081027241838853	-0.014172350901301594
0.011376272858234322	1.2081138171716317	-0.014172428158415459
0.01148153621496884	1.20812511668084	-0.014172506858463453
0.011587773561551273	1.2081366265618299	-0.01417258702853211
0.011694993910198724	1.2081483507369135	-0.014172668696222085
0.01180320635651731	1.2081602932017488	-0.014172751889658048
0.011912420080273762	1.208172458026706	-0.014172836637498921
0.012022644346174144	1.2081848493582876	-0.01417292296894828
0.012133888504649786	1.2081974714205577	-0.014173010913765058
0.012246161992650502	1.2082103285165984	-0.014173100502274258
0.01235947433444512	1.2082234250299997	-0.0141731917653781
0.012473835142429446	1.208236765426375	-0.014173284734567242
0.012589254117941687	1.2082503542549072	-0.014173379441932471
0.012705741052085433	1.2082641961499097	-0.01417347592017628
0.012823305826560232	1.2082782958324663	-0.014173574202625
0.01294195841449987	1.2082926581120095	-0.014173674323241039
0.013061708881318424	1.2083072878880534	-0.01417377631663537
0.013182567385564082	1.2083221901518237	-0.014173880218080493
0.01330454417978092	1.2083373699880515	-0.014173986063523233
0.013427649611378649	1.2083528325766877	-0.014174093889598284
0.01355189412351037	1.2083685831947286	-0.014174203733641767
0.013677288255958502	1.208384627218031	-0.014174315633705104
0.013803842646028859	1.2084009701231972	-0.014174429628569366
0.013931568029453043	1.208417617489456	-0.014174545757759617
0.01406047524129915	1.2084345750006222	-0.014174664061559854
0.014190575216890933	1.2084518484470514	-0.0141747845810282
0.014321878992735446	1.2084694437276833	-0.014174907358012202
0.014454397707459286	1.2084873668520593	-0.014175032435165052
0.014588142602753497	1.2085056239424423	-0.014175159855961215
0.014723125024327202	1.2085242212359464	-0.014175289664713342
0.014859356422870082	1.2085431650866922	-0.014175421906589254
0.014996848355023748	1.2085624619680324	-0.014175556627628708
0.015135612484362095	1.2085821184748378	-0.014175693874761553
0.015275660582380739	1.2086021413257526	-0.014175833695825639
0.015417004529495607	1.2086225373655535	-0.014175976139585144
0.015559656316050758	1.208643313567569	-0.014176121255749683
0.01570362804333554	1.2086644770360901	-0.01417626909499332
0.015848931924611148	1.2086860350088702	-0.014176419708974678
0.015995580286146702	1.2087079948596322	-0.014176573150356855
0.016143585568264878	1.2087303641006888	-0.014176729472828196
0.016292960326397238	1.2087531503855466	-0.014176888731123572
0.01644371723214933	1.2087763615116045	-0.014177050981045809
0.016595869074375623	1.20880000542287	-0.0141772162794881
0.01674942876026439	1.2088240902127705	-0.014177384684456448
0.016904409316432657	1.2088486241269938	-0.014177556255093057
0.017060823890031253	1.2088736155663566	-0.014177731051700117
0.017218685749860088	1.208899073089797	-0.014177909135764144
0.017378008287493772	1.2089250054173608	-0.014178090569980904
0.01753880501841763	1.2089514214332884	-0.014178275418280987
0.01770108958317423	1.20897833018914	-0.014178463745856101
0.017864875748520526	1.2090057409069643	-0.014178655619185899
0.018030177408595707	1.209033662982603	-0.014178851106065399
0.018197008586099853	1.2090621059889681	-0.014179050275633254
0.018365383433483484	1.2090910796794407	-0.01417925319840083
0.018535316234148135	1.209120593991305	-0.014179459946281803
0.018706821403658026	1.2091506590492844	-0.014179670592622512
0.018879913490962956	1.2091812851691242	-0.01417988521223338
0.019054607179632494	1.209212482861235	-0.01418010388142095
0.019230917289101597	1.2092442628344369	-0.01418032667802068
0.019408858775927792	1.2092766359997529	-0.014180553681430959
0.01958844673505991	1.2093096134742918	-0.014180784972647733
0.01976969640111862	1.2093432065851974	-0.01418102063430018
0.01995262314968881	1.2093774268736666	-0.014181260750687442
0.020137242498623895	1.2094122860991012	-0.014181505407816233
0.02032357010936223	1.2094477962432533	-0.014181754693439644
0.020511621788255666	1.2094839695145436	-0.014182008697097048
0.020701413487910436	1.2095208183523822	-0.01418226751015497
0.02089296130854041	1.2095583554316527	-0.014182531225849553
0.02108628149933291	1.209596593667217	-0.014182799939329744
0.021281390459827135	1.2096355462185737	-0.014183073747702168
0.021478304741305354	1.2096752264945605	-0.01418335275007716
0.02167704104819696	1.2097156481581506	-0.014183637047616495
0.02187761623949554	1.2097568251314017	-0.014183926743582015
0.022080047330189013	1.2097987716004244	-0.014184221943386527
0.022284351492703053	1.209841502020518	-0.014184522754645506
0.022490546058357826	1.2098850311213722	-0.014184829287231328
0.022698648518838235	1.2099293739123869	-0.014185141653328475
0.022908676527677748	1.2099745456880624	-0.014185459967491118
0.023120647901755963	1.2100205620336066	-0.014185784346702281
0.023334580622810044	1.2100674388304855	-0.014186114910435352
0.023550492838960112	1.2101151922622495	-0.014186451780717327
0.023768402866248782	1.2101638388203872	-0.01418679508219453
0.02398832919019492	1.2102133953103058	-0.014187144942200693
0.0242102904673618	1.2102638788574678	-0.014187501490827165
0.02443430552693974	1.2103153069135988	-0.014187864860996248
0.024660393372343412	1.2103676972631128	-0.014188235188536472
0.02488857318282393	1.2104210680295358	-0.0141886126122616
0.025118864315095822	1.2104754376821885	-0.014188997274052016
0.025351286304979098	1.2105308250429185	-0.01418938931893939
0.02558585886905648	1.2105872492930434	-0.014189788895195064
0.025822601906345985	1.2106447299803498	-0.01419019615442141
0.026061535499988978	1.2107032870263106	-0.01419061125164747
0.026302679918953843	1.2107629407334215	-0.014191034345428212
0.026546055619755416	1.210823711792691	-0.0141914655979482
0.026791683248190343	1.2108856212912789	-0.014191905175129402
0.027039583641088463	1.2109486907202924	-0.014192353246744399
0.027289777828080432	1.2110129419827804	-0.01419280998653369
0.02754228703338169	1.2110783974018362	-0.014193275572329097
0.02779713267759291	1.2111450797289085	-0.01419375018618249
0.02805433637951716	1.2112130121522826	-0.014194234014500562
0.028313919957993816	1.2112822183056997	-0.014194727248186339
0.028575905433749497	1.211352722277239	-0.014195230082786966
0.028840315031266085	1.2114245486183026	-0.014195742718649585
0.02910717118066608	1.2114977223528183	-0.01419626536108434
0.029376496519615335	1.2115722689866515	-0.014196798220536318
0.029648313895243455	1.2116482145172307	-0.014197341512766028
0.02992264636608192	1.211725585443297	-0.014197895459039878
0.030199517204020192	1.2118044087749573	-0.014198460286330657
0.03047894989627986	1.2118847120439031	-0.014199036227529096
0.03076096814740711	1.2119665233138395	-0.01419962352166766
0.031045595881283587	1.2120498711911676	-0.014200222414156666
0.03133285724315589	1.212134784835859	-0.014200833157034546
0.031622776601683826	1.2122212939726076	-0.014201456009232602
0.03191537855100765	1.2123094289021794	-0.014202091236856068
0.03221068791283438	1.212399220513034	-0.014202739113482203
0.03250872973854347	1.2124907002931815	-0.014203399920477302
0.03280952931131194	1.2125839003423349	-0.014204073947333622
0.03311311214825915	1.2126788533842443	-0.014204761492028296
0.03341950400261146	1.2127755927793937	-0.014205462861406115
0.03372873086588692	1.2128741525379176	-0.014206178371587701
0.034040818970100126	1.2129745673328145	-0.014206908348406003
0.0343557947899875	1.21307687251347	-0.014207653127872878
0.0346736850452532	1.2131811041194405	-0.01420841305667887
0.034994516702835765	1.213287298894571	-0.014209188492729176
0.035318316979195734	1.2133954943014218	-0.01420997980571871
0.03564511334262446	1.213505728536007	-0.014210787377750252
0.03597493351557427	1.213618040542874	-0.014211611603999637
0.03630780547701017	1.2137324700305008	-0.014212452893432384
0.03664375746478335	1.2138490574870497	-0.014213311669576307
0.03698281797802665	1.213967844196507	-0.014214188371356669
0.037325015779572084	1.2140888722551222	-0.014215083453998611
0.037670379898390914	1.2142121845882843	-0.014215997390004603
0.038018939632056145	1.2143378249677104	-0.01421693067021433
0.0383707245492279	1.2144658380291455	-0.014217883804954798
0.038725764492161745	1.2145962692903198	-0.014218857325291155
0.03908408957924023	1.2147291651694203	-0.014219851784387876
0.03944573020752787	1.2148645730039724	-0.01422086775899255
0.039810717055349755	1.215002541070132	-0.01422190585105556
0.04017908108489402	1.215143118602441	-0.014222966689500419
0.040550853544838415	1.2152863558140592	-0.01422405093216151
0.040926065973001115	1.215432303917452	-0.014225159267908568
0.041304750199016166	1.2155810151455753	-0.014226292418978595
0.04168693834703357	1.2157325427735308	-0.01422745114353973
0.04207266283844444	1.2158869411408089	-0.014228636238514806
0.04246195639463132	1.2160442656739725	-0.014229848542694557
0.042854852039743985	1.2162045729099804	-0.014231088940176509
0.04325138310350091	1.2163679205199907	-0.014232358364169747
0.04365158322401663	1.216534367333758	-0.014233657801210567
0.044055486350655364	1.216703973364705	-0.014234988295841713
0.04446312674691091	1.2168767998354924	-0.014236350955814787
0.04487453899331325	1.2170529092042808	-0.014237746957884396
0.04528975799036211	1.2172323651916868	-0.014239177554272349
0.04570881896148754	1.2174152328083092	-0.014240644079893358
0.04613175745603798	1.21760157838302	-0.014242147960445211
0.04655860935229591	1.217791469591987	-0.014243690721485534
0.04698941086052156	1.2179849754883738	-0.014245273998634364
0.04742419852602448	1.2181821665328325	-0.014246899549064992
0.04786300923226385	1.2183831146248236	-0.014248569264472004
0.04830588020397728	1.218587893134712	-0.014250285185737439
0.04875284901033865	1.218796576936715	-0.014252049519552576
0.04920395356814511	1.2190092424427517	-0.014253864657297924
0.04965923214503363	1.2192259676371762	-0.014255733196537413
0.05011872336272725	1.2194468321125156	-0.01425765796554543
0.05058246620031143	1.2196719171060952	-0.014259642051362898
0.051050499997540646	1.2199013055378067	-0.014261688831970367
0.05152286445817567	1.2201350820488754	-0.01426380201327673
0.05199959965335162	1.2203733330417186	-0.014265985671758826
0.052480746024977286	1.2206161467211072	-0.014268244303749556
0.05296634438916581	1.220863613136354	-0.014270582882575558
0.05345643593969719	1.2211158242249924	-0.014273006924988615
0.05395106225151279	1.2213728738576668	-0.014275522568641898
0.05445026528424214	1.221634857884496	-0.014278136662733578
0.05495408738576248	1.2219018741829848	-0.0142808568744078
0.0554625712957911	1.2221740227075013	-0.014283691814081704
0.05597576014951104	1.222451405540425	-0.014286651183594205
0.05649369748123028	1.2227341269452412	-0.014289745951984836
0.05701642722807478	1.22302229342144	-0.014292988564866667
0.05754399373371572	1.2233160137616326	-0.014296393194823702
0.05807644175213124	1.2236153991108882	-0.014299976042137409
0.05861381645140291	1.2239205630285237	-0.014303755697552137
0.05915616341754743	1.2242316215526317	-0.014307753581896322
0.05970352865838372	1.2245486932674945	-0.014311994481408422
0.06025595860743581	1.2248718993742527	-0.014316507202888807
0.060813500127871824	1.225201363765098	-0.01432132537972268
0.061376200516479455	1.2255372131014484	-0.014326488468985094
0.06194410750767818	1.2258795768964061	-0.01433204299203857
0.06251726927756862	1.2262285876020291	-0.014338044087387472
0.06309573444801936	1.226584380701903	-0.014344557466625071
0.06367955209079162	1.2269470948094665	-0.014351661894293405
0.064268771731702	1.2273168717725267	-0.014359452353501442
0.06486344335482389	1.227693856784267	-0.014368044115636884
0.06546361740672754	1.2280781985006148	-0.014377578010795936
0.06606934480075964	1.228470049163279	-0.014388227304661152
0.06668067692136226	1.2288695647264318	-0.014400206740329003
0.06729766562843183	1.2292769049827594	-0.014413784518125848
0.0679203632617185	1.229692233680507	-0.014429298287797935
0.0685488226452662	1.2301157186162657	-0.014447176648927236
0.0691830970918937	1.2305475316751426	-0.014467968237886746
0.06982324040771719	1.2309878487684114	-0.014492381263996747
0.07046930689671474	1.2314368495788255	-0.014521337358144967
0.07112135136533296	1.231894716954779	-0.014556044725712872
0.07177942912713622	1.2323616356716807	-0.014598096461649137
0.07244359600749906	1.2328377900643293	-0.014649599297842793
0.0731139083483418	1.2333233596676512	-0.014713332826947785
0.07379042301291015	1.2338185114098401	-0.014792921494699575
0.07447319739059896	1.2343233860570972	-0.014892953186222007
0.07516228940182061	1.2348380758092574	-0.015018861345953883
0.07585775750291844	1.2353625906500527	-0.01517614016176827
0.07655966069112569	1.2358968179104375	-0.015368046203102101
0.07726805850957029	1.236440502654266	-0.015590607985710095
0.07798301105232593	1.236993323905668	-0.015824782046432957
0.07870457896950993	1.2375551712233421	-0.0160305045872292
0.07943282347242822	1.2381265785574216	-0.01615489711206387
0.08016780633876798	1.23870889238376	-0.016161216981611347
0.0809095899178383	1.2393037500827802	-0.016055719206395626
0.0816582371358593	1.2399122865443333	-0.015880675379498835
0.0824138115013003	1.240534874639227	-0.01568368974959742
0.08317637711026717	1.2411714232416569	-0.015496779262706838
0.08394599865193982	1.2418217415549064	-0.015334332374822318
0.08472274141405972	1.2424857235387499	-0.015199409339859053
0.08550667128846841	1.243163387023932	-0.015089786899081782
0.0862978547766971	1.2438548539610204	-0.015001525553504185
0.08709635899560814	1.2445603202815336	-0.014930610875792488
0.08790225168308852	1.245280031489613	-0.01487355074772225
0.08871560120379617	1.2460142661865878	-0.014827502722439928
0.08953647655495947	1.246763325806889	-0.014790222003791502
0.09036494737223023	1.2475275284894443	-0.014759958269426792
0.09120108393559107	1.2483072055240618	-0.014735351577370952
0.09204495717531722	1.249102699355433	-0.014715343656978113
0.09289663867799372	1.249914362518858	-0.01469910736080551
0.09375620069258811	1.2507425571327482	-0.014685992330554565
0.09462371613657934	1.2515876547254638	-0.014675483758839853
0.09549925860214364	1.252450036264771	-0.014667171258839104
0.0963829023623971	1.2533300923118282	-0.014660725368050147
0.09727472237769656	1.2542282232534427	-0.014655879762371572
0.09817479430199849	1.2551448395849916	-0.014652417728944222
0.09908319448927681	1.2560803622278363	-0.014650161818340893
0.10000000000000005	1.2570352228716215	-0.014648965878291379
0.10092528860766849	1.2580098643359796	-0.014648708879939522
0.10185913880541175	1.2590047409487577	-0.014649290100980395
0.10280162981264741	1.2600203189393016	-0.014650625342253996
0.10375284158180131	1.2610570768461733	-0.014652643936525434
0.10471285480509002	1.2621155059395972	-0.014655286368463673
0.1056817509213659	1.2631961106588272	-0.014658502369245261
0.10665961212302584	1.2642994090653097	-0.014662249382087909
0.10764652136298355	1.2654259333123739	-0.01466649131949364
0.10864256236170661	1.2665762301323924	-0.014671197551300946
0.10964781961431856	1.2677508613424364	-0.014676342076445751
0.1106623783977667	1.2689504043695576	-0.014681902841782326
0.11168632477805618	1.27017545279669	-0.014687861179283722
0.1127197456175511	1.2714266169305153	-0.014694201339048685
0.11376272858234315	1.272704524392468	-0.014700910100251055
0.11481536214968835	1.274009820734116	-0.014707976445822044
0.11587773561551268	1.2753431700784157	-0.0147153912895014
0.11694993910198717	1.276705255788174	-0.014723147246128606
0.11803206356517304	1.2780967811632038	-0.014731238437804137
0.11912420080273756	1.2795184701678886	-0.014739660329944332
0.12022644346174137	1.2809710681905702	-0.0147484095923644
0.1213388850464978	1.2824553428368515	-0.01475748398141084
0.12246161992650495	1.2839720847583767	-0.014766882239878109
0.12359474334445113	1.2855221085192154	-0.014776604012020434
0.12473835142429439	1.2871062535019318	-0.014786649771437059
0.1258925411794168	1.2887253848554296	-0.014797020759988863
0.12705741052085426	1.2903803944871464	-0.014807718936215962
0.12823305826560225	1.2920722021018056	-0.014818746931982261
0.1294195841449987	1.2938017562896778	-0.014830108016282654
0.13061708881318423	1.2955700356668887	-0.014841806065324299
0.1318256738556408	1.297378050071026	-0.01485384553813964
0.13304544179780922	1.2992268418151047	-0.014866231457108513
0.13427649611378642	1.3011174870033144	-0.014878969392872254
0.13551894123510363	1.3030510969122575	-0.014892065453206121
0.13677288255958495	1.3050288194415538	-0.014905526275492078
0.13803842646028852	1.3070518406378788	-0.014919359022496291
0.13931568029453034	1.3091213862970277	-0.014933571381209218
0.14060475241299142	1.3112387236486542	-0.014948171564554597
0.14190575216890927	1.313405163128762	-0.014963168315813366
0.1432187899273544	1.3156220602455455	-0.014978570915646475
0.1445439770745928	1.3178908175441753	-0.014994389191631817
0.1458814260275349	1.320212886677042	-0.015010633530260864
0.14723125024327194	1.3225897705860472	-0.015027314891367957
0.14859356422870074	1.3250230258041602	-0.015044444824989452
0.1499684835502374	1.3275142648840026	-0.015062035490674707
0.15135612484362088	1.3300651589619106	-0.015080099679294018
0.15275660582380732	1.332677440466262	-0.015098650837409671
0.154170045294956	1.3353529059799056	-0.015117703094301294
0.1555965631605075	1.3380934192669685	-0.015137271291755941
0.15703628043335532	1.3409009144753903	-0.015157371016759095
0.15848931924611143	1.3437773995272095	-0.015178018637245749
0.15995580286146696	1.346724959709717	-0.01519923134109504
0.1614358556826487	1.3497457614817225	-0.015221027178579798
0.1629296032639723	1.352842056509964	-0.015243425108510674
0.16443717232149324	1.356016185952558	-0.015266445048344264
0.16595869074375613	1.3592705850071578	-0.015290107928559315
0.16749428760264382	1.3626077877434792	-0.01531443575164158
0.1690440931643265	1.3660304322410397	-0.015339451656056411
0.17060823890031243	1.3695412660553883	-0.015365179985635677
0.17218685749860077	1.373143152037396	-0.015391646364851125
0.17378008287493762	1.3768390745329517	-0.015418877780503626
0.1753880501841762	1.3806321459925204	-0.015446902670417413
0.1770108958317422	1.3845256140227487	-0.01547575101979662
0.17864875748520517	1.38852286891514	-0.015505454465977593
0.180301774085957	1.3926274516904957	-0.015536046412396516
0.18197008586099844	1.3968430627004782	-0.015567562152687179
0.18365383433483473	1.401173570832863	-0.015600039005934065
0.18535316234148125	1.4056230233701934	-0.015633516464226224
0.18706821403658017	1.4101956565572809	-0.015668036353798893
0.18879913490962946	1.4148959069380702	-0.015703643011204933
0.19054607179632482	1.419728423528216	-0.01574038347613873
0.19230917289101596	1.4246980808969156	-0.015778307702737707
0.19408858775927793	1.4298099932383108	-0.015817468791418793
0.19588446735059908	1.435069529521783	-0.015857923243572623
0.1976969640111862	1.4404823298191067	-0.015899731241740593
0.19952623149688808	1.4460543229174334	-0.015942956958247982
0.20137242498623895	1.451791745338147	-0.015987668895664713
0.2032357010936223	1.4577011618953328	-0.01603394026292568
0.20511621788255666	1.4637894879416231	-0.016081849391469297
0.20701413487910436	1.4700640134664602	-0.016131480196367447
0.2089296130854041	1.4765324292299817	-0.016182922688124438
0.2108628149933291	1.4832028551369212	-0.01623627354164488
0.21281390459827135	1.4900838710791826	-0.01629163672982412
0.21478304741305343	1.4971845505022505	-0.016349124230324027
0.21677041048196952	1.5045144969818367	-0.016408856815396104
0.2187761623949553	1.5120838841317996	-0.016470964936128516
0.22080047330189004	1.5199034992044653	-0.01653558971427539
0.22284351492703042	1.5279847907900446	-0.016602884056916442
0.22490546058357816	1.5363399210736717	-0.016673013911661913
0.22698648518838224	1.5449818231688317	-0.01674615968302883
0.22908676527677735	1.5539242641141333	-0.016822517834065454
0.23120647901755953	1.5631819142001728	-0.016902302701398923
0.23334580622810033	1.5727704233837259	-0.01698574855676064
0.23550492838960102	1.5827065056532363	-0.01707311195387384
0.23768402866248772	1.5930080323314217	-0.017164674406572326
0.2398832919019491	1.6036941354438283	-0.017260745452406197
0.2421029046736179	1.6147853224485431	-0.01736166616610844
0.24434305526939726	1.6263036038165462	-0.017467813199519976
0.246603933723434	1.6382726351803536	-0.017579603439408037
0.24888573182823917	1.650717876036762	-0.01769749939267278
0.25118864315095807	1.6636667673054242	-0.017822015430497135
0.2535128630497908	1.6771489304196976	-0.017953725050050585
0.25585858869056466	1.6911963910698646	-0.018093269345653248
0.2582260190634597	1.7058438312477806	-0.018241366922450073
0.26061535499988964	1.7211288738747368	-0.01839882553669879
0.2630267991895383	1.73709240505199	-0.018566555810378957
0.26546055619755404	1.7537789398874397	-0.018745587447440523
0.2679168324819033	1.7712370389554086	-0.018937088479088877
0.2703958364108845	1.7895197837875705	-0.019142388191936487
0.2728977782808042	1.8086853214273535	-0.019363004553348964
0.27542287033381674	1.8287974900819135	-0.01960067715312482
0.277971326775929	1.849926540370997	-0.01985740694341836
0.2805433637951715	1.8721499697187127	-0.020135504397832685
0.28313919957993805	1.8955534912249232	-0.020437648150602325
0.2857590543374948	1.9202321630915962	-0.020766956751346037
0.2884031503126607	1.9462917106383362	-0.021127076926004157
0.29107171180666064	1.9738500804814965	-0.021522292733805036
0.2937649651961532	2.003039276053854	-0.02195766134176125
0.2964831389524344	2.034007535954885	-0.022439182926252188
0.29922646366081906	2.066921932521956	-0.022974014631112
0.30199517204020176	2.1019714887103413	-0.023570741814088286
0.30478949896279844	2.139370938522735	-0.024239724360288626
0.307609681474071	2.179365292169835	-0.02499354216001783
0.3104559588128357	2.222235415151804	-0.025847572717351722
0.3133285724315587	2.2683048952175286	-0.026820746436254993
0.3162277660168381	2.317948559466421	-0.02793654317824423
0.31915378551007634	2.3716031256339654	-0.029224319888361185
0.3221068791283436	2.4297806416117265	-0.030721097623808917
0.32508729738543457	2.493085607751569	-0.03247399378921544
0.3280952931131192	2.562237021635113	-0.034543572374272566
0.3311311214825913	2.6380970880690264	-0.03700851881394755
0.33419504002611444	2.7217090829475357	-0.03997225560503987
0.3372873086588691	2.814347986325673	-0.04357244916528417
0.34040818970100106	2.917589237307884	-0.047994903335048765
0.34355794789987465	3.0334037036511443	-0.053494243967342946
0.34673685045253166	3.1642913924767044	-0.060425356405548844
0.3499451670283573	3.3134738109021344	-0.06929229665165665
0.353183169791957	3.4851776307503504	-0.08082666658527547
0.35645113342624424	3.6850453159200733	-0.09631419718447741
0.3597493351557423	3.9209005908264367	-0.11680488797425392
0.36307805477010135	4.203664193972424	-0.14552689717626438
0.36643757464783333	4.549392772852184	-0.18655075008146635
0.3698281797802663	4.982543649531773	-0.24719789538246492
0.3732501577957206	5.542430063330524	-0.3407056726203221
0.37670379898390893	6.296697752978424	-0.4927249514507598
0.38018939632056126	7.372858972950649	-0.7576907785392091
0.38370724549227886	9.044324833695008	-1.2666626775744383
0.3872576449216173	12.025111301573569	-2.4017164146303225
0.3908408957924021	18.951252113943198	-5.725572081163382
0.39445730207527846	51.313396176126815	-26.173115763767896
0.3981071705534973	34.48049339115769	-147.22860664525774
0.40179081084894	11.79498371589634	-156.30846994481607
0.40550853544838394	5.853815391684834	-146.0380691997774
0.40926065973001097	4.05135048349363	-109.40099818883685
0.41304750199016144	7.453459471631431	-79.4487322802335
0.4168693834703355	16.034097607297014	-119.77368318556668
0.4207266283844442	10.093866159973667	-163.2265742812005
0.424619563946313	6.436172697481873	-173.30391186022186
0.4285485203974396	4.685729938611342	-176.5452748791272
0.43251383103500884	3.6496081847472586	-177.94435544720884
0.4365158322401661	2.9508702606702184	-178.66632807453172
0.44055486350655343	2.4398624837560745	-179.08784731686376
0.4446312674691088	2.045059583745201	-179.35927306603722
0.4487453899331323	1.7273741344722258	-179.55034147136348
0.4528975799036209	1.462996712892331	-179.69730262546645
0.4570881896148752	1.2356049667632603	-179.8192586258876
0.46131757456037953	1.0314502817286102	-179.9149999443785
0.4655860935229591	0.8321744081377289	-179.87920151631133
0.4698941086052156	0.5813733029649221	-177.91074060649836
0.4742419852602448	1.090965715290534	-100.91660025177086
0.47863009232263853	0.8304492334485439	-173.81000587921554
0.48305880203977286	0.6036617833137433	-177.0345964684232
0.4875284901033865	0.4692399978856051	-177.79421408774718
0.4920395356814511	0.3636580549472035	-178.01089185737337
0.49659232145033627	0.27301915776235014	-177.9580163717548
0.5011872336272725	0.19212762623647053	-177.62396336197367
0.5058246620031143	0.11839052202123652	-176.70581851361786
0.5105049999754064	0.05033329462800754	-173.15315210192128
0.5152286445817567	0.014803179567076987	-21.53332471323409
0.5199959965335162	0.07400258378053567	-3.899032714780613
0.5248074602497729	0.13091857208579077	-2.08172049795592
0.5296634438916581	0.18533901344416487	-1.4158987863961874
0.5345643593969719	0.23765619711833919	-1.0826419255843371
0.5395106225151278	0.28823698509807244	-0.8908954996900144
0.5445026528424215	0.33741383781742973	-0.773211865366505
0.5495408738576248	0.3854919559416401	-0.7002433976330187
0.5546257129579107	0.4327567150433613	-0.6576823343142069
0.5597576014951101	0.4794798042810147	-0.6382460009425763
0.5649369748123025	0.5259237778830856	-0.6383630082638486
0.5701642722807475	0.572344821156197	-0.6565152321386563
0.5754399373371569	0.6189941071247165	-0.692034188827589
0.580764417521312	0.6661210965014831	-0.7436622667211356
0.5861381645140288	0.7139909424751988	-0.8075379108189391
0.591561634175474	0.7629430863620619	-0.8753869087674261
0.5970352865838369	0.8135178642895753	-0.9360753792601281
0.6025595860743578	0.8666201050879672	-0.984199264691689
0.6081350012787179	0.9236324507184052	-1.0327620062662217
0.6137620051647943	0.9865478027967605	-1.123288995563899
0.6194410750767815	1.0585071364267788	-1.3503644507024113
0.6251726927756859	1.1451424867634192	-2.009164762297259
0.6309573444801934	1.24485880521932	-4.535831820144207
0.6367955209079159	1.2312416901845447	-5.56204201062915
0.6426877173170198	1.362323297733519	-2.7096834912684225
0.6486344335482385	1.6754255005674474	-0.15885054997172532
0.654636174067275	3.039973422219202	-0.8876865993056768
0.6606934480075961	0.45435665542948506	-167.91254372998193
0.6668067692136223	0.7263434154678164	-1.3025324152378237
0.6729766562843178	1.032208432941922	-0.42372354389329026
0.6792036326171846	1.2125607585371982	-0.2263630039699381
0.6854882264526617	1.3548283517809214	-0.15157280323649855
0.6918309709189366	1.4842134875017345	-0.11735444254142902
0.6982324040771715	1.6114753148063716	-0.10062958355531923
0.7046930689671471	1.7427410950963362	-0.09262957543446282
0.7112135136533292	1.8825059120562246	-0.08943101615000196
0.7177942912713619	2.034852962905363	-0.08913027668632688
0.7244359600749902	2.2041250166544373	-0.0907875446560425
0.7311390834834176	2.395452625278685	-0.09396960671132219
0.7379042301291011	2.6153311915628836	-0.09853801247926003
0.7447319739059892	2.8724024718565833	-0.10455512365303235
0.7516228940182057	3.1786482215560987	-0.11225747942720891
0.758577575029184	3.5513576651302383	-0.12208018759884791
0.7655966069112565	4.016583967770008	-0.13473978519273533
0.7726805850957026	4.615637774548655	-0.1514138750384886
0.7798301105232589	5.418299893847043	-0.17412151914842358
0.7870457896950989	6.5525849719751115	-0.2065898326417863
0.7943282347242817	8.28165615952914	-0.25650018087549636
0.8016780633876793	11.246331581660705	-0.3425755501380978
0.8090958991783825	17.521900049088075	-0.5254722097803798
0.8165823713585927	39.73234094568571	-1.1742405869009767
0.8241381150130026	145.79485593276155	-175.74689554528166
0.8317637711026713	25.654797240916515	-179.26199781481105
0.8394599865193977	14.029496403045517	-179.6014009255449
0.8472274141405968	9.636334969739176	-179.72942054879357
0.8550667128846836	7.326380071376263	-179.7965687523041
0.8629785477669706	5.901020842437367	-179.83787971288456
0.870963589956081	4.933245251959962	-179.86583337557434
0.8790225168308847	4.232818888025586	-179.8859888126319
0.8871560120379608	3.7021473387462747	-179.9011973951646
0.8953647655495938	3.286002777096677	-179.91307226496355
0.9036494737223014	2.9507838536530744	-179.92259454557808
0.9120108393559097	2.6748729106978426	-179.9303951819804
0.9204495717531712	2.4437302684293796	-179.93689831886795
0.9289663867799363	2.247216076313809	-179.94239956979447
0.9375620069258802	2.0780426820912266	-179.9471112431883
0.946237161365793	1.9308373504277725	-179.95118972925238
0.9549925860214359	1.80155182167942	-179.95475274970383
0.9638290236239705	1.6870776672542684	-179.9578905926768
0.9727472237769651	1.5849883489603576	-179.96067364429535
0.9817479430199844	1.4933618216044688	-179.96315756579128
0.9908319448927676	1.4106557872000942	-179.96538693095184
1.	1.3356182274441182	-179.96739783108004
1.0092528860766845	1.2672220978462692	-179.96921977150336
1.0185913880541169	1.2046168978501584	-179.97087707125434
1.0280162981264735	1.1470922382796895	-179.9723899064596
1.0375284158180127	1.0940500752179745	-179.97377509148387
1.0471285480508996	1.0449832957184289	-179.97504665997852
1.0568175092136585	0.9994590207942861	-179.97621628412384
1.066596121230258	0.9571054539903708	-179.97729354931312
1.076465213629835	0.9176014236166886	-179.97828607733794
1.0864256236170655	0.8806679902815622	-179.9791994537068
1.096478196143185	0.8460616484461089	-179.9800368417088
1.1066237839776665	0.813568759415093	-179.98079799946973
1.1168632477805611	0.7830009215039345	-179.98147698854717
1.1271974561755105	0.7541910042798464	-179.98205662042574
1.1376272858234309	0.7269895012165722	-179.98249351164415
1.1481536214968828	0.7012604876680352	-179.98267060953432
1.1587773561551262	0.6768748271485981	-179.98220319020726
1.1694993910198712	0.6536892957940632	-179.9792515226213
1.1803206356517297	0.6314488748209529	-179.95819726529962
1.191242008027375	0.6121426855725824	-179.97312598256852
1.2022644346174132	0.5917721723119095	-179.98345873105828
1.2133888504649775	0.5727674413521842	-179.98602917154435
1.224616199265049	0.5547030143831686	-179.98710206224493
1.2359474334445106	0.5374770854751287	-179.98777671320553
1.2473835142429432	0.5210242061711126	-179.98829821150287
1.2589254117941675	0.5052911901830808	-179.98874367348677
1.270574105208542	0.4902315451244613	-179.9891435029824
1.2823305826560218	0.4758035034929403	-179.9895118066736
1.2941958414499863	0.46196907432917167	-179.9898560263182
1.3061708881318417	0.4486934691105062	-179.99018053223242
1.3182567385564075	0.4359446963992335	-179.99048813772455
1.3304544179780915	0.4236932472429139	-179.99078080079468
1.3427649611378643	0.4119118370104357	-179.99105997492293
1.3551894123510364	0.40057518645447004	-179.99132679547068
1.3677288255958495	0.3896598322845648	-179.99158218321935
1.3803842646028852	0.3791439611602815	-179.99182690246923
1.3931568029453034	0.36900726293130726	-179.99206159010674
1.4060475241299142	0.3592308000412583	-179.99228675817068
1.4190575216890926	0.3497968906365966	-179.99250275241386
1.432187899273544	0.34068900315476314	-179.99270958551557
1.4454397707459279	0.33189165966872247	-179.9929062421648
1.4588142602753489	0.323390343801392	-179.99308653495314
1.4723125024327193	0.3151715553948851	-179.99320322710375
1.4859356422870074	0.3072230913881218	-179.993437951977
1.499684835502374	0.2995314805837313	-179.9936488525863
1.5135612484362087	0.2920863678413151	-179.99382070355398
1.5275660582380732	0.2848770310931532	-179.99398342758735
1.54170045294956	0.2778934063876341	-179.99414001947883
1.555965631605075	0.27112601151050886	-179.99429121795694
1.5703628043335531	0.2645658938511234	-179.99443738045682
1.584893192461114	0.2582045908838311	-179.99457876383738
1.5995580286146696	0.2520340958033545	-179.9947155868426
1.6143585568264869	0.24604682650803172	-179.99484804804848
1.629296032639723	0.24023559726716018	-179.99497633217857
1.6443717232149324	0.23459359271121405	-179.99510061280935
1.6595869074375613	0.2291143438904694	-179.99522105379566
1.6749428760264382	0.22379170619766292	-179.99533781018573
1.690440931643265	0.21861983898040632	-179.99545102890693
1.7060823890031243	0.21359318669058078	-179.99556084933243
1.7218685749860079	0.20870646143497767	-179.99566740377747
1.7378008287493762	0.2039546268057004	-179.9957708179457
1.753880501841762	0.19933288288111473	-179.99587121133817
1.770108958317422	0.19483665229888214	-179.99596869762993
1.7864875748520517	0.19046156731209996	-179.99606338501917
1.803017740859568	0.18620345774799105	-179.9961553765513
1.8197008586099825	0.18205833979611108	-179.99624477042022
1.8365383433483455	0.17802240555976354	-179.99633166024924
1.8535316234148105	0.17409201331032073	-179.9964161353522
1.8706821403657996	0.1702636783895773	-179.99649828097782
1.8879913490962925	0.16653406471011512	-179.99657817853702
1.9054607179632463	0.16289997680804494	-179.9966559058156
1.9230917289101574	0.15935835240644108	-179.99673153717308
1.9408858775927773	0.15590625545135708	-179.99680514372855
1.958844673505989	0.15254086958553764	-179.9968767935344
1.97696964011186	0.14925949202786404	-179.99694655173948
1.9952623149688788	0.14605952782922174	-179.9970144807415
2.0137242498623875	0.14293848447788113	-179.99708064033038
2.032357010936221	0.13989396682966698	-179.9971450878224
2.0511621788255647	0.1369236723401785	-179.99720787818643
2.0701413487910414	0.13402538657812826	-179.99726906416242
2.0892961308540388	0.1311969790005182	-179.99732869637265
2.108628149933289	0.12843639897187	-179.99738682342675
2.1281390459827114	0.12574167201110206	-179.99744349202007
2.147830474130533	0.12311089625089701	-179.99749874702687
2.167704104819694	0.12054223909555024	-179.99755263158752
2.1877616239495516	0.11803393406434147	-179.9976051871913
2.208004733018899	0.11558427780842934	-179.99765645375425
2.228435149270303	0.1131916272901568	-179.99770646969253
2.2490546058357803	0.11085439711445771	-179.9977552719919
2.2698648518838214	0.10857105700280485	-179.99780289627338
2.2908676527677723	0.10634012940081988	-179.99784937685533
2.312064790175594	0.10416018721129479	-179.99789474681185
2.333458062281002	0.10202985164495583	-179.99793903802856
2.355049283896009	0.09994779018183185	-179.99798228125516
2.376840286624876	0.09791271463658346	-179.99802450615513
2.39883291901949	0.0959233793216018	-179.9980657413529
2.4210290467361775	0.09397857930210732	-179.9981060144788
2.4434305526939712	0.09207714873786385	-179.9981453522114
2.4660393372343385	0.09021795930648467	-179.99818378031773
2.48885731828239	0.08839991870363723	-179.99822132369175
2.5118864315095797	0.08662196921576065	-179.99825800639059
2.535128630497907	0.08488308636119618	-179.99829385166896
2.5585858869056453	0.08318227759589236	-179.99832888201223
2.582260190634596	0.08151858108009465	-179.99836311916758
2.6061535499988953	0.07989106450265429	-179.99839658417358
2.6302679918953813	0.07829882395980349	-179.99842929738864
2.654605561975539	0.07674098288544004	-179.99846127851788
2.6791683248190314	0.07521669103014879	-179.99849254663874
2.703958364108843	0.07372512348635354	-179.99852312022543
2.7289777828080406	0.07226547975715597	-179.9985530171723
2.7542287033381663	0.07083698286656215	-179.99858225481594
2.7797132677592886	0.06943887850893604	-179.9986108499563
2.805433637951713	0.06807043423564708	-179.99863881887708
2.831391995799379	0.06673093867699907	-179.99866617736487
2.8575905433749464	0.06541970079763855	-179.99869294072738
2.8840315031266055	0.06413604918374481	-179.9987191238113
2.910717118066605	0.06287933136040219	-179.9987447410187
2.9376496519615305	0.06164891313764443	-179.99876980632322
2.9648313895243423	0.060444177983746905	-179.99879433328516
2.992264636608189	0.05926452642442197	-179.99881833506606
3.019951720402016	0.05810937546664569	-179.99884182444248
3.047894989627983	0.05697815804591465	-179.9988648138193
3.076096814740708	0.055870322495795204	-179.99888731524206
3.1045595881283554	0.054785332038688565	-179.99890934040897
3.1332857243155856	0.05372266429679063	-179.99893090068235
3.162277660168379	0.05268181082227865	-179.99895200709904
3.1915378551007616	0.051662276645803765	-179.99897267038068
3.2210687912834346	0.05066357984241593	-179.9989929009432
3.250872973854344	0.049685251114085734	-179.99901270890547
3.2809529311311905	0.04872683338802915	-179.99903210409772
3.311311214825911	0.04778788143007243	-179.99905109606883
3.3419504002611427	0.04686796147232724	-179.99906969409332
3.372873086588689	0.04596665085447197	-179.99908790717714
3.404081897010009	0.045083537677958536	-179.99910574406292
3.4355794789987466	0.04421822047248279	-179.99912321323382
3.4673685045253166	0.04337030787406897	-179.99914032291673
3.499451670283573	0.042539418314128226	-179.9991570810837
3.53183169791957	0.04172517971885059	-179.99917349545183
3.5645113342624426	0.04092722921828302	-179.99918957348143
3.5974933515574232	0.04014521286442882	-179.9992053223716
3.630780547701014	0.0393787853576725	-179.9992207490528
3.664375746478333	0.038627609780787164	-179.99923586017582
3.6982817978026628	0.037891357339712106	-179.99925066209596
3.732501577957206	0.03716970711019047	-179.99926516085097
3.767037989839089	0.03646234578921888	-179.99927936213115
3.801893963205613	0.03576896745007166	-179.9992932712388
3.8370724549227884	0.03508927329939767	-179.9993068930339
3.8725764492161727	0.03442297143452197	-179.9993202318607
3.908408957924021	0.03376977659857302	-179.99933329144926
3.944573020752785	0.033129409930335064	-179.99934607478124
3.981071705534973	0.032501598704700374	-179.99935858390708
4.0179081084894	0.031886076058119384	-179.99937081969378
4.055085354483839	0.0312825806912905	-179.99938278147332
4.09260659730011	0.03069085653813344	-179.9993944665461
4.130475019901614	0.03011065238526282	-179.99940586947014
4.168693834703355	0.029541721418749604	-179.99941698102495
4.207266283844442	0.02898382066327394	-179.99942778667486
4.24619563946313	0.028436710259945482	-179.99943826423967
4.285485203974396	0.02790015249789805	-179.9994483802789
4.325138310350088	0.027373910461562474	-179.99945808432426
4.365158322401661	0.02685774606150958	-179.99946729938722
4.405548635065534	0.026351417043923332	-179.99947590576105
4.446312674691089	0.02585467224114804	-179.9994837121863
4.487453899331323	0.025367243650442753	-179.9994904018844
4.528975799036209	0.024888832467046394	-179.99949542527068
4.570881896148752	0.02441908278437776	-179.99949777024457
4.613175745603791	0.023957527904826182	-179.99949542212167
4.655860935229586	0.02350346876855453	-179.99948392886856
4.698941086052151	0.02305565728768186	-179.99945189442764
4.742419852602444	0.022611285335030033	-179.999362852112
4.7863009232263805	0.022161478761785435	-179.9990447586116
4.830588020397723	0.021650034575216703	-179.99643543224454
4.875284901033861	0.021867819726077025	-179.97422507956486
4.920395356814506	0.021103717940843102	-179.9983752078561
4.965923214503357	0.02066861649630611	-179.99918983997904
5.01187233627272	0.020267076407318597	-179.99939453283437
5.058246620031137	0.01988061758404838	-179.99948037050532
5.105049999754059	0.01950469034890646	-179.9995271283118
5.152286445817562	0.019137559641616793	-179.9995571445258
5.1999599653351565	0.018778369896945955	-179.99957870839347
5.248074602497723	0.01842661474098161	-179.99959549002685
5.296634438916575	0.01808195008002139	-179.99960932605742
5.345643593969713	0.017744116405326624	-179.99962122259547
5.395106225151273	0.017412902446513966	-179.99963177066783
5.445026528424209	0.01708812657496481	-179.99964133739059
5.495408738576242	0.016769626591129096	-179.99965016148226
5.5462571295791046	0.016457253782359703	-179.99965840425037
5.597576014951099	0.016150869293651542	-179.99966617833448
5.649369748123022	0.015850341816523075	-179.99967356466874
5.701642722807472	0.01555554606220418	-179.99968062288974
5.754399373371567	0.015266361719096844	-179.99968739794116
5.807644175213118	0.014982672719050972	-179.9996939243892
5.861381645140285	0.01470436670624713	-179.9997002293162
5.9156163417547365	0.01443133464241929	-179.9997063343056
5.9703528658383656	0.01416347050594658	-179.99971225683186
6.025595860743575	0.0139006710569347	-179.99971801125136
6.081350012787176	0.013642835649587046	-179.9997236095212
6.137620051647939	0.013389866079075564	-179.99972906172817
6.194410750767812	0.013141666454007064	-179.99973437648356
6.251726927756856	0.01289814308818346	-179.99973956122147
6.30957344480193	0.012659204407129282	-179.99974462242733
6.367955209079155	0.012424760866088999	-179.99974956581397
6.426877173170194	0.012194724877060473	-179.9997543964595
6.486344335482381	0.011969010743046812	-179.9997591189161
6.546361740672747	0.011747534598152474	-179.99976373729592
6.6069344800759575	0.01153021435247421	-179.99976825534074
6.668067692136219	0.011316969640976303	-179.99977267647753
6.729766562843175	0.011107721775718274	-179.9997770038642
6.792036326171843	0.010902393700937315	-179.99978124042676
6.854882264526613	0.01070090995059006	-179.99978538889002
6.918309709189362	0.010503196608036306	-179.99978945180334
6.9823240407717115	0.010309181267607945	-179.9997934315618
7.046930689671467	0.010118792997853369	-179.99979733042406
7.112135136533288	0.009931962306284597	-179.99980115052767
7.177942912713615	0.009748621105483662	-179.99980489390174
7.244359600749899	0.00956870268044804	-179.99980856247794
7.311390834834173	0.009392141657073538	-179.99981215810007
7.379042301291007	0.009218873971688041	-179.99981568253187
7.447319739059888	0.009048836841562028	-179.99981913746427
7.516228940182053	0.00888196873633138	-179.99982252452145
7.585775750291836	0.00871820935027653	-179.99982584526597
7.655966069112561	0.008557499575408634	-179.9998291012038
7.726805850957022	0.00839978147531921	-179.9998322937882
7.798301105232586	0.008244998259754369	-179.99983542442334
7.870457896950985	0.008093094259878773	-179.9998384944677
7.943282347242813	0.00794401490419791	-179.9998415052369
8.01678063387679	0.007797706695110079	-179.99984445800618
8.090958991783822	0.007654117186061943	-179.9998473540129
8.165823713585922	0.007513194959283842	-179.99985019445853
8.241381150130021	0.007374889604082544	-179.99985298051047
8.317637711026709	0.007239151695671199	-179.99985571330407
8.394599865193973	0.007105932774517217	-179.9998583939438
8.472274141405963	0.0069751853261903595	-179.99986102350496
8.550667128846833	0.00684686276169434	-179.99986360303495
8.629785477669701	0.006720919398266223	-179.99986613355438
8.709635899560805	0.006597310440628687	-179.9998686160583
8.790225168308842	0.006475991962681295	-179.9998710515172
8.871560120379607	0.006356920889617306	-179.9998734408779
8.953647655495937	0.006240054980453469	-179.9998757850646
9.036494737223014	0.006125352810960678	-179.99987808497946
9.120108393559097	0.006012773756984042	-179.99988034150368
9.204495717531712	0.0059022779781412954	-179.99988255549798
9.289663867799362	0.005793826401889082	-179.99988472780336
9.375620069258803	0.0056873807079469395	-179.9998868592419
9.462371613657929	0.005582903313069334	-179.99988895061713
9.549925860214358	0.005480357356156371	-179.99989100271466
9.638290236239705	0.005379706683694217	-179.99989301630293
9.727472237769652	0.005280915835516614	-179.9998949921334
9.817479430199844	0.0051839500308790715	-179.99989693094128
9.908319448927676	0.005088775154837737	-179.99989883344594
10.	0.004995357744925173	-179.99990070035133
10.092528860766844	0.0049036649781154795	-179.99990253234637
10.18591388054117	0.0048136646580715465	-179.9999043301055
10.280162981264736	0.004725325202667359	-179.99990609428883
10.375284158180126	0.004638615631778562	-179.99990782554275
10.471285480508996	0.004553505555334715	-179.99990952450014
10.568175092136585	0.004469965161626778	-179.9999111917808
10.665961212302578	0.0043879652058636965	-179.99991282799172
10.76465213629835	0.00430747699897204	-179.9999144337274
10.864256236170656	0.004228472396632868	-179.99991600957023
10.964781961431852	0.004150923788550131	-179.99991755609065
11.066237839776663	0.0040748040879451854	-179.99991907384756
11.168632477805613	0.004000086721271968	-179.99992056338863
11.271974561755105	0.0039267456181477645	-179.99992202525033
11.37627285823431	0.003854755201494407	-179.9999234599584
11.481536214968829	0.0037840903778851077	-179.99992486802813
11.587773561551263	0.0037147265280920777	-179.9999262499644
11.694993910198711	0.0036466394978303352	-179.99992760626213
11.803206356517286	0.003579805588693207	-179.99992893740634
11.912420080273739	0.00351420154927505	-179.9999302438724
12.022644346174118	0.0034498045664770847	-179.9999315261264
12.133888504649763	0.0033865922569919805	-179.99993278462512
12.246161992650476	0.0033245426589633095	-179.9999340198164
12.359474334445094	0.003263634223815837	-179.9999352321393
12.47383514242942	0.003203845808252857	-179.99993642202426
12.589254117941662	0.0031451566664167934	-179.99993758989328
12.705741052085406	0.0030875464422094544	-179.99993873616017
12.823305826560205	0.0030309951617683868	-179.99993986123062
12.941958414499851	0.002975483226095855	-179.99994096550245
13.061708881318404	0.0029209914038370874	-179.99994204936579
13.182567385564061	0.002867500824204496	-179.99994311320316
13.304544179780901	0.0028149929700446792	-179.9999441573897
13.427649611378628	0.002763449671045051	-179.9999451822933
13.551894123510351	0.0027128530970770984	-179.99994618827472
13.67728825595848	0.0026631857516732443	-179.99994717568788
13.803842646028839	0.002614430465634458	-179.9999481448797
13.931568029453022	0.00256657039076576	-179.99994909619065
14.060475241299129	0.002519588993736873	-179.99995002995445
14.190575216890911	0.0024734700500653344	-179.99995094649861
14.321878992735424	0.0024281976382194183	-179.99995184614426
14.454397707459265	0.0023837561338383374	-179.9999527292064
14.588142602753473	0.0023401302040671913	-179.99995359599404
14.723125024327178	0.0022973048020042425	-179.99995444681036
14.859356422870059	0.0022552651612581165	-179.99995528195262
14.996848355023726	0.0022139967906126146	-179.9999561017125
15.135612484362072	0.0021734854687968496	-179.99995690637616
15.275660582380716	0.002133717239358496	-179.99995769622424
15.417004529495584	0.0020946784056379893	-179.99995847153212
15.559656316050734	0.0020563555258415354	-179.99995923256992
15.703628043335515	0.0020187354082108954	-179.99995997960272
15.848931924611126	0.001981805106287886	-179.99996071289044
15.995580286146678	0.0019455519142716636	-179.99996143268817
16.143585568264854	0.0019099633624668176	-179.99996213924624
16.292960326397214	0.0018750272128204416	-179.9999628328101
16.443717232149307	0.001840731454546276	-179.9999635136207
16.595869074375596	0.0018070642998341887	-179.99996418191438
16.749428760264365	0.0017740141796431885	-179.99996483792305
16.90440931643263	0.0017415697395762697	-179.9999654818742
17.060823890031227	0.001709719835835403	-179.99996611399115
17.21868574986006	0.0016784535312550394	-179.99996673449294
17.378008287493746	0.0016477600914125052	-179.99996734359448
17.5388050184176	0.0016176289808137272	-179.99996794150667
17.701089583174202	0.0015880498591527568	-179.99996852843648
17.864875748520497	0.0015590125776435803	-179.99996910458697
18.03017740859568	0.001530507175422759	-179.99996967015738
18.197008586099827	0.0015025238760214522	-179.99997022534322
18.365383433483455	0.0014750530839054284	-179.99997077033638
18.535316234148105	0.0014480853810816849	-179.9999713053251
18.706821403657997	0.0014216115237703395	-179.99997183049413
18.879913490962927	0.0013956224391404668	-179.99997234602478
19.054607179632463	0.0013701092221086125	-179.99997285209494
19.230917289101576	0.0013450631321987076	-179.9999733488792
19.408858775927772	0.0013204755904621737	-179.99997383654886
19.58844673505989	0.0012963381764569907	-179.99997431527208
19.769696401118598	0.0012726426252845746	-179.99997478521382
19.952623149688787	0.0012493808246832922	-179.99997524653602
20.137242498623873	0.0012265448121774932	-179.99997569939754
20.32357010936221	0.00120412677228096	-179.99997614395434
20.511621788255646	0.001182119033753684	-179.9999765803595
20.701413487910415	0.001160514066910919	-179.9999770087631
20.892961308540386	0.0011393044809834738	-179.9999774293126
21.086281499332888	0.0011184830215282336	-179.99997784215265
21.28139045982711	0.001098042567887912	-179.9999782474252
21.47830474130533	0.001077976130699067	-179.99997864526955
21.67704104819694	0.001058276849447433	-179.99997903582246
21.87761623949552	0.0010389379900696337	-179.9999794192181
22.080047330188993	0.0010199529426003654	-179.99997979558825
22.28435149270303	0.0010013152188641566	-179.99998016506208
22.490546058357804	0.0009830184502108423	-179.9999805277665
22.698648518838212	0.0009650563852938772	-179.99998088382597
22.908676527677724	0.0009474228878906665	-179.99998123336277
23.12064790175594	0.0009301119347640914	-179.99998157649677
23.33458062281002	0.0009131176135644186	-179.99998191334572
23.55049283896009	0.0008964341207708121	-179.99998224402512
23.76840286624876	0.0008800557596716769	-179.9999825686484
23.9883291901949	0.0008639769383830824	-179.99998288732684
24.210290467361776	0.0008481921679045173	-179.99998320016968
24.434305526939713	0.0008326960602112574	-179.99998350728413
24.660393372343385	0.0008174833263826432	-179.99998380877545
24.888573182823905	0.0008025487747655587	-179.9999841047469
25.118864315095795	0.0007878873091724414	-179.9999843952998
25.351286304979073	0.000773493927113151	-179.99998468053374
25.58585886905645	0.0007593637180600473	-179.99998496054636
25.82260190634596	0.0007454918617456325	-179.9999852354335
26.06153549998895	0.0007318736264921347	-179.9999855052893
26.302679918953814	0.0007185043675724153	-179.99998577020605
26.54605561975539	0.0007053795256016001	-179.9999860302744
26.791683248190314	0.0006924946249588412	-179.99998628558336
27.039583641088434	0.0006798452722386348	-179.9999865362203
27.289777828080403	0.0006674271547311248	-179.99998678227084
27.542287033381662	0.0006552360389308393	-179.99998702381916
27.797132677592884	0.0006432677690733154	-179.9999872609479
28.05433637951713	0.0006315182656990775	-179.99998749373805
28.31391995799379	0.0006199835242444467	-179.99998772226925
28.575905433749465	0.0006086596136586716	-179.99998794661957
28.84031503126606	0.0005975426750468727	-179.99998816686568
29.10717118066605	0.000586628920338316	-179.9999883830828
29.376496519615305	0.0005759146309795247	-179.99998859534483
29.648313895243422	0.0005653961566517627	-179.99998880372428
29.92264636608189	0.000555069914012423	-179.99998900829235
30.19951720402016	0.0005449323854598691	-179.99998920911884
30.4789498962798	0.0005349801179212796	-179.99998940627236
30.76096814740705	0.0005252097216630608	-179.9999895998202
31.045595881283525	0.0005156178691234091	-179.99998978982848
31.332857243155825	0.0005062012937665833	-179.999989976362
31.62277660168376	0.0004969567889584941	-179.99999015948447
31.91537855100758	0.0004878812068631959	-179.99999033925835
32.21068791283432	0.0004789714573598933	-179.99999051574505
32.50872973854341	0.000470224506980068	-179.9999906890047
32.80952931131187	0.0004616373778643486	-179.99999085909644
33.11311214825908	0.00045320714673875034	-179.99999102607836
33.41950400261139	0.00044493094390992213	-179.9999911900073
33.72873086588685	0.0004368059522790342	-179.9999913509393
34.040818970100055	0.0004288294063739652	-179.99999150892916
34.35579478998743	0.00042099859139943687	-179.99999166403072
34.67368504525313	0.00041331084230475905	-179.99999181629695
34.994516702835696	0.00040576354286885844	-179.9999919657797
35.318316979195664	0.00039835412480225974	-179.99999211253
35.64511334262439	0.0003910800668657054	-179.99999225659784
35.9749335155742	0.00038393889400509707	-179.99999239803228
36.3078054770101	0.0003769281765024575	-179.99999253688156
36.64375746478329	0.0003700455291426058	-179.99999267319305
36.98281797802659	0.000363288610395258	-179.9999928070131
37.32501577957203	0.0003566551216122575	-179.99999293838738
37.670379898390856	0.0003501428062396566	-179.99999306736063
38.01893963205609	0.0003437494490443677	-179.9999931939768
38.370724549227845	0.0003374728753551135	-179.99999331827897
38.72576449216169	0.00033131095031740666	-179.99999344030954
39.08408957924017	0.00032526157816229866	-179.99999356011008
39.44573020752781	0.0003193227014886381	-179.99999367772136
39.81071705534969	0.0003134923005585879	-179.99999379318348
40.17908108489396	0.00030776839260615184	-179.99999390653568
40.55085354483835	0.000302149031158469	-179.99999401781662
40.92606597300105	0.0002966323053696373	-179.9999941270642
41.304750199016105	0.00029121633936683136	-179.99999423431555
41.68693834703351	0.00028589929160848746	-179.99999433960727
42.07266283844438	0.00028067935425432763	-179.99999444297515
42.46195639463126	0.00027555475254700535	-179.99999454445438
42.85485203974392	0.0002705237442051544	-179.99999464407952
43.251383103500835	0.0002655846188276279	-179.99999474188448
43.65158322401656	0.00026073569730872167	-179.99999483790253
44.0554863506553	0.0002559753312641753	-179.99999493216635
44.46312674691084	0.0002513019024677513	-179.99999502470806
44.87453899331318	0.00024671382229819467	-179.9999951155591
45.28975799036204	0.00024220953119638162	-179.99999520475043
45.708818961487474	0.00023778749813246645	-179.99999529231235
46.13175745603791	0.0002334462200828417	-179.9999953782747
46.55860935229586	0.00022918422151672896	-179.99999546266667
46.98941086052151	0.0002250000538922204	-179.99999554551704
47.42419852602443	0.0002208922951615994	-179.99999562685394
47.8630092322638	0.0002168595492857625	-179.99999570670508
48.30588020397723	0.00021290044575757833	-179.99999578509758
48.7528490103386	0.00020901363913401592	-179.99999586205814
49.20395356814506	0.00020519780857688045	-179.99999593761294
49.65923214503358	0.00020145165740199477	-179.99999601178766
50.118723362727195	0.00019777391263667464	-179.99999608460752
50.58246620031137	0.0001941633245853383	-179.9999961560973
51.0504999975406	0.00019061866640310556	-179.9999962262813
51.52286445817562	0.00018713873367723346	-179.99999629518342
51.99959965335157	0.00018372234401624663	-179.99999636282706
52.48074602497723	0.0001803683366466189	-179.9999964292352
52.966344389165755	0.00017707557201686598	-179.99999649443046
53.45643593969714	0.0001738429314089133	-179.99999655843502
53.95106225151273	0.00017066931655660323	-179.99999662127058
54.450265284242086	0.00016755364927121047	-179.99999668295857
54.95408738576243	0.00016449487107383576	-179.99999674351992
55.462571295791044	0.00016149194283455106	-179.9999968029752
55.97576014951099	0.00015854384441817086	-179.99999686134467
56.49369748123023	0.00015564957433652834	-179.99999691864818
57.01642722807472	0.0001528081494071349	-179.99999697490514
57.543993733715666	0.0001500186044181058	-179.99999703013475
58.07644175213118	0.0001472799917992371	-179.99999708435573
58.61381645140285	0.00014459138129911862	-179.99999713758655
59.15616341754737	0.00014195185966817288	-179.99999718984523
59.70352865838366	0.0001393605303475105	-179.99999724114963
60.255958607435744	0.00013681651316349412	-179.9999972915171
60.81350012787176	0.00013431894402790597	-179.99999734096482
61.37620051647939	0.00013186697464361661	-179.9999973895096
61.94410750767812	0.00012945977221565154	-179.99999743716788
62.51726927756855	0.0001270965191675577	-179.99999748395587
63.0957344480193	0.00012477641286297205	-179.99999752988947
63.67955209079155	0.00012249866533229576	-179.99999757498435
64.26877173170195	0.0001202625030043801	-179.99999761925574
64.86344335482381	0.00011806716644313242	-179.99999766271876
65.46361740672747	0.0001159119100889504	-179.99999770538813
66.06934480075958	0.00011379600200489695	-179.99999774727837
66.68067692136219	0.00011171872362752788	-179.9999977884037
67.29766562843174	0.00010967936952228589	-179.99999782877808
67.92036326171844	0.00010767724714337866	-179.99999786841528
68.54882264526613	0.00010571167659805707	-179.99999790732872
69.18309709189363	0.00010378199041521268	-179.99999794553165
69.82324040771712	0.00010188753331821622	-179.999997983037
70.46930689671467	0.00010002766200191738	-179.99999801985757
71.12135136533288	0.00009820174491373073	-179.9999980560058
71.77942912713615	0.00009640916203873171	-179.99999809149406
72.44359600749898	0.00009464930468869014	-179.99999812633433
73.11390834834172	0.00009292157529496687	-179.9999981605385
73.79042301291008	0.00009122538720520511	-179.99999819411812
74.47319739059888	0.00008956016448374443	-179.9999982270847
75.16228940182053	0.00008792534171569018	-179.99999825944928
75.85775750291836	0.00008632036381457134	-179.99999829122302
76.55966069112561	0.00008474468583352	-179.99999832241662
77.26805850957021	0.00008319777277990835	-179.9999983530407
77.98301105232578	0.00008167909943337996	-179.99999838310563
78.70457896950977	0.00008018815016721173	-179.99999841262166
79.43282347242805	0.00007872441877294758	-179.99999844159885
80.16780633876782	0.00007728740828824139	-179.99999847004693
80.90958991783813	0.00007587663082785164	-179.99999849797564
81.65823713585914	0.0000744916074177297	-179.99999852539446
82.41381150130013	0.000073131867832145	-179.9999985523127
83.176377110267	0.00007179695043379097	-179.9999985787395
83.94599865193965	0.0000704864020168173	-179.9999986046838
84.72274141405954	0.00006919977765273531	-179.9999986301545
85.50667128846823	0.00006793664053914247	-179.99999865516014
86.29785477669692	0.00006669656185121575	-179.99999867970925
87.09635899560797	0.00006547912059592204	-179.9999987038102
87.90225168308834	0.00006428390346889625	-179.99999872747117
88.71560120379598	0.00006311050471393797	-179.99999875070014
89.53647655495928	0.00006195852598507881	-179.99999877350507
90.36494737223005	0.000060827576211173	-179.99999879589365
91.20108393559087	0.00005971727146296556	-179.9999988178735
92.04495717531702	0.00005862723482259185	-179.99999883945208
92.89663867799354	0.000057557096255464406	-179.9999988606367
93.75620069258792	0.00005650649248450346	-179.9999988814346
94.6237161365792	0.00005547506686666754	-179.99999890185285
95.4992586021435	0.00005446246927174272	-179.9999989218983
96.38290236239695	0.00005346835596334839	-179.99999894157784
97.2747223776964	0.00005249238948211973	-179.9999989608981
98.17479430199833	0.00005153423853102634	-179.99999897986567
99.08319448927665	0.00005059357786278808	-179.99999899848694
99.9999999999999	0.000049670088169349965	-179.9999990167683