0.01000000000000001	0.39400717349769876	-0.006414986797667595
0.010092528860766855	0.39401146429102324	-0.006415057343725978
0.01018591388054118	0.39401583495745907	-0.006415129211718477
0.010280162981264745	0.3940202869857717	-0.006415202426629032
0.010375284158180138	0.3940248218925427	-0.006415277013921786
0.010471285480509006	0.39402944122268907	-0.006415352999551454
0.010568175092136596	0.39403414655002444	-0.006415430409973346
0.01066596121230259	0.39403893947775337	-0.006415509272152146
0.010764652136298361	0.39404382163907187	-0.006415589613573835
0.010864256236170667	0.39404879469771187	-0.006415671462254833
0.010964781961431863	0.3940538603484976	-0.0064157548467532865
0.011066237839776675	0.39405902031796813	-0.006415839796180092
0.011168632477805623	0.3940642763649435	-0.00641592634020998
0.011271974561755117	0.3940696302811404	-0.006416014509092272
0.011376272858234322	0.39407508389180496	-0.006416104333663967
0.01148153621496884	0.39408063905631563	-0.006416195845360203
0.011587773561551273	0.3940862976688485	-0.006416289076227289
0.011694993910198724	0.3940920616590298	-0.006416384058935206
0.01180320635651731	0.39409793299260376	-0.00641648082679013
0.011912420080273762	0.39410391367209935	-0.006416579413747275
0.012022644346174144	0.3941100057375378	-0.00641667985442453
0.012133888504649786	0.39411621126713803	-0.006416782184116388
0.012246161992650502	0.394122532378032	-0.00641688643880725
0.01235947433444512	0.39412897122700113	-0.006416992655186201
0.012473835142429446	0.39413553001122537	-0.006417100870661291
0.012589254117941687	0.3941422109690448	-0.006417211123375038
0.012705741052085433	0.39414901638072514	-0.006417323452218884
0.012823305826560232	0.3941559485692843	-0.006417437896849859
0.01294195841449987	0.3941630099012432	-0.006417554497705552
0.013061708881318424	0.39417020278751563	-0.006417673296021482
0.013182567385564082	0.3941775296841756	-0.006417794333847363
0.01330454417978092	0.3941849930933799	-0.0064179176540645755
0.013427649611378649	0.39419259556418607	-0.006418043300403483
0.01355189412351037	0.39420033969346824	-0.006418171317461802
0.013677288255958502	0.39420822812680917	-0.006418301750722873
0.013803842646028859	0.39421626355943484	-0.006418434646574968
0.013931568029453043	0.39422444873713614	-0.006418570052330143
0.01406047524129915	0.3942327864572477	-0.006418708016244632
0.014190575216890933	0.3942412795695985	-0.006418848587538976
0.014321878992735446	0.3942499309775422	-0.006418991816418948
0.014454397707459286	0.3942587436389303	-0.006419137754097513
0.014588142602753497	0.39426772056717924	-0.006419286452815785
0.014723125024327202	0.3942768648323148	-0.00641943796586636
0.014859356422870082	0.3942861795620355	-0.006419592347616828
0.014996848355023748	0.39429566794281073	-0.006419749653531801
0.015135612484362095	0.394305333221031	-0.006419909940199417
0.015275660582380739	0.39431517870409555	-0.0064200732653552075
0.015417004529495607	0.39432520776158575	-0.006420239687907279
0.015559656316050758	0.39433542382647613	-0.006420409267964058
0.01570362804333554	0.39434583039631477	-0.006420582066860064
0.015848931924611148	0.3943564310344642	-0.006420758147184761
0.015995580286146702	0.3943672293713303	-0.0064209375728101065
0.016143585568264878	0.3943782291056783	-0.006421120408920689
0.016292960326397238	0.3943894340059049	-0.006421306722043814
0.01644371723214933	0.39440084791138563	-0.006421496580080166
0.016595869074375623	0.39441247473380375	-0.0064216900523360486
0.01674942876026439	0.39442431845855813	-0.006421887209555947
0.016904409316432657	0.39443638314616974	-0.006422088123956828
0.017060823890031253	0.3944486729336786	-0.006422292869262067
0.017218685749860088	0.39446119203615376	-0.00642250152073816
0.017378008287493772	0.3944739447481546	-0.006422714155230758
0.01753880501841763	0.3944869354452701	-0.006422930851203149
0.01770108958317423	0.39450016858566556	-0.006423151688775384
0.017864875748520526	0.3945136487116331	-0.006423376749763962
0.018030177408595707	0.3945273804512657	-0.006423606117724265
0.018197008586099853	0.3945413685200544	-0.006423839877992583
0.018365383433483484	0.39455561772258124	-0.006424078117730967
0.018535316234148135	0.39457013295421506	-0.006424320925972465
0.018706821403658026	0.39458491920287414	-0.006424568393667956
0.018879913490962956	0.3945999815508009	-0.0064248206137354396
0.019054607179632494	0.39461532517636544	-0.006425077681109808
0.019230917289101597	0.3946309553559236	-0.00642533969279436
0.019408858775927792	0.3946468774657037	-0.0064256067479153455
0.01958844673505991	0.3946630969837301	-0.006425878947776616
0.01976969640111862	0.3946796194917826	-0.006426156395917349
0.01995262314968881	0.39469645067738285	-0.0064264391981709865
0.020137242498623895	0.39471359633588243	-0.006426727462727388
0.02032357010936223	0.3947310623724858	-0.006427021300195422
0.020511621788255666	0.3947488548044299	-0.00642732082367018
0.020701413487910436	0.394766979763099	-0.006427626148799828
0.02089296130854041	0.3947854434962778	-0.006427937393857878
0.02108628149933291	0.39480425237036804	-0.00642825467981536
0.021281390459827135	0.3948234128727304	-0.006428578130418216
0.021478304741305354	0.3948429316140031	-0.006428907872265564
0.02167704104819696	0.39486281533048395	-0.00642924403489281
0.02187761623949554	0.39488307088661134	-0.006429586750856299
0.022080047330189013	0.3949037052774149	-0.006429936155823073
0.022284351492703053	0.39492472563108716	-0.006430292388662335
0.022490546058357826	0.3949461392115641	-0.006430655591542857
0.022698648518838235	0.3949679534211779	-0.00643102591003244
0.022908676527677748	0.39499017580332507	-0.006431403493202289
0.023120647901755963	0.39501281404529753	-0.006431788493736733
0.023334580622810044	0.39503587598099543	-0.006432181068045757
0.023550492838960112	0.39505936959387183	-0.006432581376384253
0.023768402866248782	0.3950833030198375	-0.0064329895829754995
0.02398832919019492	0.3951076845502306	-0.006433405856140639
0.0242102904673618	0.395132522634898	-0.006433830368433517
0.02443430552693974	0.39515782588526416	-0.006434263296782468
0.024660393372343412	0.3951836030775766	-0.006434704822638272
0.02488857318282393	0.3952098631560674	-0.006435155132128854
0.025118864315095822	0.3952366152363191	-0.006435614416222273
0.025351286304979098	0.39526386860860985	-0.006436082870896233
0.02558585886905648	0.395291632741401	-0.0064365606973182474
0.025822601906345985	0.3953199172848099	-0.006437048102031547
0.026061535499988978	0.3953487320742302	-0.006437545297153672
0.026302679918953843	0.3953780871339981	-0.006438052500583071
0.026546055619755416	0.3954079926811412	-0.006438569936217864
0.026791683248190343	0.3954384591291901	-0.006439097834184342
0.027039583641088463	0.39546949709207857	-0.006439636431080353
0.027289777828080432	0.395501117388163	-0.006440185970229394
0.02754228703338169	0.39553333104425803	-0.006440746701950034
0.02779713267759291	0.39556614929981154	-0.0064413188838402784
0.02805433637951716	0.39559958361115255	-0.006441902781077366
0.028313919957993816	0.395633645655796	-0.00644249866673565
0.028575905433749497	0.395668347336925	-0.006443106822122285
0.028840315031266085	0.3957037007878761	-0.006443727537133379
0.02910717118066608	0.39573971837675676	-0.006444361110630436
0.029376496519615335	0.39577641271117087	-0.006445007850840608
0.029648313895243455	0.39581379664307326	-0.006445668075781553
0.02992264636608192	0.39585188327362936	-0.006446342113711715
0.030199517204020192	0.39589068595829074	-0.006447030303610242
0.03047894989627986	0.39593021831193326	-0.006447732995686839
0.03076096814740711	0.3959704942140899	-0.006448450551925531
0.031045595881283587	0.3960115278143358	-0.006449183346663326
0.03133285724315589	0.3960533335377511	-0.006449931767208256
0.031622776601683826	0.39609592609054634	-0.0064506962144986
0.03191537855100765	0.39613932046577277	-0.006451477103807861
0.03221068791283438	0.3961835319491831	-0.006452274865498316
0.03250872973854347	0.396228576125202	-0.006453089945828201
0.03280952931131194	0.39627446888308276	-0.006453922807816573
0.03311311214825915	0.3963212264230908	-0.006454773932168917
0.03341950400261146	0.39636886526294457	-0.00645564381827396
0.03372873086588692	0.39641740224433514	-0.0064565329852720055
0.034040818970100126	0.39646685453959385	-0.006457441973204905
0.0343557947899875	0.39651723965854785	-0.006458371344253941
0.0346736850452532	0.39656857545548085	-0.006459321684072984
0.034994516702835765	0.3966208801362809	-0.00646029360322708
0.035318316979195734	0.3966741722657553	-0.006461287738745259
0.03564511334262446	0.3967284707750934	-0.006462304755798158
0.03597493351557427	0.3967837949695207	-0.006463345349513865
0.03630780547701017	0.39684016453609755	-0.006464410246943385
0.03664375746478335	0.39689759955172543	-0.00646550020919086
0.03698281797802665	0.3969561204913555	-0.006466616033727667
0.037325015779572084	0.3970157482363294	-0.006467758556902981
0.037670379898390914	0.3970765040829749	-0.0064689286566766615
0.038018939632056145	0.3971384097513327	-0.0064701272555934535
0.0383707245492279	0.3972014873942174	-0.0064713553240258615
0.038725764492161745	0.3972657596063246	-0.006472613883711576
0.03908408957924023	0.3973312494336702	-0.00647390401161931
0.03944573020752787	0.397397980383239	-0.006475226844177285
0.039810717055349755	0.3974659764328237	-0.006476583581903229
0.04017908108489402	0.39753526204113454	-0.00647797549448267
0.040550853544838415	0.39760586215814864	-0.006479403926342512
0.040926065973001115	0.39767780223571153	-0.0064808703027805885
0.041304750199016166	0.3977511082383899	-0.0064823761367104864
0.04168693834703357	0.3978258066545721	-0.006483923036096325
0.04207266283844444	0.3979019245079119	-0.006485512712160991
0.04246195639463132	0.39797948936896294	-0.0064871469884552726
0.042854852039743985	0.3980585293672109	-0.006488827810898498
0.04325138310350091	0.398139073203313	-0.00649055725890781
0.04365158322401663	0.39822115016166704	-0.006492337557752295
0.044055486350655364	0.39830479012339304	-0.006494171092291166
0.04446312674691091	0.3983900235795154	-0.00649606042226973
0.04487453899331325	0.39847688164455786	-0.006498008299382246
0.04528975799036211	0.3985653960705396	-0.006500017686335083
0.04570881896148754	0.3986555992612273	-0.006502091778180859
0.04613175745603798	0.3987475242868452	-0.006504234026234643
0.04655860935229591	0.3988412048991967	-0.0065064481649365555
0.04698941086052156	0.39893667554713425	-0.006508738242075301
0.04742419852602448	0.3990339713924719	-0.006511108652859577
0.04786300923226385	0.39913312832639486	-0.0065135641784029455
0.04830588020397728	0.3992341829862716	-0.006516110029280438
0.04875284901033865	0.3993371727729583	-0.006518751894927789
0.04920395356814511	0.39944213586861904	-0.006521495999787014
0.04965923214503363	0.3995491112550491	-0.006524349167262645
0.05011872336272725	0.39965813873259737	-0.006527318892739575
0.05058246620031143	0.3997692589395613	-0.006530413427143023
0.051050499997540646	0.39988251337230646	-0.006533641872800621
0.05152286445817567	0.3999979444059471	-0.006537014293690685
0.05199959965335162	0.4001155953156629	-0.006540541842571304
0.052480746024977286	0.4002355102988712	-0.006544236907973657
0.05296634438916581	0.4003577344979257	-0.00654811328463929
0.05345643593969719	0.40048231402384127	-0.006552186371721599
0.05395106225151279	0.40060929598070744	-0.006556473403973068
0.05445026528424214	0.4007387284910537	-0.00656099372225781
0.05495408738576248	0.4008706607222392	-0.006565769091121366
0.0554625712957911	0.40100514291383993	-0.006570824072872868
0.05597576014951104	0.4011422264061357	-0.006576186469805989
0.05649369748123028	0.40128196366996716	-0.006581887848910422
0.05701642722807478	0.40142440833776677	-0.0065879641668617605
0.05754399373371572	0.4015696152361958	-0.006594456517463209
0.05807644175213124	0.40171764042033997	-0.006601412029290449
0.05861381645140291	0.40186854120968185	-0.006608884948464938
0.05915616341754743	0.4020223762261269	-0.006616937950744588
0.05970352865838372	0.4021792054341806	-0.006625643739132351
0.06025595860743581	0.40233909018363506	-0.0066350869989194716
0.060813500127871824	0.40250209325500264	-0.006645366802707062
0.061376200516479455	0.40266827890812457	-0.0066565995852586966
0.06194410750767818	0.40283771293422366	-0.006668922844372128
0.06251726927756862	0.40301046271188945	-0.006682499772665258
0.06309573444801936	0.4031865972674573	-0.006697525090894963
0.06367955209079162	0.4033661873401962	-0.00671423244269498
0.064268771731702	0.40354930545268325	-0.006732903832737241
0.06486344335482389	0.40373602598665587	-0.006753881758437486
0.06546361740672754	0.40392642526413575	-0.006777584918260027
0.06606934480075964	0.4041205816331367	-0.006804528704228485
0.06668067692136226	0.40431857555588246	-0.006835352140549108
0.06729766562843183	0.40452048969529264	-0.006870853568026913
0.0679203632617185	0.4047264089913979	-0.00691203826942807
0.0685488226452662	0.4049364207126427	-0.006960182482747496
0.0691830970918937	0.4051506144540212	-0.007016919978163759
0.06982324040771719	0.405369082032884	-0.0070843597003428455
0.07046930689671474	0.40559191719388066	-0.007165245940328301
0.07112135136533296	0.4058192149666746	-0.007263175832301639
0.07177942912713622	0.40605107039924254	-0.007382891497731078
0.07244359600749906	0.40628757617860256	-0.007530662320830152
0.0731139083483418	0.4065288182907286	-0.007714757129222831
0.07379042301291015	0.4067748682886845	-0.007945952959329289
0.07447319739059896	0.4070257699090458	-0.008237882450814324
0.07516228940182061	0.4072815169945493	-0.008606673613550378
0.07585775750291844	0.4075420203825061	-0.009068599461970776
0.07655966069112569	0.40780706817362994	-0.009633218960568396
0.07726805850957029	0.4080763065706767	-0.010288511997582862
0.07798301105232593	0.408349315055195	-0.010977558088941545
0.07870457896950993	0.40862587848653714	-0.011580938674123985
0.07943282347242822	0.4089064133431964	-0.01194133989289917
0.08016780633876798	0.40919213194834514	-0.01194981105810287
0.0809095899178383	0.4094845285436415	-0.011625532969834037
0.0816582371358593	0.4097845993209484	-0.011094719127231145
0.0824138115013003	0.41009258824329786	-0.010499153787282127
0.08317637711026717	0.4104082807704202	-0.009934021140749372
0.08394599865193982	0.4107313621105041	-0.009441972916963172
0.08472274141405972	0.41106159827053407	-0.009031962014585502
0.08550667128846841	0.4113988742200304	-0.008697256936407178
0.0862978547766971	0.41174317425586937	-0.008426055656444076
0.08709635899560814	0.41209455221931607	-0.008206360439152932
0.08790225168308852	0.41245310738329555	-0.008027746099976689
0.08871560120379617	0.41281896815465174	-0.007881732383810482
0.08953647655495947	0.4131922818877712	-0.00776162475023676
0.09036494737223023	0.4135732087634444	-0.007662204531532912
0.09120108393559107	0.4139619181964815	-0.0075794174190634105
0.09204495717531722	0.41435858677091036	-0.007510108397448512
0.09289663867799372	0.41476339708703325	-0.007451811135905884
0.09375620069258811	0.4151765371515536	-0.007402585884795552
0.09462371613657934	0.4155982000919941	-0.007360896500335474
0.09549925860214364	0.4160285840658286	-0.007325517645907771
0.0963829023623971	0.41646789228743003	-0.007295464771564257
0.09727472237769656	0.41691633312726234	-0.00726994112411648
0.09817479430199849	0.41737412025599546	-0.0072482974540594635
0.09908319448927681	0.41784147281749273	-0.007230001198337329
0.10000000000000005	0.4183186156210283	-0.007214612759229827
0.10092528860766849	0.4188057793471336	-0.00720176712306589
0.10185913880541175	0.41930320076402294	-0.007191159520104518
0.10280162981264741	0.4198111229529065	-0.00718253416170693
0.10375284158180131	0.4203297955413198	-0.007175675335912343
0.10471285480509002	0.42085947494448595	-0.007170400322256183
0.1056817509213659	0.42140042461461286	-0.007166553719042636
0.10665961212302584	0.4219529152986622	-0.007164002874265482
0.10764652136298355	0.42251722530499597	-0.007162634184289136
0.10864256236170661	0.4230936407794755	-0.007162350078972669
0.10964781961431856	0.42368245599164744	-0.0071630665530231456
0.1106623783977667	0.42428397363176124	-0.007164711134488245
0.11168632477805618	0.424898505119163	-0.007167221205020477
0.1127197456175511	0.42552637092296935	-0.007170542604731128
0.11376272858234315	0.42616790089571804	-0.00717462846846602
0.11481536214968835	0.42682343462071415	-0.007179438251210807
0.11587773561551268	0.42749332177405747	-0.007184936908804052
0.11694993910198717	0.4281779225020942	-0.007191094206782998
0.11803206356517304	0.4288776078151913	-0.007197884135419579
0.11912420080273756	0.42959275999892077	-0.007205284413151827
0.12022644346174137	0.43032377304337216	-0.0072132760639114675
0.1213388850464978	0.4310710530920032	-0.007221843056495983
0.12246161992650495	0.43183501891080844	-0.007230971996240741
0.12359474334445113	0.4326161023791405	-0.007240651860967788
0.12473835142429439	0.4334147490034116	-0.0072508737745704014
0.1258925411794168	0.434231418454862	-0.007261630812719694
0.12705741052085426	0.43506658513300134	-0.007272917836105275
0.12823305826560225	0.4359207387559106	-0.0072847313473769545
0.1294195841449987	0.43679438497927253	-0.007297069368580406
0.13061708881318423	0.4376880460455009	-0.007309931336391362
0.1318256738556408	0.43860226146498776	-0.007323318012891137
0.13304544179780922	0.43953758873122	-0.0073372314099714115
0.13427649611378642	0.44049460407177554	-0.00735167472576792
0.13551894123510363	0.44147390323742725	-0.0073666522917665905
0.13677288255958495	0.442476102331613	-0.007382169529442473
0.13803842646028852	0.4435018386826594	-0.007398232915471505
0.13931568029453034	0.44455177176149724	-0.0074148499547095
0.14060475241299142	0.44562658414761136	-0.007432029160266903
0.14190575216890927	0.44672698254616805	-0.007449780040117184
0.1432187899273544	0.4478536988597365	-0.007468113089785643
0.1445439770745928	0.44900749131777384	-0.007487039790740725
0.1458814260275349	0.4501891456678356	-0.007506572614196664
0.14723125024327194	0.4513994764323633	-0.00752672503010256
0.14859356422870074	0.4526393282353097	-0.007547511521151346
0.1499684835502374	0.4539095772031886	-0.007568947601703248
0.15135612484362088	0.4552111324456231	-0.007591049841572658
0.15275660582380732	0.45654493762049153	-0.0076138358946683145
0.154170045294956	0.45791197258958627	-0.007637324532536577
0.1555965631605075	0.45931325517081084	-0.00766153568289036
0.15703628043335532	0.4607498429937108	-0.007686490473263103
0.15848931924611143	0.4622228354654054	-0.007712211279964001
0.15995580286146696	0.46373337585474217	-0.007738721782560995
0.1614358556826487	0.465282653503164	-0.007766047024165033
0.1629296032639723	0.4668719061710901	-0.007794213477835265
0.16443717232149324	0.4685024225300138	-0.00782324911948256
0.16595869074375613	0.47017554481068957	-0.007853183507697543
0.16749428760264382	0.47189267161918697	-0.00788404787099679
0.1690440931643265	0.47365526093310517	-0.00791587520303395
0.17060823890031243	0.47546483329193506	-0.00794870036640926
0.17218685749860077	0.4773229751960605	-0.007982560205769852
0.17378008287493762	0.4792313427307592	-0.008017493670993405
0.1753880501841762	0.48119166543273556	-0.008053541951333572
0.1770108958317422	0.483205750418347	-0.008090748621512992
0.17864875748520517	0.4852754867943532	-0.008129159800863718
0.180301774085957	0.4874028503744235	-0.008168824326753041
0.18197008586099844	0.48958990872579333	-0.008209793943663706
0.18365383433483473	0.4918388265741584	-0.008252123509482012
0.18535316234148125	0.49415187159622403	-0.008295871220710535
0.18706821403658017	0.49653142063314043	-0.008341098858548546
0.18879913490962946	0.49897996636094566	-0.008387872058007288
0.19054607179632482	0.5015001244575812	-0.008436260602499334
0.19230917289101596	0.5040946413105298	-0.008486338746644102
0.19408858775927793	0.5067664023129614	-0.008538185570372774
0.19588446735059908	0.5095184408018935	-0.008591885367813079
0.1976969640111862	0.5123539476968493	-0.008647528074876513
0.19952623149688808	0.5152762819043037	-0.008705209739988284
0.20137242498623895	0.5182889815596338	-0.00876503304297963
0.2032357010936223	0.5213957761867297	-0.00882710786784421
0.20511621788255666	0.5246005998636064	-0.008891551935820035
0.20701413487910436	0.5279076054929555	-0.008958491506165282
0.2089296130854041	0.5313211802873181	-0.00902806215301063
0.2108628149933291	0.5348459625912896	-0.009100409627865689
0.21281390459827135	0.5384868601778898	-0.009175690818737849
0.21478304741305343	0.542249070171954	-0.009254074818413314
0.21677041048196952	0.5461381007723108	-0.009335744116321388
0.2187761623949553	0.5501597949652269	-0.009420895930565694
0.22080047330189004	0.5543203564457692	-0.00950974369925228
0.22284351492703042	0.5586263779911084	-0.009602518753214063
0.22490546058357816	0.5630848725608611	-0.009699472195724536
0.22698648518838224	0.5677033074359261	-0.009800877018908175
0.22908676527677735	0.572489641748154	-0.009907030491406548
0.23120647901755953	0.5774523678013157	-0.010018256857606869
0.23334580622810033	0.5826005566380527	-0.010134910395549522
0.23550492838960102	0.5879439083719983	-0.010257378888746303
0.23768402866248772	0.5934928078773437	-0.010386087576815963
0.2398832919019491	0.5992583865142993	-0.010521503661415339
0.2421029046736179	0.6052525906690646	-0.010664141457855813
0.24434305526939726	0.6114882580038605	-0.010814568299517055
0.246603933723434	0.6179792024499581	-0.010973411322390268
0.24888573182823917	0.62474030913821	-0.011141365281584124
0.25118864315095807	0.6317876406517599	-0.011319201581415384
0.2535128630497908	0.6391385562115272	-0.011507778737081184
0.25585858869056466	0.6468118456722822	-0.01170805453045825
0.2582260190634597	0.654827880525876	-0.011921100177358562
0.26061535499988964	0.6632087844897667	-0.012148116891230425
0.2630267991895383	0.6719786267155319	-0.01239045531215176
0.26546055619755404	0.6811636412033991	-0.01264963837440954
0.2679168324819033	0.690792476674142	-0.012927388316570743
0.2703958364108845	0.7008964819587729	-0.013225658702102605
0.2728977782808042	0.7115100329523663	-0.013546672525861735
0.27542287033381674	0.7226709083860905	-0.013892967744825103
0.277971326775929	0.734420723159706	-0.0142674519070793
0.2805433637951715	0.7468054298154287	-0.014673467983678462
0.28313919957993805	0.7598759010229594	-0.015114874063659064
0.2857590543374948	0.7736886088069366	-0.015596140293931875
0.2884031503126607	0.7883064198470253	-0.01612246738836397
0.29107171180666064	0.8037995307359053	-0.01669993227023318
0.2937649651961532	0.8202465728825561	-0.017335668054603702
0.2964831389524344	0.83773592418975	-0.0180380877689355
0.29922646366081906	0.8563672742456065	-0.018817164158027533
0.30199517204020176	0.8762535022834057	-0.019684781917047832
0.30478949896279844	0.8975229435837303	-0.020655184165218443
0.307609681474071	0.9203221417328372	-0.021745542523950237
0.3104559588128357	0.944819213196503	-0.022976690692821624
0.3133285724315587	0.9712079898620838	-0.024374076254274193
0.3162277660168381	0.9997131586535398	-0.02596900658079062
0.31915378551007634	1.0305966910512778	-0.027800295208587407
0.3221068791283436	1.0641659583032999	-0.029916459579568646
0.32508729738543457	1.1007840737910253	-0.03237868701338894
0.3280952931131192	1.1408832131202495	-0.035264884921550714
0.3311311214825913	1.1849819673896622	-0.03867528273488983
0.33419504002611444	1.2337082372295745	-0.04274028846419971
0.3372873086588691	1.2878298583661434	-0.04763167588612601
0.34040818970100106	1.3482962031046637	-0.05357878203741551
0.34355794789987465	1.4162956645314033	-0.06089239468588727
0.34673685045253166	1.4933366205576526	-0.07000071098522989
0.3499451670283573	1.581363956204412	-0.08150474691895289
0.353183169791957	1.6829309656403644	-0.0962663427805887
0.35645113342624424	1.8014468936411214	-0.11582587122190127
0.3597493351557423	1.9416477594599157	-0.14124321265787432
0.36307805477010135	2.1101391114040995	-0.1763327599190198
0.36643757464783333	2.3166459184974717	-0.22558894704365925
0.3698281797802663	2.5759887156299714	-0.2970836417929476
0.3732501577957206	2.9120054424056114	-0.40520570310929466
0.37670379898390893	3.3657395641156658	-0.5774389282062302
0.38018939632056126	4.014606184333012	-0.871266155385445
0.38370724549227886	5.024700490052306	-1.423091373434949
0.3872576449216173	6.830058560551927	-2.625001927984651
0.3908408957924021	11.034405295837413	-6.060118264653863
0.39445730207527846	30.74767051804425	-26.709747155736586
0.3981071705534973	21.393990968459846	-148.18081162245022
0.40179081084894	7.656387489778419	-158.28773941967094
0.40550853544838394	4.01933015890751	-151.2789458160503
0.40926065973001097	2.654140890322912	-122.85181052196998
0.41304750199016144	4.225184619902505	-88.15614941693272
0.4168693834703355	9.464377340145674	-123.16903912910885
0.4207266283844442	6.2911458685956	-164.909570003
0.424619563946313	4.205718162866862	-174.31161263959714
0.4285485203974396	3.1990435862892603	-177.22331429240782
0.43251383103500884	2.6013535929960927	-178.43582113274294
0.4365158322401661	2.198000924503262	-179.04001319645425
0.44055486350655343	1.9033177104999797	-179.38007404911454
0.4446312674691088	1.676237419941112	-179.58998263604215
0.4487453899331323	1.4942923165794424	-179.72998622616427
0.4528975799036209	1.3438326766653659	-179.83003286560412
0.4570881896148752	1.2156196135609774	-179.90520664945288
0.46131757456037953	1.1021673610176073	-179.95794223118114
0.4655860935229591	0.9942438454842198	-179.94948389237885
0.4698941086052156	0.8653805332945862	-179.3455344433097
0.4742419852602448	0.8413205186666476	-144.39828775174556
0.47863009232263853	0.955865729783889	-177.58871712401407
0.48305880203977286	0.8447710111036277	-179.06705247759967
0.4875284901033865	0.7763536357460493	-179.42532593897556
0.4920395356814511	0.7222443128122099	-179.57814261715615
0.49659232145033627	0.6760257933776066	-179.66115241707388
0.5011872336272725	0.6352280953947773	-179.71242859934972
0.5058246620031143	0.5985768723991776	-179.74650862944426
0.5105049999754064	0.5652850340237014	-179.7700610696173
0.5152286445817567	0.534807820167811	-179.78652750809115
0.5199959965335162	0.5067394464237005	-179.7978184328372
0.5248074602497729	0.48076253910962824	-179.80502697069338
0.5296634438916581	0.45662038306114855	-179.80875872156054
0.5345643593969719	0.43410024097138517	-179.80929084717033
0.5395106225151278	0.41302258256423624	-179.80664514313824
0.5445026528424215	0.3932337351275869	-179.80061100863838
0.5495408738576248	0.37460066724577956	-179.79073376990496
0.5546257129579107	0.35700720971445454	-179.7762754846736
0.5597576014951101	0.3403513407777208	-179.7561553251941
0.5649369748123025	0.32454335413020996	-179.72888854824856
0.5701642722807475	0.3095048137847107	-179.69257910120547
0.5754399373371569	0.2951680706364499	-179.64510140928684
0.580764417521312	0.2814754187628437	-179.58473251949948
0.5861381645140288	0.2683751604329369	-179.51151659223885
0.591561634175474	0.2558095116307496	-179.428988885299
0.5970352865838369	0.24369175184291225	-179.34386828352226
0.6025595860743578	0.2318843448662984	-179.25978891690764
0.6081350012787179	0.2201978196289892	-179.1649936085279
0.6137620051647943	0.2083934650763542	-179.01685611467084
0.6194410750767815	0.19612532456454354	-178.70180043498422
0.6251726927756859	0.18281666834043828	-177.82085207042078
0.6309573444801934	0.17021439695529	-174.3291216324529
0.6367955209079159	0.17939277181293667	-173.39020963129207
0.6426877173170198	0.16857283852584912	-175.7547571714083
0.6486344335482385	0.14741735097216632	-179.36826974134644
0.654636174067275	0.07797967385503916	-179.32036804927392
0.6606934480075961	0.2236069524391624	-178.60811893297407
0.6668067692136223	0.16549448593923163	-179.62744755671446
0.6729766562843178	0.14597014805834577	-179.8039622030139
0.6792036326171846	0.13236832584570934	-179.86868868057954
0.6854882264526617	0.12076183994628044	-179.89658253141164
0.6918309709189366	0.10999644167251338	-179.90724458252285
0.6982324040771715	0.09956910136125631	-179.90767797934254
0.7046930689671471	0.08918948984735377	-179.9003976934435
0.7112135136533292	0.0786448530913453	-179.8854588935523
0.7177942912713619	0.06774476162207027	-179.86057397404863
0.7244359600749902	0.056290811207674825	-179.81959692422
0.7311390834834176	0.04405314684929845	-179.74693738422405
0.7379042301291011	0.030745315444479684	-179.59413696333485
0.7447319739059892	0.015990980104052862	-179.10911878080302
0.7516228940182057	0.0007876256267256846	-21.603521177030554
0.758577575029184	0.02016664006845824	-0.9847497387923764
0.7655966069112565	0.04342449501970778	-0.5626470044874057
0.7726805850957026	0.0722781412410166	-0.43105807169454535
0.7798301105232589	0.10970851737080752	-0.3792430805818619
0.7870457896950989	0.1611803306982464	-0.36700102954861946
0.7943282347242817	0.2379222266616739	-0.38717911057940224
0.8016780633876793	0.3672699095663346	-0.45209798806234724
0.8090958991783825	0.6377405729467129	-0.6191993416639796
0.8165823713585927	1.5877693153553865	-1.255743156634161
0.8241381150130026	6.322132184221499	-175.8186684256878
0.8317637711026713	1.195823274089164	-179.32585070702152
0.8394599865193977	0.6975161780079956	-179.6586866300945
0.8472274141405968	0.5077309108770744	-179.7811755748665
0.8550667128846836	0.40686442834918896	-179.84360374619214
0.8629785477669706	0.3437933728167192	-179.88083973609892
0.870963589956081	0.3003030989634611	-179.90523931725815
0.8790225168308847	0.26827764904914975	-179.9222665818197
0.8871560120379608	0.2435522840166982	-179.93469895687056
0.8953647655495938	0.223769313162868	-179.9440910872083
0.9036494737223014	0.2074935193651239	-179.95137712491382
0.9120108393559097	0.19380088601391096	-179.95714975710524
0.9204495717531712	0.18206936087859601	-179.96180152578077
0.9289663867799363	0.17186462620265544	-179.96560155846367
0.9375620069258802	0.1628740857557124	-179.96873961852762
0.946237161365793	0.15486688351036276	-179.97135257029464
0.9549925860214359	0.14766871510611468	-179.97354088270393
0.9638290236239705	0.14114541642985762	-179.97537923501315
0.9727472237769651	0.1351919558205557	-179.97692348849378
0.9817479430199844	0.1297248609008774	-179.9782153305912
0.9908319448927676	0.12467689013618566	-179.97928536345128
1.	0.11999320770495359	-179.9801550944048
1.0092528860766845	0.11562858692611507	-179.98083808786188
1.0185913880541169	0.11154533058677578	-179.98134039807405
1.0280162981264735	0.10771169870872709	-179.98166028276987
1.0375284158180127	0.1041006995536948	-179.98178706646118
1.0471285480508996	0.10068914176203604	-179.98169883911157
1.0568175092136585	0.097456872378345	-179.98135837393045
1.066596121230258	0.09438614144665454	-179.98070609594225
1.076465213629835	0.09146104044765525	-179.97964784777136
1.0864256236170655	0.0886669577341207	-179.97803292654112
1.096478196143185	0.08598997291669314	-179.97561278065828
1.1066237839776665	0.08341605598608946	-179.97195847855397
1.1168632477805611	0.08092979678856921	-179.96628259335873
1.1271974561755105	0.07851202128278031	-179.95701499969732
1.1376272858234309	0.0761345696613598	-179.94065289422866
1.1481536214968828	0.07374682971120561	-179.90803630914476
1.1587773561551262	0.07123322906837064	-179.8286885387563
1.1694993910198712	0.06823706956962125	-179.55068712508074
1.1803206356517297	0.0632663887830323	-177.64774324012237
1.191242008027375	0.07507879312512894	-178.98749210999713
1.2022644346174132	0.06840325285819616	-179.69395966270176
1.2133888504649775	0.0656209680428351	-179.87113348841618
1.224616199265049	0.06349910311822071	-179.92891552771155
1.2359474334445106	0.061644191002304845	-179.95418930592578
1.2473835142429432	0.05993966915259559	-179.9673631905132
1.2589254117941675	0.05833791893681015	-179.9750584993598
1.270574105208542	0.056815215032961684	-179.97992163857853
1.2823305826560218	0.055357944032649924	-179.9831720870505
1.2941958414499863	0.053957407152414975	-179.98543213365292
1.3061708881318417	0.05260755508030555	-179.98704382052802
1.3182567385564075	0.051303888348583813	-179.98820502882984
1.3304544179780915	0.050042876043330034	-179.98903308472126
1.3427649611378643	0.04882162566620199	-179.98959598992997
1.3551894123510364	0.04763768268705547	-179.98992736645386
1.3677288255958495	0.04648889942259741	-179.99003141974504
1.3803842646028852	0.045373339563212725	-179.98987894516154
1.3931568029453034	0.04428919469357484	-179.98939000297466
1.4060475241299142	0.0432346865473648	-179.98838743972414
1.4190575216890926	0.04220790478356551	-179.98646934909092
1.432187899273544	0.04120644146452868	-179.98260275263897
1.4454397707459279	0.04022634224631061	-179.97345652250814
1.4588142602753489	0.039258745801112285	-179.94301827513573
1.4723125024327193	0.03832294893808918	-179.75990353209022
1.4859356422870074	0.037646495623837484	-179.8617589500315
1.499684835502374	0.03672100308211768	-179.97300582036547
1.5135612484362087	0.0358481248956905	-179.98923220113204
1.5275660582380732	0.03500935023189601	-179.9938039228179
1.54170045294956	0.03419621926199578	-179.9955976211225
1.555965631605075	0.03340542402398853	-179.9964494619526
1.5703628043335531	0.0326352100351431	-179.99690891612002
1.584893192461114	0.03188441377245972	-179.9971810615123
1.5995580286146696	0.031152143766753314	-179.99735458174305
1.6143585568264869	0.030437654594044253	-179.99747209188234
1.629296032639723	0.029740289879174885	-179.9975557620488
1.6443717232149324	0.029059453572278376	-179.99761786469494
1.6595869074375613	0.028394594101828458	-179.99766554135354
1.6749428760264382	0.027745194916043596	-179.99770312235037
1.690440931643265	0.027110768428375138	-179.99773332558647
1.7060823890031243	0.026490851891872377	-179.99775790766822
1.7218685749860079	0.025885004427503036	-179.99777803272184
1.7378008287493762	0.02529280477750047	-179.99779448891297
1.753880501841762	0.024713849535153085	-179.99780781954976
1.770108958317422	0.024147751700927873	-179.9978184046338
1.7864875748520517	0.023594139470831343	-179.99782651280074
1.803017740859568	0.023052655195956166	-179.9978323350993
1.8197008586099825	0.02252295447230807	-179.99783600736563
1.8365383433483455	0.022004705332666574	-179.99783762528546
1.8535316234148105	0.02149758752040716	-179.9978372546763
1.8706821403657996	0.021001291830636204	-179.9978349385904
1.8879913490962925	0.020515519507669746	-179.99783070226636
1.9054607179632463	0.020039981690446605	-179.99782455660412
1.9230917289101574	0.019574398899283346	-179.9978165006086
1.9408858775927773	0.019118500558696835	-179.99780652310332
1.958844673505989	0.01867202455199388	-179.99779460391758
1.97696964011186	0.018234716804061236	-179.99778071468833
1.9952623149688788	0.01780633088935194	-179.99776481937332
2.0137242498623875	0.017386627662501	-179.9977468745433
2.032357010936221	0.01697537490935022	-179.99772682950075
2.0511621788255647	0.0165723470164383	-179.9977046262568
2.0701413487910414	0.016177324657237268	-179.99768019938963
2.0892961308540388	0.015790094493600387	-179.9976534757983
2.108628149933289	0.015410448891037837	-179.99762437436104
2.1281390459827114	0.01503818564656369	-179.99759280550333
2.147830474130533	0.01467310772796227	-179.99755867067606
2.167704104819694	0.014315023023411201	-179.99752186174283
2.1877616239495516	0.013963744100472006	-179.99748226027188
2.208004733018899	0.013619087973521004	-179.99743973672616
2.228435149270303	0.013280875878744665	-179.9973941495427
2.2490546058357803	0.012948933055865128	-179.99734534409043
2.2698648518838214	0.012623088535795506	-179.9972931514923
2.2908676527677723	0.012303174933449856	-179.99723738729605
2.312064790175594	0.011989028244951572	-179.9971778499738
2.333458062281002	0.01168048764849591	-179.9971143192276
2.355049283896009	0.011377395308126778	-179.99704655407416
2.376840286624876	0.011079596179687337	-179.99697429067717
2.39883291901949	0.010786937818194915	-179.9968972398892
2.4210290467361775	0.010499270185876649	-179.9968150844598
2.4434305526939712	0.010216445460079429	-179.99672747585734
2.4660393372343385	0.00993831784023862	-179.99663403064292
2.48885731828239	0.009664743353052112	-179.99653432632235
2.5118864315095797	0.009395579654959626	-179.9964278965897
2.535128630497907	0.009130685830971253	-179.99631422585597
2.5585858869056453	0.008869922188821867	-179.99619274293815
2.582260190634596	0.008613150047349787	-179.99606281375503
2.6061535499988953	0.008360231517905253	-179.99592373284648
2.6302679918953813	0.008111029277487006	-179.99577471349016
2.654605561975539	0.00786540633218063	-179.99561487614176
2.6791683248190314	0.007623225769327711	-179.99544323485904
2.703958364108843	0.007384350496687841	-179.9952586812927
2.7289777828080406	0.0071486429666625185	-179.99505996572242
2.7542287033381663	0.006915964883426716	-179.9948456744875
2.7797132677592886	0.006686176890555848	-179.99461420299176
2.805433637951713	0.006459138236437312	-179.99436372324357
2.831391995799379	0.006234706414409746	-179.99409214460246
2.8575905433749464	0.006012736774171736	-179.99379706602457
2.8840315031266055	0.0057930821005351425	-179.9934757175904
2.910717118066605	0.005575592155055193	-179.9931248884139
2.9376496519615305	0.005360113175435471	-179.9927408371014
2.9648313895243423	0.005146487326865107	-179.99231917964715
2.992264636608189	0.004934552098576579	-179.9918547478693
3.019951720402016	0.004724139637891752	-179.99134140897598
3.047894989627983	0.0045150760128207035	-179.9907718332562
3.076096814740708	0.0043071803928562994	-179.9901371916767
3.1045595881283554	0.004100264135922342	-179.9894267574759
3.1332857243155856	0.0038941297674295154	-179.98862737430508
3.162277660168379	0.003688569835003063	-179.98772273580218
3.1915378551007616	0.0034833656195846466	-179.98669239386558
3.2210687912834346	0.0032782856801734767	-179.9855103686672
3.250872973854344	0.0030730842053257983	-179.98414316072478
3.2809529311311905	0.002867499139513414	-179.98254684217153
3.311311214825911	0.0026612500463404657	-179.98066268856283
3.3419504002611427	0.0024540356631700087	-179.97841041972393
3.372873086588689	0.0022455310925792744	-179.9756773707189
3.404081897010009	0.002035384564814909	-179.97230041674166
3.4355794789987466	0.001823213691504854	-179.96803428787564
3.4673685045253166	0.0016086011136002833	-179.96249260609048
3.499451670283573	0.0013910894249970424	-179.9550296647588
3.53183169791957	0.0011701752265333074	-179.94447950518082
3.5645113342624426	0.0009453021324329485	-179.92850073690855
3.5974933515574232	0.0007158525153495584	-179.9015982066513
3.630780547701014	0.0004811377656700434	-179.8471225064608
3.664375746478333	0.00024038724250797678	-179.67983675510993
3.6982817978026628	7.410010913223463e-6	-10.957663518489566
3.732501577957206	0.0002628260534419044	-0.3227187566920875
3.767037989839089	0.0005273772775954653	-0.16944954758984143
3.801893963205613	0.0008022136071971781	-0.1176751607030707
3.8370724549227884	0.0010888033774862028	-0.09184715085682774
3.8725764492161727	0.001388846085135803	-0.07651093330935746
3.908408957924021	0.0017043205109219892	-0.06646880729717197
3.944573020752785	0.002037546220062402	-0.05948442749575096
3.981071705534973	0.0023912621253417425	-0.05443933319402708
4.0179081084894	0.0027687277989151024	-0.05071469597952523
4.055085354483839	0.0031738555859351847	-0.04794316738177521
4.09260659730011	0.0036113850239183343	-0.045896001417519525
4.130475019901614	0.0040871162640948875	-0.04442683097472701
4.168693834703355	0.004608227173304312	-0.043441795459838416
4.207266283844442	0.0051837113421348315	-0.04288306114264624
4.24619563946313	0.005824994435341958	-0.04271976977529573
4.285485203974396	0.006546819773421728	-0.0429435772226653
4.325138310350088	0.0073685511277888135	-0.043567517127382376
4.365158322401661	0.008316141591086951	-0.04462788631866381
4.405548635065534	0.009425202834708933	-0.046189673532913464
4.446312674691089	0.010745965957356282	-0.048357119708347905
4.487453899331323	0.012351649720853107	-0.05129285945302062
4.528975799036209	0.014353319607975703	-0.055252932565416246
4.570881896148752	0.016927983478828783	-0.06065380192841642
4.613175745603791	0.020376078856102722	-0.06821016126221652
4.655860935229586	0.025251798986284706	-0.07924794495553784
4.698941086052151	0.032702753220536736	-0.09652065638002481
4.742419852602444	0.045554647383583675	-0.1268168134853856
4.7863009232263805	0.073146040349055	-0.19258284802021636
4.830588020397723	0.1756051826925487	-0.43836910230093734
4.875284901033861	0.4959314679467506	-178.82337572926147
4.920395356814506	0.10534390571841762	-179.76197073832162
4.965923214503357	0.05965065045268321	-179.87136635140314
5.01187233627272	0.04191785048437882	-179.91356553341484
5.058246620031137	0.03247704307195301	-179.93585074816733
5.105049999754059	0.026603674469153234	-179.9495784795758
5.152286445817562	0.022589848041126882	-179.95885318209312
5.1999599653351565	0.01966805166838378	-179.965518729862
5.248074602497723	0.017442234251298133	-179.97052611679572
5.296634438916575	0.015687332360826794	-179.97441538717175
5.345643593969713	0.014265980330149365	-179.9775158542713
5.395106225151273	0.013089584097993988	-179.9800396686344
5.445026528424209	0.012098438245080584	-179.98212960735464
5.495408738576242	0.011250836733165568	-179.98388524355354
5.5462571295791046	0.010516763905285094	-179.9853781059085
5.597576014951099	0.00987406534118016	-179.98666087751405
5.649369748123022	0.009306031280569203	-179.98777319972567
5.701642722807472	0.008799819882604231	-179.98874545772983
5.754399373371567	0.00834539844982308	-179.98960132152646
5.807644175213118	0.007934814408500348	-179.9903594946961
5.861381645140285	0.0075616821376063795	-179.9910349447153
5.9156163417547365	0.00722081459210622	-179.99163978557553
5.9703528658383656	0.006907954197198814	-179.9921839220922
6.025595860743575	0.006619573144242919	-179.9926755276661
6.081350012787176	0.00635272306696787	-179.99312140359018
6.137620051647939	0.00610492041631956	-179.99352725276137
6.194410750767812	0.005874058019622187	-179.99389789064097
6.251726927756856	0.005658336101435853	-179.99423740960174
6.30957344480193	0.00545620794625843	-179.9945493082272
6.367955209079155	0.005266336700812224	-179.99483659396532
6.426877173170194	0.005087560739426615	-179.99510186531467
6.486344335482381	0.004918865675300615	-179.99534737813858
6.546361740672747	0.004759361575802247	-179.99557509956168
6.6069344800759575	0.004608264286718627	-179.99578675207113
6.668067692136219	0.0044648800260477135	-179.99598384983162
6.729766562843175	0.004328592598347732	-179.99616772876635
6.792036326171843	0.004198852723826004	-179.99633957161274
6.854882264526613	0.0040751690849383185	-179.99650042890227
6.918309709189362	0.0039571007763182535	-179.9966512366137
6.9823240407717115	0.0038442509078685295	-179.9967928310968
7.046930689671467	0.0037362611605509404	-179.9969259617441
7.112135136533288	0.003632807133274922	-179.99705130179524
7.177942912713615	0.003533594349872928	-179.99716945758576
7.244359600749899	0.0034383548193754436	-179.99728097649387
7.311390834834173	0.0033468440620981897	-179.9973863537933
7.379042301291007	0.003258838529515936	-179.9974860385821
7.447319739059888	0.003174133358351849	-179.99758043892982
7.516228940182053	0.003092540409393859	-179.99766992635855
7.585775750291836	0.003013886549752216	-179.99775483975688
7.655966069112561	0.002938012143976488	-179.9978354888074
7.726805850957022	0.0028647697249539867	-179.99791215699642
7.798301105232586	0.002794022820049114	-179.99798510426413
7.870457896950985	0.0027256449116992145	-179.99805456934345
7.943282347242813	0.0026595185148040727	-179.9981207718293
8.01678063387679	0.002595534355849918	-179.99818391401368
8.090958991783822	0.002533590640888569	-179.99824418251637
8.165823713585922	0.002473592401323445	-179.99830174973732
8.241381150130021	0.002415450907997448	-179.99835677515293
8.317637711026709	0.002359083145382688	-179.9984094064748
8.394599865193973	0.002304411338778733	-179.99845978068834
8.472274141405963	0.0022513625283675683	-179.99850802498457
8.550667128846833	0.0021998681847766304	-179.99855425759807
8.629785477669701	0.0021498638614883643	-179.99859858856166
8.709635899560805	0.0021012888800240434	-179.9986411203874
8.790225168308842	0.0020540860443365233	-179.99868194868162
8.871560120379607	0.002008201381283375	-179.99872116270186
8.953647655495937	0.0019635839044295587	-179.99875884586143
9.036494737223014	0.0019201853987557964	-179.99879507618758
9.120108393559097	0.001877960224132767	-179.9988299267378
9.204495717531712	0.0018368651356683063	-179.9988634659788
9.289663867799362	0.0017968591192502306	-179.99889575813188
9.375620069258803	0.0017579032407955713	-179.9989268634884
9.462371613657929	0.0017199605078818284	-179.99895683869758
9.549925860214358	0.0016829957425803458	-179.99898573703004
9.638290236239705	0.0016469754644389805	-179.9990136086193
9.727472237769652	0.0016118677826730166	-179.99904050068295
9.817479430199844	0.0015776422967219723	-179.99906645772603
9.908319448927676	0.0015442700044170415	-179.99909152172765
10.	0.0015117232170810996	-179.99911573231276
10.092528860766844	0.0014799754809515368	-179.9991391269105
10.18591388054117	0.0014490015043769043	-179.99916174089998
10.280162981264736	0.001418777090292367	-179.9991836077449
10.375284158180126	0.001389279073526998	-179.9992047591179
10.471285480508996	0.0013604852625388835	-179.99922522501555
10.568175092136585	0.0013323743852122767	-179.99924503386464
10.665961212302578	0.0013049260383853338	-179.99926421262074
10.76465213629835	0.0012781206408076435	-179.99928278685968
10.864256236170656	0.0012519393892542838	-179.99930078086203
10.964781961431852	0.001226364217547874	-179.99931821769204
11.066237839776663	0.001201377758262328	-179.99933511927063
11.168632477805613	0.0011769633069019993	-179.99935150644353
11.271974561755105	0.0011531047883679916	-179.9993673990445
11.37627285823431	0.001129786725539653	-179.9993828159543
11.481536214968829	0.0011069942098140184	-179.9993977751558
11.587773561551263	0.0010847128734592564	-179.99941229378516
11.694993910198711	0.0010629288636502302	-179.99942638817964
11.803206356517286	0.001041628818065219	-179.99944007392264
11.912420080273739	0.0010207998419327396	-179.99945336588507
12.022644346174118	0.0010004294864264752	-179.99946627826492
12.133888504649763	0.0009805057283144162	-179.99947882462357
12.246161992650476	0.0009610169507758786	-179.9994910179202
12.359474334445094	0.0009419519253067823	-179.99950287054395
12.47383514242942	0.0009232997946398277	-179.99951439434406
12.589254117941662	0.0009050500566118257	-179.9995256006581
12.705741052085406	0.0008871925489156318	-179.99953650033868
12.823305826560205	0.0008697174346788667	-179.9995471037782
12.941958414499851	0.0008526151888159113	-179.9995574209326
13.061708881318404	0.0008358765851036683	-179.99956746134313
13.182567385564061	0.00081949268393518	-179.99957723415736
13.304544179780901	0.0008034548207085682	-179.99958674814854
13.427649611378628	0.0007877545948118004	-179.9995960117342
13.551894123510351	0.0007723838591666263	-179.99960503299343
13.67728825595848	0.0007573347102976022	-179.99961381968328
13.803842646028839	0.0007425994788945337	-179.99962237925413
13.931568029453022	0.0007281707208388425	-179.99963071886447
14.060475241299129	0.0007140412086664118	-179.99963884539454
14.190575216890911	0.0007002039234413237	-179.9996467654593
14.321878992735424	0.0006866520470166404	-179.9996544854209
14.454397707459265	0.0006733789546599754	-179.99966201140032
14.588142602753473	0.0006603782080230735	-179.99966934928815
14.723125024327178	0.0006476435484359988	-179.99967650475526
14.859356422870059	0.0006351688905077817	-179.9996834832627
14.996848355023726	0.0006229483160165589	-179.99969029007082
15.135612484362072	0.0006109760680733249	-179.99969693024835
15.275660582380716	0.0005992465455444255	-179.9997034086808
15.417004529495584	0.0005877542977188586	-179.99970973007837
15.559656316050734	0.0005764940192073174	-179.99971589898348
15.703628043335515	0.0005654605450607265	-179.9997219197782
15.848931924611126	0.0005546488460967685	-179.99972779669076
15.995580286146678	0.0005440540244236027	-179.9997335338023
16.143585568264854	0.0005336713091506265	-179.9997391350529
16.292960326397214	0.0005234960522767487	-179.99974460424752
16.443717232149307	0.0005135237247471919	-179.99974994506158
16.595869074375596	0.0005037499126703933	-179.9997551610462
16.749428760264365	0.0004941703136870461	-179.99976025563336
16.90440931643263	0.0004847807334838016	-179.99976523214065
17.060823890031227	0.00047557708244456835	-179.99977009377585
17.21868574986006	0.0004665553724327617	-179.9997748436414
17.378008287493746	0.0004577117136982208	-179.99977948473847
17.5388050184176	0.0004490423119028726	-179.99978401997092
17.701089583174202	0.0004405434652595475	-179.99978845214918
17.864875748520497	0.0004322115617786623	-179.99979278399385
18.03017740859568	0.00042404307661777477	-179.99979701813913
18.197008586099827	0.00041603456952928893	-179.9998011571361
18.365383433483455	0.0004081826824018416	-179.9998052034559
18.535316234148105	0.00040048413689114224	-179.99980915949274
18.706821403657997	0.00039293573213626374	-179.99981302756683
18.879913490962927	0.000385534342557591	-179.999816809927
19.054607179632463	0.0003782769157328338	-179.99982050875346
19.230917289101576	0.00037116047034769774	-179.99982412616026
19.408858775927772	0.0003641820942179825	-179.99982766419765
19.58844673505989	0.00035733894238003985	-179.99983112485458
19.769696401118598	0.00035062823524668554	-179.99983451006062
19.952623149688787	0.00034404725682579484	-179.99983782168832
20.137242498623873	0.0003375933529989653	-179.99984106155517
20.32357010936221	0.00033126392985774656	-179.99984423142536
20.511621788255646	0.0003250564520950651	-179.99984733301199
20.701413487910415	0.0003189684414495929	-179.99985036797855
20.892961308540386	0.0003129974752009098	-179.99985333794075
21.086281499332888	0.0003071411847134189	-179.9998562444682
21.28139045982711	0.00030139725402707034	-179.99985908908587
21.47830474130533	0.0002957634184930384	-179.9998618732757
21.67704104819694	0.00029023746345259113	-179.9998645984781
21.87761623949552	0.0002848172229574679	-179.99986726609316
22.080047330188993	0.0002795005785301579	-179.99986987748215
22.28435149270303	0.0002742854579625541	-179.99987243396876
22.490546058357804	0.00026916983415152014	-179.99987493684026
22.698648518838212	0.0002641517239699763	-179.99987738734887
22.908676527677724	0.0002592291871721731	-179.9998797867127
23.12064790175594	0.00025440032533188345	-179.99988213611704
23.33458062281002	0.0002496632808122968	-179.9998844367152
23.55049283896009	0.0002450162357664554	-179.9998866896297
23.76840286624876	0.00024045741116712063	-179.9998888959532
23.9883291901949	0.00023598506586501236	-179.99989105674945
24.210290467361776	0.00023159749567439966	-179.99989317305418
24.434305526939713	0.00022729303248507438	-179.9998952458759
24.660393372343385	0.00022307004339977717	-179.99989727619692
24.888573182823905	0.00021892692989618242	-179.99989926497406
25.118864315095795	0.00021486212701259	-179.99990121313937
25.351286304979073	0.00021087410255650523	-179.99990312160094
25.58585886905645	0.00020696135633532304	-179.9999049912437
25.82260190634596	0.0002031224194083635	-179.99990682293
26.06153549998895	0.00019935585335953952	-179.99990861750038
26.302679918953814	0.00019566024958996177	-179.9999103757741
26.54605561975539	0.00019203422862982118	-179.99991209854994
26.791683248190314	0.0001884764394689065	-179.99991378660667
27.039583641088434	0.00018498555890514965	-179.9999154407037
27.289777828080403	0.00018156029091060798	-179.99991706158153
27.542287033381662	0.0001781993660143195	-179.99991864996252
27.797132677592884	0.00017490154070148934	-179.99992020655122
28.05433637951713	0.00017166559682848414	-179.99992173203498
28.31391995799379	0.0001684903410531335	-179.9999232270844
28.575905433749465	0.00016537460427985684	-179.99992469235377
28.84031503126606	0.00016231724111914888	-179.99992612848166
29.10717118066605	0.0001593171293609807	-179.99992753609123
29.376496519615305	0.00015637316946168274	-179.99992891579066
29.648313895243422	0.00015348428404389887	-179.99993026817373
29.92264636608189	0.00015064941740921035	-179.99993159382
30.19951720402016	0.00014786753506304754	-179.99993289329535
30.4789498962798	0.00014513762325151828	-179.99993416715236
30.76096814740705	0.00014245868850979552	-179.99993541593054
31.045595881283525	0.00013982975722172397	-179.99993664015682
31.332857243155825	0.0001372498751903088	-179.99993784034584
31.62277660168376	0.0001347181072187715	-179.99993901700023
31.91537855100758	0.00013223353670186155	-179.99994017061104
32.21068791283432	0.0001297952652271279	-179.99994130165803
32.50872973854341	0.00012740241218586165	-179.9999424106098
32.80952931131187	0.0001250541143934338	-179.99994349792433
33.11311214825908	0.00012274952571875983	-179.9999445640491
33.41950400261139	0.00012048781672263219	-179.99994560942136
33.72873086588685	0.00011826817430467104	-179.99994663446856
34.040818970100055	0.00011608980135865278	-179.99994763960837
34.35579478998743	0.00011395191643598102	-179.99994862524917
34.67368504525313	0.00011185375341707646	-179.99994959179003
34.994516702835696	0.00010979456119046706	-179.9999505396212
35.318316979195664	0.00010777360333936672	-179.9999514691242
35.64511334262439	0.00010579015783553986	-179.999952380672
35.9749335155742	0.00010384351674025336	-179.99995327462938
36.3078054770101	0.00010193298591212615	-179.999954151353
36.64375746478329	0.00010005788472169024	-179.99995501119167
36.98281797802659	0.00009821754577248569	-179.99995585448661
37.32501577957203	0.00009641131462851496	-179.99995668157143
37.670379898390856	0.00009463854954789014	-179.9999574927725
38.01893963205609	0.00009289862122250939	-179.99995828840918
38.370724549227845	0.00009119091252360601	-179.99995906879371
38.72576449216169	0.00008951481825301717	-179.9999598342317
39.08408957924017	0.00008786974490002463	-179.9999605850221
39.44573020752781	0.00008625511040362414	-179.99996132145748
39.81071705534969	0.00008467034392008413	-179.999962043824
40.17908108489396	0.00008311488559565981	-179.9999627524018
40.55085354483835	0.00008158818634433123	-179.999963447465
40.92606597300105	0.00008008970763043878	-179.99996412928184
41.304750199016105	0.00007861892125609311	-179.99996479811486
41.68693834703351	0.00007717530915324061	-179.99996545422107
42.07266283844438	0.00007575836318026748	-179.99996609785197
42.46195639463126	0.00007436758492303125	-179.99996672925383
42.85485203974392	0.00007300248550020967	-179.99996734866767
43.251383103500835	0.00007166258537286117	-179.99996795632947
43.65158322401656	0.00007034741415809434	-179.99996855247022
44.0554863506553	0.00006905651044674592	-179.99996913731613
44.46312674691084	0.0000677894216249704	-179.99996971108868
44.87453899331318	0.0000665457036996467	-179.99997027400465
45.28975799036204	0.00006532492112751023	-179.9999708262765
45.708818961487474	0.00006412664664792159	-179.99997136811206
46.13175745603791	0.00006295046111918438	-179.999971899715
46.55860935229586	0.00006179595335832845	-179.99997242128475
46.98941086052151	0.000060662719984276635	-179.99997293301664
47.42419852602443	0.00005955036526431502	-179.99997343510194
47.8630092322638	0.000058458500963789686	-179.999973927728
48.30588020397723	0.00005738674619895361	-179.99997441107837
48.7528490103386	0.00005633472729289151	-179.99997488533282
49.20395356814506	0.00005530207763445045	-179.99997535066746
49.65923214503358	0.000054288437540106976	-179.99997580725477
50.118723362727195	0.00005329345411870322	-179.9999762552638
50.58246620031137	0.000052316781138985965	-179.9999766948601
51.0504999975406	0.0000513580788998848	-179.99997712620586
51.52286445817562	0.00005041701410346679	-179.99997754946006
51.99959965335157	0.000049493259730506886	-179.9999779647784
52.48074602497723	0.000048586494918615095	-179.99997837231348
52.966344389165755	0.000047696404842862486	-179.9999787722148
53.45643593969714	0.00004682268059884987	-179.99997916462885
53.95106225151273	0.00004596501908816476	-179.99997954969925
54.450265284242086	0.00004512312290617297	-179.99997992756664
54.95408738576243	0.00004429670023209269	-179.99998029836894
55.462571295791044	0.00004348546472130117	-179.99998066224126
55.97576014951099	0.000042689135399823526	-179.99998101931598
56.49369748123023	0.000041907436560956626	-179.999981369723
57.01642722807472	0.000041140097663980306	-179.99998171358945
57.543993733715666	0.00004038685323491048	-179.99998205104004
58.07644175213118	0.00003964744276924967	-179.999982382197
58.61381645140285	0.000038921610636691035	-179.9999827071801
59.15616341754737	0.000038209105987733766	-179.9999830261068
59.70352865838366	0.00003750968266216824	-179.99998333909224
60.255958607435744	0.00003682309909939073	-179.99998364624918
60.81350012787176	0.000036149118250507885	-179.9999839476883
61.37620051647939	0.00003548750749219294	-179.999984243518
61.94410750767812	0.000034838038542255746	-179.99998453384467
62.51726927756855	0.00003420048737689021	-179.99998481877248
63.0957344480193	0.00003357463414956321	-179.9999850984036
63.67955209079155	0.00003296026311151021	-179.9999853728383
64.26877173170195	0.00003235716253380341	-179.99998564217475
64.86344335482381	0.00003176512463095906	-179.99998590650927
65.46361740672747	0.00003118394548605165	-179.99998616593632
66.06934480075958	0.00003061342497730301	-179.99998642054848
66.68067692136219	0.000030053366706115586	-179.99998667043658
67.29766562843174	0.000029503577926519244	-179.9999869156896
67.92036326171844	0.000028963869476002397	-179.99998715639487
68.54882264526613	0.00002843405570769843	-179.999987392638
69.18309709189363	0.000027913954423899026	-179.99998762450295
69.82324040771712	0.000027403386810867254	-179.99998785207202
70.46930689671467	0.00002690217737492294	-179.99998807542602
71.12135136533288	0.00002641015387977434	-179.99998829464406
71.77942912713615	0.000025927147285070375	-179.99998850980379
72.44359600749898	0.000025452991686148198	-179.9999887209814
73.11390834834172	0.000024987524254951364	-179.99998892825155
73.79042301291008	0.000024530585182094998	-179.99998913168753
74.47319739059888	0.000024082017620053976	-179.99998933136115
75.16228940182053	0.000023641667627451556	-179.99998952734293
75.85775750291836	0.0000232093841144258	-179.9999897197019
76.55966069112561	0.000022785018789051925	-179.99998990850588
77.26805850957021	0.000022368426104799008	-179.9999900938214
77.98301105232578	0.000021959463209000302	-179.9999902757136
78.70457896950977	0.00002155798989231619	-179.99999045424653
79.43282347242805	0.000021163868539170408	-179.9999906294829
80.16780633876782	0.000020776964079139135	-179.99999080148427
80.90958991783813	0.000020397143939274228	-179.99999097031102
81.65823713585914	0.000020024277997341672	-179.99999113602235
82.41381150130013	0.000019658238535956907	-179.99999129867638
83.176377110267	0.00001929890019759901	-179.99999145833013
83.94599865193965	0.000018946139940486087	-179.99999161503948
84.72274141405954	0.000018599836995294924	-179.99999176885927
85.50667128846823	0.00001825987282270759	-179.99999191984332
86.29785477669692	0.00001792613107176907	-179.9999920680444
87.09635899560797	0.000017598497539039322	-179.99999221351433
87.90225168308834	0.000017276860128524268	-179.99999235630384
88.71560120379598	0.000016961108812370107	-179.99999249646285
89.53647655495928	0.00001665113559230599	-179.99999263404024
90.36494737223005	0.000016346834461820063	-179.99999276908395
91.20108393559087	0.000016048101369054623	-179.99999290164106
92.04495717531702	0.00001575483418040592	-179.99999303175775
92.89663867799354	0.000015466932644815002	-179.99999315947935
93.75620069258792	0.00001518429835873588	-179.99999328485026
94.6237161365792	0.00001490683473176767	-179.99999340791413
95.4992586021435	0.000014634446952937767	-179.99999352871376
96.38290236239695	0.000014367041957623223	-179.9999936472911
97.2747223776964	0.000014104528395097934	-179.99999376368734
98.17479430199833	0.000013846816596693306	-179.99999387794293
99.08319448927665	0.000013593818544560429	-179.99999399009752
99.9999999999999	0.000013345447841022125	-179.99999410019