0.01000000000000001	0.8827016946484776	-0.017008264181834997
0.010092528860766855	0.8827044105779365	-0.017008318669299673
0.01018591388054118	0.8827071770223733	-0.017008374170277722
0.010280162981264745	0.8827099949217605	-0.01700843070363116
0.010375284158180138	0.8827128652335772	-0.01700848828857334
0.010471285480509006	0.8827157889331362	-0.017008546944675646
0.010568175092136596	0.882718767013915	-0.01700860669187404
0.01066596121230259	0.8827218004878968	-0.01700866755047597
0.010764652136298361	0.8827248903859158	-0.01700872954116727
0.010864256236170667	0.882728037758007	-0.017008792685019217
0.010964781961431863	0.882731243673766	-0.017008857003495723
0.011066237839776675	0.8827345092227146	-0.017008922518460732
0.011168632477805623	0.882737835514672	-0.017008989252185622
0.011271974561755117	0.8827412236801337	-0.017009057227356836
0.011376272858234322	0.8827446748706579	-0.01700912646708362
0.01148153621496884	0.8827481902592579	-0.017009196994906012
0.011587773561551273	0.8827517710408044	-0.017009268834802745
0.011694993910198724	0.8827554184324324	-0.017009342011199594
0.01180320635651731	0.882759133673957	-0.017009416548977634
0.011912420080273762	0.8827629180282974	-0.017009492473481762
0.012022644346174144	0.8827667727819084	-0.01700956981052941
0.012133888504649786	0.8827706992452207	-0.01700964858641934
0.012246161992650502	0.8827746987530873	-0.017009728827940683
0.01235947433444512	0.8827787726652415	-0.017009810562382054
0.012473835142429446	0.8827829223667603	-0.017009893817540936
0.012589254117941687	0.8827871492685395	-0.017009978621733195
0.012705741052085433	0.8827914548077751	-0.01701006500380275
0.012823305826560232	0.8827958404484557	-0.017010152993131487
0.01294195841449987	0.8828003076818619	-0.01701024261964928
0.013061708881318424	0.8828048580270792	-0.01701033391384432
0.013182567385564082	0.8828094930315151	-0.01701042690677345
0.01330454417978092	0.8828142142714301	-0.017010521630072932
0.013427649611378649	0.8828190233524774	-0.017010618115969208
0.01355189412351037	0.8828239219102523	-0.017010716397289988
0.013677288255958502	0.8828289116108513	-0.017010816507475473
0.013803842646028859	0.8828339941514456	-0.01701091848058989
0.013931568029453043	0.8828391712608584	-0.017011022351333102
0.01406047524129915	0.8828444447001613	-0.01701112815505257
0.014190575216890933	0.8828498162632737	-0.01701123592775546
0.014321878992735446	0.8828552877775823	-0.017011345706121016
0.014454397707459286	0.8828608611045632	-0.017011457527513155
0.014588142602753497	0.8828665381404217	-0.017011571429993263
0.014723125024327202	0.8828723208167448	-0.017011687452333335
0.014859356422870082	0.8828782111011594	-0.017011805634029254
0.014996848355023748	0.8828842109980104	-0.01701192601531435
0.015135612484362095	0.8828903225490486	-0.017012048637173306
0.015275660582380739	0.8828965478341293	-0.017012173541356125
0.015417004529495607	0.8829028889719274	-0.017012300770392626
0.015559656316050758	0.8829093481206659	-0.017012430367606975
0.01570362804333554	0.8829159274788551	-0.01701256237713264
0.015848931924611148	0.8829226292860495	-0.017012696843927595
0.015995580286146702	0.8829294558236153	-0.017012833813789714
0.016143585568264878	0.8829364094155167	-0.01701297333337265
0.016292960326397238	0.8829434924291135	-0.017013115450201847
0.01644371723214933	0.882950707275975	-0.01701326021269091
0.016595869074375623	0.8829580564127093	-0.017013407670158326
0.01674942876026439	0.8829655423418087	-0.017013557872844445
0.016904409316432657	0.8829731676125103	-0.01701371087192878
0.017060823890031253	0.8829809348216741	-0.017013866719547743
0.017218685749860088	0.8829888466146764	-0.017014025468812536
0.017378008287493772	0.8829969056863209	-0.017014187173827567
0.01753880501841763	0.8830051147817662	-0.017014351889709064
0.01770108958317423	0.8830134766974725	-0.01701451967260416
0.017864875748520526	0.8830219942821659	-0.017014690579710286
0.018030177408595707	0.8830306704378186	-0.01701486466929492
0.018197008586099853	0.88303950812065	-0.017015042000715727
0.018365383433483484	0.883048510342149	-0.017015222634441145
0.018535316234148135	0.8830576801701088	-0.01701540663207121
0.018706821403658026	0.8830670207296893	-0.01701559405635899
0.018879913490962956	0.883076535204495	-0.017015784971232226
0.019054607179632494	0.8830862268376726	-0.017015979441815494
0.019230917289101597	0.8830960989330349	-0.017016177534452805
0.019408858775927792	0.8831061548561991	-0.017016379316730546
0.01958844673505991	0.8831163980357534	-0.017016584857500995
0.01976969640111862	0.8831268319644398	-0.01701679422690611
0.01995262314968881	0.8831374602003648	-0.01701700749640195
0.020137242498623895	0.8831482863682293	-0.017017224738783445
0.02032357010936223	0.8831593141605841	-0.01701744602820971
0.020511621788255666	0.8831705473391093	-0.017017671440229767
0.020701413487910436	0.8831819897359146	-0.01701790105180885
0.02089296130854041	0.8831936452548717	-0.017018134941355182
0.02108628149933291	0.8832055178729656	-0.01701837318874722
0.021281390459827135	0.8832176116416732	-0.017018615875361475
0.021478304741305354	0.8832299306883714	-0.01701886308410089
0.02167704104819696	0.8832424792177679	-0.017019114899423655
0.02187761623949554	0.8832552615133633	-0.017019371407372745
0.022080047330189013	0.8832682819389375	-0.017019632695605844
0.022284351492703053	0.8832815449400666	-0.017019898853425978
0.022490546058357826	0.8832950550456726	-0.01702016997181273
0.022698648518838235	0.8833088168695938	-0.017020446143453945
0.022908676527677748	0.8833228351121926	-0.017020727462778173
0.023120647901755963	0.8833371145619944	-0.017021014025987696
0.023334580622810044	0.8833516600973534	-0.0170213059310922
0.023550492838960112	0.8833664766881536	-0.01702160327794305
0.023768402866248782	0.8833815693975423	-0.017021906168268302
0.02398832919019492	0.8833969433836973	-0.017022214705708364
0.0242102904673618	0.8834126039016262	-0.01702252899585231
0.02443430552693974	0.8834285563050026	-0.017022849146274992
0.024660393372343412	0.8834448060480378	-0.017023175266574778
0.02488857318282393	0.8834613586873855	-0.017023507468412073
0.025118864315095822	0.8834782198840897	-0.0170238458655486
0.025351286304979098	0.8834953954055612	-0.017024190573887377
0.02558585886905648	0.8835128911276026	-0.017024541711513592
0.025822601906345985	0.8835307130364641	-0.017024899398736183
0.026061535499988978	0.8835488672309441	-0.01702526375813021
0.026302679918953843	0.883567359924529	-0.017025634914580187
0.026546055619755416	0.8835861974475728	-0.017026012995324098
0.026791683248190343	0.8836053862495253	-0.0170263981299984
0.027039583641088463	0.8836249329011949	-0.01702679045068387
0.027289777828080432	0.8836448440970613	-0.017027190091952294
0.02754228703338169	0.8836651266576337	-0.017027597190914203
0.02779713267759291	0.8836857875318502	-0.017028011887267377
0.02805433637951716	0.8837068337995296	-0.017028434323346484
0.028313919957993816	0.883728272673868	-0.01702886464417354
0.028575905433749497	0.8837501115039831	-0.017029302997509484
0.028840315031266085	0.8837723577775134	-0.017029749533906735
0.02910717118066608	0.8837950191232612	-0.01703020440676268
0.029376496519615335	0.8838181033138951	-0.01703066777237443
0.029648313895243455	0.8838416182686994	-0.01703113978999449
0.02992264636608192	0.8838655720563787	-0.01703162062188762
0.030199517204020192	0.8838899728979231	-0.017032110433388745
0.03047894989627986	0.8839148291695225	-0.017032609392962132
0.03076096814740711	0.8839401494055411	-0.017033117672261632
0.031045595881283587	0.8839659423015537	-0.017033635446192238
0.03133285724315589	0.8839922167174362	-0.017034162892972708
0.031622776601683826	0.8840189816805231	-0.01703470019419965
0.03191537855100765	0.884046246388823	-0.017035247534912683
0.03221068791283438	0.8840740202143006	-0.017035805103661074
0.03250872973854347	0.8841023127062221	-0.017036373092571583
0.03280952931131194	0.8841311335945682	-0.017036951697417736
0.03311311214825915	0.8841604927935147	-0.01703754111769053
0.03341950400261146	0.8841904004049828	-0.017038141556670466
0.03372873086588692	0.8842208667222583	-0.017038753221501057
0.034040818970100126	0.8842519022336864	-0.017039376323263945
0.0343557947899875	0.8842835176264378	-0.017040011077055363
0.0346736850452532	0.8843157237903492	-0.01704065770206424
0.034994516702835765	0.8843485318218465	-0.01704131642165191
0.035318316979195734	0.8843819530279377	-0.017041987463433356
0.03564511334262446	0.8844159989302947	-0.01704267105936025
0.03597493351557427	0.8844506812694122	-0.0170433674458055
0.03630780547701017	0.8844860120088534	-0.017044076863649713
0.03664375746478335	0.8845220033395758	-0.01704479955836926
0.03698281797802665	0.8845586676843532	-0.017045535780126318
0.037325015779572084	0.8845960177022802	-0.0170462857838606
0.037670379898390914	0.8846340662933689	-0.01704704982938308
0.038018939632056145	0.884672826603243	-0.01704782818147162
0.0383707245492279	0.8847123120279231	-0.017048621109968555
0.038725764492161745	0.8847525362187111	-0.01704942888988032
0.03908408957924023	0.8847935130871732	-0.017050251801479146
0.03944573020752787	0.8848352568102271	-0.017051090130406833
0.039810717055349755	0.8848777818353321	-0.017051944167780796
0.04017908108489402	0.8849211028857815	-0.017052814210302088
0.040550853544838415	0.8849652349661127	-0.017053700560366047
0.040926065973001115	0.8850101933676188	-0.017054603526174883
0.041304750199016166	0.8850559936739814	-0.017055523421852882
0.04168693834703357	0.8851026517670132	-0.017056460567563946
0.04207266283844444	0.8851501838325256	-0.017057415289631662
0.04246195639463132	0.8851986063663135	-0.017058387920661836
0.042854852039743985	0.8852479361802652	-0.01705937879966774
0.04325138310350091	0.8852981904086002	-0.017060388272197906
0.04365158322401663	0.8853493865142366	-0.017061416690466763
0.044055486350655364	0.8854015422952908	-0.017062464413488014
0.04446312674691091	0.8854546758917144	-0.01706353180721086
0.04487453899331325	0.8855088057920681	-0.017064619244659244
0.04528975799036211	0.8855639508404402	-0.01706572710607404
0.04570881896148754	0.8856201302435093	-0.017066855779058344
0.04613175745603798	0.8856773635777553	-0.017068005658725984
0.04655860935229591	0.8857356707968258	-0.01706917714785321
0.04698941086052156	0.8857950722390537	-0.017070370657033786
0.04742419852602448	0.8858555886351386	-0.01707158660483748
0.04786300923226385	0.8859172411159898	-0.017072825417972146
0.04830588020397728	0.8859800512207366	-0.01707408753144929
0.04875284901033865	0.8860440409049097	-0.01707537338875351
0.04920395356814511	0.8861092325487979	-0.01707668344201575
0.04965923214503363	0.8861756489659851	-0.017078018152190424
0.05011872336272725	0.8862433134120692	-0.017079377989236713
0.05058246620031143	0.8863122495935701	-0.017080763432304046
0.051050499997540646	0.8863824816770319	-0.017082174969921957
0.05152286445817567	0.8864540342983187	-0.017083613100194427
0.05199959965335162	0.8865269325721179	-0.01708507833099889
0.052480746024977286	0.8866012021016435	-0.01708657118019023
0.05296634438916581	0.8866768689885587	-0.017088092175809658
0.05345643593969719	0.8867539598431108	-0.01708964185629907
0.05395106225151279	0.8868325017944917	-0.01709122077072083
0.05445026528424214	0.8869125225014248	-0.0170928294789835
0.05495408738576248	0.886994050162987	-0.01709446855207369
0.0554625712957911	0.8870771135296697	-0.01709613857229445
0.05597576014951104	0.8871617419146864	-0.01709784013351082
0.05649369748123028	0.8872479652055317	-0.017099573841402753
0.05701642722807478	0.8873358138757992	-0.01710134031372635
0.05754399373371572	0.8874253189972634	-0.017103140180584054
0.05807644175213124	0.8875165122522339	-0.017104974084704662
0.05861381645140291	0.8876094259461896	-0.01710684268173451
0.05915616341754743	0.8877040930206976	-0.017108746640541076
0.05970352865838372	0.887800547066622	-0.017110686643530937
0.06025595860743581	0.887898822337644	-0.017112663386984306
0.060813500127871824	0.8879989537640761	-0.0171146775814091
0.061376200516479455	0.8881009769670078	-0.01711672995191841
0.06194410750767818	0.8882049282727669	-0.01711882123863611
0.06251726927756862	0.8883108447277184	-0.017120952197137357
0.06309573444801936	0.8884187641134075	-0.01712312359893239
0.06367955209079162	0.8885287249620518	-0.017125336232005246
0.064268771731702	0.8886407665723988	-0.01712759090142287
0.06486344335482389	0.8887549290259511	-0.017129888430035826
0.06546361740672754	0.8888712532035783	-0.017132229659299718
0.06606934480075964	0.8889897808025151	-0.017134615450257226
0.06668067692136226	0.889110554353768	-0.0171370466847372
0.06729766562843183	0.8892336172399321	-0.01713952426684937
0.0679203632617185	0.889359013713436	-0.017142049124886292
0.0685488226452662	0.8894867889152205	-0.017144622213791164
0.0691830970918937	0.8896169888938659	-0.017147244518417308
0.06982324040771719	0.8897496606251761	-0.017149917057900945
0.07046930689671474	0.8898848520322302	-0.01715264089159977
0.07112135136533296	0.8900226120058979	-0.017155417127220393
0.07177942912713622	0.8901629904258254	-0.01715824693194931
0.07244359600749906	0.8903060381818648	-0.017161131547534177
0.0731139083483418	0.8904518071959074	-0.017164072310079492
0.07379042301291015	0.8906003504440249	-0.01716707067412694
0.07447319739059896	0.8907517219787587	-0.017170128236648242
0.07516228940182061	0.8909059769513031	-0.017173246745981943
0.07585775750291844	0.8910631716333085	-0.017176428056204805
0.07655966069112569	0.8912233634383739	-0.01717967394116091
0.07726805850957029	0.891386610944841	-0.017182985629902992
0.07798301105232593	0.8915529739250615	-0.017186362981911524
0.07870457896950993	0.8917225133898423	-0.01718980366927252
0.07943282347242822	0.8918952916486881	-0.017193303588897216
0.08016780633876798	0.8920713723583549	-0.01719685951425508
0.0809095899178383	0.8922508205235252	-0.017200472152158204
0.0816582371358593	0.8924337024693773	-0.017204146166814073
0.0824138115013003	0.8926200858451306	-0.017207887442583017
0.08317637711026717	0.8928100396700676	-0.01721170080008474
0.08394599865193982	0.8930036343905446	-0.017215589479094583
0.08472274141405972	0.8932009419278023	-0.01721955558618455
0.08550667128846841	0.893402035716462	-0.017223600645563775
0.0862978547766971	0.8936069907391179	-0.0172277259622531
0.08709635899560814	0.893815883560584	-0.01723193280824158
0.08790225168308852	0.8940287923632049	-0.017236222502693768
0.08871560120379617	0.8942457969835901	-0.01724059643978021
0.08953647655495947	0.8944669789507653	-0.01724505609372977
0.09036494737223023	0.8946924215256753	-0.01724960301532854
0.09120108393559107	0.8949222097419713	-0.017254238826096523
0.09204495717531722	0.8951564304480649	-0.01725896521261515
0.09289663867799372	0.8953951723504359	-0.017263783921826044
0.09375620069258811	0.8956385260582153	-0.01726869675744442
0.09462371613657934	0.8958865841290619	-0.017273705577382788
0.09549925860214364	0.8961394411163746	-0.01727881229201374
0.0963829023623971	0.8963971936178777	-0.01728401886310282
0.09727472237769656	0.896659940325617	-0.017289327303268126
0.09817479430199849	0.8969277820774244	-0.017294739675852006
0.09908319448927681	0.8972008219098958	-0.017300258095116993
0.10000000000000005	0.8974791651129388	-0.01730588472669894
0.10092528860766849	0.8977629192859422	-0.017311621788267277
0.10185913880541175	0.8980521943956331	-0.01731747155035509
0.10280162981264741	0.898347102835678	-0.01732343633733112
0.10375284158180131	0.8986477594880927	-0.017329518528493314
0.10471285480509002	0.8989542817865379	-0.017335720559268686
0.1056817509213659	0.8992667897815532	-0.017342044922508505
0.10665961212302584	0.8995854062078258	-0.017348494169870957
0.10764652136298355	0.8999102565535539	-0.01735507091328582
0.10864256236170661	0.9002414691319944	-0.01736177782649723
0.10964781961431856	0.9005791751552802	-0.01736861764668257
0.1106623783977667	0.9009235088105941	-0.01737559317614616
0.11168632477805618	0.9012746073387929	-0.017382707284087452
0.1127197456175511	0.90163261111558	-0.017389962908444464
0.11376272858234315	0.9019976637353326	-0.017397363057813368
0.11481536214968835	0.9023699120976866	-0.017404910813445907
0.11587773561551268	0.9027495064969953	-0.01741260933132686
0.11694993910198717	0.9031366007147799	-0.017420461844333875
0.11803206356517304	0.9035313521153006	-0.017428471664482643
0.11912420080273756	0.903933921744371	-0.01743664218526068
0.12022644346174137	0.904344474431565	-0.017444976884053207
0.1213388850464978	0.9047631788959529	-0.017453479324665008
0.12246161992650495	0.9051902078555262	-0.017462153159942595
0.12359474334445113	0.905625738140465	-0.017471002134501076
0.12473835142429439	0.9060699508104276	-0.017480030087560855
0.1258925411794168	0.9065230312760304	-0.017489240955899082
0.12705741052085426	0.9069851694247174	-0.017498638776921864
0.12823305826560225	0.907456559751209	-0.017508227691862936
0.1294195841449987	0.9079374014927496	-0.0175180119491153
0.13061708881318423	0.9084278987693651	-0.017527995907702862
0.1318256738556408	0.908928260729378	-0.017538184040899036
0.13304544179780922	0.9094387017004174	-0.017548580940000485
0.13427649611378642	0.9099594413461912	-0.01755919131826421
0.13551894123510363	0.9104907048292975	-0.017570020015016685
0.13677288255958495	0.9110327229803733	-0.017581071999945047
0.13803842646028852	0.9115857324738816	-0.017592352377580098
0.13931568029453034	0.9121499760108845	-0.01760386639198217
0.14060475241299142	0.9127257025091355	-0.01761561943164164
0.14190575216890927	0.9133131673008763	-0.01762761703460645
0.1432187899273544	0.9139126323387312	-0.01763986489385012
0.1445439770745928	0.914524366410111	-0.01765236886289453
0.1458814260275349	0.915148645360592	-0.017665134961703133
0.14723125024327194	0.9157857523267294	-0.017678169382860976
0.14859356422870074	0.9164359779788194	-0.017691478498059448
0.1499684835502374	0.9170996207741567	-0.017705068864905044
0.15135612484362088	0.917776987221355	-0.017718947234072725
0.15275660582380732	0.9184683921563526	-0.017733120556826232
0.154170045294956	0.9191741590307626	-0.017747595992929528
0.1555965631605075	0.9198946202132686	-0.01776238091897527
0.15703628043335532	0.9206301173048165	-0.017777482937158383
0.15848931924611143	0.9213810014684211	-0.017792909884525625
0.15995580286146696	0.9221476337744364	-0.01780866984273347
0.1614358556826487	0.9229303855622275	-0.017824771148350762
0.1629296032639723	0.9237296388192391	-0.017841222403744677
0.16443717232149324	0.9245457865785232	-0.017858032488592367
0.16595869074375613	0.9253792333358859	-0.01787521057206431
0.16749428760264382	0.9262303954878852	-0.017892766125729556
0.1690440931643265	0.9270997017920133	-0.017910708937237424
0.17060823890031243	0.9279875938505111	-0.017929049124835686
0.17218685749860077	0.928894526619354	-0.017947797152790414
0.17378008287493762	0.9298209689441022	-0.01796696384777907
0.1753880501841762	0.9307674041244168	-0.017986560416335493
0.1770108958317422	0.9317343305092182	-0.018006598463432902
0.17864875748520517	0.9327222621246115	-0.018027090012299792
0.180301774085957	0.9337317293368879	-0.018048047525572975
0.18197008586099844	0.9347632795531212	-0.018069483927903158
0.18365383433483473	0.9358174779620807	-0.018091412630139966
0.18535316234148125	0.9368949083184382	-0.018113847555237383
0.18706821403658017	0.9379961737735061	-0.018136803166035186
0.18879913490962946	0.9391218977560496	-0.018160294495089685
0.19054607179632482	0.9402727249070224	-0.01818433717674578
0.19230917289101596	0.9414493220724728	-0.018208947481664826
0.19408858775927793	0.9426523793592287	-0.018234142354046867
0.19588446735059908	0.9438826112584626	-0.018259939451814533
0.1976969640111862	0.9451407578426981	-0.018286357190057452
0.19952623149688808	0.9464275860424072	-0.018313414788072472
0.20137242498623895	0.9477438910089481	-0.01834113232037689
0.2032357010936223	0.9490904975713135	-0.018369530772119176
0.20511621788255666	0.9504682617949122	-0.018398632099366465
0.20701413487910436	0.9518780726515116	-0.018428459294811208
0.2089296130854041	0.9533208538104365	-0.018459036459511177
0.2108628149933291	0.9547975655622345	-0.01849038888136159
0.21281390459827135	0.9563092068872844	-0.018522543121094522
0.21478304741305343	0.9578568176832164	-0.01855552710671363
0.21677041048196952	0.9594414811666455	-0.018589370237403587
0.2187761623949553	0.9610643264665254	-0.018624103498106684
0.22080047330189004	0.9627265314285036	-0.018659759586138695
0.22284351492703042	0.9644293256520263	-0.018696373051426667
0.22490546058357816	0.9661739937846339	-0.018733980452199865
0.22698648518838224	0.9679618791009771	-0.018772620528258403
0.22908676527677735	0.9697943873976055	-0.018812334394291353
0.23120647901755953	0.9716729912386847	-0.018853165756130694
0.23334580622810033	0.9735992345924445	-0.018895161153319528
0.23550492838960102	0.975574737903607	-0.01893837023196471
0.23768402866248772	0.9776012036532912	-0.01898284605255292
0.2398832919019491	0.9796804224651867	-0.019028645438265337
0.2421029046736179	0.981814279825259	-0.019075829370361647
0.24434305526939726	0.984004763492126	-0.01912446343846242
0.246603933723434	0.9862539716868547	-0.019174618355094354
0.24888573182823917	0.9885641221644951	-0.019226370545743394
0.25118864315095807	0.9909375622857014	-0.01927980282797414
0.2535128630497908	0.993376780225708	-0.019335005196033067
0.25585858869056466	0.995884417480356	-0.01939207573090066
0.2582260190634597	0.9984632828555423	-0.019451121660183295
0.26061535499988964	1.0011163681583277	-0.019512260597780717
0.2630267991895383	1.0038468658460877	-0.019575622000248965
0.26546055619755404	1.0066581889360033	-0.01964134888562152
0.2679168324819033	1.0095539935326103	-0.019709599871706625
0.2703958364108845	1.0125382043983737	-0.01978055160528697
0.2728977782808042	1.0156150440741107	-0.019854401672198492
0.27542287033381674	1.0187890661563181	-0.019931372102294547
0.277971326775929	1.0220651934616272	-0.02001171361462414
0.2805433637951715	1.025448761960862	-0.02009571078924993
0.28313919957993805	1.0289455715542926	-0.02018368840642317
0.2857590543374948	1.0325619449958745	-0.020276019266066942
0.2884031503126607	1.036304796571089	-0.020373133897343725
0.29107171180666064	1.0401817125081625	-0.020475532698884115
0.2937649651961532	1.0442010455798105	-0.02058380122840023
0.2964831389524344	1.0483720269641807	-0.02069862960512489
0.29922646366081906	1.052704899222741	-0.020820837327715988
0.30199517204020176	1.0572110752788824	-0.02095140528490579
0.30478949896279844	1.0619033296260214	-0.021091517406995962
0.307609681474071	1.0667960297725207	-0.02124261536446502
0.3104559588128357	1.0719054183043706	-0.021406471103924275
0.3133285724315587	1.0772499591458153	-0.021585284034532016
0.3162277660168381	1.0828507659560977	-0.021781812672257584
0.31915378551007634	1.0887321366046807	-0.02199955504164354
0.3221068791283436	1.0949222260415765	-0.02224299897210441
0.32508729738543457	1.101453901714762	-0.02251797399455058
0.3280952931131192	1.108365842655003	-0.022832153154309417
0.3311311214825913	1.1157039680583238	-0.023195779634106805
0.33419504002611444	1.1235233177969486	-0.023622736443000943
0.3372873086588691	1.131890562523395	-0.024132149687320678
0.34040818970100106	1.1408874061145817	-0.024750839179337795
0.34355794789987465	1.1506152772760734	-0.025517145759791717
0.34673685045253166	1.16120192382064	-0.02648705285677456
0.3499451670283573	1.1728108835269035	-0.027744241977453322
0.353183169791957	1.1856554259707306	-0.029417134244363527
0.35645113342624424	1.2000190502999237	-0.031727589211986915
0.3597493351557423	1.2162913469835799	-0.03494873901488971
0.36307805477010135	1.2350159884066998	-0.03970150553074347
0.36643757464783333	1.2569872286582868	-0.046964589609067894
0.3698281797802663	1.2834106384462387	-0.05860914019698544
0.3732501577957206	1.316217191600353	-0.07837942848303668
0.37670379898390893	1.3587185400034374	-0.11441185619498138
0.38018939632056126	1.4171375619878233	-0.18639469748912912
0.38370724549227886	1.5047739714485004	-0.3495697843115753
0.3872576449216173	1.6562123375659576	-0.7972614130791322
0.3908408957924021	1.997948697135976	-2.518940520999892
0.39445730207527846	3.5033823419401857	-17.986478336059555
0.3981071705534973	0.9717907445859201	-107.82825770978634
0.40179081084894	0.6380751029808315	-22.525524057836712
0.40550853544838394	0.9087672268391851	-11.141773401848384
0.40926065973001097	1.1034252146326353	-11.154843093083986
0.41304750199016144	1.3132043247503715	-18.901771543180782
0.4168693834703355	1.0857566848462665	-50.63265197349004
0.4207266283844442	0.5978495327737853	-17.79316308359287
0.424619563946313	0.766285586537687	-3.673270972984863
0.4285485203974396	0.8709292479750625	-1.2747009912133755
0.43251383103500884	0.9372051471626239	-0.5810656030635455
0.4365158322401661	0.984654698516009	-0.3108590906342084
0.44055486350655343	1.0217236988756713	-0.18468144252720697
0.4446312674691088	1.0525367199168354	-0.11791783202580006
0.4487453899331323	1.0793745906876422	-0.07904139754025999
0.4528975799036209	1.1036563764555303	-0.05453832366482055
0.4570881896148752	1.1264104259870218	-0.0381910253760799
0.46131757456037953	1.148624082450324	-0.0279480585744583
0.4655860935229591	1.1719116862341195	-0.029539553432812806
0.4698941086052156	1.2020328017766984	-0.12350488155959471
0.4742419852602448	1.2522028354852774	-5.168262989988917
0.47863009232263853	1.18731079141932	-0.4929144771122322
0.48305880203977286	1.2176243962903033	-0.18878181987905848
0.4875284901033865	1.239610795168535	-0.12089731391749028
0.4920395356814511	1.2595040404442852	-0.0931572412159453
0.49659232145033627	1.2787049541391156	-0.0786015638643764
0.5011872336272725	1.297738127295281	-0.06991543126961217
0.5058246620031143	1.3168707508376734	-0.06436196664178385
0.5105049999754064	1.3362715742180382	-0.06070336743012427
0.5152286445817567	1.356065243468172	-0.058307829865052924
0.5199959965335162	1.376354875859195	-0.056827970222177636
0.5248074602497729	1.397232980047757	-0.056066896003729376
0.5296634438916581	1.4187874939386738	-0.05591680188666375
0.5345643593969719	1.4411055822529049	-0.05632954190175961
0.5395106225151278	1.4642763534290848	-0.05730321058925172
0.5445026528424215	1.4883930590509369	-0.05887803278421364
0.5495408738576248	1.5135550735939072	-0.06113874172733417
0.5546257129579107	1.5398698181436803	-0.06422224898537707
0.5597576014951101	1.5674547066536806	-0.06832954650079974
0.5649369748123025	1.5964391226727277	-0.0737388080655943
0.5701642722807475	1.626966391758982	-0.08081033407749227
0.5754399373371569	1.6591958469033596	-0.08995932316946681
0.580764417521312	1.6933059122008176	-0.10154817360477231
0.5861381645140288	1.7295018233088468	-0.11564047386932483
0.591561634175474	1.7680368799867836	-0.13166545810812685
0.5970352865838369	1.8092585977696558	-0.14840278690279238
0.6025595860743578	1.8536767977802338	-0.16501639000462764
0.6081350012787179	1.9020318859008238	-0.18320888363452462
0.6137620051647943	1.9553852145147546	-0.20983406682379285
0.6194410750767815	2.0153621779027264	-0.2629040083403841
0.6251726927756859	2.084686929616151	-0.4025689589374154
0.6309573444801934	2.163509735890079	-0.9241602365074033
0.6367955209079159	2.2122591255446586	-1.082278066569664
0.6426877173170198	2.3295522466418075	-0.5258440768098389
0.6486344335482385	2.5539161291287655	-0.05473191613660278
0.654636174067275	3.432266258593553	-0.5970128933695655
0.6606934480075961	1.29057929024982	-2.4966308883043675
0.6668067692136223	2.059682926057062	-0.2887522906750635
0.6729766562843178	2.295266783253454	-0.13869227083094648
0.6792036326171846	2.4580068032031304	-0.09604620253354679
0.6854882264526617	2.6031875076680757	-0.0790689833820593
0.6918309709189366	2.7473915357874152	-0.07176579808333797
0.6982324040771715	2.8984155200497317	-0.06909203966419479
0.7046930689671471	3.0614494499809113	-0.06900138903206401
0.7112135136533292	3.241029451249899	-0.07054475537515553
0.7177942912713619	3.4419166400949552	-0.07326734805442683
0.7244359600749902	3.669686866676271	-0.07697532861494066
0.7311390834834176	3.93131265061459	-0.08163393424572604
0.7379042301291011	4.235905058898128	-0.08732417300200446
0.7447319739059892	4.595796245227162	-0.09423307703069336
0.7516228940182057	5.02824440999635	-0.10267043946256568
0.758577575029184	5.558277646718425	-0.11311603781390528
0.7655966069112565	6.223712540191155	-0.1263147552909108
0.7726805850957026	7.084598163980036	-0.1434629390029501
0.7798301105232589	8.24244379909097	-0.1665925624805326
0.7870457896950989	9.883541506167386	-0.19943998591462206
0.7943282347242817	12.390927009826456	-0.24969343199272195
0.8016780633876793	16.697391356143225	-0.33608113306221726
0.8090958991783825	25.823872753492257	-0.5192634789232059
0.8165823713585927	58.14689854881909	-1.168294204627611
0.8241381150130026	211.93198356231636	-175.74119087748826
0.8317637711026713	37.05232648930979	-179.25651646890543
0.8394599865193977	20.136975699118224	-179.59612638862967
0.8472274141405968	13.74911644574691	-179.72433789816355
0.8550667128846836	10.393505413703128	-179.79166441929817
0.8629785477669706	8.325350071904962	-179.83314128682716
0.870963589956081	6.92306619470423	-179.86124943825186
0.8790225168308847	5.909743393248332	-179.88154879621197
0.8871560120379608	5.143325430473066	-179.8968914581201
0.8953647655495938	4.543427800924768	-179.90889118167956
0.9036494737223014	4.061146657250829	-179.91852960605942
0.9120108393559097	3.6650219876738026	-179.92643809854172
0.9204495717531712	3.3338964910849502	-179.93304113692957
0.9289663867799363	3.05301708623589	-179.9386345799528
0.9375620069258802	2.8117820951897596	-179.94343089157968
0.946237161365793	2.602376898844885	-179.94758652285824
0.9549925860214359	2.4189144773305613	-179.95121915260026
0.9638290236239705	2.256875520416516	-179.9544189082214
0.9727472237769651	2.112732974160646	-179.95725587672115
0.9817479430199844	1.9836938283976722	-179.95978525240295
0.9908319448927676	1.8675175435581066	-179.9620509327206
1.	1.7623858263973013	-179.96408806429687
1.0092528860766845	1.666807571680764	-179.9659248552767
1.0185913880541169	1.5795483630147926	-179.96758385332893
1.0280162981264735	1.499577429044185	-179.96908281016619
1.0375284158180127	1.4260272030536716	-179.97043519438427
1.0471285480508996	1.3581621113508189	-179.9716503603456
1.0568175092136585	1.2953542022329088	-179.97273331645152
1.066596121230258	1.2370638949061743	-179.97368393804157
1.076465213629835	1.1828245817609266	-179.9744952925216
1.0864256236170655	1.1322301206710752	-179.97515038466503
1.096478196143185	1.0849244373703713	-179.9756158367943
1.1066237839776665	1.0405925175489374	-179.97582911828187
1.1168632477805611	0.9989519357271296	-179.9756709426911
1.1271974561755105	0.9597434987120417	-179.97489974331265
1.1376272858234309	0.9227177280017109	-179.97297513083333
1.1481536214968828	0.8876074291935524	-179.96849110804368
1.1587773561551262	0.8540493717895132	-179.95682315555646
1.1694993910198712	0.8212694375316222	-179.91540869661964
1.1803206356517297	0.786455104702078	-179.64387587448508
1.191242008027375	0.782950501293174	-179.81492003813977
1.2022644346174132	0.7478004150161635	-179.9381277704144
1.2133888504649775	0.7207752744075112	-179.96693204948323
1.224616199265049	0.6960392628470276	-179.97638873329723
1.2359474334445106	0.6728133703899676	-179.98068895746178
1.2473835142429432	0.6508195135902696	-179.98308667074767
1.2589254117941675	0.6299087707983692	-179.98462353025494
1.270574105208542	0.6099803184319966	-179.98571223729124
1.2823305826560218	0.5909562669964831	-179.98654193046772
1.2941958414499863	0.5727718891137346	-179.98720891573024
1.3061708881318417	0.5553711401833273	-179.98776623309004
1.3182567385564075	0.538704310427829	-179.98824482193945
1.3304544179780915	0.522726646652818	-179.98866338746595
1.3427649611378643	0.5073974614402669	-179.98903326732568
1.3551894123510364	0.49267950864575893	-179.98936083080525
1.3677288255958495	0.4785385143080378	-179.98964843669367
1.3803842646028852	0.46494280139522454	-179.98989421366304
1.3931568029453034	0.45186296777520424	-179.9900902437611
1.4060475241299142	0.43927157916324777	-179.99021740527817
1.4190575216890926	0.4271428152483322	-179.99023105600278
1.432187899273544	0.4154519109773424	-179.9900153580159
1.4454397707459279	0.4041738597676362	-179.98919615819912
1.4588142602753489	0.3932795953125866	-179.9859789075285
1.4723125024327193	0.38277304401654183	-179.96570998371385
1.4859356422870074	0.3728890739313254	-179.9774089652056
1.499684835502374	0.36304664741636195	-179.9900294258504
1.5135612484362087	0.3535673342073002	-179.99200477406384
1.5275660582380732	0.34441620201399425	-179.99267882240548
1.54170045294956	0.3355706395348758	-179.99304038812372
1.555965631605075	0.3270145752235907	-179.99329316852777
1.5703628043335531	0.3187343874350062	-179.99349798765616
1.584893192461114	0.31071777725999955	-179.99367757048654
1.5995580286146696	0.3029533658711964	-179.99384180824697
1.6143585568264869	0.29543051132466475	-179.99399552634168
1.629296032639723	0.2881392059231706	-179.9941413057298
1.6443717232149324	0.28107000829249196	-179.99428064072268
1.6595869074375613	0.27421399268280783	-179.99441446073521
1.6749428760264382	0.2675627079892045	-179.994543383554
1.690440931643265	0.2611081429254652	-179.994667845971
1.7060823890031243	0.2548426954941733	-179.99478817467238
1.7218685749860079	0.2487591456991921	-179.99490462641265
1.7378008287493762	0.2428506308516787	-179.99501741166247
1.753880501841762	0.23711062303886923	-179.99512670900748
1.770108958317422	0.23153290844972246	-179.99523267419093
1.7864875748520517	0.22611156832733784	-179.99533544595823
1.803017740859568	0.22084096136681602	-179.99543514993996
1.8197008586099825	0.21571570741034235	-179.99553190130104
1.8365383433483455	0.21073067231491016	-179.99562580659594
1.8535316234148105	0.20588095388572325	-179.99571696510196
1.8706821403657996	0.20116186878204265	-179.99580546980218
1.8879913490962925	0.19656894031321046	-179.9958914081284
1.9054607179632463	0.19209788705163208	-179.99597486253677
1.9230917289101574	0.18774461219710262	-179.99605591096397
1.9408858775927773	0.183505193633372	-179.99613462719654
1.958844673505989	0.17937587462347476	-179.99621108117591
1.97696964011186	0.17535305509528545	-179.99628533925494
1.9952623149688788	0.17143328347311662	-179.99635746441626
2.0137242498623875	0.16761324901504202	-179.99642751646113
2.032357010936221	0.1638897746190845	-179.9964955521741
2.0511621788255647	0.16025981006450177	-179.99656162546782
2.0701413487910414	0.15672042565719302	-179.9966257875108
2.0892961308540388	0.15326880625076247	-179.9966880868411
2.108628149933289	0.14990224561705168	-179.99674856946706
2.1281390459827114	0.14661814114201377	-179.99680727895694
2.147830474130533	0.14341398882467665	-179.99686425651794
2.167704104819694	0.14028737855864312	-179.9969195410661
2.1877616239495516	0.1372359896771301	-179.99697316928703
2.208004733018899	0.13425758674395774	-179.99702517568824
2.228435149270303	0.13135001557419657	-179.99707559264337
2.2490546058357803	0.12851119946935027	-179.99712445042843
2.2698648518838214	0.12573913565303843	-179.99717177725006
2.2908676527677723	0.12303189189411853	-179.99721759926624
2.312064790175594	0.12038760330509334	-179.9972619405988
2.333458062281002	0.11780446930447024	-179.99730482333817
2.355049283896009	0.11528075073249129	-179.99734626753957
2.376840286624876	0.1128147671103428	-179.9973862912109
2.39883291901949	0.11040489403357806	-179.9974249102915
2.4210290467361775	0.10804956069106238	-179.99746213862161
2.4434305526939712	0.10574724750126858	-179.9974979879015
2.4660393372343385	0.10349648385822403	-179.99753246764027
2.48885731828239	0.10129584597983927	-179.99756558509273
2.5118864315095797	0.09914395485173122	-179.99759734518395
2.535128630497907	0.09703947425999972	-179.9976277504203
2.5585858869056453	0.09498110890671878	-179.99765680078534
2.582260190634596	0.09296760260217445	-179.99768449361943
2.6061535499988953	0.09099773652810657	-179.9977108234813
2.6302679918953813	0.08907032756640818	-179.9977357819895
2.654605561975539	0.08718422668788937	-179.99775935764146
2.6791683248190314	0.08533831739583338	-179.99778153560771
2.703958364108843	0.08353151421914727	-179.997802297498
2.7289777828080406	0.08176276124995276	-179.99782162109585
2.7542287033381663	0.08003103072045423	-179.99783948005782
2.7797132677592886	0.07833532161386943	-179.99785584357215
2.805433637951713	0.07667465830410694	-179.9978706759722
2.831391995799379	0.07504808921871299	-179.99788393629728
2.8575905433749464	0.07345468551938963	-179.9978955777946
2.8840315031266055	0.07189353979408987	-179.99790554735273
2.910717118066605	0.07036376475432236	-179.99791378485708
2.9376496519615305	0.06886449193082625	-179.99792022245506
2.9648313895243423	0.06739487036019999	-179.99792478371734
2.992264636608189	0.06595406525436082	-179.9979273826781
3.019951720402016	0.06454125664385565	-179.99792792273527
3.047894989627983	0.0631556379850097	-179.99792629538643
3.076096814740708	0.06179641471965484	-179.9979223787739
3.1045595881283554	0.06046280277467896	-179.99791603600406
3.1332857243155856	0.05915402698683519	-179.99790711320213
3.162277660168379	0.05786931943607821	-179.99789543725325
3.1915378551007616	0.05660791766807332	-179.9978808131713
3.2210687912834346	0.05536906278336179	-179.9978630210247
3.250872973854344	0.05415199736682641	-179.99784181233176
3.2809529311311905	0.05295596322644542	-179.9978169058182
3.311311214825911	0.05178019890463725	-179.99778798240644
3.3419504002611427	0.050623936918547593	-179.99775467927145
3.372873086588689	0.04948640067708543	-179.99771658276143
3.404081897010009	0.04836680101197269	-179.99767321992675
3.4355794789987466	0.0472643322469995	-179.99762404833618
3.4673685045253166	0.046178167713389305	-179.99756844377242
3.499451670283573	0.045107454598775756	-179.9975056852859
3.53183169791957	0.044051307991590814	-179.99743493693677
3.5645113342624426	0.043008803950092336	-179.99735522535798
3.5974933515574232	0.04197897138372313	-179.99726541200576
3.630780547701014	0.040960782481163915	-179.99716415860718
3.664375746478333	0.039953141350488657	-179.99704988382294
3.6982817978026628	0.038954870446992904	-179.99692070847
3.732501577957206	0.037964694246284764	-179.9967743857055
3.767037989839089	0.0369812194639464	-179.9966082112447
3.801893963205613	0.036002910914180224	-179.99641890678458
3.8370724549227884	0.0350280618178918	-179.99620246705186
3.8725764492161727	0.03405475698610172	-179.99595395684116
3.908408957924021	0.033080826774191524	-179.99566723835608
3.944573020752785	0.03210378896213371	-179.99533459995
3.981071705534973	0.031120774668934807	-179.99494624307854
4.0179081084894	0.030128432908184646	-179.99448956163715
4.055085354483839	0.029122806205604326	-179.99394811115306
4.09260659730011	0.028099166463380624	-179.9933001041983
4.130475019901614	0.027051795377776917	-179.99251616367562
4.168693834703355	0.025973686214751792	-179.9915558801517
4.207266283844442	0.02485613195587978	-179.99036237834392
4.24619563946313	0.023688145831949756	-179.9888534430449
4.285485203974396	0.022455628820539166	-179.9869064329136
4.325138310350088	0.021140145023855115	-179.9843313793934
4.365158322401661	0.01971707103126569	-179.98082015712563
4.405548635065534	0.018152711075284104	-179.97584327210254
4.446312674691089	0.016399634369359754	-179.96842001968687
4.487453899331323	0.014388810032852866	-179.95653939663168
4.528975799036209	0.012015641797486173	-179.93542107336995
4.570881896148752	0.009113563487014609	-179.89063489846987
4.613175745603791	0.005400021744515326	-179.75190195435113
4.655860935229586	0.00035541984832827703	-174.59826368276177
4.698941086052151	0.007103828761326687	-0.42336722804821914
4.742419852602444	0.019628657978172776	-0.27912943743225316
4.7863009232263805	0.04599818988156087	-0.28930691465359964
4.830588020397723	0.14272602581215926	-0.5078995237483052
4.875284901033861	0.4880103819202597	-178.8768544967619
4.920395356814506	0.12049923411481125	-179.80490336989726
4.965923214503357	0.07714933429556971	-179.90687094642794
5.01187233627272	0.060086483074987124	-179.9435761014523
5.058246620031137	0.05082470698112504	-179.9616475496085
5.105049999754059	0.04492337296185082	-179.97205155731166
5.152286445817562	0.040777122769389634	-179.97864540477565
5.1999599653351565	0.03766444324808967	-179.9831088945486
5.248074602497723	0.035212950762609246	-179.98627990757907
5.296634438916575	0.03321097165061812	-179.9886180287766
5.345643593969713	0.031529260188688776	-179.99039381532472
5.395106225151273	0.030084412853199162	-179.99177553919964
5.445026528424209	0.028820180771685282	-179.99287257061164
5.495408738576242	0.02769723511886164	-179.99375861699707
5.5462571295791046	0.02668723738146545	-179.994484881907
5.597576014951099	0.025769240375939802	-179.9950878664409
5.649369748123022	0.02492741690367561	-179.99559417706197
5.701642722807472	0.024149577748297728	-179.996023588334
5.754399373371567	0.023426176496155363	-179.99639105079396
5.807644175213118	0.022749624288074817	-179.99670804076788
5.861381645140285	0.022113807443347212	-179.99698348816693
5.9156163417547365	0.02151374117383305	-179.99722442693783
5.9703528658383656	0.020945316601865393	-179.9974364592259
6.025595860743575	0.02040511300856105	-179.9976240919395
6.081350012787176	0.019890256494891387	-179.99779098435616
6.137620051647939	0.019398312196434783	-179.9979401327053
6.194410750767812	0.018927201109501177	-179.9980740094432
6.251726927756856	0.01847513521016643	-179.99819466951553
6.30957344480193	0.01804056633611929	-179.9983038322678
6.367955209079155	0.017622145539595874	-179.99840294518606
6.426877173170194	0.017218690489786196	-179.9984932339373
6.486344335482381	0.01682915912273234	-179.99857574197702
6.546361740672747	0.016452628183529754	-179.99865136214015
6.6069344800759575	0.016088275631552858	-179.9987208620189
6.668067692136219	0.01573536611973141	-179.99878490448626
6.729766562843175	0.015393238937881089	-179.99884406439932
6.792036326171843	0.015061297944650638	-179.99889884227355
6.854882264526613	0.014739003114709489	-179.9989496755411
6.918309709189362	0.014425863405855652	-179.99899694786853
6.9823240407717115	0.014121430710888873	-179.99904099690696
7.046930689671467	0.013825294705810618	-179.99908212076986
7.112135136533288	0.01353707844244046	-179.99912058347093
7.177942912713615	0.013256434562288331	-179.99915661950888
7.244359600749899	0.01298304203129105	-179.9991904377491
7.311390834834173	0.012716603313161736	-179.99922222472205
7.379042301291007	0.012456841913633651	-179.9992521474372
7.447319739059888	0.012203500239586667	-179.99928035579165
7.516228940182053	0.01195633772652147	-179.99930698463905
7.585775750291836	0.01171512919555689	-179.9993321555723
7.655966069112561	0.011479663407427421	-179.99935597846454
7.726805850957022	0.011249741786131555	-179.99937855280527
7.798301105232586	0.011025177289146806	-179.99939996886184
7.870457896950985	0.010805793404658155	-179.99942030869207
7.943282347242813	0.01059142325918127	-179.99943964702953
8.01678063387679	0.010381908821409411	-179.99945805205928
8.090958991783822	0.010177100190162297	-179.9994755860993
8.165823713585922	0.009976854956036814	-179.9994923062006
8.241381150130021	0.009781037627810175	-179.99950826467676
8.317637711026709	0.009589519115873635	-179.9995235095725
8.394599865193973	0.009402176266014889	-179.99953808507868
8.472274141405963	0.009218891437753157	-179.99955203190126
8.550667128846833	0.0090395521221861	-179.99956538758926
8.629785477669701	0.008864050594953838	-179.9995781868275
8.709635899560805	0.008692283600479658	-179.99959046169803
8.790225168308842	0.008524152064124024	-179.99960224191392
8.871560120379607	0.008359560829299142	-179.9996135550289
8.953647655495937	0.00819841841694686	-179.99962442662581
9.036494737223014	0.00804063680509033	-179.9996348804859
9.120108393559097	0.007886131226437177	-179.99964493874117
9.204495717531712	0.007734819982244302	-179.99965462201234
9.289663867799362	0.00758662427085741	-179.99966394953287
9.375620069258803	0.007441468029515462	-179.9996729392619
9.462371613657929	0.007299277788165394	-179.99968160798576
9.549925860214358	0.0071599825341687	-179.99968997141087
9.638290236239705	0.007023513586900987	-179.99969804424774
9.727472237769652	0.006889804481351179	-179.99970584028725
9.817479430199844	0.006758790859919797	-179.99971337247072
9.908319448927676	0.006630410371698116	-179.99972065295307
10.	0.006504602578582616	-179.99972769316125
10.092528860766844	0.006381308867643665	-179.99973450384695
10.18591388054117	0.006260472369224706	-179.99974109513542
10.280162981264736	0.006142037880299134	-179.99974747656992
10.375284158180126	0.0060259517926574534	-179.99975365715252
10.471285480508996	0.005912162025537923	-179.9997596453816
10.568175092136585	0.005800617962349913	-179.9997654492864
10.665961212302578	0.0056912703911718016	-179.99977107645861
10.76465213629835	0.005584071448734128	-179.9997765340817
10.864256236170656	0.005478974567624875	-179.9997818289578
10.964781961431852	0.005375934426477035	-179.99978696753263
11.066237839776663	0.005274906902919877	-179.99979195591845
11.168632477805613	0.005175849029094092	-179.99979679991515
11.271974561755105	0.005078718949548279	-179.99980150503023
11.37627285823431	0.004983475881349597	-179.99980607649667
11.481536214968829	0.004890080076255439	-179.99981051928995
11.587773561551263	0.004798492784805611	-179.99981483814383
11.694993910198711	0.004708676222205969	-179.99981903756466
11.803206356517286	0.004620593535884919	-179.99982312184505
11.912420080273739	0.004534208774613499	-179.9998270950764
12.022644346174118	0.004449486859088667	-179.9998309611606
12.133888504649763	0.0043663935538867625	-179.99983472382087
12.246161992650476	0.004284895440701751	-179.99983838661205
12.359474334445094	0.004204959892788983	-179.99984195293004
12.47383514242942	0.004126555050541374	-179.9998454260205
12.589254117941662	0.004049649798130185	-179.9998488089873
12.705741052085406	0.0039742137411476475	-179.99985210480014
12.823305826560205	0.003900217185193231	-179.9998553163019
12.941958414499851	0.0038276311153493943	-179.99985844621526
13.061708881318404	0.0037564271764966837	-179.9998614971491
13.182567385564061	0.003686577654421376	-179.9998644716045
13.304544179780901	0.003618055457672207	-179.99986737198026
13.427649611378628	0.0035508341001256405	-179.9998702005781
13.551894123510351	0.003484887684221914	-179.99987295960767
13.67728825595848	0.0034201908848365613	-179.99987565119108
13.803842646028839	0.003356718933754503	-179.99987827736726
13.931568029453022	0.003294447604715877	-179.99988084009613
14.060475241299129	0.003233353199004847	-179.9998833412623
14.190575216890911	0.0031734125315543587	-179.99988578267877
14.321878992735424	0.0031146029175416145	-179.99988816609041
14.454397707459265	0.003056902159450528	-179.99989049317705
14.588142602753473	0.0030002885345789434	-179.99989276555664
14.723125024327178	0.002944740782969689	-179.99989498478797
14.859356422870059	0.0028902380957458547	-179.9998971523735
14.996848355023726	0.0028367601038318067	-179.99989926976195
15.135612484362072	0.0027842868670425484	-179.99990133835058
15.275660582380716	0.002732798863525047	-179.99990335948755
15.417004529495584	0.002682276979536096	-179.99990533447414
15.559656316050734	0.0026327024995421175	-179.9999072645667
15.703628043335515	0.002584057096627188	-179.99990915097865
15.848931924611126	0.002536322823196259	-179.99991099488238
15.995580286146678	0.002489482101961332	-179.99991279741081
16.143585568264854	0.0024435177171989305	-179.9999145596593
16.292960326397214	0.002398412806267921	-179.999916282687
16.443717232149307	0.002354150851377199	-179.99991796751843
16.595869074375596	0.002310715671593457	-179.999919615145
16.749428760264365	0.0022680914150795964	-179.9999212265261
16.90440931643263	0.0022262625515549373	-179.99992280259073
17.060823890031227	0.0021852138649687785	-179.99992434423842
17.21868574986006	0.002144930446379302	-179.99992585234048
17.378008287493746	0.0021053976870301816	-179.9999273277412
17.5388050184176	0.002066601271617664	-179.99992877125882
17.701089583174202	0.0020285271717412102	-179.9999301836865
17.864875748520497	0.0019911616395311272	-179.99993156579336
18.03017740859568	0.00195449120144693	-179.9999329183253
18.197008586099827	0.0019185026522404514	-179.999934242006
18.365383433483455	0.001883183049078014	-179.99993553753757
18.535316234148105	0.0018485197058162102	-179.99993680560155
18.706821403657997	0.0018145001874261164	-179.99993804685946
18.879913490962927	0.0017811123045609499	-179.99993926195367
19.054607179632463	0.0017483441082624487	-179.99994045150808
19.230917289101576	0.0017161838848014162	-179.99994161612864
19.408858775927772	0.0016846201506480981	-179.99994275640418
19.58844673505989	0.0016536416475682139	-179.99994387290684
19.769696401118598	0.0016232373378406832	-179.99994496619286
19.952623149688787	0.0015933963995931986	-179.9999460368028
20.137242498623873	0.0015641082222519994	-179.9999470852625
20.32357010936221	0.0015353624021023308	-179.9999481120832
20.511621788255646	0.0015071487379562005	-179.9999491177622
20.701413487910415	0.0014794572269242149	-179.99995010278343
20.892961308540386	0.0014522780602883633	-179.99995106761764
21.086281499332888	0.0014256016194727726	-179.9999520127231
21.28139045982711	0.0013994184721095517	-179.99995293854576
21.47830474130533	0.0013737193681969517	-179.99995384551994
21.67704104819694	0.001348495236347198	-179.9999547340684
21.87761623949552	0.001323737180121415	-179.99995560460292
22.080047330188993	0.0012994364744491795	-179.99995645752452
22.28435149270303	0.0012755845621303264	-179.99995729322396
22.490546058357804	0.0012521730504167188	-179.99995811208186
22.698648518838212	0.0012291937076717616	-179.99995891446915
22.908676527677724	0.001206638460105531	-179.9999597007474
23.12064790175594	0.0011844993885834743	-179.99996047126893
23.33458062281002	0.0011627687255066745	-179.99996122637734
23.55049283896009	0.0011414388517617736	-179.99996196640748
23.76840286624876	0.001120502293738704	-179.99996269168605
23.9883291901949	0.0010999517204144352	-179.99996340253148
24.210290467361776	0.0010797799405010025	-179.9999640992545
24.434305526939713	0.0010599798996561475	-179.99996478215823
24.660393372343385	0.0010405446777549635	-179.99996545153826
24.888573182823905	0.0010214674862209566	-179.99996610768318
25.118864315095795	0.00100274166541503	-179.99996675087445
25.351286304979073	0.000984360682080915	-179.9999673813869
25.58585886905645	0.0009663181268456298	-179.99996799948877
25.82260190634596	0.0009486077117735873	-179.9999686054418
26.06153549998895	0.0009312232679730278	-179.99996919950163
26.302679918953814	0.0009141587432534712	-179.99996978191788
26.54605561975539	0.000897408199832952	-179.9999703529342
26.791683248190314	0.000880965812093806	-179.99997091278865
27.039583641088434	0.0008648258643858444	-179.99997146171364
27.289777828080403	0.0008489827488757637	-179.99997199993626
27.542287033381662	0.0008334309634416836	-179.99997252767832
27.797132677592884	0.0008181651096117405	-179.99997304515654
28.05433637951713	0.000803179890545684	-179.99997355258267
28.31391995799379	0.0007884701090584654	-179.99997405016362
28.575905433749465	0.0007740306656848318	-179.99997453810155
28.84031503126606	0.0007598565567839633	-179.99997501659414
29.10717118066605	0.0007459428726832296	-179.99997548583448
29.376496519615305	0.0007322847958601507	-179.99997594601143
29.648313895243422	0.0007188775991616901	-179.99997639730952
29.92264636608189	0.0007057166440600185	-179.99997683990924
30.19951720402016	0.0006927973789439205	-179.99997727398699
30.4789498962798	0.0006801153374450294	-179.99997769971532
30.76096814740705	0.0006676661367981005	-179.99997811726288
31.045595881283525	0.0006554454762345729	-179.9999785267947
31.332857243155825	0.0006434491354086432	-179.99997892847213
31.62277660168376	0.000631672972855153	-179.999979322453
31.91537855100758	0.0006201129244785637	-179.9999797088917
32.21068791283432	0.0006087650020723401	-179.9999800879392
32.50872973854341	0.0005976252918680659	-179.99998045974328
32.80952931131187	0.0005866899531136374	-179.99998082444853
33.11311214825908	0.0005759552166799001	-179.9999811821963
33.41950400261139	0.0005654173836951083	-179.99998153312507
33.72873086588685	0.0005550728242065947	-179.99998187737017
34.040818970100055	0.0005449179758690714	-179.99998221506422
34.35579478998743	0.0005349493426589777	-179.99998254633687
34.67368504525313	0.0005251634936143146	-179.999982871315
34.994516702835696	0.0005155570615994262	-179.999983190123
35.318316979195664	0.0005061267420941849	-179.99998350288243
35.64511334262439	0.0004968692920070656	-179.9999838097123
35.9749335155742	0.00048778152851159794	-179.9999841107292
36.3078054770101	0.00047886032790570444	-179.99998440604722
36.64375746478329	0.0004701026244934345	-179.99998469577812
36.98281797802659	0.0004615054094886315	-179.99998498003126
37.32501577957203	0.00045306572994006087	-179.99998525891368
37.670379898390856	0.00044478068767755995	-179.99998553253033
38.01893963205609	0.0004366474382787618	-179.9999858009839
38.370724549227845	0.0004286631900559702	-179.99998606437492
38.72576449216169	0.00042082520306276175	-179.99998632280193
39.08408957924017	0.0004131307881199108	-179.99998657636135
39.44573020752781	0.0004055773058602335	-179.99998682514772
39.81071705534969	0.00039816216579196254	-179.99998706925354
40.17908108489396	0.0003908828253802706	-179.99998730876945
40.55085354483835	0.00038373678914657006	-179.9999875437843
40.92606597300105	0.00037672160778522373	-179.999987774385
41.304750199016105	0.0003698348772973124	-179.99998800065686
41.68693834703351	0.0003630742381411096	-179.99998822268324
42.07266283844438	0.00035643737439892357	-179.99998844054605
42.46195639463126	0.00034992201295997534	-179.9999886543254
42.85485203974392	0.0003435259227189874	-179.99998886409972
43.251383103500835	0.00033724691379016255	-179.99998906994603
43.65158322401656	0.0003310828367362474	-179.99998927193968
44.0554863506553	0.0003250315818123717	-179.99998947015456
44.46312674691084	0.00031909107822436923	-179.99998966466305
44.87453899331318	0.00031325929340128783	-179.99998985553606
45.28975799036204	0.00030753423228180565	-179.99999004284314
45.708818961487474	0.0003019139366142754	-179.99999022665241
46.13175745603791	0.0002963964842701235	-179.99999040703065
46.55860935229586	0.0002909799885703388	-179.9999905840433
46.98941086052151	0.0002856625976247894	-179.99999075775452
47.42419852602443	0.0002804424936841159	-179.99999092822716
47.8630092322638	0.0002753178925039471	-179.99999109552283
48.30588020397723	0.0002702870427211978	-179.99999125970197
48.7528490103386	0.00026534822524220775	-179.99999142082382
49.20395356814506	0.00026049975264249073	-179.99999157894635
49.65923214503358	0.00025573996857786017	-179.99999173412652
50.118723362727195	0.00025106724720671403	-179.99999188642013
50.58246620031137	0.00024647999262325217	-179.9999920358818
51.0504999975406	0.0002419766383014195	-179.9999921825652
51.52286445817562	0.00023755564654935816	-179.9999923265229
51.99959965335157	0.00023321550797416625	-179.99999246780638
52.48074602497723	0.00022895474095676276	-179.99999260646624
52.966344389165755	0.00022477189113665795	-179.999992742552
53.45643593969714	0.00022066553090643954	-179.99999287611217
53.95106225151273	0.00021663425891578362	-179.9999930071945
54.450265284242086	0.0002126766995848059	-179.99999313584559
54.95408738576243	0.0002087915026265713	-179.9999932621113
55.462571295791044	0.0002049773425785855	-179.99999338603652
55.97576014951099	0.00020123291834309203	-179.9999935076653
56.49369748123023	0.00019755695273600816	-179.9999936270408
57.01642722807472	0.00019394819204432876	-179.9999937442054
57.543993733715666	0.00019040540559183688	-179.9999938592006
58.07644175213118	0.00018692738531296093	-179.99999397206716
58.61381645140285	0.0001835129453346202	-179.999994082845
59.15616341754737	0.00018016092156590563	-179.99999419157334
59.70352865838366	0.0001768701712954459	-179.99999429829055
60.255958607435744	0.00017363957279630985	-179.99999440303432
60.81350012787176	0.00017046802493830124	-179.99999450584164
61.37620051647939	0.0001673544468075049	-179.99999460674874
61.94410750767812	0.00016429777733294393	-179.99999470579118
62.51726927756855	0.00016129697492021244	-179.99999480300383
63.0957344480193	0.00015835101709195132	-179.9999948984209
63.67955209079155	0.0001554589001350352	-179.99999499207593
64.26877173170195	0.00015261963875434244	-179.99999508400182
64.86344335482381	0.00014983226573298404	-179.99999517423092
65.46361740672747	0.0001470958315988663	-179.9999952627948
66.06934480075958	0.00014440940429746868	-179.9999953497246
66.68067692136219	0.00014177206887071764	-179.99999543505075
67.29766562843174	0.00013918292714183966	-179.99999551880316
67.92036326171844	0.00013664109740608202	-179.99999560101114
68.54882264526613	0.00013414571412718855	-179.99999568170347
69.18309709189363	0.00013169592763952065	-179.99999576090835
69.82324040771712	0.00012929090385571868	-179.99999583865346
70.46930689671467	0.00012692982397979652	-179.99999591496604
71.12135136533288	0.0001246118842255677	-179.99999598987262
71.77942912713615	0.0001223362955403022	-179.99999606339938
72.44359600749898	0.0001201022833335153	-179.999996135572
73.11390834834172	0.00011790908721078952	-179.9999962064156
73.79042301291008	0.00011575596071253863	-179.99999627595489
74.47319739059888	0.00011364217105761608	-179.99999634421405
75.16228940182053	0.00011156699889167953	-179.9999964112169
75.85775750291836	0.000109529738040221	-179.99999647698672
76.55966069112561	0.00010752969526617435	-179.99999654154638
77.26805850957021	0.00010556619003201418	-179.99999660491832
77.98301105232578	0.00010363855426626267	-179.99999666712458
78.70457896950977	0.00010174613213431903	-179.99999672818674
79.43282347242805	0.00009988827981353407	-179.99999678812603
80.16780633876782	0.00009806436527244634	-179.99999684696323
80.90958991783813	0.00009627376805410415	-179.99999690471873
81.65823713585914	0.00009451587906339608	-179.99999696141262
82.41381150130013	0.00009279010035831507	-179.99999701706446
83.176377110267	0.00009109584494508191	-179.9999970716936
83.94599865193965	0.00008943253657705623	-179.99999712531897
84.72274141405954	0.00008779960955736448	-179.99999717795907
85.50667128846823	0.00008619650854517392	-179.99999722963216
86.29785477669692	0.00008462268836554643	-179.9999972803561
87.09635899560797	0.00008307761382280345	-179.9999973301485
87.90225168308834	0.00008156075951733767	-179.99999737902647
88.71560120379598	0.00008007160966580612	-179.99999742700695
89.53647655495928	0.00007860965792464249	-179.99999747410655
90.36494737223005	0.00007717440721682586	-179.99999752034145
91.20108393559087	0.00007576536956184586	-179.9999975657277
92.04495717531702	0.00007438206590880411	-179.99999761028096
92.89663867799354	0.00007302402597259328	-179.99999765401654
93.75620069258792	0.00007169078807309784	-179.99999769694955
94.6237161365792	0.00007038189897735805	-179.99999773909482
95.4992586021435	0.00006909691374464404	-179.99999778046686
96.38290236239695	0.00006783539557438429	-179.99999782107992
97.2747223776964	0.00006659691565689666	-179.999997860948
98.17479430199833	0.0000653810530268689	-179.99999790008488
99.08319448927665	0.00006418739441953788	-179.99999793850395
99.9999999999999	0.00006301553412951768	-179.9999979762185