0.01000000000000001	0.563897246050491	-0.00005250267471763198
0.010092528860766855	0.5638982656563652	-0.00005250376717865075
0.01018591388054118	0.5638993042343994	-0.000052504909319774864
0.010280162981264745	0.5639003621379343	-0.00005250610356939254
0.010375284158180138	0.563901439726904	-0.000052507352480680274
0.010471285480509006	0.5639025373679594	-0.00005250865873814597
0.010568175092136596	0.5639036554345941	-0.00005251002516493252
0.01066596121230259	0.5639047943072719	-0.00005251145473007336
0.010764652136298361	0.5639059543735586	-0.000052512950556549246
0.010864256236170667	0.5639071360282543	-0.00005251451592961325
0.010964781961431863	0.5639083396735294	-0.00005251615430554856
0.011066237839776675	0.563909565719062	-0.00005251786932108653
0.011168632477805623	0.5639108145821804	-0.00005251966480322509
0.011271974561755117	0.5639120866880051	-0.00005252154477969887
0.011376272858234322	0.5639133824695959	-0.0000525235134900393
0.01148153621496884	0.5639147023681003	-0.00005252557539722287
0.011587773561551273	0.5639160468329055	-0.00005252773520002679
0.011694993910198724	0.5639174163217938	-0.00005252999784618306
0.01180320635651731	0.5639188113010988	-0.00005253236854619922
0.011912420080273762	0.5639202322458676	-0.0000525348527879925
0.012022644346174144	0.5639216796400235	-0.000052537456352534993
0.012133888504649786	0.5639231539765333	-0.00005254018533016514
0.012246161992650502	0.5639246557575768	-0.000052543046138146365
0.01235947433444512	0.5639261854947201	-0.000052546045539119426
0.012473835142429446	0.5639277437090932	-0.00005254919066066922
0.012589254117941687	0.5639293309315684	-0.000052552489016089085
0.012705741052085433	0.5639309477029445	-0.000052555948526455175
0.012823305826560232	0.5639325945741328	-0.00005255957754391583
0.01294195841449987	0.5639342721063492	-0.000052563384876471206
0.013061708881318424	0.5639359808713058	-0.00005256737981437008
0.013182567385564082	0.563937721451411	-0.000052571572157890695
0.01330454417978092	0.5639394944399693	-0.00005257597224705912
0.013427649611378649	0.5639413004413877	-0.000052580590993015385
0.01355189412351037	0.5639431400713845	-0.00005258543991154874
0.013677288255958502	0.5639450139572029	-0.000052590531158529774
0.013803842646028859	0.5639469227378279	-0.0000525958775676696
0.013931568029453043	0.5639488670642093	-0.0000526014926905162
0.01406047524129915	0.5639508475994858	-0.00005260739083928343
0.014190575216890933	0.5639528650192162	-0.00005261358713209023
0.014321878992735446	0.5639549200116142	-0.000052620097541161875
0.014454397707459286	0.5639570132777869	-0.00005262693894427536
0.014588142602753497	0.5639591455319791	-0.00005263412917935645
0.014723125024327202	0.5639613175018221	-0.00005264168710262295
0.014859356422870082	0.5639635299285857	-0.000052649632650619836
0.014996848355023748	0.5639657835674378	-0.00005265798690622501
0.015135612484362095	0.5639680791877074	-0.00005266677216891269
0.015275660582380739	0.563970417573152	-0.00005267601202989659
0.015417004529495607	0.5639727995222323	-0.00005268573145193509
0.015559656316050758	0.5639752258483903	-0.000052695956854841166
0.01570362804333554	0.5639776973803335	-0.000052706716206219324
0.015848931924611148	0.5639802149623256	-0.0000527180391189447
0.015995580286146702	0.563982779454481	-0.00005272995695460233
0.016143585568264878	0.5639853917330666	-0.00005274250293441236
0.016292960326397238	0.563988052690809	-0.00005275571225767267
0.01644371723214933	0.5639907632372069	-0.00005276962222814599
0.016595869074375623	0.5639935242988515	-0.000052784272389433825
0.01674942876026439	0.5639963368197517	-0.00005279970466961262
0.016904409316432657	0.5639992017616655	-0.000052815963536096425
0.017060823890031253	0.5640021201044398	-0.00005283309616144826
0.017218685749860088	0.5640050928463544	-0.00005285115260062413
0.017378008287493772	0.5640081210044748	-0.000052870185981275926
0.01753880501841763	0.5640112056150111	-0.00005289025270747686
0.01770108958317423	0.5640143477336841	-0.00005291141267789835
0.017864875748520526	0.5640175484360993	-0.000052933729520352896
0.018030177408595707	0.5640208088181272	-0.000052957270842994945
0.018197008586099853	0.5640241299962923	-0.00005298210850406554
0.018365383433483484	0.5640275131081689	-0.00005300831890172865
0.018535316234148135	0.5640309593127866	-0.00005303598328535861
0.018706821403658026	0.5640344697910417	-0.00005306518809001769
0.018879913490962956	0.564038045746118	-0.00005309602529628037
0.019054607179632494	0.5640416884039172	-0.0000531285928173787
0.019230917289101597	0.5640453990134954	-0.00005316299491571331
0.019408858775927792	0.5640491788475118	-0.00005319934265156847
0.01958844673505991	0.5640530292026832	-0.00005323775436634125
0.01976969640111862	0.5640569514002505	-0.00005327835620377552
0.01995262314968881	0.5640609467864532	-0.0000533212826715553
0.020137242498623895	0.5640650167330143	-0.000053366677248082786
0.02032357010936223	0.5640691626376355	-0.000053414693036415515
0.020511621788255666	0.5640733859245018	-0.00005346549347185029
0.020701413487910436	0.5640776880447975	-0.00005351925308572872
0.02089296130854041	0.5640820704772322	-0.00005357615833197792
0.02108628149933291	0.5640865347285793	-0.00005363640848096535
0.021281390459827135	0.5640910823342239	-0.00005370021658742151
0.021478304741305354	0.5640957148587232	-0.00005376781053887562
0.02167704104819696	0.5641004338963808	-0.00005383943419207239
0.02187761623949554	0.5641052410718285	-0.00005391534860525427
0.022080047330189013	0.5641101380406264	-0.00005399583337582353
0.022284351492703053	0.5641151264898713	-0.00005408118809235443
0.022490546058357826	0.5641202081388215	-0.00005417173391282829
0.022698648518838235	0.5641253847395328	-0.00005426781528033307
0.022908676527677748	0.564130658077511	-0.000054369801789915474
0.023120647901755963	0.5641360299723762	-0.00005447809022112271
0.023334580622810044	0.5641415022785449	-0.000054593106752486365
0.023550492838960112	0.5641470768859244	-0.00005471530937586032
0.023768402866248782	0.5641527557206252	-0.00005484519053070942
0.02398832919019492	0.5641585407456886	-0.00005498327998040308
0.0242102904673618	0.5641644339618312	-0.00005513014795506439
0.02443430552693974	0.5641704374082067	-0.00005528640858820263
0.024660393372343412	0.5641765531631856	-0.00005545272367795436
0.02488857318282393	0.5641827833451527	-0.00005562980680591961
0.025118864315095822	0.5641891301133247	-0.00005581842785255771
0.025351286304979098	0.5641955956685865	-0.00005601941794986509
0.02558585886905648	0.5642021822543475	-0.000056233674919519844
0.025822601906345985	0.5642088921574197	-0.00005646216924817713
0.026061535499988978	0.564215727708918	-0.00005670595065968301
0.026302679918953843	0.5642226912851809	-0.00005696615534898469
0.026546055619755416	0.5642297853087161	-0.00005724401395245873
0.026791683248190343	0.5642370122491708	-0.00005754086033742863
0.027039583641088463	0.5642443746243246	-0.00005785814130371705
0.027289777828080432	0.5642518750011118	-0.0000581974273028728
0.02754228703338169	0.564259515996667	-0.00005856042429192368
0.02779713267759291	0.5642673002794016	-0.00005894898685616323
0.02805433637951716	0.5642752305701084	-0.00005936513275001401
0.028313919957993816	0.5642833096430957	-0.0000598110590263534
0.028575905433749497	0.5642915403273543	-0.00006028915994631474
0.028840315031266085	0.5642999255077561	-0.000060802046885463094
0.02910717118066608	0.564308468126287	-0.00006135257048582144
0.029376496519615335	0.5643171711833151	-0.00006194384532911176
0.029648313895243455	0.5643260377388957	-0.00006257927745265112
0.02992264636608192	0.564335070914114	-0.00006326259506630062
0.030199517204020192	0.5643442738924677	-0.00006399788288299084
0.03047894989627986	0.5643536499212898	-0.00006478962053130798
0.03076096814740711	0.564363202313214	-0.0000656427255835587
0.031045595881283587	0.5643729344476835	-0.00006656260181145979
0.03133285724315589	0.5643828497725047	-0.00006755519336613526
0.031622776601683826	0.5643929518054444	-0.0000686270456807656
0.03191537855100765	0.5644032441358771	-0.00006978537401154264
0.03221068791283438	0.5644137304264748	-0.00007103814066223499
0.03250872973854347	0.5644244144149465	-0.00007239414209828398
0.03280952931131194	0.5644352999158221	-0.00007386310732487168
0.03311311214825915	0.5644463908222801	-0.00007545580911652046
0.03341950400261146	0.5644576911080172	-0.0000771841899153671
0.03372873086588692	0.5644692048291562	-0.00007906150448722667
0.034040818970100126	0.5644809361261829	-0.00008110248173730994
0.0343557947899875	0.5644928892259077	-0.00008332350844023017
0.0346736850452532	0.5645050684434377	-0.00008574283804677293
0.034994516702835765	0.5645174781841434	-0.00008838082819463707
0.035318316979195734	0.5645301229456015	-0.00009126021107156832
0.03564511334262446	0.5645430073194843	-0.00009440640136952636
0.03597493351557427	0.5645561359933613	-0.00009784784722544642
0.03630780547701017	0.5645695137523659	-0.00010161643026953533
0.03664375746478335	0.5645831454806686	-0.00010574792168137212
0.03698281797802665	0.5645970361626794	-0.00011028250198629067
0.037325015779572084	0.5646111908838812	-0.00011526535317239526
0.037670379898390914	0.5646256148311672	-0.00012074733252420603
0.038018939632056145	0.5646403132925258	-0.00012678573828770083
0.0383707245492279	0.5646552916558656	-0.00013344517778152832
0.038725764492161745	0.5646705554067271	-0.00014079854867329506
0.03908408957924023	0.5646861101245515	-0.0001489281436099768
0.03944573020752787	0.564701961477105	-0.00015792688682678949
0.039810717055349755	0.5647181152125413	-0.0001678997082595625
0.04017908108489402	0.5647345771484715	-0.0001789650552631552
0.040550853544838415	0.5647513531572538	-0.0001912565332609043
0.040926065973001115	0.5647684491465468	-0.00020492465304199146
0.041304750199016166	0.5647858710339614	-0.00022013864203638381
0.04168693834703357	0.5648036247144387	-0.00023708824708622335
0.04207266283844444	0.564821716018746	-0.0002559854136666095
0.04246195639463132	0.5648401506612948	-0.0002770656669506824
0.042854852039743985	0.5648589341753472	-0.00030058893869934467
0.04325138310350091	0.5648780718337075	-0.00032683947537946056
0.04365158322401663	0.5648975685533005	-0.0003561243225900516
0.044055486350655364	0.5649174287828066	-0.0003887697066358622
0.04446312674691091	0.564937656374027	-0.0004251144298911975
0.04487453899331325	0.5649582544402401	-0.0004654991777979278
0.04528975799036211	0.5649792252088811	-0.000510250437531221
0.04570881896148754	0.5650005698818735	-0.0005596576180741941
0.04613175745603798	0.5650222885250892	-0.000613942048645095
0.04655860935229591	0.5650443800185623	-0.0006732169783372513
0.04698941086052156	0.5650668421101207	-0.0007374387098976336
0.04742419852602448	0.5650896716244825	-0.0008063507846426301
0.04786300923226385	0.5651128648830473	-0.000879425812749745
0.04830588020397728	0.5651364183800812	-0.0009558129792361428
0.04875284901033865	0.5651603297315296	-0.0010343028544915294
0.04920395356814511	0.5651845988585615	-0.0011133236843768094
0.04965923214503363	0.5652092292920703	-0.0011909830775524283
0.05011872336272725	0.5652342294023812	-0.001265164195261561
0.05058246620031143	0.5652596132999057	-0.0013336754650289172
0.051050499997540646	0.5652854011528945	-0.0013944389631212865
0.05152286445817567	0.5653116187516946	-0.001445689043472607
0.05199959965335162	0.5653382963074202	-0.0014861451049047038
0.052480746024977286	0.5653654666605467	-0.0015151249300229437
0.05296634438916581	0.565393163222899	-0.0015325781403636351
0.05345643593969719	0.5654214180279266	-0.001539038542610146
0.05395106225151279	0.5654502602043767	-0.0015355123545232451
0.05445026528424214	0.5654797150505766	-0.00152333037820359
0.05495408738576248	0.5655098037293709	-0.001503993816308509
0.0554625712957911	0.5655405434802405	-0.0014790373566536947
0.05597576014951104	0.5655719481812542	-0.0014499233638206844
0.05649369748123028	0.5656040290868722	-0.0014179714084081466
0.05701642722807478	0.5656367955988522	-0.0013843203200053207
0.05754399373371572	0.565670255974091	-0.0013499161319808462
0.05807644175213124	0.5657044179182932	-0.0013155181874679217
0.05861381645140291	0.5657392890491514	-0.001281716327756129
0.05915616341754743	0.5657748772351264	-0.0012489535623632492
0.05970352865838372	0.5658111908276222	-0.0012175502690028052
0.06025595860743581	0.5658482388084292	-0.001187727428741733
0.060813500127871824	0.5658860308737671	-0.0011596275258878013
0.061376200516479455	0.5659245774734102	-0.0011333325256642425
0.06194410750767818	0.5659638898197259	-0.0011088788402247806
0.06251726927756862	0.5660039798778943	-0.0010862694777480052
0.06309573444801936	0.566044860345475	-0.0010654837075227996
0.06367955209079162	0.5660865446270069	-0.0010464846201447182
0.064268771731702	0.5661290468074428	-0.0010292249545778482
0.06486344335482389	0.5661723816268305	-0.0010136515290705905
0.06546361740672754	0.5662165644576908	-0.0009997085667726663
0.06606934480075964	0.5662616112858695	-0.0009873401589900876
0.06668067692136226	0.5663075386952167	-0.0009764920642569611
0.06729766562843183	0.5663543638561579	-0.0009671130021048894
0.0679203632617185	0.5664021045180713	-0.0009591555672771469
0.0685488226452662	0.566450779005294	-0.0009525768628808633
0.0691830970918937	0.5665004062165414	-0.000947338929040622
0.06982324040771719	0.5665510056275207	-0.0009434090262406659
0.07046930689671474	0.5666025972965345	-0.0009407598189303348
0.07112135136533296	0.5666552018728936	-0.0009393694943939095
0.07177942912713622	0.5667088406079933	-0.000939221843834209
0.07244359600749906	0.5667635353689375	-0.000940306326425996
0.0731139083483418	0.5668193086546368	-0.0009426181325351205
0.07379042301291015	0.5668761836143354	-0.0009461582588728608
0.07447319739059896	0.5669341840685623	-0.0009509336059082427
0.07516228940182061	0.5669933345325336	-0.0009569571061684723
0.07585775750291844	0.5670536602420667	-0.0009642478909505548
0.07655966069112569	0.5671151871821029	-0.0009728315023387063
0.07726805850957029	0.5671779421179691	-0.0009827401572054372
0.07798301105232593	0.5672419526295444	-0.0009940130699972202
0.07870457896950993	0.567307247148534	-0.0010066968415131051
0.07943282347242822	0.5673738549990989	-0.001020845921603775
0.08016780633876798	0.5674418064421239	-0.0010365231547013517
0.0809095899178383	0.5675111327234664	-0.001053800418358818
0.0816582371358593	0.5675818661265715	-0.0010727593665617674
0.0824138115013003	0.5676540400299055	-0.001093492291523109
0.08317637711026717	0.5677276889697322	-0.001116103119984381
0.08394599865193982	0.5678028487088218	-0.0011407085628633742
0.08472274141405972	0.5678795563117924	-0.0011674394404469703
0.08550667128846841	0.567957850227871	-0.0011964422093600944
0.0862978547766971	0.5680377703819985	-0.001227880722396658
0.08709635899560814	0.5681193582753384	-0.0012619382581510591
0.08790225168308852	0.568202657096425	-0.0012988198644723094
0.08871560120379617	0.5682877118443841	-0.0013387550683895196
0.08953647655495947	0.568374569465905	-0.0013820010156744735
0.09036494737223023	0.5684632790079268	-0.0014288461161403299
0.09120108393559107	0.5685538917883486	-0.0014796142867483505
0.09204495717531722	0.5686464615875002	-0.0015346699044224256
0.09289663867799372	0.5687410448636121	-0.001594423605309187
0.09375620069258811	0.5688377009961637	-0.001659339098495794
0.09462371613657934	0.5689364925617609	-0.0017299412019601728
0.09549925860214364	0.5690374856481637	-0.0018068253595038258
0.0963829023623971	0.569140750213306	-0.0018906689634279406
0.09727472237769656	0.5692463604976917	-0.0019822448941845656
0.09817479430199849	0.5693543955005248	-0.002082437802837703
0.09908319448927681	0.5694649395324894	-0.002192263816235693
0.10000000000000005	0.569578082861425	-0.002312894555002545
0.10092528860766849	0.5696939224715533	-0.002445686646109164
0.10185913880541175	0.5698125629628013	-0.0025922183238953735
0.10280162981264741	0.5699341176247298	-0.002754335307417668
0.10375284158180131	0.5700587097304856	-0.0029342090167163103
0.10471285480509002	0.5701864741112961	-0.0031344115085016246
0.1056817509213659	0.5703175590931544	-0.003358013546123043
0.10665961212302584	0.570452128907166	-0.003608715439448141
0.10764652136298355	0.5705903667272959	-0.0038910255248758734
0.10864256236170661	0.5707324785490152	-0.004210509894401537
0.10964781961431856	0.5708786982055299	-0.004574151970954449
0.1106623783977667	0.5710292939290446	-0.004990886931511878
0.11168632477805618	0.5711845769960121	-0.005472423702152266
0.1127197456175511	0.57134491309982	-0.0060345555095341116
0.11376272858234315	0.5715107369938334	-0.006699326087759219
0.11481536214968835	0.5716825700700517	-0.007498733152143118
0.11587773561551268	0.5718610371523971	-0.008481234650360573
0.11694993910198717	0.5720468678531414	-0.009723318967386454
0.11803206356517304	0.5722408355861739	-0.011349627253423302
0.11912420080273756	0.5724435016756613	-0.013564232839177468
0.12022644346174137	0.5726544554815104	-0.016681091820384453
0.1213388850464978	0.5728706591228792	-0.021078328934070224
0.12246161992650495	0.5730848335290948	-0.02687928517557642
0.12359474334445113	0.5732891618769547	-0.03337183872371593
0.12473835142429439	0.5734863632967142	-0.03924886006485968
0.1258925411794168	0.5736900146055982	-0.04408647932049666
0.12705741052085426	0.5739101170862221	-0.04866265642503306
0.12823305826560225	0.5741480690874895	-0.05395093514397957
0.1294195841449987	0.5744011773328264	-0.0606279365951629
0.13061708881318423	0.57466584661471	-0.06914513898033285
0.1318256738556408	0.5749380955662143	-0.07985870299703082
0.13304544179780922	0.5752130824325268	-0.09307136593606383
0.13427649611378642	0.5754845751838572	-0.10899379716655473
0.13551894123510363	0.575744818657305	-0.1276459931148624
0.13677288255958495	0.575985203485788	-0.1487267447590899
0.13803842646028852	0.5761980683780499	-0.17151065613577257
0.13931568029453034	0.5763794969691395	-0.1948688489135388
0.14060475241299142	0.5765320616495352	-0.2174973255884333
0.14190575216890927	0.5766657914657203	-0.23832987011522905
0.1432187899273544	0.5767962462901792	-0.2569634945304032
0.1445439770745928	0.576940426893491	-0.27388747673337316
0.1458814260275349	0.5771126335976022	-0.2904523820372765
0.14723125024327194	0.5773218931715953	-0.30870813471798797
0.14859356422870074	0.5775708334717058	-0.33131100294295746
0.1499684835502374	0.5778543058323139	-0.36164196360065815
0.15135612484362088	0.5781547844316827	-0.40418253366141643
0.15275660582380732	0.5784292217155069	-0.4650399899486013
0.154170045294956	0.5785767463949959	-0.5519160157342146
0.1555965631605075	0.5783723710584673	-0.6703502294077308
0.15703628043335532	0.5774005726574765	-0.8061509662065788
0.15848931924611143	0.575313013100935	-0.8862741685639439
0.15995580286146696	0.572834582785808	-0.8011052395562881
0.1614358556826487	0.5715567135317384	-0.581785246505315
0.1629296032639723	0.5717104647740382	-0.372125405503683
0.16443717232149324	0.5725162476265079	-0.2307962857962126
0.16595869074375613	0.57344773910507	-0.14555080425567288
0.16749428760264382	0.5743226506187507	-0.0947465125988596
0.1690440931643265	0.5751050700561084	-0.06376515750694797
0.17060823890031243	0.5758028910420001	-0.04424848044549456
0.17218685749860077	0.5764328821609102	-0.03154356371937021
0.17378008287493762	0.5770108220108843	-0.023019178662631756
0.1753880501841762	0.5775494463347335	-0.017143721001313037
0.1770108958317422	0.5780585679787595	-0.012996905205728665
0.17864875748520517	0.5785456617206713	-0.010008485757837284
0.180301774085957	0.5790164375064788	-0.00781491127797159
0.18197008586099844	0.5794752974500612	-0.006178336561230422
0.18365383433483473	0.5799256767399834	-0.0049394899752306844
0.18535316234148125	0.5803702921715429	-0.00398945782669907
0.18706821403658017	0.5808113224118808	-0.0032523435760432404
0.18879913490962946	0.581250539166935	-0.0026743498782789933
0.19054607179632482	0.5816894033152092	-0.0022167507993096267
0.19230917289101596	0.5821291360149786	-0.001851275736014167
0.19408858775927793	0.5825707718305837	-0.0015570208626541537
0.19588446735059908	0.583015198835602	-0.0013183473453487677
0.1976969640111862	0.5834631891969696	-0.0011234286660043251
0.19952623149688808	0.5839154227342411	-0.0009632321324930566
0.20137242498623895	0.5843725052443992	-0.0008307953257555397
0.2032357010936223	0.5848349828891579	-0.0007207057698833846
0.20511621788255666	0.5853033535930584	-0.0006287224926759333
0.20701413487910436	0.5857780761521808	-0.0005514978771538516
0.2089296130854041	0.5862595775746763	-0.00048637121484993096
0.2108628149933291	0.5867482590447404	-0.00043121407043440367
0.21281390459827135	0.5872445008068052	-0.00038431345967543146
0.21478304741305343	0.5877486661967279	-0.0003442828832920642
0.21677041048196952	0.5882611049946187	-0.0003099940618574902
0.2187761623949553	0.5887821562348452	-0.0002805241818591235
0.22080047330189004	0.5893121505791517	-0.00025511485468364663
0.22284351492703042	0.5898514123362896	-0.00023313998536591933
0.22490546058357816	0.5904002611942417	-0.00021408046586525917
0.22698648518838224	0.5909590137177522	-0.00019750413002049
0.22908676527677735	0.5915279846534661	-0.00018304979051249714
0.23120647901755953	0.5921074880768438	-0.00017041446137834061
0.23334580622810033	0.592697838408589	-0.00015934308047102264
0.23550492838960102	0.5932993513232747	-0.0001496202043174276
0.23768402866248772	0.5939123445687846	-0.00014106326708864547
0.2398832919019491	0.5945371387119693	-0.0001335170859474954
0.2421029046736179	0.5951740578233145	-0.00012684936419917793
0.24434305526939726	0.5958234301113104	-0.00012094699679598601
0.246603933723434	0.5964855885155239	-0.00011571302377585224
0.24888573182823917	0.5971608712659754	-0.00011106410906650118
0.25118864315095807	0.5978496224153028	-0.00010692844693776569
0.2535128630497908	0.5985521923492604	-0.00010324401786583716
0.25585858869056466	0.5992689382803472	-0.00009995713091496113
0.2582260190634597	0.6000002247287267	-0.00009702120187723558
0.26061535499988964	0.6007464239940888	-0.00009439572605039347
0.2630267991895383	0.601507916621681	-0.00009204541222137667
0.26546055619755404	0.6022850918653834	-0.00008993945057907723
0.2679168324819033	0.6030783481504133	-0.00008805089222689583
0.2703958364108845	0.6038880935380188	-0.00008635612195635029
0.2728977782808042	0.604714746194314	-0.00008483440917319638
0.27542287033381674	0.6055587348652682	-0.00008346752449107715
0.277971326775929	0.6064204993597276	-0.00008223941164553059
0.2805433637951715	0.6073004910422567	-0.00008113590612872423
0.28313919957993805	0.6081991733375107	-0.00008014449337808265
0.2857590543374948	0.6091170222478004	-0.00007925410053029166
0.2884031503126607	0.6100545268854676	-0.0000784549167238914
0.29107171180666064	0.611012190021683	-0.00007773823773729306
0.2937649651961532	0.6119905286532603	-0.0000770963314154479
0.2964831389524344	0.6129900745890982	-0.0000765223208923822
0.29922646366081906	0.614011375057875	-0.00007601008307859533
0.30199517204020176	0.6150549933386608	-0.00007555416026811187
0.30478949896279844	0.6161215094161449	-0.00007514968304310615
0.307609681474071	0.61721152066224	-0.00007479230292527078
0.3104559588128357	0.6183256425458767	-0.00007447813345130731
0.3133285724315587	0.6194645093728868	-0.00007420369854235431
0.3162277660168381	0.6206287750579509	-0.0000739658871997617
0.31915378551007634	0.6218191139306807	-0.00007376191369731131
0.3221068791283436	0.623036221578015	-0.00007358928255678768
0.32508729738543457	0.6242808157252208	-0.00007344575769312994
0.3280952931131192	0.6255536371579206	-0.00007332933519997096
0.3311311214825913	0.6268554506877072	-0.00007323821931856384
0.33419504002611444	0.6281870461640565	-0.000073170801194818
0.3372873086588691	0.6295492395354222	-0.00007312564008201056
0.34040818970100106	0.6309428739625662	-0.00007310144669210925
0.34355794789987465	0.6323688209873893	-0.00007309706843761392
0.34673685045253166	0.6338279817607236	-0.00007311147633938921
0.3499451670283573	0.6353212883327937	-0.00007314375340490266
0.353183169791957	0.6368497050102929	-0.00007319308430629583
0.35645113342624424	0.6384142297843043	-0.00007325874620933894
0.3597493351557423	0.6400158958335748	-0.00007334010062308675
0.36307805477010135	0.6416557731079853	-0.00007343658615633295
0.36643757464783333	0.6433349699974004	-0.00007354771208111827
0.3698281797802663	0.6450546350914484	-0.00007367305261589307
0.3732501577957206	0.6468159590362078	-0.00007381224185170264
0.37670379898390893	0.6486201764941983	-0.00007396496925417678
0.38018939632056126	0.6504685682145741	-0.00007413097568236803
0.38370724549227886	0.6523624632209255	-0.00007431004987271736
0.3872576449216173	0.6543032411246724	-0.00007450202534280965
0.3908408957924021	0.6562923345726467	-0.00007470677767520127
0.39445730207527846	0.6583312318381376	-0.00007492422214657833
0.3981071705534973	0.6604214795654074	-0.00007515431167190731
0.40179081084894	0.6625646856784878	-0.0000753970350371597
0.40550853544838394	0.6647625224659371	-0.00007565241539768134
0.40926065973001097	0.6670167298542041	-0.00007592050902238627
0.41304750199016144	0.6693291188832792	-0.00007620140426673783
0.4168693834703355	0.6717015753994634	-0.00007649522075996064
0.4207266283844442	0.6741360639813413	-0.00007680210879413021
0.424619563946313	0.6766346321164101	-0.00007712224890474073
0.4285485203974396	0.6791994146473362	-0.00007745585163404345
0.43251383103500884	0.6818326385084564	-0.00007780315746989011
0.4365158322401661	0.6845366277749751	-0.00007816443695399097
0.44055486350655343	0.6873138090493023	-0.00007853999095437318
0.4446312674691088	0.6901667172111974	-0.00007893015109738937
0.4487453899331323	0.6930980015608182	-0.00007933528035483562
0.4528975799036209	0.6961104323864631	-0.00007975577378156154
0.4570881896148752	0.6992069079917781	-0.00008019205939839203
0.46131757456037953	0.7023904622204876	-0.00008064459921424311
0.4655860935229591	0.705664272520362	-0.00008111389038009212
0.4698941086052156	0.7090316685921825	-0.00008160046646612776
0.4742419852602448	0.7124961416739597	-0.00008210489885226413
0.47863009232263853	0.7160613545156668	-0.00008262779822172576
0.48305880203977286	0.7197311521053127	-0.00008316981614826348
0.4875284901033865	0.7235095732133957	-0.00008373164677055843
0.4920395356814511	0.7274008628297043	-0.00008431402855348224
0.49659232145033627	0.7314094855741884	-0.00008491774614597874
0.5011872336272725	0.7355401401722924	-0.00008554363236001807
0.5058246620031143	0.7397977750948852	-0.0000861925703143188
0.5105049999754064	0.744187605473827	-0.00008686549580927214
0.5152286445817567	0.7487151314165141	-0.00008756340002341548
0.5199959965335162	0.7533861578565695	-0.00008828733264326777
0.5248074602497729	0.7582068160934604	-0.00008903840555284049
0.5296634438916581	0.7631835871914574	-0.0000898177972122362
0.5345643593969719	0.7683233274283242	-0.00009062675784335805
0.5395106225151278	0.7736332960067529	-0.00009146661551461299
0.5445026528424215	0.7791211852672866	-0.00009233878317895887
0.5495408738576248	0.7847951536707262	-0.00009324476667770336
0.5546257129579107	0.7906638618513951	-0.00009418617368527072
0.5597576014951101	0.7967365120807459	-0.00009516472354681217
0.5649369748123025	0.8030228915244333	-0.0000961822579575608
0.5701642722807475	0.8095334197260312	-0.00009724075245236098
0.5754399373371569	0.8162792008081085	-0.00009834232871324556
0.580764417521312	0.8232720809476651	-0.00009948926775608324
0.5861381645140288	0.8305247117594783	-0.0001006840241164107
0.591561634175474	0.8380506203094865	-0.00010192924121257603
0.5970352865838369	0.8458642865831493	-0.00010322776811652422
0.6025595860743578	0.8539812293532527	-0.00010458267800727968
0.6081350012787179	0.8624181015310728	-0.00010599728862050744
0.6137620051647943	0.8711927962478292	-0.00010747518504249123
0.6194410750767815	0.8803245651045315	-0.00010902024523253111
0.6251726927756859	0.8898341502531256	-0.00011063666869837265
0.6309573444801934	0.8997439322369852	-0.00011232900879884139
0.6367955209079159	0.910078095832522	-0.00011410220920995261
0.6426877173170198	0.920862816506022	-0.00011596164516868268
0.6486344335482385	0.932126470543304	-0.0001179131702055657
0.654636174067275	0.9438998724397398	-0.00011996316919688051
0.6606934480075961	0.9562165437738402	-0.00012211861871363265
0.6668067692136223	0.9691130185529216	-0.00012438715582308908
0.6729766562843178	0.9826291909443686	-0.0001267771567160311
0.6792036326171846	0.9968087124286573	-0.0001292978267978016
0.6854882264526617	1.0116994467786635	-0.0001319593042047873
0.6918309709189366	1.0273539929451188	-0.00013477277910457007
0.6982324040771715	1.043830287988819	-0.00013775063162611959
0.7046930689671471	1.0611923047476035	-0.00014090659187009265
0.7112135136533292	1.0795108620912082	-0.00014425592619972792
0.7177942912713619	1.0988645695710364	-0.0001478156549507264
0.7244359600749902	1.1193409332393112	-0.00015160480787743477
0.7311390834834176	1.1410376556902195	-0.0001556447251434901
0.7379042301291011	1.1640641713603805	-0.0001599594135622779
0.7447319739059892	1.1885434683489349	-0.00016457597022297187
0.7516228940182057	1.2146142611983028	-0.00016952508877333969
0.758577575029184	1.242433596197857	-0.00017484166770549716
0.7655966069112565	1.2721799931882989	-0.00018056554532874835
0.7726805850957026	1.3040572574385534	-0.00018674239316454145
0.7798301105232589	1.3382991345881172	-0.0001934248088952233
0.7870457896950989	1.3751750346612377	-0.0002006736626402985
0.7943282347242817	1.4149971231799485	-0.00020855976751540676
0.8016780633876793	1.4581291763178692	-0.00021716596903526404
0.8090958991783825	1.5049977344878258	-0.00022658978073538175
0.8165823713585927	1.5561062821814322	-0.0002369467395772642
0.8241381150130026	1.6120534578055483	-0.00024837472061064195
0.8317637711026713	1.6735566967355553	-0.000261039545808949
0.8394599865193977	1.7414832985146171	-0.00027514236243928743
0.8472274141405968	1.8168917890714378	-0.00029092947664704805
0.8550667128846836	1.901087791908737	-0.0003087056490018758
0.8629785477669706	1.9957007161040305	-0.0003288523593705467
0.870963589956081	2.102790910909251	-0.00035185334758897465
0.8790225168308847	2.2250024119242386	-0.0003783310457359216
0.8871560120379608	2.3657856407683386	-0.00040909972692012696
0.8953647655495938	2.52973052796094	-0.00044524504812660067
0.9036494737223014	2.723079697697084	-0.00048824664172275714
0.9120108393559097	2.9545465161879085	-0.00054017360568654
0.9204495717531712	3.236672529424375	-0.0006040089910140076
0.9289663867799363	3.5881904674213483	-0.0006842148035423866
0.9375620069258802	4.038384316815922	-0.0007877747189545274
0.946237161365793	4.63573845476853	-0.0009262628610513693
0.9549925860214359	5.466763657772699	-0.0011203473585595408
0.9638290236239705	6.702378369757866	-0.0014108868506903646
0.9727472237769651	8.73408224304722	-0.001891512327169696
0.9817479430199844	12.699340009015563	-0.0028343439670663164
0.9908319448927676	23.87472106686315	-0.005501972670382045
1.	260.25566210225077	-0.062062830973246504
1.0092528860766845	28.192890859547415	-179.99302415551398
1.0185913880541169	13.13164057155952	-179.99661207214118
1.0280162981264735	8.44912296956989	-179.9976149062052
1.0375284158180127	6.175272371866893	-179.99819057666795
1.0471285480508996	4.819777496308567	-179.9985785545956
1.0568175092136585	3.9230647627452555	-179.99878775173016
1.066596121230258	3.2846422736804217	-179.99892954221016
1.076465213629835	2.8061531741716568	-179.99903071490687
1.0864256236170655	2.433471514650732	-179.99910462188157
1.096478196143185	2.134321822300076	-179.99915887745283
1.1066237839776665	1.888244097315393	-179.99919807950982
1.1168632477805611	1.681621431509841	-179.9992250530604
1.1271974561755105	1.5050197633655964	-179.9992414764559
1.1376272858234309	1.3516742642411859	-179.9992482033105
1.1481536214968828	1.216582857629744	-179.9992454108623
1.1587773561551262	1.095938670232027	-179.9992326280096
1.1694993910198712	0.9867598454539509	-179.99920865348284
1.1803206356517297	0.8866379131635128	-179.99917133874578
1.191242008027375	0.793558502188343	-179.99911716120846
1.2022644346174132	0.7057655927539083	-179.99904042055985
1.2133888504649775	0.6216497003034959	-179.99893168249696
1.224616199265049	0.5396445829299759	-179.9987745650705
1.2359474334445106	0.45811748069868213	-179.9985384395694
1.2473835142429432	0.3752342432012636	-179.9981594679407
1.2589254117941675	0.28877084267907865	-179.99748058229207
1.270574105208542	0.19582101568517962	-179.9959890254302
1.2823305826560218	0.09230199440519618	-179.99054061807178
1.2941958414499863	0.027950403361360444	-0.03599841240763753
1.3061708881318417	0.1749848652795838	-0.00693770188880913
1.3182567385564075	0.3667100769271207	-0.004247258044290362
1.3304544179780915	0.6388952692831874	-0.0034135538067835724
1.3427649611378643	1.0754942234680205	-0.0032552214206519473
1.3551894123510364	1.9322332225006253	-0.0037284128033592367
1.3677288255958495	4.540302745884102	-0.006034824454529513
1.3803842646028852	97.36955853443254	-179.90579506717742
1.3931568029453034	5.030746238916611	-179.99630640718712
1.4060475241299142	2.783245872447164	-179.99839743881267
1.4190575216890926	1.9985850612637985	-179.9990729816658
1.432187899273544	1.5937210876946921	-179.99939095055188
1.4454397707459279	1.3435001756409375	-179.99956875809227
1.4588142602753489	1.171603148305317	-179.99967878497603
1.4723125024327193	1.0449853174291566	-179.99975163398702
1.4859356422870074	0.9469992837833068	-179.9998022857167
1.499684835502374	0.8683375205879379	-179.9998388448502
1.5135612484362087	0.8033823627980685	-179.99986602840048
1.5275660582380732	0.7485377751212132	-179.99988673957705
1.54170045294956	0.7013916386304259	-179.99990284617857
1.555965631605075	0.6602630725814161	-179.99991559399007
1.5703628043335531	0.6239429699047092	-179.99992583922116
1.584893192461114	0.5915378905913828	-179.99993418545702
1.5995580286146696	0.5623722444830266	-179.99994106756895
1.6143585568264869	0.5359248405035774	-179.99994680486495
1.629296032639723	0.5117864813791628	-179.99995163573425
1.6443717232149324	0.4896308761423979	-179.99995574079946
1.6595869074375613	0.46919422537323957	-179.99995925873176
1.6749428760264382	0.45026059887390196	-179.99996229726634
1.690440931643265	0.4326512699957259	-179.99996494100952
1.7060823890031243	0.4162168075844278	-179.99996725705893
1.7218685749860079	0.40083112502988477	-179.99996929910716
1.7378008287493762	0.38638694129104373	-179.99997111047685
1.753880501841762	0.3727922759555417	-179.9999727263919
1.770108958317422	0.35996771198634064	-179.99997417569568
1.7864875748520517	0.34784423562007705	-179.9999754821639
1.803017740859568	0.336361515227077	-179.99997666551664
1.8197008586099825	0.32546651762750956	-179.99997774220563
1.8365383433483455	0.3151123864232606	-179.99997872603132
1.8535316234148105	0.3052575256621501	-179.9999796286302
1.8706821403657996	0.29586484580984296	-179.99998045986231
1.8879913490962925	0.2869011390610558	-179.99998122812138
1.9054607179632463	0.2783365585022627	-179.99998194058466
1.9230917289101574	0.27014418125659223	-179.99998260341508
1.9408858775927773	0.2622996399998555	-179.99998322192624
1.958844673505989	0.2547808104915324	-179.99998380071713
1.97696964011186	0.24756754527248895	-179.99998434378307
1.9952623149688788	0.24064144562832165	-179.99998485460742
2.0137242498623875	0.23398566543974958	-179.99998533623767
2.032357010936221	0.22758474174011883	-179.99998579134888
2.0511621788255647	0.2214244477498079	-179.9999862222968
2.0701413487910414	0.21549166491444757	-179.99998663116241
2.0892961308540388	0.2097742710809531	-179.99998701978956
2.108628149933289	0.20426104243486204	-179.99998738981674
2.1281390459827114	0.19894156721923165	-179.99998774270423
2.147830474130533	0.19380616957857125	-179.99998807975697
2.167704104819694	0.18884584213587763	-179.99998840214425
2.1877616239495516	0.18405218612843036	-179.99998871091665
2.208004733018899	0.179417358107733	-179.99998900702036
2.228435149270303	0.17493402235808464	-179.99998929130987
2.2490546058357803	0.17059530831243466	-179.99998956455858
2.2698648518838214	0.16639477234801356	-179.99998982746817
2.2908676527677723	0.16232636343136966	-179.99999008067692
2.312064790175594	0.15838439215584857	-179.99999032476643
2.333458062281002	0.15456350277659803	-179.9999905602681
2.355049283896009	0.15085864790079515	-179.9999907876683
2.376840286624876	0.14726506553556865	-179.99999100741343
2.39883291901949	0.14377825823429166	-179.99999121991362
2.4210290467361775	0.14039397411463347	-179.99999142554677
2.4434305526939712	0.13710818954983583	-179.99999162466156
2.4660393372343385	0.13391709335885724	-179.9999918175805
2.48885731828239	0.130817072341895	-179.99999200460232
2.5118864315095797	0.12780469802585817	-179.99999218600425
2.535128630497907	0.12487671450003864	-179.99999236204397
2.5585858869056453	0.12203002723585592	-179.99999253296156
2.582260190634596	0.1192616927964428	-179.9999926989809
2.6061535499988953	0.11656890935222118	-179.99999286031115
2.6302679918953813	0.1139490079277178	-179.9999930171481
2.654605561975539	0.11139944431285347	-179.9999931696753
2.6791683248190314	0.1089177915789646	-179.99999331806487
2.703958364108843	0.10650173314600317	-179.99999346247873
2.7289777828080406	0.10414905635283077	-179.9999936030693
2.7542287033381663	0.1018576464873592	-179.99999373998017
2.7797132677592886	0.09962548123757464	-179.99999387334694
2.805433637951713	0.09745062552829335	-179.9999940032977
2.831391995799379	0.09533122671188299	-179.99999412995373
2.8575905433749464	0.0932655100842017	-179.99999425342978
2.8840315031266055	0.09125177469970078	-179.99999437383482
2.910717118066605	0.08928838946204798	-179.99999449127225
2.9376496519615305	0.08737378946878241	-179.99999460584036
2.9648313895243423	0.08550647259044886	-179.9999947176327
2.992264636608189	0.08368499626639529	-179.99999482673826
3.019951720402016	0.08190797450098085	-179.9999949332421
3.047894989627983	0.08017407504534894	-179.99999503722518
3.076096814740708	0.07848201675118958	-179.99999513876494
3.1045595881283554	0.07683056708406233	-179.99999523793537
3.1332857243155856	0.07521853978488735	-179.99999533480727
3.162277660168379	0.07364479266915289	-179.9999954294485
3.1915378551007616	0.07210822555423615	-179.999995521924
3.2210687912834346	0.0706077783060108	-179.99999561229612
3.250872973854344	0.06914242899661371	-179.99999570062465
3.2809529311311905	0.0677111921658849	-179.99999578696705
3.311311214825911	0.0663131171795749	-179.9999958713785
3.3419504002611427	0.06494728667794715	-179.99999595391216
3.372873086588689	0.0636128151088846	-179.99999603461916
3.404081897010009	0.062308847340055214	-179.9999961135486
3.4355794789987466	0.061034557345095025	-179.999996190748
3.4673685045253166	0.05978914695913847	-179.99999626626303
3.499451670283573	0.05857184469936596	-179.99999634013778
3.53183169791957	0.057381904646551005	-179.9999964124148
3.5645113342624426	0.05621860538387478	-179.9999964831352
3.5974933515574232	0.05508124898954068	-179.99999655233867
3.630780547701014	0.05396916007996283	-179.99999662006354
3.664375746478333	0.052881684900525944	-179.99999668634698
3.6982817978026628	0.05181819046111944	-179.9999967512248
3.732501577957206	0.05077806371383915	-179.9999968147318
3.767037989839089	0.049760710770423565	-179.99999687690152
3.801893963205613	0.04876555615715525	-179.99999693776664
3.8370724549227884	0.047792042105106076	-179.99999699735866
3.8725764492161727	0.04683962787374424	-179.99999705570815
3.908408957924021	0.04590778910604886	-179.9999971128448
3.944573020752785	0.04499601721339712	-179.9999971687974
3.981071705534973	0.0441038187885987	-179.99999722359385
4.0179081084894	0.04323071504555461	-179.99999727726123
4.055085354483839	0.042376241284112943	-179.99999732982587
4.09260659730011	0.041539946378781466	-179.99999738131334
4.130475019901614	0.040721392290040286	-179.99999743174843
4.168693834703355	0.03992015359707268	-179.99999748115528
4.207266283844442	0.03913581705080487	-179.9999975295573
4.24619563946313	0.03836798114621082	-179.99999757697736
4.285485203974396	0.03761625571290005	-179.9999976234376
4.325138310350088	0.03688026152306471	-179.99999766895954
4.365158322401661	0.03615962991591516	-179.99999771356423
4.405548635065534	0.035454002437784474	-179.99999775727207
4.446312674691089	0.03476303049712816	-179.99999780010293
4.487453899331323	0.03408637503369088	-179.9999978420762
4.528975799036209	0.03342370620115114	-179.99999788321068
4.570881896148752	0.03277470306259559	-179.9999979235248
4.613175745603791	0.03213905329820862	-179.99999796303638
4.655860935229586	0.03151645292459774	-179.9999980017629
4.698941086052151	0.03090660602520771	-179.99999803972128
4.742419852602444	0.030309224491303972	-179.99999807692816
4.7863009232263805	0.029724027773035788	-179.99999811339967
4.830588020397723	0.029150742640114902	-179.99999814915148
4.875284901033861	0.02858910295167019	-179.99999818419903
4.920395356814506	0.0280388494348621	-179.99999821855727
4.965923214503357	0.02749972947186203	-179.9999982522408
5.01187233627272	0.026971496894822942	-179.9999982852639
5.058246620031137	0.02645391178848623	-179.99999831764043
5.105049999754059	0.02594674030008811	-179.999998349384
5.152286445817562	0.025449754456246216	-179.99999838050786
5.1999599653351565	0.02496273198652291	-179.999998411025
5.248074602497723	0.02448545615337696	-179.9999984409479
5.296634438916575	0.024017715588229974	-179.99999847028909
5.345643593969713	0.023559304133387044	-179.9999984990605
5.395106225151273	0.02311002068956416	-179.99999852727393
5.445026528424209	0.022669669068786986	-179.99999855494084
5.495408738576242	0.022238057852436727	-179.99999858207252
5.5462571295791046	0.021815000254229933	-179.9999986086799
5.597576014951099	0.021400313987929236	-179.99999863477373
5.649369748123022	0.02099382113959137	-179.9999986603645
5.701642722807472	0.02059534804416823	-179.99999868546237
5.754399373371567	0.020204725166285433	-179.99999871007745
5.807644175213118	0.01982178698503065	-179.99999873421947
5.861381645140285	0.019446371882592076	-179.99999875789803
5.9156163417547365	0.019078322036594805	-179.99999878112243
5.9703528658383656	0.018717483315989235	-179.99999880390192
6.025595860743575	0.018363705180353244	-179.99999882624533
6.081350012787176	0.018016840582475113	-179.99999884816148
6.137620051647939	0.017676745874090776	-179.99999886965892
6.194410750767812	0.017343280714654505	-179.999998890746
6.251726927756856	0.017016307983027227	-179.99999891143094
6.30957344480193	0.016695693691972126	-179.9999989317217
6.367955209079155	0.01638130690535176	-179.99999895162614
6.426877173170194	0.016073019657925687	-179.99999897115197
6.486344335482381	0.015770706877651787	-179.99999899030664
6.546361740672747	0.015474246310398907	-179.9999990090975
6.6069344800759575	0.015183518446982059	-179.99999902753177
6.668067692136219	0.014898406452435481	-179.99999904561648
6.729766562843175	0.014618796097442285	-179.99999906335844
6.792036326171843	0.014344575691842847	-179.9999990807645
6.854882264526613	0.014075636020147385	-179.9999990978412
6.918309709189362	0.01381187027898131	-179.99999911459497
6.9823240407717115	0.013553174016394704	-179.99999913103218
7.046930689671467	0.013299445072970362	-179.999999147159
7.112135136533288	0.013050583524667238	-179.9999991629815
7.177942912713615	0.012806491627338943	-179.99999917850562
7.244359600749899	0.012567073762869222	-179.99999919373715
7.311390834834173	0.012332236386868785	-179.9999992086818
7.379042301291007	0.012101887977879826	-179.9999992233451
7.447319739059888	0.011875938988037174	-179.9999992377326
7.516228940182053	0.011654301795136558	-179.99999925184957
7.585775750291836	0.011436890656062685	-179.99999926570126
7.655966069112561	0.011223621661531555	-179.9999992792928
7.726805850957022	0.011014412692103362	-179.99999929262927
7.798301105232586	0.010809183375423794	-179.9999993057155
7.870457896950985	0.010607855044653332	-179.99999931855638
7.943282347242813	0.010410350698045709	-179.99999933115663
8.01678063387679	0.010216594959637993	-179.9999993435208
8.090958991783822	0.010026514041016388	-179.99999935565356
8.165823713585922	0.009840035704123073	-179.99999936755924
8.241381150130021	0.009657089225070647	-179.99999937924227
8.317637711026709	0.009477605358932257	-179.99999939070685
8.394599865193973	0.009301516305476293	-179.9999994019572
8.472274141405963	0.009128755675815937	-179.99999941299743
8.550667128846833	0.00895925845994497	-179.9999994238315
8.629785477669701	0.008792960995132068	-179.9999994344634
8.709635899560805	0.008629800935146951	-179.99999944489696
8.790225168308842	0.008469717220292872	-179.99999945513596
8.871560120379607	0.008312650048220448	-179.99999946518415
8.953647655495937	0.008158540845499149	-179.9999994750451
9.036494737223014	0.008007332239923367	-179.9999994847224
9.120108393559097	0.007858968033530827	-179.9999994942195
9.204495717531712	0.007713393176311933	-179.9999995035399
9.289663867799362	0.007570553740589411	-179.99999951268688
9.375620069258803	0.00743039689604822	-179.9999995216638
9.462371613657929	0.007292870885396559	-179.99999953047376
9.549925860214358	0.007157925000639263	-179.99999953912004
9.638290236239705	0.00702550955994573	-179.99999954760568
9.727472237769652	0.006895575885094972	-179.99999955593373
9.817479430199844	0.006768076279481043	-179.99999956410716
9.908319448927676	0.006642964006662649	-179.9999995721289
10.	0.006520193269441326	-179.99999958000183
10.092528860766844	0.006399719189453005	-179.9999995877287
10.18591388054117	0.0062814977872584134	-179.9999995953123
10.280162981264736	0.00616548596291811	-179.99999960275534
10.375284158180126	0.00605164147703853	-179.99999961006043
10.471285480508996	0.005939922932275828	-179.99999961723017
10.568175092136585	0.0058302897552846835	-179.99999962426716
10.665961212302578	0.00572270217909974	-179.9999996311738
10.76465213629835	0.0056171212259376905	-179.9999996379526
10.864256236170656	0.005513508690408443	-179.999999644606
10.964781961431852	0.005411827123124097	-179.99999965113625
11.066237839776663	0.0053120398146949376	-179.99999965754574
11.168632477805613	0.005214110780101909	-179.9999996638367
11.271974561755105	0.005118004743435382	-179.99999967001133
11.37627285823431	0.005023687122990336	-179.99999967607187
11.481536214968829	0.004931124016708472	-179.9999996820204
11.587773561551263	0.004840282187957916	-179.999999687859
11.694993910198711	0.004751129051641611	-179.9999996935898
11.803206356517286	0.004663632660625674	-179.99999969921475
11.912420080273739	0.004577761692479267	-179.99999970473587
12.022644346174118	0.004493485436517954	-179.99999971015507
12.133888504649763	0.004410773781142376	-179.99999971547425
12.246161992650476	0.00432959720146484	-179.99999972069529
12.359474334445094	0.00424992674721616	-179.99999972582003
12.47383514242942	0.004171734030925653	-179.99999973085025
12.589254117941662	0.004094991216367244	-179.9999997357877
12.705741052085406	0.004019671007264834	-179.9999997406341
12.823305826560205	0.003945746636250441	-179.9999997453912
12.941958414499851	0.003873191854068577	-179.99999975006065
13.061708881318404	0.003801980919020763	-179.999999754644
13.182567385564061	0.0037320885866440664	-179.99999975914295
13.304544179780901	0.003663490099617831	-179.999999763559
13.427649611378628	0.003596161177892927	-179.99999976789374
13.551894123510351	0.003530078009037951	-179.99999977214867
13.67728825595848	0.0034652172387970434	-179.99999977632524
13.803842646028839	0.0034015559618540987	-179.99999978042496
13.931568029453022	0.003339071712798293	-179.99999978444922
14.060475241299129	0.0032777424572860143	-179.9999997883994
14.190575216890911	0.00321754658339441	-179.9999997922769
14.321878992735424	0.0031584628931618916	-179.99999979608307
14.454397707459265	0.0031004705943110927	-179.99999979981925
14.588142602753473	0.0030435492921498633	-179.9999998034867
14.723125024327178	0.0029876789816460463	-179.99999980708674
14.859356422870059	0.00293284003967187	-179.99999981062055
14.996848355023726	0.0028790132174139112	-179.9999998140894
15.135612484362072	0.0028261796329447047	-179.9999998174945
15.275660582380716	0.0027743207639521787	-179.99999982083705
15.417004529495584	0.002723418440623174	-179.99999982411813
15.559656316050734	0.002673454838677451	-179.99999982733894
15.703628043335515	0.0026244124725486487	-179.99999983050054
15.848931924611126	0.002576274188708759	-179.9999998336041
15.995580286146678	0.002529023159132798	-179.9999998366507
16.143585568264854	0.002482642874900406	-179.99999983964128
16.292960326397214	0.002437117139931222	-179.99999984257698
16.443717232149307	0.002392430064850944	-179.99999984545872
16.595869074375596	0.002348566060985096	-179.99999984828762
16.749428760264365	0.002305509834477546	-179.99999985106456
16.90440931643263	0.002263246380530965	-179.99999985379054
17.060823890031227	0.0022217609777664214	-179.99999985646647
17.21868574986006	0.0021810391826994477	-179.99999985909332
17.378008287493746	0.002141066824329904	-179.99999986167194
17.5388050184176	0.0021018299988431206	-179.99999986420326
17.701089583174202	0.002063315064419776	-179.99999986668814
17.864875748520497	0.0020255086361521176	-179.99999986912744
18.03017740859568	0.0019883975810641133	-179.99999987152196
18.197008586099827	0.0019519690132332526	-179.9999998738726
18.365383433483455	0.0019162102890117095	-179.99999987618014
18.535316234148105	0.0018811090023447001	-179.99999987844535
18.706821403657997	0.0018466529801838627	-179.999999880669
18.879913490962927	0.0018128302779935857	-179.99999988285194
19.054607179632463	0.0017796291753482333	-179.9999998849948
19.230917289101576	0.0017470381716182864	-179.99999988709843
19.408858775927772	0.0017150459817434557	-179.99999988916346
19.58844673505989	0.0016836415320908645	-179.99999989119064
19.769696401118598	0.001652813956396474	-179.9999998931807
19.952623149688787	0.0016225525917879216	-179.99999989513427
20.137242498623873	0.0015928469748870404	-179.99999989705202
20.32357010936221	0.0015636868379903194	-179.99999989893468
20.511621788255646	0.0015350621053256467	-179.99999990078283
20.701413487910415	0.0015069628893836892	-179.9999999025971
20.892961308540386	0.001479379487322314	-179.99999990437814
21.086281499332888	0.0014523023774425032	-179.99999990612656
21.28139045982711	0.0014257222157342227	-179.99999990784295
21.47830474130533	0.0013996298324907726	-179.9999999095279
21.67704104819694	0.0013740162289901643	-179.99999991118202
21.87761623949552	0.0013488725742421084	-179.9999999128058
22.080047330188993	0.0013241902017992278	-179.99999991439987
22.28435149270303	0.0012999606066311394	-179.99999991596476
22.490546058357804	0.0012761754420601026	-179.999999917501
22.698648518838212	0.0012528265167569218	-179.99999991900907
22.908676527677724	0.0012299057917958547	-179.99999992048959
23.12064790175594	0.0012074053777672996	-179.999999921943
23.33458062281002	0.0011853175319470508	-179.99999992336976
23.55049283896009	0.0011636346555209463	-179.9999999247704
23.76840286624876	0.0011423492908637656	-179.99999992614542
23.9883291901949	0.0011214541188712547	-179.9999999274953
24.210290467361776	0.001100941956344174	-179.99999992882044
24.434305526939713	0.0010808057534233014	-179.99999993012136
24.660393372343385	0.0010610385910743466	-179.99999993139846
24.888573182823905	0.0010416336786217455	-179.99999993265217
25.118864315095795	0.0010225843513303342	-179.99999993388295
25.351286304979073	0.0010038840680339255	-179.9999999350912
25.58585886905645	0.0009855264088098293	-179.9999999362774
25.82260190634596	0.0009675050726983793	-179.99999993744186
26.06153549998895	0.0009498138754665537	-179.99999993858498
26.302679918953814	0.0009324467474147882	-179.9999999397072
26.54605561975539	0.0009153977312261149	-179.99999994080895
26.791683248190314	0.0008986609798567584	-179.99999994189048
27.039583641088434	0.0008822307544673665	-179.99999994295226
27.289777828080403	0.0008661014223940389	-179.9999999439946
27.542287033381662	0.0008502674551583665	-179.9999999450179
27.797132677592884	0.000834723426515691	-179.99999994602246
28.05433637951713	0.0008194640105408158	-179.99999994700866
28.31391995799379	0.0008044839797504207	-179.99999994797682
28.575905433749465	0.0007897782032614462	-179.99999994892727
28.84031503126606	0.0007753416449847248	-179.99999994986032
29.10717118066605	0.0007611693618531616	-179.99999995077633
29.376496519615305	0.00074725650208377	-179.9999999516756
29.648313895243422	0.0007335983034728933	-179.99999995255843
29.92264636608189	0.0007201900917239509	-179.9999999534251
30.19951720402016	0.000707027278807066	-179.99999995427592
30.4789498962798	0.0006941053613499391	-179.9999999551112
30.76096814740705	0.0006814199190593501	-179.9999999559312
31.045595881283525	0.0006689666131726945	-179.99999995673622
31.332857243155825	0.0006567411849389405	-179.99999995752648
31.62277660168376	0.0006447394541284467	-179.99999995830234
31.91537855100758	0.000632957317571059	-179.99999995906398
32.21068791283432	0.0006213907477219426	-179.99999995981173
32.50872973854341	0.0006100357912545922	-179.9999999605458
32.80952931131187	0.0005988885676804981	-179.99999996126647
33.11311214825908	0.0005879452679949383	-179.9999999619739
33.41950400261139	0.0005772021533483947	-179.99999996266848
33.72873086588685	0.000566655553743079	-179.99999996335035
34.040818970100055	0.0005563018667540953	-179.99999996401974
34.35579478998743	0.0005461375562747432	-179.99999996467687
34.67368504525313	0.0005361591512855029	-179.99999996532202
34.994516702835696	0.0005263632446462358	-179.99999996595537
35.318316979195664	0.0005167464919111507	-179.99999996657715
35.64511334262439	0.0005073056101660957	-179.99999996718756
35.9749335155742	0.0004980373768877397	-179.99999996778683
36.3078054770101	0.0004889386288242224	-179.99999996837514
36.64375746478329	0.00048000626089685555	-179.9999999689527
36.98281797802659	0.0004712372251224711	-179.9999999695197
37.32501577957203	0.00046262852955601306	-179.99999997007635
37.670379898390856	0.0004541772372529877	-179.9999999706228
38.01893963205609	0.00044588046525138576	-179.99999997115933
38.370724549227845	0.00043773538357270335	-179.99999997168598
38.72576449216169	0.000429739214241693	-179.99999997220309
39.08408957924017	0.00042188923032448724	-179.9999999727107
39.44573020752781	0.0004141827549847387	-179.99999997320901
39.81071705534969	0.0004066171605574334	-179.99999997369827
40.17908108489396	0.0003991898676400375	-179.99999997417856
40.55085354483835	0.0003918983442006459	-179.99999997465005
40.92606597300105	0.00038474010470280687	-179.99999997511298
41.304750199016105	0.0003777127092467046	-179.99999997556745
41.68693834703351	0.0003708137627263866	-179.99999997601358
42.07266283844438	0.00036404091400272885	-179.9999999764516
42.46195639463126	0.0003573918550918405	-179.99999997688155
42.85485203974392	0.00035086432036861265	-179.9999999773037
43.251383103500835	0.0003444560857851211	-179.99999997771815
43.65158322401656	0.00033816496810360483	-179.999999978125
44.0554863506553	0.00033198882414373743	-179.99999997852444
44.46312674691084	0.00032592555004392514	-179.99999997891655
44.87453899331318	0.00031997308053636033	-179.99999997930152
45.28975799036204	0.00031412938823557294	-179.99999997967947
45.708818961487474	0.00030839248294022286	-179.9999999800505
46.13175745603791	0.0003027604109478811	-179.99999998041474
46.55860935229586	0.0002972312543825551	-179.99999998077234
46.98941086052151	0.0002918031305347159	-179.99999998112344
47.42419852602443	0.0002864741912135925	-179.99999998146808
47.8630092322638	0.0002812426221114999	-179.99999998180644
48.30588020397723	0.00027610664217997264	-179.9999999821386
48.7528490103386	0.0002710645030174834	-179.99999998246474
49.20395356814506	0.0002661144882685272	-179.9999999827849
49.65923214503358	0.000261254913033855	-179.99999998309923
50.118723362727195	0.0002564841232916496	-179.99999998340778
50.58246620031137	0.00025180049532943426	-179.99999998371072
51.0504999975406	0.0002472024351865165	-179.99999998400813
51.52286445817562	0.00024268837810676364	-179.9999999843001
51.99959965335157	0.00023825678800151962	-179.99999998458674
52.48074602497723	0.00023390615692247136	-179.99999998486814
52.966344389165755	0.00022963500454427696	-179.99999998514443
53.45643593969714	0.00022544187765677348	-179.99999998541563
53.95106225151273	0.00022132534966658375	-179.9999999856819
54.450265284242086	0.00021728402010794665	-179.9999999859433
54.95408738576243	0.00021331651416259744	-179.99999998619992
55.462571295791044	0.00020942148218852834	-179.99999998645188
55.97576014951099	0.00020559759925746338	-179.99999998669924
56.49369748123023	0.0002018435647008848	-179.99999998694204
57.01642722807472	0.00019815810166444952	-179.99999998718042
57.543993733715666	0.00019453995667064052	-179.99999998741447
58.07644175213118	0.00019098789918949773	-179.99999998764423
58.61381645140285	0.0001875007212172783	-179.9999999878698
59.15616341754737	0.00018407723686289745	-179.99999998809128
59.70352865838366	0.00018071628194200542	-179.99999998830867
60.255958607435744	0.00017741671357855723	-179.99999998852212
60.81350012787176	0.0001741774098137351	-179.99999998873164
61.37620051647939	0.0001709972692220886	-179.99999998893736
61.94410750767812	0.00016787521053475467	-179.99999998913933
62.51726927756855	0.0001648101722696279	-179.9999999893376
63.0957344480193	0.00016180111236835132	-179.99999998953223
63.67955209079155	0.0001588470078399997	-179.99999998972334
64.26877173170195	0.00015594685441133128	-179.99999998991095
64.86344335482381	0.0001530996661834867	-179.99999999009512
65.46361740672747	0.00015030447529501252	-179.99999999027594
66.06934480075958	0.0001475603315910951	-179.99999999045346
66.68067692136219	0.0001448663022988869	-179.99999999062774
67.29766562843174	0.00014222147170881284	-179.99999999079884
67.92036326171844	0.00013962494086174515	-179.99999999096678
68.54882264526613	0.00013707582724193916	-179.9999999911317
69.18309709189363	0.0001345732644756207	-179.9999999912936
69.82324040771712	0.00013211640203512263	-179.9999999914525
70.46930689671467	0.00012970440494846567	-179.99999999160855
71.12135136533288	0.0001273364535142832	-179.99999999176174
71.77942912713615	0.00012501174302199177	-179.99999999191212
72.44359600749898	0.00012272948347710858	-179.99999999205977
73.11390834834172	0.00012048889933162114	-179.99999999220472
73.79042301291008	0.00011828922921931632	-179.99999999234703
74.47319739059888	0.00011612972569597533	-179.99999999248672
75.16228940182053	0.00011400965498434588	-179.99999999262388
75.85775750291836	0.00011192829672380239	-179.99999999275852
76.55966069112561	0.00010988494372460777	-179.99999999289074
77.26805850957021	0.00010787890172669104	-179.99999999302048
77.98301105232578	0.0001059094891628585	-179.9999999931479
78.70457896950977	0.00010397603692635413	-179.99999999327298
79.43282347242805	0.00010207788814269248	-179.99999999339576
80.16780633876782	0.00010021439794568099	-179.99999999351633
80.90958991783813	0.00009838493325755682	-179.9999999936347
81.65823713585914	0.00009658887257316161	-179.99999999375086
82.41381150130013	0.00009482560574807946	-179.99999999386498
83.176377110267	0.00009309453379066487	-179.99999999397696
83.94599865193965	0.00009139506865788868	-179.9999999940869
84.72274141405954	0.00008972663305493217	-179.99999999419484
85.50667128846823	0.0000880886602384592	-179.9999999943008
86.29785477669692	0.00008648059382349928	-179.99999999440482
87.09635899560797	0.00008490188759387444	-179.99999999450696
87.90225168308834	0.00008335200531610493	-179.99999999460724
88.71560120379598	0.00008183042055672915	-179.99999999470566
89.53647655495928	0.00008033661650297524	-179.99999999480232
90.36494737223005	0.00007887008578672226	-179.9999999948972
91.20108393559087	0.00007743033031169047	-179.99999999499033
92.04495717531702	0.00007601686108380123	-179.9999999950818
92.89663867799354	0.00007462919804464766	-179.99999999517155
93.75620069258792	0.0000732668699080197	-179.9999999952597
94.6237161365792	0.00007192941399942622	-179.9999999953462
95.4992586021435	0.00007061637609855967	-179.99999999543118
96.38290236239695	0.00006932731028464873	-179.99999999551457
97.2747223776964	0.00006806177878464628	-179.99999999559645
98.17479430199833	0.00006681935182419978	-179.99999999567683
99.08319448927665	0.0000655996074813533	-179.99999999575573
99.9999999999999	0.00006440213154293109	-179.9999999958332