0.01000000000000001	0.00002467539088852249	-0.016576034228047522
0.010092528860766855	0.000024675391318755113	-0.01657603454507855
0.01018591388054118	0.000024675391756989072	-0.016576034868166774
0.010280162981264745	0.000024675392203373243	-0.016576035197431078
0.010375284158180138	0.00002467539265805926	-0.016576035532992833
0.010471285480509006	0.00002467539312120157	-0.0165760358749759
0.010568175092136596	0.00002467539359295749	-0.0165760362235067
0.01066596121230259	0.000024675394073487302	-0.016576036578714308
0.010764652136298361	0.00002467539456295423	-0.016576036940730458
0.010864256236170667	0.000024675395061524574	-0.01657603730968964
0.010964781961431863	0.000024675395569367694	-0.016576037685729135
0.011066237839776675	0.00002467539608665612	-0.01657603806898912
0.011168632477805623	0.000024675396613565615	-0.01657603845961271
0.011271974561755117	0.000024675397150275184	-0.016576038857745994
0.011376272858234322	0.00002467539769696718	-0.016576039263538175
0.01148153621496884	0.000024675398253827347	-0.01657603967714157
0.011587773561551273	0.000024675398821044898	-0.016576040098711754
0.011694993910198724	0.000024675399398812556	-0.016576040528407547
0.01180320635651731	0.000024675399987326647	-0.016576040966391203
0.011912420080273762	0.000024675400586787144	-0.01657604141282837
0.012022644346174144	0.000024675401197397752	-0.016576041867888247
0.012133888504649786	0.000024675401819365968	-0.016576042331743677
0.012246161992650502	0.00002467540245290314	-0.016576042804571166
0.01235947433444512	0.000024675403098224586	-0.016576043286551025
0.012473835142429446	0.0000246754037555496	-0.016576043777867464
0.012589254117941687	0.00002467540442510158	-0.016576044278708638
0.012705741052085433	0.000024675405107108087	-0.016576044789266785
0.012823305826560232	0.00002467540580180091	-0.016576045309738316
0.01294195841449987	0.000024675406509416176	-0.016576045840323902
0.013061708881318424	0.00002467540723019438	-0.016576046381228587
0.013182567385564082	0.000024675407964380543	-0.016576046932661907
0.01330454417978092	0.000024675408712224197	-0.016576047494837966
0.013427649611378649	0.000024675409473979582	-0.016576048067975586
0.01355189412351037	0.000024675410249905634	-0.016576048652298413
0.013677288255958502	0.000024675411040266128	-0.016576049248035
0.013803842646028859	0.000024675411845329755	-0.01657604985541901
0.013931568029453043	0.000024675412665370215	-0.01657605047468924
0.01406047524129915	0.000024675413500666328	-0.01657605110608985
0.014190575216890933	0.00002467541435150206	-0.01657605174987041
0.014321878992735446	0.00002467541521816672	-0.01657605240628611
0.014454397707459286	0.000024675416100955002	-0.01657605307559785
0.014588142602753497	0.000024675417000167073	-0.01657605375807243
0.014723125024327202	0.000024675417916108712	-0.016576054453982653
0.014859356422870082	0.000024675418849091387	-0.016576055163607505
0.014996848355023748	0.00002467541979943239	-0.01657605588723232
0.015135612484362095	0.000024675420767454943	-0.016576056625148956
0.015275660582380739	0.000024675421753488236	-0.0165760573776559
0.015417004529495607	0.00002467542275786766	-0.016576058145058525
0.015559656316050758	0.000024675423780934833	-0.016576058927669206
0.01570362804333554	0.000024675424823037754	-0.016576059725807567
0.015848931924611148	0.000024675425884530905	-0.01657606053980059
0.015995580286146702	0.000024675426965775378	-0.01657606136998287
0.016143585568264878	0.000024675428067139014	-0.016576062216696823
0.016292960326397238	0.00002467542918899651	-0.016576063080292865
0.01644371723214933	0.000024675430331729547	-0.01657606396112963
0.016595869074375623	0.000024675431495726953	-0.016576064859574198
0.01674942876026439	0.00002467543268138477	-0.016576065776002333
0.016904409316432657	0.00002467543388910647	-0.01657606671079872
0.017060823890031253	0.00002467543511930303	-0.01657606766435718
0.017218685749860088	0.000024675436372393095	-0.01657606863708095
0.017378008287493772	0.000024675437648803157	-0.01657606962938296
0.01753880501841763	0.000024675438948967635	-0.01657607064168603
0.01770108958317423	0.000024675440273329065	-0.016576071674423206
0.017864875748520526	0.000024675441622338264	-0.01657607272803805
0.018030177408595707	0.000024675442996454437	-0.016576073802984915
0.018197008586099853	0.000024675444396145385	-0.016576074899729207
0.018365383433483484	0.000024675445821887637	-0.016576076018747787
0.018535316234148135	0.00002467544727416663	-0.01657607716052924
0.018706821403658026	0.000024675448753476836	-0.016576078325574194
0.018879913490962956	0.00002467545026032202	-0.016576079514395728
0.019054607179632494	0.000024675451795215304	-0.016576080727519663
0.019230917289101597	0.000024675453358679428	-0.016576081965484993
0.019408858775927792	0.00002467545495124688	-0.016576083228844216
0.01958844673505991	0.0000246754565734601	-0.016576084518163746
0.01976969640111862	0.000024675458225871686	-0.016576085834024343
0.01995262314968881	0.000024675459909044547	-0.016576087177021515
0.020137242498623895	0.000024675461623552104	-0.01657608854776595
0.02032357010936223	0.000024675463369978523	-0.016576089946883976
0.020511621788255666	0.000024675465148918864	-0.01657609137501802
0.020701413487910436	0.00002467546696097933	-0.016576092832827127
0.02089296130854041	0.000024675468806777456	-0.016576094320987417
0.02108628149933291	0.000024675470686942327	-0.016576095840192605
0.021281390459827135	0.00002467547260211478	-0.016576097391154555
0.021478304741305354	0.000024675474552947665	-0.016576098974603853
0.02167704104819696	0.00002467547654010602	-0.016576100591290326
0.02187761623949554	0.000024675478564267333	-0.01657610224198368
0.022080047330189013	0.0000246754806261218	-0.016576103927474124
0.022284351492703053	0.00002467548272637248	-0.01657610564857295
0.022490546058357826	0.000024675484865735625	-0.016576107406113264
0.022698648518838235	0.000024675487044940887	-0.016576109200950602
0.022908676527677748	0.000024675489264731587	-0.016576111033963715
0.023120647901755963	0.000024675491525864945	-0.01657611290605522
0.023334580622810044	0.000024675493829112378	-0.016576114818152438
0.023550492838960112	0.000024675496175259747	-0.016576116771208117
0.023768402866248782	0.000024675498565107632	-0.016576118766201315
0.02398832919019492	0.000024675500999471615	-0.016576120804138176
0.0242102904673618	0.000024675503479182553	-0.016576122886052893
0.02443430552693974	0.000024675506005086878	-0.01657612501300852
0.024660393372343412	0.000024675508578046898	-0.016576127186098022
0.02488857318282393	0.000024675511198941064	-0.01657612940644518
0.025118864315095822	0.0000246755138686643	-0.01657613167520563
0.025351286304979098	0.000024675516588128353	-0.016576133993567957
0.02558585886905648	0.00002467551935826201	-0.016576136362754734
0.025822601906345985	0.000024675522180011528	-0.016576138784023697
0.026061535499988978	0.000024675525054340893	-0.016576141258668912
0.026302679918953843	0.00002467552798223217	-0.016576143788022
0.026546055619755416	0.000024675530964685898	-0.01657614637345342
0.026791683248190343	0.000024675534002721365	-0.016576149016373797
0.027039583641088463	0.000024675537097377	-0.016576151718235267
0.027289777828080432	0.00002467554024971074	-0.016576154480532953
0.02754228703338169	0.0000246755434608004	-0.016576157304806393
0.02779713267759291	0.000024675546731744035	-0.01657616019264112
0.02805433637951716	0.00002467555006366032	-0.016576163145670234
0.028313919957993816	0.00002467555345768898	-0.01657616616557611
0.028575905433749497	0.00002467555691499116	-0.016576169254092093
0.028840315031266085	0.00002467556043674981	-0.016576172413004266
0.02910717118066608	0.000024675564024170183	-0.016576175644153434
0.029376496519615335	0.000024675567678480148	-0.016576178949436922
0.029648313895243455	0.000024675571400930698	-0.01657618233081072
0.02992264636608192	0.000024675575192796387	-0.01657618579029151
0.030199517204020192	0.00002467557905537575	-0.016576189329958916
0.03047894989627986	0.000024675582989991738	-0.016576192951957718
0.03076096814740711	0.000024675586997992277	-0.016576196658500287
0.031045595881283587	0.000024675591080750656	-0.016576200451869014
0.03133285724315589	0.000024675595239666032	-0.01657620433441888
0.031622776601683826	0.00002467559947616396	-0.01657620830858018
0.03191537855100765	0.000024675603791696847	-0.016576212376861233
0.03221068791283438	0.000024675608187744507	-0.016576216541851346
0.03250872973854347	0.000024675612665814667	-0.01657622080622381
0.03280952931131194	0.000024675617227443506	-0.016576225172739056
0.03311311214825915	0.000024675621874196185	-0.016576229644247927
0.03341950400261146	0.00002467562660766744	-0.01657623422369513
0.03372873086588692	0.00002467563142948211	-0.016576238914122743
0.034040818970100126	0.00002467563634129573	-0.016576243718673975
0.0343557947899875	0.000024675641344795136	-0.016576248640597036
0.0346736850452532	0.000024675646441699046	-0.016576253683249154
0.034994516702835765	0.000024675651633758692	-0.016576258850100823
0.035318316979195734	0.000024675656922758422	-0.016576264144740147
0.03564511334262446	0.00002467566231051635	-0.016576269570877444
0.03597493351557427	0.00002467566779888502	-0.016576275132350052
0.03630780547701017	0.000024675673389752074	-0.016576280833127316
0.03664375746478335	0.000024675679085040886	-0.016576286677315744
0.03698281797802665	0.000024675684886711302	-0.016576292669164487
0.037325015779572084	0.00002467569079676032	-0.016576298813071027
0.037670379898390914	0.000024675696817222823	-0.01657630511358706
0.038018939632056145	0.0000246757029501723	-0.016576311575424718
0.0383707245492279	0.00002467570919772161	-0.01657631820346302
0.038725764492161745	0.00002467571556202373	-0.01657632500275464
0.03908408957924023	0.000024675722045272554	-0.016576331978532945
0.03944573020752787	0.00002467572864970366	-0.01657633913621937
0.039810717055349755	0.000024675735377595162	-0.016576346481431158
0.04017908108489402	0.0000246757422312685	-0.01657635401998936
0.040550853544838415	0.000024675749213089304	-0.01657636175792731
0.040926065973001115	0.00002467575632546826	-0.01657636970149942
0.041304750199016166	0.000024675763570861996	-0.016576377857190402
0.04168693834703357	0.00002467577095177395	-0.016576386231724857
0.04207266283844444	0.000024675778470755327	-0.016576394832077443
0.04246195639463132	0.000024675786130405988	-0.016576403665483335
0.042854852039743985	0.000024675793933375487	-0.016576412739449396
0.04325138310350091	0.000024675801882363936	-0.016576422061765596
0.04365158322401663	0.000024675809980123107	-0.016576431640517215
0.044055486350655364	0.00002467581822945737	-0.016576441484097502
0.04446312674691091	0.00002467582663322479	-0.016576451601220933
0.04487453899331325	0.000024675835194338148	-0.016576462000937153
0.04528975799036211	0.000024675843915766028	-0.016576472692645495
0.04570881896148754	0.000024675852800533963	-0.01657648368611036
0.04613175745603798	0.0000246758618517255	-0.016576494991477106
0.04655860935229591	0.000024675871072483397	-0.01657650661928892
0.04698941086052156	0.00002467588046601081	-0.016576518580504407
0.04742419852602448	0.00002467589003557245	-0.016576530886516023
0.04786300923226385	0.00002467589978449585	-0.016576543549169445
0.04830588020397728	0.000024675909716172608	-0.01657655658078392
0.04875284901033865	0.000024675919834059676	-0.016576569994173576
0.04920395356814511	0.000024675930141680647	-0.016576583802669777
0.04965923214503363	0.00002467594064262713	-0.016576598020144676
0.05011872336272725	0.000024675951340560098	-0.01657661266103582
0.05058246620031143	0.000024675962239211267	-0.016576627740372142
0.051050499997540646	0.000024675973342384573	-0.016576643273801133
0.05152286445817567	0.00002467598465395758	-0.016576659277617457
0.05199959965335162	0.000024675996177883022	-0.016576675768793063
0.052480746024977286	0.000024676007918190282	-0.016576692765008724
0.05296634438916581	0.000024676019878986985	-0.016576710284687334
0.05345643593969719	0.000024676032064460593	-0.01657672834702881
0.05395106225151279	0.00002467604447888001	-0.016576746972046905
0.05445026528424214	0.00002467605712659726	-0.01657676618060784
0.05495408738576248	0.000024676070012049217	-0.016576785994471082
0.0554625712957911	0.000024676083139759324	-0.01657680643633215
0.05597576014951104	0.000024676096514339383	-0.016576827529867756
0.05649369748123028	0.000024676110140491388	-0.016576849299783376
0.05701642722807478	0.000024676124023009377	-0.016576871771863243
0.05754399373371572	0.00002467613816678136	-0.01657689497302318
0.05807644175213124	0.000024676152576791285	-0.01657691893136616
0.05861381645140291	0.000024676167258121004	-0.016576943676240952
0.05915616341754743	0.00002467618221595236	-0.016576969238303943
0.05970352865838372	0.00002467619745556927	-0.01657699564958433
0.06025595860743581	0.00002467621298235985	-0.01657702294355293
0.060813500127871824	0.000024676228801818673	-0.016577051155194825
0.061376200516479455	0.000024676244919548972	-0.01657708032108597
0.06194410750767818	0.000024676261341264973	-0.016577110479474157
0.06251726927756862	0.000024676278072794245	-0.016577141670364535
0.06309573444801936	0.00002467629512008014	-0.016577173935609923
0.06367955209079162	0.00002467631248918425	-0.016577207319006255
0.064268771731702	0.000024676330186289	-0.016577241866393602
0.06486344335482389	0.000024676348217700198	-0.0165772776257628
0.06546361740672754	0.00002467636658984976	-0.016577314647368453
0.06606934480075964	0.00002467638530929842	-0.016577352983848322
0.06668067692136226	0.000024676404382738563	-0.016577392690349836
0.06729766562843183	0.00002467642381699712	-0.016577433824664
0.0679203632617185	0.000024676443619038496	-0.01657747644736714
0.0685488226452662	0.000024676463795967627	-0.01657752062197119
0.0691830970918937	0.000024676484355033134	-0.016577566415082984
0.06982324040771719	0.000024676505303630473	-0.016577613896572998
0.07046930689671474	0.000024676526649305263	-0.016577663139754468
0.07112135136533296	0.00002467654839975663	-0.016577714221573257
0.07177942912713622	0.000024676570562840717	-0.01657776722280955
0.07244359600749906	0.00002467659314657424	-0.01657782222829189
0.0731139083483418	0.000024676616159138125	-0.01657787932712437
0.07379042301291015	0.000024676639608881327	-0.01657793861292828
0.07447319739059896	0.00002467666350432468	-0.01657800018409874
0.07516228940182061	0.00002467668785416487	-0.01657806414407752
0.07585775750291844	0.000024676712667278576	-0.016578130601643516
0.07655966069112569	0.000024676737952726662	-0.01657819967122147
0.07726805850957029	0.00002467676371975856	-0.016578271473210834
0.07798301105232593	0.000024676789977816688	-0.016578346134335807
0.07870457896950993	0.000024676816736541156	-0.016578423788018597
0.07943282347242822	0.00002467684400577442	-0.01657850457477667
0.08016780633876798	0.000024676871795566248	-0.016578588642646837
0.0809095899178383	0.000024676900116178772	-0.01657867614763739
0.0816582371358593	0.000024676928978091656	-0.01657876725421048
0.0824138115013003	0.000024676958392007525	-0.016578862135797477
0.08317637711026717	0.000024676988368857497	-0.01657896097534909
0.08394599865193982	0.000024677018919806908	-0.01657906396592328
0.08472274141405972	0.000024677050056261264	-0.016579171311314117
0.08550667128846841	0.000024677081789872338	-0.016579283226723807
0.0862978547766971	0.000024677114132544525	-0.016579399939482528
0.08709635899560814	0.00002467714709644137	-0.01657952168981847
0.08790225168308852	0.000024677180693992346	-0.01657964873168321
0.08871560120379617	0.00002467721493789991	-0.016579781333635926
0.08953647655495947	0.000024677249841146714	-0.016579919779791574
0.09036494737223023	0.00002467728541700318	-0.01658006437083836
0.09120108393559107	0.00002467732167903529	-0.01658021542512949
0.09204495717531722	0.000024677358641112713	-0.016580373279856123
0.09289663867799372	0.000024677396317417165	-0.01658053829230738
0.09375620069258811	0.000024677434722451194	-0.016580710841225414
0.09462371613657934	0.00002467747387104723	-0.016580891328263007
0.09549925860214364	0.00002467751377837701	-0.016581080179552683
0.0963829023623971	0.00002467755445996141	-0.016581277847396554
0.09727472237769656	0.000024677595931680662	-0.016581484812087762
0.09817479430199849	0.00002467763820978497	-0.016581701583874522
0.09908319448927681	0.00002467768131090561	-0.016581928705079418
0.10000000000000005	0.000024677725252066496	-0.01658216675238768
0.10092528860766849	0.000024677770050696268	-0.016582416339320036
0.10185913880541175	0.00002467781572464084	-0.016582678118905438
0.10280162981264741	0.000024677862292176615	-0.016582952786573575
0.10375284158180131	0.00002467790977202427	-0.016583241083285953
0.10471285480509002	0.000024677958183363133	-0.01658354379892853
0.1056817509213659	0.000024678007545846275	-0.016583861775989247
0.10665961212302584	0.000024678057879616413	-0.016584195913549572
0.10764652136298355	0.000024678109205322424	-0.016584547171617364
0.10864256236170661	0.000024678161544136822	-0.01658491657583527
0.10964781961431856	0.000024678214917774068	-0.016585305222602025
0.1106623783977667	0.00002467826934850986	-0.01658571428464524
0.11168632477805618	0.00002467832485920137	-0.016586145017092033
0.1127197456175511	0.000024678381473308667	-0.016586598764087343
0.11376272858234315	0.000024678439214917196	-0.016587076966014202
0.11481536214968835	0.000024678498108761604	-0.01658758116737955
0.11587773561551268	0.000024678558180250884	-0.016588113025432807
0.11694993910198717	0.00002467861945549492	-0.016588674319595098
0.11803206356517304	0.000024678681961332694	-0.01658926696178386
0.11912420080273756	0.000024678745725362053	-0.01658989300773028
0.12022644346174137	0.000024678810775971422	-0.016590554669394745
0.1213388850464978	0.00002467887714237337	-0.01659125432860281
0.12246161992650495	0.000024678944854640427	-0.016591994552035683
0.12359474334445113	0.000024679013943743054	-0.016592778107726795
0.12473835142429439	0.00002467908444159025	-0.016593607983235267
0.1258925411794168	0.00002467915638107282	-0.016594487405690816
0.12705741052085426	0.000024679229796109586	-0.016595419863923613
0.12823305826560225	0.000024679304721696832	-0.01659640913292795
0.1294195841449987	0.000024679381193961252	-0.016597459300935553
0.13061708881318423	0.00002467945925021671	-0.01659857479941404
0.1318256738556408	0.000024679538929025242	-0.01659976043634837
0.13304544179780922	0.000024679620270262482	-0.016601021433209514
0.13427649611378642	0.000024679703315188344	-0.016602363466077612
0.13551894123510363	0.000024679788106522946	-0.01660379271144123
0.13677288255958495	0.00002467987468852879	-0.016605315897281335
0.13803842646028852	0.000024679963107099466	-0.016606940360127227
0.13931568029453034	0.00002468005340985574	-0.016608674108876963
0.14060475241299142	0.000024680145646249748	-0.016610525896292538
0.14190575216890927	0.00002468023986767809	-0.016612505299214795
0.1432187899273544	0.000024680336127604866	-0.016614622808708027
0.1445439770745928	0.0000246804344816957	-0.016616889931526227
0.1458814260275349	0.000024680534987963853	-0.016619319304519608
0.14723125024327194	0.000024680637706930106	-0.016621924823856025
0.14859356422870074	0.00002468074270179751	-0.016624721791237272
0.1499684835502374	0.000024680850038643174	-0.016627727079652332
0.15135612484362088	0.00002468095978662883	-0.01663095932164177
0.15275660582380732	0.000024681072018232503	-0.016634439123544714
0.154170045294956	0.000024681186809503938	-0.016638189309832727
0.1555965631605075	0.00002468130424034654	-0.016642235202311673
0.15703628043335532	0.00002468142439482938	-0.0166466049399037
0.15848931924611143	0.000024681547361532967	-0.016651329845702105
0.15995580286146696	0.000024681673233933245	-0.016656444849294665
0.1614358556826487	0.00002468180211082891	-0.016661988973848144
0.1629296032639723	0.000024681934096817832	-0.01666800589929803
0.16443717232149324	0.00002468206930282928	-0.016674544615225082
0.16595869074375613	0.000024682207846719845	-0.016681660179757606
0.16749428760264382	0.000024682349853941975	-0.01668941460419134
0.1690440931643265	0.0000246824954582956	-0.016697877887138893
0.17060823890031243	0.000024682644802775005	-0.016707129227176636
0.17218685749860077	0.00002468279804052518	-0.016717258449252273
0.17378008287493762	0.000024682955335924052	-0.016728367688018008
0.1753880501841762	0.000024683116865809985	-0.016740573381193384
0.1770108958317422	0.000024683282820877087	-0.01675400863835443
0.17864875748520517	0.000024683453407264842	-0.016768826066347445
0.180301774085957	0.00002468362884837292	-0.016785201152292803
0.18197008586099844	0.000024683809386937722	-0.016803336330550315
0.18365383433483473	0.00002468399528741296	-0.01682346589238243
0.18535316234148125	0.000024684186838704372	-0.016845861938973913
0.18706821403658017	0.000024684384357316698	-0.016870841632448477
0.18879913490962946	0.000024684588190980476	-0.016898776070155976
0.19054607179632482	0.0000246847987228371	-0.01693010119967954
0.19230917289101596	0.000024685016376271783	-0.016965331313863456
0.19408858775927793	0.000024685241620495308	-0.017005075826232705
0.19588446735059908	0.00002468547497698646	-0.017050060242418032
0.1976969640111862	0.00002468571702691348	-0.0171011525318922
0.19952623149688808	0.00002468596841965265	-0.0171593964940549
0.20137242498623895	0.00002468622988250687	-0.01722605424253737
0.2032357010936223	0.000024686502231684335	-0.017302660655410293
0.20511621788255666	0.000024686786384506894	-0.017391093633399125
0.20701413487910436	0.000024687083372642123	-0.017493665381549388
0.2089296130854041	0.0000246873943558309	-0.01761324183041746
0.2108628149933291	0.000024687720635009015	-0.017753399952415268
0.21281390459827135	0.00002468806366271262	-0.01791863638215776
0.21478304741305343	0.00002468842504690322	-0.0181146457818153
0.21677041048196952	0.000024688806541304573	-0.018348694219185707
0.2187761623949553	0.000024689210010071393	-0.01863012182125168
0.22080047330189004	0.00002468963734548127	-0.018971020135584254
0.22284351492703042	0.000024690090301551053	-0.019387141756326116
0.22490546058357816	0.000024690570179294122	-0.019899108292571018
0.22698648518838224	0.00002469107725307149	-0.02053397477230637
0.22908676527677735	0.00002469160975076257	-0.021327151458485887
0.23120647901755953	0.00002469216208002627	-0.02232450103532382
0.23334580622810033	0.000024692721825931092	-0.023583951669184446
0.23550492838960102	0.000024693264885223594	-0.025174860693262975
0.23768402866248772	0.00002469374819356774	-0.027171094753243353
0.2398832919019491	0.00002469410058353313	-0.02962997188476999
0.2421029046736179	0.00002469421599704545	-0.03254543840336278
0.24434305526939726	0.0000246939612898827	-0.03576880591895015
0.246603933723434	0.00002469321921531702	-0.038924335405076095
0.24888573182823917	0.000024691974380352287	-0.041417323030512494
0.25118864315095807	0.000024690390677872424	-0.04265025479181146
0.2535128630497908	0.000024688778182975962	-0.04236880454579407
0.25585858869056466	0.000024687437618641597	-0.04081277289412191
0.2582260190634597	0.000024686524450357512	-0.03851484007894976
0.26061535499988964	0.000024686039549724214	-0.035989622505058536
0.2630267991895383	0.000024685900242658195	-0.03357303644891812
0.26546055619755404	0.000024686007019420293	-0.03142351085835063
0.2679168324819033	0.000024686276069646703	-0.02958428423529336
0.2703958364108845	0.00002468664682395094	-0.02804066484377909
0.2728977782808042	0.000024687078874477766	-0.026755539522296173
0.27542287033381674	0.000024687546488574265	-0.025687317768872744
0.277971326775929	0.000024688033788455376	-0.024797573929439803
0.2805433637951715	0.00002468853125000734	-0.024053541141414822
0.28313919957993805	0.000024689033358316316	-0.02342832684837055
0.2857590543374948	0.000024689537097554014	-0.02290026373215102
0.2884031503126607	0.000024690040996315008	-0.022452033380057367
0.29107171180666064	0.00002469054452926201	-0.022069822428956803
0.2937649651961532	0.000024691047743506503	-0.021742599032995812
0.2964831389524344	0.000024691551025823397	-0.02146152453890455
0.29922646366081906	0.000024692054958033973	-0.02121948760487181
0.30199517204020176	0.000024692560227679317	-0.021010740091528844
0.30478949896279844	0.00002469306757345996	-0.020830614118950864
0.307609681474071	0.000024693577752591996	-0.020675302510335072
0.3104559588128357	0.000024694091522001936	-0.020541688231484865
0.3133285724315587	0.000024694609628258916	-0.02042721155290441
0.3162277660168381	0.000024695132803012185	-0.02032976625038719
0.31915378551007634	0.000024695661761879968	-0.02024761821526517
0.3221068791283436	0.000024696197205485766	-0.020179341431912273
0.32508729738543457	0.000024696739821815286	-0.020123767492889064
0.3280952931131192	0.000024697290289377637	-0.020079945738715577
0.3311311214825913	0.000024697849280850426	-0.020047111808043923
0.33419504002611444	0.00002469841746702092	-0.02002466290948619
0.3372873086588691	0.000024698995520917963	-0.020012138531499742
0.34040818970100106	0.000024699584122086978	-0.020009205614333656
0.34355794789987465	0.000024700183960997677	-0.020015647448902805
0.34673685045253166	0.000024700795743600137	-0.02003135575608225
0.3499451670283573	0.000024701420196064046	-0.02005632555117891
0.353183169791957	0.000024702058069749714	-0.020090652523450724
0.35645113342624424	0.000024702710146472763	-0.02013453276591101
0.3597493351557423	0.00002470337724413421	-0.020188264785833167
0.36307805477010135	0.000024704060222800406	-0.020252253813486124
0.36643757464783333	0.000024704759991328566	-0.020327018514257778
0.3698281797802663	0.000024705477514647688	-0.02041320029982516
0.3732501577957206	0.000024706213821821225	-0.02051157553331957
0.37670379898390893	0.000024706970015035404	-0.02062307103799427
0.38018939632056126	0.000024707747279679897	-0.020748783453789315
0.38370724549227886	0.000024708546895712376	-0.020890003151090384
0.3872576449216173	0.00002470937025052912	-0.02104824361513958
0.3908408957924021	0.000024710218853596553	-0.0212252774732313
0.39445730207527846	0.0000247110943531396	-0.021423180665415948
0.3981071705534973	0.00002471199855522393	-0.02164438668513414
0.40179081084894	0.000024712933445617724	-0.02189175336857996
0.40550853544838394	0.00002471390121486481	-0.022168645437181334
0.40926065973001097	0.00002471490428704572	-0.02247903695553889
0.41304750199016144	0.000024715945352733564	-0.022827639142635817
0.4168693834703355	0.000024717027406655437	-0.02322006068278065
0.4207266283844442	0.00002471815379051735	-0.0236630099888198
0.424619563946313	0.000024719328241297846	-0.024164552001853773
0.4285485203974396	0.000024720554944984575	-0.02473443639324789
0.43251383103500884	0.000024721838595084608	-0.025384519922683577
0.4365158322401661	0.0000247231844540638	-0.026129313846557273
0.44055486350655343	0.000024724598413776345	-0.026986698574352732
0.4446312674691088	0.000024726087047290464	-0.0279788635040214
0.4487453899331323	0.000024727657638167473	-0.029133551863096147
0.4528975799036209	0.000024729318162284496	-0.03048572070800051
0.4570881896148752	0.00002473107717831972	-0.032079767716978104
0.46131757456037953	0.000024732943550135674	-0.03397253168282722
0.4655860935229591	0.000024734925867128585	-0.03623734336261527
0.4698941086052156	0.000024737031329011814	-0.03896948121129756
0.4742419852602448	0.000024739263688099908	-0.042293445968251006
0.47863009232263853	0.00002474161954243387	-0.04637243014170735
0.48305880203977286	0.0000247440817652641	-0.051420015684395005
0.4875284901033865	0.00002474660803498843	-0.057712977655680966
0.4920395356814511	0.000024749111237574093	-0.06560093678142939
0.49659232145033627	0.000024751427250270625	-0.07550104127488967
0.5011872336272725	0.00002475326593326758	-0.08784958908456024
0.5058246620031143	0.00002475414858261959	-0.10295343760046789
0.5105049999754064	0.00002475336290922862	-0.12065236523851756
0.5152286445817567	0.000024750031328384137	-0.1397387705793048
0.5199959965335162	0.000024743458663847764	-0.15736373938217046
0.5248074602497729	0.00002473380463883668	-0.16926236577210677
0.5296634438916581	0.000024722586314059425	-0.17169147575394167
0.5345643593969719	0.000024712163476059787	-0.1640486191167441
0.5395106225151278	0.00002470439148264201	-0.1492871790240708
0.5445026528424215	0.000024699820151402936	-0.13164045936650154
0.5495408738576248	0.000024697987913572272	-0.11435753460587311
0.5546257129579107	0.000024698090071285865	-0.09908108138652501
0.5597576014951101	0.000024699401265254936	-0.08627929688141624
0.5649369748123025	0.000024701401860082913	-0.07582441604402586
0.5701642722807475	0.000024703759903305886	-0.06737269384756282
0.5754399373371569	0.000024706277048864705	-0.0605502262950266
0.580764417521312	0.000024708840397259475	-0.05502484256779485
0.5861381645140288	0.00002471138882372775	-0.05052449791239696
0.591561634175474	0.000024713891626048607	-0.04683446337187787
0.5970352865838369	0.000024716335588372434	-0.043787980069214846
0.6025595860743578	0.000024718717317663475	-0.041256258673055074
0.6081350012787179	0.00002472103875720612	-0.03913981068009943
0.6137620051647943	0.000024723304581139824	-0.037361525327570914
0.6194410750767815	0.000024725520694411922	-0.03586134451080235
0.6251726927756859	0.000024727693380198722	-0.03459223766886905
0.6309573444801934	0.000024729828825386686	-0.03351718045105436
0.6367955209079159	0.000024731932865379803	-0.03260688929610236
0.6426877173170198	0.00002473401085428301	-0.03183811851723105
0.6486344335482385	0.000024736067604476005	-0.031192373676955525
0.654636174067275	0.000024738107361883428	-0.030654931992136966
0.6606934480075961	0.000024740133796345002	-0.030214087913804002
0.6668067692136223	0.00002474214999418422	-0.029860561485071095
0.6729766562843178	0.000024744158444614192	-0.029587020129462627
0.6792036326171846	0.000024746161014410623	-0.029387672315315087
0.6854882264526617	0.00002474815890730405	-0.029257894809065918
0.6918309709189366	0.000024750152606659357	-0.029193854376477358
0.6982324040771715	0.000024752141803185303	-0.029192080132248287
0.7046930689671471	0.00002475412531497701	-0.029248934978046013
0.7112135136533292	0.00002475610101699185	-0.029359925773592255
0.7177942912713619	0.000024758065813512184	-0.02951878729576377
0.7244359600749902	0.00002476001571267239	-0.029716286086149415
0.7311390834834176	0.000024761946097143197	-0.02993873851970538
0.7379042301291011	0.00002476385232318056	-0.030166356853766153
0.7447319739059892	0.000024765730799482355	-0.030371766827649603
0.7516228940182057	0.00002476758064981735	-0.03051939171777953
0.758577575029184	0.000024769405877126697	-0.03056677667287852
0.7655966069112565	0.00002477121756933962	-0.03046903292612465
0.7726805850957026	0.000024773035199126333	-0.030186911632495712
0.7798301105232589	0.00002477488580996291	-0.02969722855816051
0.7870457896950989	0.000024776800355835864	-0.02900202149887511
0.7943282347242817	0.00002477880783130485	-0.028131763189772774
0.8016780633876793	0.000024780929339441245	-0.027139965193180796
0.8090958991783825	0.000024783174590168687	-0.026090950049939287
0.8165823713585927	0.00002478554201424725	-0.025046116664213337
0.8241381150130026	0.000024788021757898313	-0.02405394655285561
0.8317637711026713	0.000024790599750986824	-0.023145974643686607
0.8394599865193977	0.000024793261250749273	-0.022337790920847898
0.8472274141405968	0.00002479599312344085	-0.021632724599307002
0.8550667128846836	0.00002479878488216868	-0.021026101228511503
0.8629785477669706	0.000024801628852139997	-0.02050886679276352
0.870963589956081	0.000024804519865947977	-0.02007018058906596
0.8790225168308847	0.000024807454782281585	-0.019699040782081935
0.8871560120379608	0.000024810431996097167	-0.01938517795969896
0.8953647655495938	0.000024813451016003578	-0.01911946234979171
0.9036494737223014	0.00002481651213050563	-0.018894018910366614
0.9120108393559097	0.000024819616158509954	-0.01870218376841182
0.9204495717531712	0.00002482276426967349	-0.01853838561892572
0.9289663867799363	0.000024825957858591574	-0.018398000629796865
0.9375620069258802	0.000024829198458687373	-0.01827720689757285
0.946237161365793	0.000024832487684529643	-0.01817285098489048
0.9549925860214359	0.00002483582719408974	-0.018082331410473523
0.9638290236239705	0.000024839218664764806	-0.018003499889280378
0.9727472237769651	0.000024842663778780415	-0.01793457914011018
0.9817479430199844	0.00002484616421490452	-0.01787409526517641
0.9908319448927676	0.000024849721644350924	-0.01782082251088014
1.	0.000024853337729418115	-0.017773738326306566
1.0092528860766845	0.000024857014123875368	-0.01773198687197707
1.0185913880541169	0.00002486075247442936	-0.01769484940444836
1.0280162981264735	0.00002486455442282603	-0.017661720227213924
1.0375284158180127	0.000024868421608292894	-0.017632087135207915
1.0471285480508996	0.000024872355670131098	-0.0176055154827623
1.0568175092136585	0.000024876358250334506	-0.017581635173465605
1.066596121230258	0.000024880430996161577	-0.01756013000828231
1.076465213629835	0.000024884575562615832	-0.017540728939909527
1.0864256236170655	0.000024888793614812392	-0.017523198871034526
1.096478196143185	0.00002489308683022074	-0.017507338705920413
1.1066237839776665	0.0000248974569007833	-0.017492974422027692
1.1168632477805611	0.000024901905534913663	-0.017479954974070816
1.1271974561755105	0.000024906434459382704	-0.017468148879332138
1.1376272858234309	0.000024911045421101382	-0.017457441362137845
1.1481536214968828	0.000024915740188809992	-0.017447731958646972
1.1587773561551262	0.000024920520554684436	-0.01743893250168632
1.1694993910198712	0.000024925388335868605	-0.017430965420314783
1.1803206356517297	0.000024930345375942486	-0.017423762300780528
1.191242008027375	0.000024935393546334492	-0.017417262665216714
1.2022644346174132	0.00002494053474768584	-0.017411412932236154
1.2133888504649775	0.000024945770911174496	-0.017406165529913642
1.224616199265049	0.00002495110399980512	-0.01740147813679621
1.2359474334445106	0.000024956536009671204	-0.017397313030768264
1.2473835142429432	0.00002496206897119466	-0.017393636529023676
1.2589254117941675	0.000024967704950348282	-0.017390418505201816
1.270574105208542	0.000024973446049865002	-0.01738763197204879
1.2823305826560218	0.000024979294410438573	-0.0173852527198605
1.2941958414499863	0.000024985252211919158	-0.01738325900253311
1.3061708881318417	0.00002499132167450735	-0.017381631264340728
1.3182567385564075	0.000024997505059949668	-0.01738035190164205
1.3304544179780915	0.00002500380467273861	-0.01737940505460778
1.3427649611378643	0.000025010222861319696	-0.017378776424813357
1.3551894123510364	0.000025016762019308292	-0.017378453115165025
1.3677288255958495	0.000025023424586718236	-0.017378423489152067
1.3803842646028852	0.000025030213051204665	-0.017378677046858543
1.3931568029453034	0.000025037129949323005	-0.01737920431554116
1.4060475241299142	0.000025044177867806237	-0.01737999675288844
1.4190575216890926	0.000025051359444861985	-0.017381046661351113
1.432187899273544	0.000025058677371491698	-0.01738234711214638
1.4454397707459279	0.00002506613439283321	-0.0173838918777421
1.4588142602753489	0.000025073733309528696	-0.0173856753717812
1.4723125024327193	0.00002508147697911958	-0.01738769259555005
1.4859356422870074	0.000025089368317469883	-0.017389939090213222
1.499684835502374	0.000025097410300219903	-0.017392410894136283
1.5135612484362087	0.000025105605964271576	-0.0173951045047104
1.5275660582380732	0.00002511395840930722	-0.017398016844162773
1.54170045294956	0.000025122470799343288	-0.017401145228906373
1.555965631605075	0.000025131146364320563	-0.017404487342035233
1.5703628043335531	0.000025139988401732647	-0.01740804120862185
1.584893192461114	0.00002514900027829425	-0.017411805173514535
1.5995580286146696	0.000025158185431650837	-0.017415777881369884
1.6143585568264869	0.000025167547372131523	-0.01741995825868572
1.629296032639723	0.000025177089684546837	-0.01742434549762901
1.6443717232149324	0.00002518681603003303	-0.0174289390414769
1.6595869074375613	0.00002519673014794492	-0.01743373857150956
1.6749428760264382	0.000025206835857798895	-0.017438743995213165
1.690440931643265	0.00002521713706126816	-0.017443955435665705
1.7060823890031243	0.000025227637744232075	-0.017449373221994822
1.7218685749860079	0.000025238341978881632	-0.017454997880807087
1.7378008287493762	0.00002524925392588303	-0.01746083012850134
1.753880501841762	0.00002526037783660182	-0.017466870864385853
1.770108958317422	0.000025271718055389314	-0.017473121164530765
1.7864875748520517	0.00002528327902193406	-0.017479582276291757
1.803017740859568	0.0000252950652736804	-0.017486255613450123
1.8197008586099825	0.00002530708144831675	-0.017493142751918784
1.8365383433483455	0.00002531933228633609	-0.01750024542596968
1.8535316234148105	0.000025331822633671254	-0.017507565524943314
1.8706821403657996	0.000025344557444407847	-0.017515105090404114
1.8879913490962925	0.000025357541783577628	-0.017522866313710098
1.9054607179632463	0.000025370780830035235	-0.017530851533968623
1.9230917289101574	0.000025384279879421386	-0.017539063236352462
1.9408858775927773	0.00002539804434721579	-0.017547504050753525
1.958844673505989	0.000025412079771883018	-0.017556176750754566
1.97696964011186	0.000025426391818114832	-0.01756508425289992
1.9952623149688788	0.000025440986280172564	-0.01757422961625031
2.0137242498623875	0.000025455869085333362	-0.017583616042206516
2.032357010936221	0.0000254710462974441	-0.01759324687459013
2.0511621788255647	0.000025486524120587137	-0.01760312559996995
2.0701413487910414	0.000025502308902862156	-0.017613255848224357
2.0892961308540388	0.000025518407140288374	-0.01762364139333156
2.108628149933289	0.000025534825480832073	-0.017634286154379727
2.1281390459827114	0.00002555157072856392	-0.017645194196791694
2.147830474130533	0.000025568649847951265	-0.01765636973375837
2.167704104819694	0.000025586069968290878	-0.017667817127876483
2.1877616239495516	0.000025603838388287148	-0.017679540892987854
2.208004733018899	0.000025621962580782058	-0.017691545696216674
2.228435149270303	0.000025640450197642425	-0.017703836360203347
2.2490546058357803	0.00002565930907481101	-0.017716417865533886
2.2698648518838214	0.000025678547237527964	-0.017729295353363345
2.2908676527677723	0.00002569817290572941	-0.017742474128234712
2.312064790175594	0.000025718194499630394	-0.017755959661092873
2.333458062281002	0.00002573862064549975	-0.0177697575924954
2.355049283896009	0.000025759460181634723	-0.017783873736022016
2.376840286624876	0.00002578072216454344	-0.017798314081885296
2.39883291901949	0.00002580241587534417	-0.017813084800745147
2.4210290467361775	0.000025824550826390097	-0.01782819224773101
2.4434305526939712	0.000025847136768129233	-0.01784364296667591
2.4660393372343385	0.000025870183696209443	-0.017859443694566407
2.48885731828239	0.000025893701858838823	-0.017875601366214314
2.5118864315095797	0.000025917701764412554	-0.017892123119155293
2.535128630497907	0.000025942194189417486	-0.01790901629878108
2.5585858869056453	0.00002596719018662672	-0.017926288463711595
2.582260190634596	0.00002599270109359661	-0.01794394739141469
2.6061535499988953	0.00002601873854147949	-0.01796200108408157
2.6302679918953813	0.000026045314464166175	-0.017980457774765986
2.654605561975539	0.00002607244110777272	-0.017999325933797015
2.6791683248190314	0.00002610013104048693	-0.01801861427547453
2.703958364108843	0.00002612839716279079	-0.018038331765058566
2.7289777828080406	0.000026157252718075704	-0.0180584876260633
2.7542287033381663	0.000026186711303668743	-0.018079091347867626
2.7797132677592886	0.000026216786882288354	-0.018100152693655214
2.805433637951713	0.000026247493793949792	-0.01812168170869714
2.831391995799379	0.0000262788467683408	-0.018143688728991785
2.8575905433749464	0.000026310860937689847	-0.01816618439027673
2.8840315031266055	0.0000263435518501499	-0.018189179637429144
2.910717118066605	0.000026376935483722485	-0.01821268573427125
2.9376496519615305	0.00002641102826074743	-0.018236714273799342
2.9648313895243423	0.00002644584706298596	-0.01826127718885525
2.992264636608189	0.000026481409247325555	-0.01828638676326043
3.019951720402016	0.000026517732662137086	-0.018312055643434463
3.047894989627983	0.000026554835664316134	-0.018338296850520422
3.076096814740708	0.000026592737137042563	-0.018365123793041175
3.1045595881283554	0.000026631456508293806	-0.018392550280112555
3.1332857243155856	0.000026671013770150072	-0.01842059053523981
3.162277660168379	0.000026711429498931248	-0.01844925921072658
3.1915378551007616	0.000026752724876207917	-0.01847857140272638
3.2210687912834346	0.0000267949217107314	-0.018508542666969063
3.250872973854344	0.000026838042461330248	-0.018539189035196187
3.2809529311311905	0.00002688211026082353	-0.018570527032341758
3.311311214825911	0.000026927148941004307	-0.018602573694496544
3.3419504002611427	0.000026973183058749736	-0.018635346587697024
3.372873086588689	0.000027020237923317877	-0.018668863827582125
3.404081897010009	0.000027068339624895087	-0.018703144099963726
3.4355794789987466	0.00002711751506446115	-0.018738206682360037
3.4673685045253166	0.00002716779198504458	-0.01877407146654365
3.499451670283573	0.000027219199004443924	-0.018810758982159496
3.53183169791957	0.000027271765649496624	-0.018848290421471764
3.5645113342624426	0.00002732552239198162	-0.01888668766530195
3.5974933515574232	0.000027380500686247584	-0.018925973310225046
3.630780547701014	0.0000274367330086649	-0.018966170697094487
3.664375746478333	0.000027494252899005284	-0.019007303940971786
3.6982817978026628	0.000027553095003860615	-0.01904939796254122
3.732501577957206	0.000027613295122219124	-0.019092478521095683
3.767037989839089	0.00002767489025332571	-0.01913657224918552
3.801893963205613	0.000027737918646961143	-0.019181706689028258
3.8370724549227884	0.000027802419856284582	-0.019227910330783977
3.8725764492161727	0.000027868434793393426	-0.01927521265280813
3.908408957924021	0.00002793600578776522	-0.019323644164001768
3.944573020752785	0.000028005176647758175	-0.019373236448386774
3.981071705534973	0.000028075992725358777	-0.019424022212043656
4.0179081084894	0.000028148500984378797	-0.019476035332558535
4.055085354483839	0.000028222750072318545	-0.019529310911136754
4.09260659730011	0.00002829879039612857	-0.019583885327552127
4.130475019901614	0.000028376674202119186	-0.01963979629811284
4.168693834703355	0.00002845645566028579	-0.019697082936838792
4.207266283844442	0.000028538190953337557	-0.019755785820059248
4.24619563946313	0.000028621938370738896	-0.01981594705465586
4.285485203974396	0.000028707758408096484	-0.01987761035019277
4.325138310350088	0.000028795713872250204	-0.0199408210951943
4.365158322401661	0.000028885869992454006	-0.020005626437850803
4.405548635065534	0.000028978294538062816	-0.020072075371455153
4.446312674691089	0.00002907305794317459	-0.02014021882489631
4.487453899331323	0.000029170233438711985	-0.020210109758562193
4.528975799036209	0.00002926989719246784	-0.020281803266032808
4.570881896148752	0.000029372128457680215	-0.020355356681975044
4.613175745603791	0.000029477009730750178	-0.020430829696684794
4.655860935229586	0.00002958462691876572	-0.02050828447775888
4.698941086052151	0.00002969506951755119	-0.020587785799419448
4.742419852602444	0.00002980843080102215	-0.020669401180058222
4.7863009232263805	0.000029924808022692738	-0.0207532010286163
4.830588020397723	0.000030044302630255734	-0.02083925880046849
4.875284901033861	0.000030167020494235972	-0.02092765116353979
4.920395356814506	0.000030293072151806186	-0.021018458175445866
4.965923214503357	0.000030422573066952115	-0.02111176347252047
5.01187233627272	0.000030555643908280606	-0.021207654471670313
5.058246620031137	0.00003069241084588297	-0.02130622258608452
5.105049999754059	0.00003083300586879671	-0.02140756345592041
5.152286445817562	0.00003097756712475279	-0.02151177719519249
5.1999599653351565	0.00003112623928405583	-0.021618968656208028
5.248074602497723	0.00003127917392962145	-0.021729247713020875
5.296634438916575	0.00003143652997539135	-0.021842729565518394
5.345643593969713	0.00003159847411556519	-0.021959535065914818
5.395106225151273	0.00003176518130733024	-0.022079791069600695
5.445026528424209	0.00003193683529003993	-0.02220363081249434
5.495408738576242	0.000032113629144094016	-0.022331194317260186
5.5462571295791046	0.000032295765893107644	-0.022462628831002963
5.597576014951099	0.00003248345915333313	-0.02259808929731987
5.649369748123022	0.00003267693383471825	-0.022737738865898208
5.701642722807472	0.00003287642689845515	-0.022881749443188895
5.754399373371567	0.000033082188176403766	-0.023030302288069942
5.807644175213118	0.000033294481258366705	-0.02318358865684716
5.861381645140285	0.00003351358445386336	-0.023341810502425318
5.9156163417547365	0.00003373979183580389	-0.023505181233031924
5.9703528658383656	0.000033973414374317785	-0.023673926536495988
6.025595860743575	0.0000342147811699552	-0.023848285276785276
6.081350012787176	0.00003446424079657302	-0.02402851047030058
6.137620051647939	0.00003472216276545899	-0.024214870350328443
6.194410750767812	0.00003498893912365823	-0.02440764952908019
6.251726927756856	0.000035264986201077175	-0.02460715026791549
6.30957344480193	0.000035550746522775756	-0.02481369386768483
6.367955209079155	0.00003584669090496135	-0.025027622192653528
6.426877173170194	0.00003615332075560784	-0.025249299343222734
6.486344335482381	0.00003647117060339175	-0.02547911349467605
6.546361740672747	0.00003680081088182474	-0.02571747892149858
6.6069344800759575	0.000037142850999140606	-0.025964838229489747
6.668067692136219	0.00003749794272874882	-0.026221664820985965
6.729766562843175	0.00003786678396000023	-0.026488465622095447
6.792036326171843	0.00003825012285474315	-0.02676578410501758
6.854882264526613	0.00003864876246182873	-0.02705420364337669
6.918309709189362	0.00003906356584953065	-0.027354351244177177
6.9823240407717115	0.000039495461824987724	-0.027666901706635973
7.046930689671467	0.0000399454513205229	-0.027992582265962337
7.112135136533288	0.00004041461453935132	-0.02833217778936079
7.177942912713615	0.00004090411896815506	-0.028686536602415446
7.244359600749899	0.000041415228381744196	-0.029056577036916637
7.311390834834173	0.00004194931298613247	-0.029443294806540857
7.379042301291007	0.0000425078608715524	-0.029847771335118158
7.447319739059888	0.000043092490977119136	-0.030271183184171997
7.516228940182053	0.00004370496780514947	-0.030714812752812008
7.585775750291836	0.00004434721816695279	-0.031180060454919258
7.655966069112561	0.000045021350295011464	-0.03166845861717977
7.726805850957022	0.000045729675721092065	-0.03218168738851688
7.798301105232586	0.00004647473439883141	-0.03272159300892412
7.870457896950985	0.000047259323646361206	-0.0332902088562557
7.943282347242813	0.00004808653160425873	-0.033889779776594554
8.01678063387679	0.000048959776052601254	-0.034522790311803636
8.090958991783822	0.000049882849616045535	-0.03519199757250224
8.165823713585922	0.000050859972617988483	-0.035900469673524366
8.241381150130021	0.000051895855137631296	-0.03665163086181536
8.317637711026709	0.000052995770195281186	-0.037449314736893426
8.394599865193973	0.000054165640465748	-0.03829782730908266
8.472274141405963	0.0000554121415299697	-0.039202022084522545
8.550667128846833	0.000056742825465598504	-0.040167389940894825
8.629785477669701	0.00005816626960941026	-0.04120016730838628
8.709635899560805	0.00005969225668293438	-0.04230746715834984
8.790225168308842	0.00006133199427650221	-0.04349743861387644
8.871560120379607	0.00006309838410427258	-0.0447794627544247
8.953647655495937	0.00006500635471469678	-0.04616439456603091
9.036494737223014	0.00006707327581671848	-0.04766486424350757
9.120108393559097	0.00006931947857495552	-0.04929565555463923
9.204495717531712	0.00007176891490173187	-0.05107418528469337
9.289663867799362	0.00007445000108656944	-0.05302111673356292
9.375620069258803	0.0000773967088328392	-0.05516115313070984
9.462371613657929	0.00008064999270011581	-0.05752407568891811
9.549925860214358	0.00008425968152146435	-0.06014611906704583
9.638290236239705	0.00008828701981813367	-0.06307181952006423
9.727472237769652	0.00009280813564975469	-0.06635653676633863
9.817479430199844	0.00009791885439128243	-0.07006995463265853
9.908319448927676	0.00010374151002237501	-0.07430103432048753
10.	0.00011043479280645947	-0.0791651757820086
10.092528860766844	0.00011820833928813736	-0.08481482778632693
10.18591388054117	0.00012734496148112824	-0.09145565333280017
10.280162981264736	0.00013823562783808825	-0.09937196838359752
10.375284158180126	0.00015143663243286055	-0.10896831627547333
10.471285480508996	0.00016776731279566893	-0.12084052991600738
10.568175092136585	0.00018848636797543574	-0.13590395375924358
10.665961212302578	0.0002156319555742368	-0.15564076976852886
10.76465213629835	0.0002527355641941575	-0.18261914307545146
10.864256236170656	0.0003064963817375068	-0.2217108714648727
10.964781961431852	0.00039135967416119614	-0.2834209508197525
11.066237839776663	0.0005452643582123837	-0.39534002342797075
11.168632477805613	0.0009101267512710676	-0.6606794478809047
11.271974561755105	0.002862503842949404	-2.080909782440176
11.37627285823431	0.0024082414411680524	-178.24722731204702
11.481536214968829	0.0008373987985214415	-179.38981902006282
11.587773561551263	0.0005029136302416382	-179.6330647972195
11.694993910198711	0.00035737433511057724	-179.738899451339
11.803206356517286	0.00027595304009617503	-179.7981055311189
11.912420080273739	0.00022393436943952364	-179.83592927797736
12.022644346174118	0.00018783263559287073	-179.8621778253549
12.133888504649763	0.00016131553117286677	-179.88145615583997
12.246161992650476	0.00014101640413582362	-179.896212556522
12.359474334445094	0.00012498007221659077	-179.90786886463772
12.47383514242942	0.000111993299163469	-179.91730736056482
12.589254117941662	0.00010126335094599077	-179.92510452824695
12.705741052085406	0.00009225034243132598	-179.93165297577397
12.823305826560205	0.00008457387193530887	-179.93722933232897
12.941958414499851	0.00007795818127676419	-179.94203412867674
13.061708881318404	0.00007219848843861197	-179.94621628056515
13.182567385564061	0.00006713953268914999	-179.9498886910243
13.304544179780901	0.00006266145854799504	-179.95313851574238
13.427649611378628	0.000058670267849575214	-179.956034106451
13.551894123510351	0.00005509120349908154	-179.95862982234038
13.67728825595848	0.000051864065843897836	-179.96096943604863
13.803842646028839	0.000048939833628749276	-179.96308859093847
13.931568029453022	0.00004627818439871216	-179.96501660428316
14.060475241299129	0.00004384564689374918	-179.96677781085884
14.190575216890911	0.00004161420516591198	-179.96839257803745
14.321878992735424	0.000039560230614946546	-179.96987808241266
14.454397707459265	0.00003766365545545832	-179.97124891085286
14.588142602753473	0.000035907326251333756	-179.9725175306063
14.723125024327178	0.0000342764933535644	-179.97369466057452
14.859356422870059	0.00003275840403771873	-179.97478956717373
14.996848355023726	0.00003134197557291215	-179.97581030206774
15.135612484362072	0.000030017530482674644	-179.97676389467338
15.275660582380716	0.000028776580619312243	-179.97765650916725
15.417004529495584	0.00002761164986431668	-179.9784935734018
15.559656316050734	0.000026516127626892688	-179.97927988542395
15.703628043335515	0.000025484147074689225	-179.98001970200644
15.848931924611126	0.000024510483358851077	-179.980716812638
15.995580286146678	0.00002359046810515707	-179.9813746016834
16.143585568264854	0.0000227199172168885	-179.9819961008611
16.292960326397214	0.00002189506963280427	-179.982584033753
16.443717232149307	0.000021112535148635194	-179.98314085372115
16.595869074375596	0.00002036924977479511	-179.98366877634217
16.749428760264365	0.00001966243739022147	-179.98416980726103
16.90440931643263	0.00001898957668010553	-179.98464576620015
17.060823890031227	0.000018348372527079616	-179.9850983077276
17.21868574986006	0.000017736731171308308	-179.98552893928183
17.378008287493746	0.000017152738572596346	-179.98593903686515
17.5388050184176	0.000016594641503020508	-179.98632985874858
17.701089583174202	0.000016060830976296073	-179.9867025574743
17.864875748520497	0.000015549827683678265	-179.98705819039512
18.03017740859568	0.000015060269158463189	-179.9873977289533
18.197008586099827	0.000014590898434291538	-179.98772206686908
18.365383433483455	0.000014140553998206778	-179.9880320273828
18.535316234148105	0.000013708160869159026	-179.98832836967398
18.706821403657997	0.000013292722657477493	-179.9886117945619
18.879913490962927	0.000012893314481641984	-179.98888294957638
19.054607179632463	0.000012509076636179458	-179.9891424334767
19.230917289101576	0.000012139208919270083	-179.98939080028345
19.408858775927772	0.00001178296554113688	-179.98962856288065
19.58844673505989	0.000011439650544894001	-179.98985619623718
19.769696401118598	0.000011108613680553829	-179.99007414028924
19.952623149688787	0.00001078924668059773	-179.99028280252134
20.137242498623873	0.000010480979892110964	-179.99048256027686
20.32357010936221	0.000010183279226143093	-179.99067376282616
20.511621788255646	9.895643389826548e-6	-179.99085673321596
20.701413487910415	9.617601370987512e-6	-179.99103176992062
20.892961308540386	9.34871014861628e-6	-179.99119914831314
21.086281499332888	9.088552605712468e-6	-179.99135912197175
21.28139045982711	8.836735623754397e-6	-179.99151192383457
21.47830474130533	8.59288834042168e-6	-179.99165776721424
21.67704104819694	8.35666055427516e-6	-179.99179684668175
21.87761623949552	8.127721261911531e-6	-179.9919293388275
22.080047330188993	7.905757314697193e-6	-179.99205540290578
22.28435149270303	7.690472183577832e-6	-179.99217518136777
22.490546058357804	7.481584821683025e-6	-179.99228880028699
22.698648518838212	7.278828615520478e-6	-179.99239636967923
22.908676527677724	7.081950416502426e-6	-179.9924979837183
23.12064790175594	6.890709645382734e-6	-179.99259372084725
23.33458062281002	6.7048774629213395e-6	-179.99268364378406
23.55049283896009	6.524236000745641e-6	-179.99276779941832
23.76840286624876	6.348577646955664e-6	-179.9928462185952
23.9883291901949	6.177704381531101e-6	-179.99291891578028
24.210290467361776	6.011427157050454e-6	-179.99298588859847
24.434305526939713	5.8495653206330015e-6	-179.99304711723642
24.660393372343385	5.691946073368236e-6	-179.9931025636976
24.888573182823905	5.538403963809665e-6	-179.99315217089506
25.118864315095795	5.38878041238515e-6	-179.99319586156568
25.351286304979073	5.242923263817168e-6	-179.9932335369844
25.58585886905645	5.10068636485696e-6	-179.99326507545487
25.82260190634596	4.9619291648187e-6	-179.99329033054727
26.06153549998895	4.826516336555823e-6	-179.9933091290486
26.302679918953814	4.694317415652861e-6	-179.9933212685854
26.54605561975539	4.565206455713912e-6	-179.99332651486893
26.791683248190314	4.439061697713765e-6	-179.99332459850623
27.039583641088434	4.315765251440424e-6	-179.99331521130674
27.289777828080403	4.195202787097737e-6	-179.9932980020021
27.542287033381662	4.077263235154228e-6	-179.99327257127922
27.797132677592884	3.9618384925173e-6	-179.993238466007
28.05433637951713	3.848823133079854e-6	-179.99319517251112
28.31391995799379	3.7381141206265437e-6	-179.99314210872046
28.575905433749465	3.6296105219965642e-6	-179.99307861497095
28.84031503126606	3.5232132182754093e-6	-179.9930039432027
29.10717118066605	3.4188246116247645e-6	-179.99291724422608
29.376496519615305	3.316348325151459e-6	-179.99281755265665
29.648313895243422	3.2156888929561316e-6	-179.99270376901828
29.92264636608189	3.116751437180337e-6	-179.99257463839123
30.19951720402016	3.0194413284760357e-6	-179.9924287248178
30.4789498962798	2.9236638258391293e-6	-179.9922643804694
30.76096814740705	2.8293236911611737e-6	-179.99207970830312
31.045595881283525	2.7363247731383242e-6	-179.99187251657236
31.332857243155825	2.644569554305073e-6	-179.9916402630734
31.62277660168376	2.553958653898274e-6	-179.99137998635865
31.91537855100758	2.464390277958008e-6	-179.99108822026702
32.21068791283432	2.3757596064801732e-6	-179.990760886911
32.50872973854341	2.2879581054778535e-6	-179.99039316158405
32.80952931131187	2.2008727493915678e-6	-179.98997930069544
33.11311214825908	2.114385136291645e-6	-179.98951242048864
33.41950400261139	2.0283704745828503e-6	-179.98898420946293
33.72873086588685	1.9426964152475643e-6	-179.9883845503258
34.040818970100055	1.857221697780449e-6	-179.98770101673125
34.35579478998743	1.7717945705183432e-6	-179.98691819399778
34.67368504525313	1.6862509365793798e-6	-179.98601674809498
34.994516702835696	1.6004121644557487e-6	-179.98497212768922
35.318316979195664	1.5140824865894867e-6	-179.98375271978918
35.64511334262439	1.4270458888154542e-6	-179.9823171720336
35.9749335155742	1.3390623667456834e-6	-179.98061040898082
36.3078054770101	1.2498633897158516e-6	-179.97855753721467
36.64375746478329	1.159146365608544e-6	-179.97605421325332
36.98281797802659	1.0665678361395359e-6	-179.97295083202593
37.32501577957203	9.717350454572804e-7	-179.96902537221195
37.670379898390856	8.741954055565958e-7	-179.96393414140505
38.01893963205609	7.73423215846099e-7	-179.9571161906629
38.370724549227845	6.688027599730113e-7	-179.9475911922664
38.72576449216169	5.596065684867496e-7	-179.93348082927568
39.08408957924017	4.449671522138106e-7	-179.91068257710023
39.44573020752781	3.2383980792708085e-7	-179.86821248582453
39.81071705534969	1.9495313194206098e-7	-179.76343393357388
40.17908108489396	5.674495364130169e-8	-179.11558131898195
40.55085354483835	9.275868336342194e-8	-0.5932521738698285
40.92606597300105	2.5599598187248745e-7	-0.23773371702316803
41.304750199016105	4.3615563881763557e-7	-0.15581341023432022
41.68693834703351	6.373823709848615e-7	-0.12037335784022916
42.07266283844438	8.652058008236248e-7	-0.10138456451805182
42.46195639463126	1.1271724393442787e-6	-0.09029093263398039
42.85485203974392	1.4338617974162732e-6	-0.08379579952781377
43.251383103500835	1.8005857394520429e-6	-0.08044668619172794
43.65158322401656	2.250374371847528e-6	-0.07962661668850383
44.0554863506553	2.8195488244989883e-6	-0.08122343480256998
44.46312674691084	3.5689369470829014e-6	-0.08558148755644397
44.87453899331318	4.608751623009852e-6	-0.09368931265927297
45.28975799036204	6.161495540047629e-6	-0.10781881505655393
45.708818961487474	8.753882691276792e-6	-0.13358266753629475
46.13175745603791	0.000014006823278368119	-0.18848789092749568
46.55860935229586	0.00003054717480013734	-0.3660437196264189
46.98941086052151	0.0003945041303361809	-175.75056094106228
47.42419852602443	0.000028564872387089278	-179.7218239225639
47.8630092322638	0.00001534117427608582	-179.86389519092842
48.30588020397723	0.00001070209075165068	-179.9129767654758
48.7528490103386	8.327494128785523e-6	-179.93759796612687
49.20395356814506	6.878989981069036e-6	-179.95226122452016
49.65923214503358	5.8994784657309955e-6	-179.96191320177823
50.118723362727195	5.190298225742813e-6	-179.9686994868934
50.58246620031137	4.651195139385828e-6	-179.97369984219756
51.0504999975406	4.226101302795855e-6	-179.9775159731717
51.52286445817562	3.881205675107134e-6	-179.98050914401765
51.99959965335157	3.594905598377446e-6	-179.9829089872368
52.48074602497723	3.3527515083107575e-6	-179.98486819563868
52.966344389165755	3.144711537720479e-6	-179.9864920814111
53.45643593969714	2.9636022154188014e-6	-179.98785550944157
53.95106225151273	2.804143776089334e-6	-179.98901307285863
54.450265284242086	2.6623680822734313e-6	-179.99000545721807
54.95408738576243	2.5352345997599026e-6	-179.99086355845463
55.462571295791044	2.420373850776585e-6	-179.99161122641422
55.97576014951099	2.3159115632489987e-6	-179.9922671397359
56.49369748123023	2.2203453775369464e-6	-179.99284611601055
57.01642722807472	2.132456653571342e-6	-179.9933600455616
57.543993733715666	2.051246247884724e-6	-179.99381856878367
58.07644175213118	1.975886988989638e-6	-179.99422957528026
58.61381645140285	1.9056879958941119e-6	-179.9945995769573
59.15616341754737	1.8400675335862559e-6	-179.99493399052622
59.70352865838366	1.77853211368996e-6	-179.99523735394396
60.255958607435744	1.7206602256720943e-6	-179.9955134940342
60.81350012787176	1.666089544074022e-6	-179.9957656575905
61.37620051647939	1.6145067749118896e-6	-179.99599661485715
61.94410750767812	1.5656395269966447e-6	-179.9962087418988
62.51726927756855	1.5192497520589165e-6	-179.99640408668165
63.0957344480193	1.4751284113262088e-6	-179.99658442247346
63.67955209079155	1.433091109006192e-6	-179.99675129129162
64.26877173170195	1.3929744940649044e-6	-179.9969060394777
64.86344335482381	1.3546332769880827e-6	-179.99704984700062
65.46361740672747	1.3179377422118123e-6	-179.99718375172864
66.06934480075958	1.282771662653647e-6	-179.9973086696401
66.68067692136219	1.2490305424346965e-6	-179.99742541173694
67.29766562843174	1.216620129014519e-6	-179.99753469826467
67.92036326171844	1.1854551476938046e-6	-179.99763717072133
68.54882264526613	1.1554582206020872e-6	-179.99773340204203
69.18309709189363	1.1265589394901595e-6	-179.99782390527065
69.82324040771712	1.0986930673444844e-6	-179.99790914097156
70.46930689671467	1.0718018483750077e-6	-179.99798952358728
71.12135136533288	1.0458314095566708e-6	-179.99806542691124
71.77942912713615	1.0207322398249434e-6	-179.99813718881347
72.44359600749898	9.964587353874482e-7	-179.99820511533503
73.11390834834172	9.729688015334324e-7	-179.99826948424533
73.79042301291008	9.502235028904283e-7	-179.9983305481422
74.47319739059888	9.281867553633329e-7	-179.99838853716076
75.16228940182053	9.06825054050418e-7	-179.99844366134687
75.85775750291836	8.861072323070579e-7	-179.99849611274152
76.55966069112561	8.66004247855569e-7	-179.9985460672166
77.26805850957021	8.464889924461674e-7	-179.9985936860949
77.98301105232578	8.27536122081474e-7	-179.99863911758277
78.70457896950977	8.09121905243008e-7	-179.99868249804098
79.43282347242805	7.912240869169973e-7	-179.9987239531128
80.16780633876782	7.738217665200082e-7	-179.9987635987288
80.90958991783813	7.568952880820103e-7	-179.99880154200275
81.65823713585914	7.404261412630128e-7	-179.9988378820322
82.41381150130013	7.243968719657628e-7	-179.99887271061527
83.176377110267	7.087910014663337e-7	-179.99890611289345
83.94599865193965	6.935929531210435e-7	-179.99893816792888
84.72274141405954	6.787879858255713e-7	-179.99896894922406
85.50667128846823	6.643621335033173e-7	-179.99899852519
86.29785477669692	6.503021499874888e-7	-179.99902695956902
87.09635899560797	6.365954587370554e-7	-179.9990543118168
87.90225168308834	6.232301068924282e-7	-179.99908063744837
88.71560120379598	6.101947232338272e-7	-179.99910598835183
89.53647655495928	5.974784796551213e-7	-179.99913041307303
90.36494737223005	5.850710558094015e-7	-179.9991539570745
91.20108393559087	5.729626066206287e-7	-179.9991766629711
92.04495717531702	5.611437323890769e-7	-179.999198570745
92.89663867799354	5.496054512476183e-7	-179.9992197179414
93.75620069258792	5.383391737517243e-7	-179.99924013984796
94.6237161365792	5.273366794088044e-7	-179.99925986965837
95.4992586021435	5.16590094972637e-7	-179.99927893862272
96.38290236239695	5.060918743464147e-7	-179.9992973761847
97.2747223776964	4.958347799537242e-7	-179.9993152101082
98.17479430199833	4.85811865450757e-7	-179.99933246659316
99.08319448927665	4.7601645966551105e-7	-179.99934917038223
99.9999999999999	4.6644215166082774e-7	-179.9993653448592