0.01000000000000001	0.010080668315610363	-0.00011939751702383498
0.010092528860766855	0.01008071351522543	-0.00011939942967899535
0.01018591388054118	0.010080759555606243	-0.00011940137795841162
0.010280162981264745	0.010080806452400408	-0.00011940336252857733
0.010375284158180138	0.01008085422154707	-0.00011940538406528236
0.010471285480509006	0.01008090287928234	-0.0001194074432590699
0.010568175092136596	0.010080952442144861	-0.00011940954081244276
0.01066596121230259	0.010081002926981436	-0.00011941167744208585
0.010764652136298361	0.01008105435095281	-0.00011941385387723424
0.010864256236170667	0.010081106731539512	-0.00011941607086058251
0.010964781961431863	0.010081160086547842	-0.00011941832914981308
0.011066237839776675	0.010081214434115941	-0.00011942062951584634
0.011168632477805623	0.010081269792720012	-0.00011942297274423573
0.011271974561755117	0.010081326181180614	-0.00011942535963584242
0.011376272858234322	0.01008138361866912	-0.00011942779100596721
0.01148153621496884	0.010081442124714256	-0.0001194302676854641
0.011587773561551273	0.010081501719208776	-0.00011943279052051975
0.011694993910198724	0.010081562422416286	-0.0001194353603738021
0.01180320635651731	0.010081624254978164	-0.00011943797812339917
0.011912420080273762	0.01008168723792062	-0.00011944064466404111
0.012022644346174144	0.010081751392661892	-0.00011944336090828321
0.012133888504649786	0.010081816741019595	-0.0001194461277843078
0.012246161992650502	0.010081883305218158	-0.00011944894623896865
0.01235947433444512	0.010081951107896454	-0.00011945181723539687
0.012473835142429446	0.010082020172115557	-0.0001194547417571468
0.012589254117941687	0.010082090521366622	-0.00011945772080413485
0.012705741052085433	0.010082162179578939	-0.00011946075539561105
0.012823305826560232	0.010082235171128143	-0.00011946384657095225
0.01294195841449987	0.010082309520844546	-0.00011946699538790384
0.013061708881318424	0.010082385254021668	-0.0001194702029253105
0.013182567385564082	0.010082462396424886	-0.00011947347028038831
0.01330454417978092	0.010082540974300292	-0.00011947679857293149
0.013427649611378649	0.010082621014383666	-0.00011948018894330389
0.01355189412351037	0.010082702543909684	-0.00011948364255308547
0.013677288255958502	0.010082785590621205	-0.00011948716058519127
0.013803842646028859	0.010082870182778852	-0.00011949074424616959
0.013931568029453043	0.010082956349170667	-0.00011949439476402712
0.01406047524129915	0.010083044119122017	-0.00011949811339062567
0.014190575216890933	0.010083133522505642	-0.0001195019014015333
0.014321878992735446	0.010083224589751938	-0.00011950576009547292
0.014454397707459286	0.010083317351859388	-0.00011950969079689442
0.014588142602753497	0.010083411840405229	-0.00011951369485411945
0.014723125024327202	0.010083508087556288	-0.00011951777364197595
0.014859356422870082	0.010083606126080055	-0.00011952192856012978
0.014996848355023748	0.01008370598935593	-0.00011952616103539314
0.015135612484362095	0.010083807711386724	-0.00011953047252194211
0.015275660582380739	0.010083911326810347	-0.00011953486450041576
0.015417004529495607	0.010084016870911705	-0.00011953933847963586
0.015559656316050758	0.010084124379634867	-0.00011954389599787303
0.01570362804333554	0.010084233889595444	-0.00011954853862119482
0.015848931924611148	0.010084345438093178	-0.00011955326794646781
0.015995580286146702	0.01008445906312479	-0.00011955808559948712
0.016143585568264878	0.010084574803397098	-0.00011956299323825556
0.016292960326397238	0.01008469269834031	-0.00011956799255180091
0.01644371723214933	0.010084812788121664	-0.00011957308525997959
0.016595869074375623	0.010084935113659247	-0.0001195782731164954
0.01674942876026439	0.010085059716636114	-0.00011958355790820206
0.016904409316432657	0.01008518663951469	-0.00011958894145460708
0.017060823890031253	0.010085315925551392	-0.00011959442561216146
0.017218685749860088	0.010085447618811593	-0.0001196000122694223
0.017378008287493772	0.010085581764184816	-0.0001196057033535833
0.01753880501841763	0.01008571840740026	-0.00011961150082684566
0.01770108958317423	0.010085857595042602	-0.00011961740668901305
0.017864875748520526	0.010085999374568076	-0.0001196234229789544
0.018030177408595707	0.010086143794320924	-0.00011962955177188285
0.018197008586099853	0.010086290903550083	-0.00011963579518521877
0.018365383433483484	0.010086440752426254	-0.00011964215537457313
0.018535316234148135	0.010086593392059258	-0.0001196486345381018
0.018706821403658026	0.010086748874515727	-0.00011965523491480017
0.018879913490962956	0.010086907252837165	-0.00011966195878694534
0.019054607179632494	0.010087068581058315	-0.00011966880848008786
0.019230917289101597	0.010087232914225891	-0.00011967578636391144
0.019408858775927792	0.010087400308417678	-0.00011968289485388634
0.01958844673505991	0.010087570820761994	-0.00011969013641092055
0.01976969640111862	0.010087744509457507	-0.00011969751354325695
0.01995262314968881	0.01008792143379345	-0.0001197050288072545
0.020137242498623895	0.01008810165417024	-0.00011971268480792876
0.02032357010936223	0.010088285232120428	-0.00011972048420021376
0.020511621788255666	0.01008847223033014	-0.00011972842968958718
0.020701413487910436	0.010088662712660866	-0.00011973652403362035
0.02089296130854041	0.01008885674417167	-0.00011974477004265416
0.02108628149933291	0.010089054391141869	-0.00011975317058098559
0.021281390459827135	0.010089255721094117	-0.00011976172856768637
0.021478304741305354	0.010089460802817926	-0.00011977044697791699
0.02167704104819696	0.010089669706393665	-0.0001197793288441481
0.02187761623949554	0.010089882503217004	-0.00011978837725656733
0.022080047330189013	0.01009009926602384	-0.00011979759536508515
0.022284351492703053	0.010090320068915705	-0.00011980698638054639
0.022490546058357826	0.010090544987385635	-0.00011981655357531599
0.022698648518838235	0.010090774098344593	-0.00011982630028431044
0.022908676527677748	0.010091007480148345	-0.00011983622990784569
0.023120647901755963	0.010091245212624923	-0.00011984634591088009
0.023334580622810044	0.010091487377102531	-0.0001198566518253305
0.023550492838960112	0.010091734056438076	-0.00011986715125200691
0.023768402866248782	0.010091985335046225	-0.00011987784785978546
0.02398832919019492	0.010092241298928977	-0.00011988874539039101
0.0242102904673618	0.010092502035705908	-0.00011989984765723551
0.02443430552693974	0.010092767634644898	-0.00011991115854667989
0.024660393372343412	0.010093038186693543	-0.00011992268202115118
0.02488857318282393	0.010093313784511114	-0.00011993442212086075
0.025118864315095822	0.010093594522501192	-0.00011994638296239314
0.025351286304979098	0.010093880496844882	-0.000119958568743838
0.02558585886905648	0.010094171805534749	-0.00011997098374483671
0.025822601906345985	0.010094468548409338	-0.0001199836323275124
0.026061535499988978	0.010094770827188416	-0.00011999651893923008
0.026302679918953843	0.010095078745508912	-0.000120009648114541
0.026546055619755416	0.010095392408961528	-0.00012002302447562256
0.026791683248190343	0.010095711925128079	-0.00012003665273546724
0.027039583641088463	0.01009603740361958	-0.00012005053769898511
0.027289777828080432	0.010096368956115076	-0.00012006468426523901
0.02754228703338169	0.010096706696401211	-0.00012007909742820621
0.02779713267759291	0.010097050740412629	-0.000120093782281516
0.02805433637951716	0.010097401206273098	-0.00012010874401711099
0.028313919957993816	0.010097758214337513	-0.0001201239879296506
0.028575905433749497	0.010098121887234699	-0.00012013951941736021
0.028840315031266085	0.010098492349911056	-0.00012015534398498109
0.02910717118066608	0.010098869729675062	-0.00012017146724545789
0.029376496519615335	0.0100992541562427	-0.00012018789492216665
0.029648313895243455	0.010099645761783722	-0.00012020463285203819
0.02992264636608192	0.010100044680968886	-0.00012022168698718596
0.030199517204020192	0.010100451051018103	-0.00012023906339605148
0.03047894989627986	0.010100865011749541	-0.00012025676826936243
0.03076096814740711	0.010101286705629748	-0.00012027480791884823
0.031045595881283587	0.010101716277824694	-0.00012029318878172544
0.03133285724315589	0.010102153876251923	-0.00012031191742409304
0.031622776601683826	0.010102599651633688	-0.00012033100054096118
0.03191537855100765	0.010103053757551158	-0.00012035044496238001
0.03221068791283438	0.010103516350499756	-0.00012037025765313753
0.03250872973854347	0.010103987589945528	-0.0001203904457180627
0.03280952931131194	0.01010446763838274	-0.00012041101640258975
0.03311311214825915	0.010104956661392531	-0.00012043197709938541
0.03341950400261146	0.010105454827702852	-0.0001204533353462449
0.03372873086588692	0.010105962309249534	-0.00012047509883514031
0.034040818970100126	0.010106479281238628	-0.00012049727541028656
0.0343557947899875	0.010107005922210003	-0.00012051987307502558
0.0346736850452532	0.010107542414102236	-0.00012054289999372444
0.034994516702835765	0.010108088942318799	-0.00012056636449472982
0.035318316979195734	0.01010864569579561	-0.00012059027507561533
0.03564511334262446	0.01010921286706997	-0.00012061464040497934
0.03597493351557427	0.010109790652350872	-0.00012063946932827145
0.03630780547701017	0.010110379251590773	-0.00012066477086915137
0.03664375746478335	0.01011097886855883	-0.0001206905542348023
0.03698281797802665	0.010111589710915634	-0.0001207168288214724
0.037325015779572084	0.010112211990289457	-0.00012074360421511724
0.037670379898390914	0.010112845922354128	-0.00012077089019824357
0.038018939632056145	0.010113491726908421	-0.0001207986967540839
0.0383707245492279	0.010114149627957177	-0.00012082703406896507
0.038725764492161745	0.01011481985379403	-0.00012085591254004886
0.03908408957924023	0.01011550263708588	-0.00012088534277720673
0.03944573020752787	0.010116198214959113	-0.00012091533560911098
0.039810717055349755	0.010116906829087597	-0.00012094590208833234
0.04017908108489402	0.010117628725782547	-0.00012097705349611958
0.040550853544838415	0.010118364156084211	-0.00012100880134684866
0.040926065973001115	0.010119113375855531	-0.00012104115739427168
0.041304750199016166	0.01011987664587771	-0.00012107413363686289
0.04168693834703357	0.010120654231947817	-0.00012110774232257391
0.04207266283844444	0.010121446404978435	-0.00012114199595655731
0.04246195639463132	0.010122253441099419	-0.0001211769073039235
0.042854852039743985	0.010123075621761759	-0.00012121248939910337
0.04325138310350091	0.010123913233843722	-0.00012124875554970817
0.04365158322401663	0.010124766569759133	-0.0001212857193441572
0.044055486350655364	0.010125635927568065	-0.00012132339465784231
0.04446312674691091	0.01012652161108981	-0.00012136179566050469
0.04487453899331325	0.01012742393001829	-0.0001214009368222666
0.04528975799036211	0.01012834320003994	-0.0001214408329195706
0.04570881896148754	0.010129279742954097	-0.00012148149904721223
0.04613175745603798	0.010130233886795998	-0.00012152295062037921
0.04655860935229591	0.01013120596596241	-0.00012156520338669959
0.04698941086052156	0.010132196321339968	-0.00012160827343117932
0.04742419852602448	0.01013320530043631	-0.00012165217718772625
0.04786300923226385	0.010134233257514034	-0.00012169693144315356
0.04830588020397728	0.010135280553727583	-0.0001217425533512422
0.04875284901033865	0.010136347557263099	-0.00012178906043831124
0.04920395356814511	0.010137434643481349	-0.00012183647061505835
0.04965923214503363	0.010138542195063752	-0.00012188480218294503
0.05011872336272725	0.010139670602161675	-0.00012193407384783272
0.05058246620031143	0.010140820262548915	-0.00012198430472992264
0.051050499997540646	0.010141991581777665	-0.00012203551437275239
0.05152286445817567	0.01014318497333785	-0.00012208772275625082
0.05199959965335162	0.01014440085882001	-0.0001221409503073717
0.052480746024977286	0.010145639668081864	-0.0001221952179149445
0.05296634438916581	0.010146901839418507	-0.00012225054693965846
0.05345643593969719	0.010148187819736516	-0.00012230695922906584
0.05395106225151279	0.010149498064731862	-0.00012236447713117867
0.05445026528424214	0.010150833039071914	-0.00012242312351143345
0.05495408738576248	0.010152193216581503	-0.00012248292176782544
0.0554625712957911	0.010153579080433236	-0.00012254389584514502
0.05597576014951104	0.010154991123342077	-0.000122606070257656
0.05649369748123028	0.010156429847764444	-0.00012266947010694873
0.05701642722807478	0.010157895766101788	-0.00012273412110199916
0.05754399373371572	0.010159389400908894	-0.00012280004958343586
0.05807644175213124	0.01016091128510693	-0.0001228672825492008
0.05861381645140291	0.010162461962201436	-0.00012293584768392556
0.05915616341754743	0.010164041986505373	-0.00012300577338760873
0.05970352865838372	0.010165651923367339	-0.00012307708881298065
0.06025595860743581	0.010167292349405107	-0.00012314982390724727
0.060813500127871824	0.010168963852744626	-0.0001232240094585326
0.061376200516479455	0.01017066703326465	-0.0001232996771511707
0.06194410750767818	0.010172402502847108	-0.00012337685962962073
0.06251726927756862	0.01017417088563341	-0.00012345559057932193
0.06309573444801936	0.01017597281828682	-0.0001235359048217877
0.06367955209079162	0.010177808950261095	-0.0001236178384321657
0.064268771731702	0.010179679944075518	-0.00012370142888128865
0.06486344335482389	0.010181586475596572	-0.00012378671522885663
0.06546361740672754	0.01018352923432635	-0.00012387373835057565
0.06606934480075964	0.010185508923697961	-0.00012396254125104662
0.06668067692136226	0.010187526261378116	-0.00012405316946401823
0.06729766562843183	0.01018958197957705	-0.0001241456715780078
0.0679203632617185	0.01019167682536605	-0.00012424009995260554
0.0685488226452662	0.010193811561002753	-0.00012433651168049912
0.0691830970918937	0.010195986964264468	-0.00012443496990401516
0.06982324040771719	0.010198203828789679	-0.00012453554563536057
0.07046930689671474	0.01020046296442805	-0.00012463832026553045
0.07112135136533296	0.010202765197598985	-0.00012474338907347645
0.07177942912713622	0.010205111371659022	-0.00012485086606626777
0.07244359600749906	0.010207502347278123	-0.00012496089060155834
0.0731139083483418	0.01020993900282473	-0.00012507363611746823
0.07379042301291015	0.010212422234759514	-0.00012518932075501133
0.07447319739059896	0.010214952958036962	-0.0001253082179090694
0.07516228940182061	0.010217532106513872	-0.0001254306598748455
0.07585775750291844	0.010220160633363454	-0.000125557016756525
0.07655966069112569	0.010222839511495802	-0.00012568761190927277
0.07726805850957029	0.010225569733993174	-0.00012582251167748049
0.07798301105232593	0.010228352314587328	-0.00012596115318043146
0.07870457896950993	0.010231188288224034	-0.00012610197692207776
0.07943282347242822	0.010234078711717914	-0.00012624261642802236
0.08016780633876798	0.010237024664355332	-0.000126381097489253
0.0809095899178383	0.010240027248258442	-0.00012651721461551173
0.0816582371358593	0.010243087588614357	-0.00012665253502926584
0.0824138115013003	0.010246206834075504	-0.00012678915955658012
0.08317637711026717	0.010249386157390274	-0.00012692869300827433
0.08394599865193982	0.010252626756100808	-0.00012707201333279132
0.08472274141405972	0.010255929853203826	-0.00012721947514467955
0.08550667128846841	0.010259296697774617	-0.0001273711586441964
0.0862978547766971	0.010262728565582573	-0.00012752703325773747
0.08709635899560814	0.010266226759717181	-0.00012768704120071038
0.08790225168308852	0.010269792611232039	-0.00012785113322594856
0.08871560120379617	0.010273427479809263	-0.0001280192807441315
0.08953647655495947	0.010277132754444637	-0.00012819147772189434
0.09036494737223023	0.010280909854153558	-0.00012836773872192735
0.09120108393559107	0.010284760228697986	-0.00012854809592149322
0.09204495717531722	0.010288685359334733	-0.00012873259619643117
0.09289663867799372	0.010292686759585522	-0.00012892129863611643
0.09375620069258811	0.010296765976029468	-0.00012911427257295541
0.09462371613657934	0.010300924589118672	-0.00012931159604729432
0.09549925860214364	0.010305164214017564	-0.0001295133546581485
0.0963829023623971	0.010309486501466947	-0.00012971964068206278
0.09727472237769656	0.010313893138673452	-0.00012993055245483554
0.09817479430199849	0.010318385850225356	-0.0001301461938924272
0.09908319448927681	0.010322966399035675	-0.00013036667417974212
0.10000000000000005	0.010327636587313515	-0.00013059210753370483
0.10092528860766849	0.01033239825756465	-0.0001308226130829155
0.10185913880541175	0.010337253293622426	-0.00013105831476695168
0.10280162981264741	0.010342203621710103	-0.00013129934133808963
0.10375284158180131	0.010347251211535716	-0.00013154582635858684
0.10471285480509002	0.010352398077420758	-0.00013179790826778828
0.1056817509213659	0.01035764627946382	-0.00013205573044041137
0.10665961212302584	0.010362997924740623	-0.0001323194413138126
0.10764652136298355	0.010368455168541695	-0.00013258919450115424
0.10864256236170661	0.010374020215649187	-0.00013286514894082676
0.10964781961431856	0.010379695321654302	-0.0001331474690594286
0.1106623783977667	0.01038548279431691	-0.00013343632495190646
0.11168632477805618	0.01039138499496891	-0.00013373189257763046
0.1127197456175511	0.010397404339963152	-0.00013403435397202581
0.11376272858234315	0.01040354330216962	-0.00013434389747353671
0.11481536214968835	0.010409804412520748	-0.00013466071796596382
0.11587773561551268	0.010416190261607856	-0.0001349850171363686
0.11694993910198717	0.010422703501330734	-0.00013531700374890427
0.11803206356517304	0.010429346846602464	-0.0001356568939350186
0.11912420080273756	0.010436123077111841	-0.00013600491150068486
0.12022644346174137	0.010443035039145588	-0.00013636128825067313
0.1213388850464978	0.010450085647472972	-0.00013672626433380579
0.12246161992650495	0.010457277887295287	-0.00013710008860586516
0.12359474334445113	0.010464614816263007	-0.00013748301900727818
0.12473835142429439	0.010472099566563416	-0.0001378753229762355
0.1258925411794168	0.01047973534708164	-0.00013827727787089225
0.12705741052085426	0.010487525445638371	-0.0001386891714260401
0.12823305826560225	0.0104954732313074	-0.0001391113022229609
0.1294195841449987	0.010503582156816543	-0.00013954398020850437
0.13061708881318423	0.010511855761035596	-0.00013998752720735365
0.1318256738556408	0.01052029767155507	-0.00014044227751006772
0.13304544179780922	0.010528911607359802	-0.000140908578451192
0.13427649611378642	0.010537701381601703	-0.0001413867910576611
0.13551894123510363	0.0105466709044761	-0.00014187729070739958
0.13677288255958495	0.01055582418620629	-0.00014238046784404863
0.13803842646028852	0.010565165340141444	-0.0001428967287280105
0.13931568029453034	0.010574698585972956	-0.00014342649623415958
0.14060475241299142	0.010584428253074867	-0.0001439702107050914
0.14190575216890927	0.01059435878397408	-0.00014452833083515096
0.1432187899273544	0.010604494737956707	-0.00014510133464319146
0.1445439770745928	0.01061484079481682	-0.00014568972047777277
0.1458814260275349	0.010625401758754762	-0.00014629400809760355
0.14723125024327194	0.010636182562432088	-0.00014691473982373176
0.14859356422870074	0.010647188271190941	-0.00014755248176452474
0.1499684835502374	0.010658424087446015	-0.00014820782511332554
0.15135612484362088	0.010669895355257765	-0.00014888138754621014
0.15275660582380732	0.010681607565095995	-0.00014957381470091872
0.154170045294956	0.010693566358803594	-0.00015028578176344828
0.1555965631605075	0.010705777534770727	-0.0001510179951585227
0.15703628043335532	0.010718247053330418	-0.0001517711943616202
0.15848931924611143	0.010730981042387273	-0.00015254615383342146
0.15995580286146696	0.010743985803291573	-0.00015334368509398245
0.1614358556826487	0.01075726781697216	-0.0001541646389442459
0.1629296032639723	0.010770833750341843	-0.0001550099078506783
0.16443717232149324	0.010784690462990649	-0.00015588042850016483
0.16595869074375613	0.010798845014182552	-0.00015677718455082415
0.16749428760264382	0.010813304670172967	-0.00015770120958474816
0.1690440931643265	0.010828076911864978	-0.00015865359028783323
0.17060823890031243	0.010843169442823942	-0.00015963546987199115
0.17218685749860077	0.010858590197671106	-0.00016064805176926625
0.17378008287493762	0.01087434735087859	-0.0001616926036121943
0.1753880501841762	0.010890449325989563	-0.00016277046153856915
0.1770108958317422	0.010906904805289207	-0.0001638830348411073
0.17864875748520517	0.010923722739953862	-0.0001650318110028897
0.180301774085957	0.01094091236070803	-0.00016621836115094803
0.18197008586099844	0.010958483189020714	-0.00016744434597321323
0.18365383433483473	0.010976445048875526	-0.00016871152213978358
0.18535316234148125	0.010994808079151139	-0.00017002174928758696
0.18706821403658017	0.011013582746651944	-0.00017137699761861174
0.18879913490962946	0.011032779859831754	-0.00017277935617998738
0.19054607179632482	0.011052410583256855	-0.00017423104189856313
0.19230917289101596	0.011072486452858703	-0.00017573440944911357
0.19408858775927793	0.011093019392030553	-0.00017729196204952934
0.19588446735059908	0.01111402172862704	-0.00017890636328449924
0.1976969640111862	0.011135506212930848	-0.0001805804500756122
0.19952623149688808	0.011157486036656191	-0.000182317246927436
0.20137242498623895	0.011179974853064994	-0.0001841199816018977
0.2032357010936223	0.011202986798278722	-0.00018599210238701895
0.20511621788255666	0.011226536513876303	-0.00018793729715550943
0.20701413487910436	0.011250639170877198	-0.00018995951443157938
0.2089296130854041	0.011275310495218065	-0.00019206298672019858
0.2108628149933291	0.01130056679484213	-0.0001942522563828015
0.21281390459827135	0.011326424988532185	-0.00019653220439345943
0.21478304741305343	0.011352902636631242	-0.0001989080823569622
0.21677041048196952	0.011380017973809938	-0.00020138554822370897
0.2187761623949553	0.011407789944056381	-0.00020397070621529245
0.22080047330189004	0.01143623823808287	-0.00020667015154454172
0.22284351492703042	0.011465383333365534	-0.00020949102061992823
0.22490546058357816	0.011495246537056523	-0.00021244104752916556
0.22698648518838224	0.01152585003203626	-0.00021552862773571385
0.22908676527677735	0.011557216926403836	-0.00021876289008839918
0.23120647901755953	0.01158937130673963	-0.0002221537784223571
0.23334580622810033	0.011622338295514196	-0.00022571214427835292
0.23550492838960102	0.011656144113064454	-0.00022944985253378283
0.23768402866248772	0.01169081614461131	-0.00023337990207935856
0.2398832919019491	0.011726383012854483	-0.00023751656408545747
0.2421029046736179	0.01176287465675158	-0.00024187554089671773
0.24434305526939726	0.01180032241717088	-0.0002464741492022505
0.246603933723434	0.011838759130203361	-0.00025133153187507614
0.24888573182823917	0.011878219229031537	-0.00025646890378948025
0.25118864315095807	0.011918738855383694	-0.00026190983806545856
0.2535128630497908	0.011960355981756345	-0.00026768060059773
0.25585858869056466	0.012003110545769342	-0.00027381054248558096
0.2582260190634597	0.012047044598232753	-0.00028033256219422113
0.26061535499988964	0.01209220246676038	-0.0002872836520533977
0.2630267991895383	0.012138630937068772	-0.00029470554722191744
0.26546055619755404	0.012186379454465497	-0.00030264549972980684
0.2679168324819033	0.012235500348468533	-0.00031115720593782246
0.2703958364108845	0.012286049084028508	-0.00032030192313159823
0.2728977782808042	0.012338084543467801	-0.00033014982050613527
0.27542287033381674	0.012391669344034106	-0.00034078162221826933
0.277971326775929	0.012446870196926528	-0.00035229061644327664
0.2805433637951715	0.012503758314834666	-0.0003647851258233524
0.28313919957993805	0.012562409876496696	-0.0003783915631443203
0.2857590543374948	0.012622906558607625	-0.00039325823412583976
0.2884031503126607	0.012685336147696782	-0.00040956010042562414
0.29107171180666064	0.012749793247478741	-0.0004275047854819939
0.2937649651961532	0.012816380100845862	-0.0004473402009182312
0.2964831389524344	0.012885207550354863	-0.0004693643024734283
0.29922646366081906	0.012956396167093346	-0.0004939376671506085
0.30199517204020176	0.013030077585645991	-0.0005214998401099249
0.30478949896279844	0.01310639609313305	-0.0005525907644706
0.307609681474071	0.013185510533835178	-0.0005878791303752322
0.3104559588128357	0.013267596608967822	-0.0006282002387959265
0.3133285724315587	0.013352849675470596	-0.0006746070902624685
0.3162277660168381	0.013441488180748347	-0.0007284400663667851
0.31915378551007634	0.013533757915823917	-0.0007914230706769718
0.3221068791283436	0.013629937332805972	-0.0008657978173325824
0.32508729738543457	0.013730344262174144	-0.0009545138921005345
0.3280952931131192	0.01383534449375687	-0.0010615015883044072
0.3311311214825913	0.013945362872109185	-0.0011920696042890153
0.33419504002611444	0.014060897833582348	-0.0013534944343633981
0.3372873086588691	0.01418254072956308	-0.0015559097580727654
0.34040818970100106	0.014311001922695575	-0.0018136752912206087
0.34355794789987465	0.014447146654664969	-0.002147529855004723
0.34673685045253166	0.01459204531870884	-0.0025880604903796506
0.3499451670283573	0.014747045487450762	-0.003181444934352177
0.353183169791957	0.014913877722241176	-0.003999262266623471
0.35645113342624424	0.015094811318567372	-0.005166063199229324
0.3597493351557423	0.015292923483164206	-0.006838808473708075
0.36307805477010135	0.015512466011343939	-0.009372979045319925
0.36643757464783333	0.015759589737868774	-0.013339592933115525
0.3698281797802663	0.016043558627503778	-0.019843779668970777
0.3732501577957206	0.016379116459225868	-0.031131721964907766
0.37670379898390893	0.016791422214006434	-0.052175852214774415
0.38018939632056126	0.01732757158704052	-0.09528933659907633
0.38370724549227886	0.018087935019266765	-0.1960877799417892
0.3872576449216173	0.019332923115650144	-0.4847406458873687
0.3908408957924021	0.022011632490666625	-1.6758034618847855
0.39445730207527846	0.03319422465470186	-14.102804191754927
0.3981071705534973	0.008615678037340072	-54.386343051149765
0.40179081084894	0.011951909387250137	-8.995745269622326
0.40550853544838394	0.014288526295457932	-5.443963073495151
0.40926065973001097	0.01591686235026206	-6.008250871191697
0.41304750199016144	0.017553726940691176	-11.040713555304448
0.4168693834703355	0.014591547976552495	-27.429957731120872
0.4207266283844442	0.01217292033678702	-6.991518614247395
0.424619563946313	0.013788435312426888	-1.671481037772873
0.4285485203974396	0.01478608427716546	-0.6179736128839152
0.43251383103500884	0.015483433931070227	-0.28839728264658615
0.4365158322401661	0.01604060682852607	-0.15394256554970018
0.44055486350655343	0.01652577469809759	-0.0890412235911256
0.4446312674691088	0.016972532414995637	-0.053736665149283845
0.4487453899331323	0.01739990540974087	-0.03263492742760196
0.4528975799036209	0.017820247622709475	-0.01897022363088863
0.4570881896148752	0.018243111536450196	-0.009577559653995763
0.46131757456037953	0.018678360995685542	-0.00347076310391697
0.4655860935229591	0.019142732231836396	-0.004193482313758088
0.4698941086052156	0.019695491417212614	-0.06074816700119745
0.4742419852602448	0.020457897871582684	-3.1885648249396987
0.47863009232263853	0.02010169091875214	-0.2881305658769726
0.48305880203977286	0.020720542421929843	-0.1033825600865246
0.4875284901033865	0.021280018041220178	-0.06174535009930022
0.4920395356814511	0.021845605345815033	-0.044618461350061735
0.49659232145033627	0.022434190484528303	-0.0355802786756483
0.5011872336272725	0.02305421314763926	-0.030162174661101337
0.5058246620031143	0.02371200407473673	-0.026691807779230293
0.5105049999754064	0.02441348179865023	-0.024415648709821804
0.5152286445817567	0.025164811418713143	-0.022953561222643803
0.5199959965335162	0.025972769152114633	-0.02210266363745936
0.5248074602497729	0.02684502409110566	-0.02175633980517593
0.5296634438916581	0.027790416262582843	-0.021868201487394823
0.5345643593969719	0.028819272123364974	-0.022436464807250707
0.5395106225151278	0.02994378911098768	-0.023499407355250274
0.5445026528424215	0.031178522750330357	-0.025138515408396882
0.5495408738576248	0.032541018693194354	-0.02748872870981914
0.5546257129579107	0.03405264782753163	-0.03075680696478588
0.5597576014951101	0.035739727436134225	-0.03524971850720672
0.5649369748123025	0.03763504993421804	-0.04141433555555776
0.5701642722807475	0.03978000184472063	-0.049884801395269296
0.5754399373371569	0.04222755833350814	-0.061518249668203816
0.580764417521312	0.04504662907157949	-0.07736471714888163
0.5861381645140288	0.04832862496539124	-0.09847671025566894
0.591561634175474	0.052197952664627165	-0.12553611804618076
0.5970352865838369	0.0568297273234878	-0.15873987090792344
0.6025595860743578	0.062480531272312345	-0.19919953307326163
0.6081350012787179	0.06954311332549859	-0.2532401853183843
0.6137620051647943	0.07865182799665714	-0.34152711514714285
0.6194410750767815	0.09091674867758903	-0.5270540201699402
0.6251726927756859	0.10852869485021521	-1.058705580274947
0.6309573444801934	0.13562080855882497	-3.4558378816147326
0.6367955209079159	0.1616120483778703	-6.986253596263841
0.6426877173170198	0.21770150574299568	-8.280101686008667
0.6486344335482385	0.3380269691337178	-4.253432790637558
0.654636174067275	1.0715155525857778	-3.869852925059506
0.6606934480075961	0.9592069751002851	-178.49147893066097
0.6668067692136223	0.33167767145329535	-179.72592854907805
0.6729766562843178	0.19982150310011515	-179.90249880672533
0.6792036326171846	0.14244288057922008	-179.9558016525504
0.6854882264526617	0.11028448552821847	-179.97686977546593
0.6918309709189366	0.08969600765607773	-179.9864704974927
0.6982324040771715	0.07537799197877798	-179.99125281829131
0.7046930689671471	0.06484086023077072	-179.9937958087095
0.7112135136533292	0.05675975210679785	-179.99522348817078
0.7177942912713619	0.05036435745328133	-179.99606192022168
0.7244359600749902	0.045176048271980275	-179.9965685625841
0.7311390834834176	0.0408816119774802	-179.99687280147896
0.7379042301291011	0.03726733962592006	-179.997039680116
0.7447319739059892	0.034182269161436914	-179.9970994634148
0.7516228940182057	0.03151653898460367	-179.99706077416027
0.758577575029184	0.029188020061832094	-179.99691467154855
0.7655966069112565	0.027133668020873816	-179.99663175310877
0.7726805850957026	0.025303594186638186	-179.99614995045323
0.7798301105232589	0.02365656135521588	-179.99534282052025
0.7870457896950989	0.022155713292293287	-179.9939349204953
0.7943282347242817	0.020762441203287626	-179.99124069060085
0.8016780633876793	0.019421546430925956	-179.98513888773192
0.8090958991783825	0.018001431880019018	-179.9659858004739
0.8165823713585927	0.01578631455145615	-179.8230393524182
0.8241381150130026	0.025203045824656455	-178.65596935627622
0.8317637711026713	0.017700811686298598	-179.9458825112213
0.8394599865193977	0.01628947605416652	-179.98371682211172
0.8472274141405968	0.015337046449995197	-179.9923474472707
0.8550667128846836	0.014550989246497031	-179.99557398174082
0.8629785477669706	0.013859469854368145	-179.9971059571709
0.870963589956081	0.013234278635887024	-179.99794541364406
0.8790225168308847	0.012660949896989892	-179.99845175465978
0.8871560120379608	0.012130650779322282	-179.9987789345672
0.8953647655495938	0.011637311508566164	-179.99900152649195
0.9036494737223014	0.011176412235604487	-179.9991590755118
0.9120108393559097	0.010744397596611511	-179.99927406165105
0.9204495717531712	0.010338362982946096	-179.99935998518782
0.9289663867799363	0.00995587131341134	-179.99942531860717
0.9375620069258802	0.009594838052175298	-179.9994755703056
0.946237161365793	0.009253454572882841	-179.99951442202303
0.9549925860214359	0.008930134444581744	-179.99954438409478
0.9638290236239705	0.00862347417848768	-179.99956718654323
0.9727472237769651	0.008332223537974396	-179.999584018627
0.9817479430199844	0.008055262438174992	-179.99959567743863
0.9908319448927676	0.00779158255082276	-179.9996026590754
1.	0.0075402723732717275	-179.99960521102406
1.0092528860766845	0.0073005049152954984	-179.99960335559376
1.0185913880541169	0.0070715274077345035	-179.99959688834514
1.0280162981264735	0.006852652600772519	-179.99958535062652
1.0375284158180127	0.006643251329125143	-179.99956797007962
1.0471285480508996	0.006442746095515367	-179.9995435556234
1.0568175092136585	0.006250605473192648	-179.99951032122658
1.066596121230258	0.006066339158205435	-179.9994655904083
1.076465213629835	0.00588949351319504	-179.99940528943355
1.0864256236170655	0.005719647430810735	-179.9993230452402
1.096478196143185	0.005556408288280769	-179.99920849898203
1.1066237839776665	0.005399407617320352	-179.99904395247322
1.1168632477805611	0.005248295745834923	-179.9987971647887
1.1271974561755105	0.005102733697827665	-179.99840428586688
1.1376272858234309	0.004962377793670543	-179.9977238830788
1.1481536214968828	0.004826842701810603	-179.99638928539693
1.1587773561551262	0.004695588133363597	-179.993195378962
1.1694993910198712	0.004567452303640963	-179.98226320943087
1.1803206356517297	0.004438199571763297	-179.91148491820383
1.191242008027375	0.004357317289407022	-179.95445572128273
1.2022644346174132	0.0042314854116410035	-179.98732019386364
1.2133888504649775	0.004119521093668035	-179.99487747295152
1.224616199265049	0.004012766502790715	-179.99728393691382
1.2359474334445106	0.003910032776306697	-179.99832027719984
1.2473835142429432	0.0038108686348150415	-179.99885334738627
1.2589254117941675	0.003715012520898434	-179.99916076290174
1.270574105208542	0.0036222733675539964	-179.99935250459225
1.2823305826560218	0.003532493773585848	-179.99947891159363
1.2941958414499863	0.0034455358379158097	-179.99956553329
1.3061708881318417	0.0033612747576565903	-179.9996263545391
1.3182567385564075	0.0032795955314575847	-179.99966944626027
1.3304544179780915	0.003200391059737917	-179.99969959854732
1.3427649611378643	0.003123560935186604	-179.99971961491147
1.3551894123510364	0.003049010601332608	-179.99973094080278
1.3677288255958495	0.0029766507185120055	-179.99973389483722
1.3803842646028852	0.002906396647713928	-179.9997275604888
1.3931568029453034	0.002838167990834469	-179.99970919493327
1.4060475241299142	0.0027718881228690844	-179.99967260372998
1.4190575216890926	0.0027074835991684368	-179.99960365852667
1.432187899273544	0.0026448831220308956	-179.99946601020338
1.4454397707459279	0.002584014982304722	-179.999142521044
1.4588142602753489	0.002524799302677728	-179.99807105613561
1.4723125024327193	0.00246722226402685	-179.99164715155948
1.4859356422870074	0.0024117435858174354	-179.99521704085154
1.499684835502374	0.002357162651321396	-179.99913315944593
1.5135612484362087	0.0023041110111870515	-179.99970095986734
1.5275660582380732	0.0022524991743703084	-179.99985964391226
1.54170045294956	0.0022022623974430554	-179.99992114365858
1.555965631605075	0.002153349528879865	-179.9999498239871
1.5703628043335531	0.0021057147709809113	-179.99996490410663
1.584893192461114	0.00205931540829478	-179.99997354166294
1.5995580286146696	0.002014110996832623	-179.99997882482884
1.6143585568264869	0.0019700629947569303	-179.99998223384165
1.629296032639723	0.0019271345541595317	-179.9999845366126
1.6443717232149324	0.001885290381505285	-179.99998615686226
1.6595869074375613	0.0018444966316194685	-179.99998734025837
1.6749428760264382	0.0018047208202522562	-179.99998823514744
1.690440931643265	0.0017659317481948846	-179.99998893421244
1.7060823890031243	0.001728099433353546	-179.99998949706398
1.7218685749860079	0.0016911950487893364	-179.99998996301602
1.7378008287493762	0.0016551908655325384	-179.99999035857363
1.753880501841762	0.0016200601994037973	-179.9999907019593
1.770108958317422	0.0015857773613125528	-179.99999100592362
1.7864875748520517	0.0015523176106437215	-179.99999127953294
1.803017740859568	0.0015196571114311885	-179.99999152933023
1.8197008586099825	0.0014877728910740178	-179.99999176010328
1.8365383433483455	0.0014566428013908467	-179.999991975402
1.8535316234148105	0.001426245481836295	-179.9999921778917
1.8706821403657996	0.0013965603247248117	-179.99999236959835
1.8879913490962925	0.0013675674423241238	-179.99999255208036
1.9054607179632463	0.0013392476356940855	-179.99999272655097
1.9230917289101574	0.0013115823651580537	-179.99999289396573
1.9408858775927773	0.0012845537223035639	-179.99999305508638
1.958844673505989	0.0012581444034174855	-179.99999321052732
1.97696964011186	0.001232337684268136	-179.99999336079003
1.9952623149688788	0.001207117396153444	-179.9999935062888
2.0137242498623875	0.0011824679031401148	-179.99999364736988
2.032357010936221	0.0011583740804240526	-179.99999378432605
2.0511621788255647	0.0011348212937471566	-179.9999939174078
2.0701413487910414	0.001111795379810003	-179.9999940468318
2.0892961308540388	0.0010892826276239793	-179.99999417278744
2.108628149933289	0.0010672697607501571	-179.99999429544195
2.1281390459827114	0.001045743920375612	-179.99999441494444
2.147830474130533	0.0010246926491810587	-179.99999453142902
2.167704104819694	0.001004103875956619	-179.99999464501727
2.1877616239495516	0.000983965900925217	-179.99999475582027
2.208004733018899	0.0009642673817356372	-179.9999948639403
2.228435149270303	0.0009449973200896088	-179.9999949694718
2.2490546058357803	0.000926145048969439	-179.9999950725028
2.2698648518838214	0.0009077002204347646	-179.9999951731156
2.2908676527677723	0.0008896527939588402	-179.99999527138738
2.312064790175594	0.0008719930252765614	-179.99999536739097
2.333458062281002	0.0008547114557180479	-179.9999954611952
2.355049283896009	0.0008377989020031306	-179.9999955528654
2.376840286624876	0.0008212464464735338	-179.99999564246374
2.39883291901949	0.0008050454277408516	-179.99999573004948
2.4210290467361775	0.0007891874317296914	-179.99999581567906
2.4434305526939712	0.0007736642830965023	-179.99999589940674
2.4660393372343385	0.0007584680370057126	-179.99999598128443
2.48885731828239	0.0007435909712458237	-179.99999606136194
2.5118864315095797	0.0007290255786690604	-179.99999613968714
2.535128630497907	0.0007147645599390891	-179.9999962163062
2.5585858869056453	0.0007008008165721463	-179.9999962912634
2.582260190634596	0.0006871274442577304	-179.99999636460169
2.6061535499988953	0.0006737377264457393	-179.99999643636227
2.6302679918953813	0.0006606251281876467	-179.99999650658506
2.654605561975539	0.0006477832902199599	-179.9999965753087
2.6791683248190314	0.0006352060232788369	-179.99999664257035
2.703958364108843	0.0006228873026352953	-179.99999670840617
2.7289777828080406	0.0006108212628410267	-179.99999677285106
2.7542287033381663	0.0005990021926753236	-179.99999683593884
2.7797132677592886	0.0005874245302841215	-179.9999968977023
2.805433637951713	0.0005760828585026141	-179.99999695817317
2.831391995799379	0.0005649719003533384	-179.99999701738233
2.8575905433749464	0.0005540865147120277	-179.99999707535963
2.8840315031266055	0.0005434216921339181	-179.99999713213413
2.910717118066605	0.0005329725508335568	-179.99999718773395
2.9376496519615305	0.0005227343328115081	-179.99999724218648
2.9648313895243423	0.0005127024001216697	-179.99999729551828
2.992264636608189	0.0005028722312732244	-179.99999734775517
3.019951720402016	0.0004932394177615409	-179.99999739892223
3.047894989627983	0.0004837996607226079	-179.9999974490439
3.076096814740708	0.00047454876770585146	-179.99999749814387
3.1045595881283554	0.0004654826495604238	-179.9999975462452
3.1332857243155856	0.0004565973174302882	-179.99999759337038
3.162277660168379	0.00044788887985364737	-179.99999763954122
3.1915378551007616	0.0004393535399624591	-179.99999768477898
3.2210687912834346	0.0004309875927780007	-179.99999772910436
3.250872973854344	0.0004227874225986064	-179.99999777253748
3.2809529311311905	0.0004147495004759029	-179.999997815098
3.311311214825911	0.0004068703817760188	-179.99999785680492
3.3419504002611427	0.00039914670382241367	-179.99999789767693
3.372873086588689	0.0003915751836171208	-179.9999979377321
3.404081897010009	0.0003841526156373396	-179.99999797698806
3.4355794789987466	0.0003768758697044564	-179.999998015462
3.4673685045253166	0.0003697418889226943	-179.99999805317069
3.499451670283573	0.0003627476876847224	-179.9999980901304
3.53183169791957	0.000355890349741671	-179.99999812635699
3.5645113342624426	0.0003491670263351062	-179.99999816186596
3.5974933515574232	0.000342574934388631	-179.99999819667232
3.630780547701014	0.0003361113547568737	-179.99999823079077
3.664375746478333	0.0003297736305297253	-179.99999826423553
3.6982817978026628	0.00032355916538977534	-179.9999982970205
3.732501577957206	0.00031746542202098756	-179.99999832915915
3.767037989839089	0.0003114899205667308	-179.99999836066456
3.801893963205613	0.00030563023713537003	-179.9999983915494
3.8370724549227884	0.0002998840023516881	-179.99999842182598
3.8725764492161727	0.0002942488999524856	-179.99999845150617
3.908408957924021	0.00028872266542476937	-179.99999848060136
3.944573020752785	0.000283303084685011	-179.99999850912252
3.981071705534973	0.0002779879927980091	-179.9999985370801
4.0179081084894	0.0002727752727339521	-179.99999856448397
4.055085354483839	0.00026766285416233103	-179.99999859134334
4.09260659730011	0.0002626487122813974	-179.99999861766665
4.130475019901614	0.0002577308666819133	-179.99999864346137
4.168693834703355	0.00025290738024396817	-179.9999986687338
4.207266283844442	0.00024817635806568037	-179.99999869348866
4.24619563946313	0.0002435359464226086	-179.99999871772863
4.285485203974396	0.00023898433175669823	-179.99999874145342
4.325138310350088	0.00023451973969355777	-179.99999876465856
4.365158322401661	0.00023014043408675617	-179.99999878733334
4.405548635065534	0.00022584471608762263	-179.99999880945725
4.446312674691089	0.0002216309232385832	-179.99999883099403
4.487453899331323	0.0002174974285871293	-179.9999988518804
4.528975799036209	0.00021344263981542088	-179.9999988720045
4.570881896148752	0.00020946499837562737	-179.9999988911603
4.613175745603791	0.00020556297860842827	-179.99999890894253
4.655860935229586	0.0002017350867852933	-179.99999892447352
4.698941086052151	0.0001979798598896012	-179.999998935562
4.742419852602444	0.00019429586341287804	-179.99999893539112
4.7863009232263805	0.00019068168410956354	-179.99999889279147
4.830588020397723	0.0001871358695391607	-179.99999844834858
4.875284901033861	0.00018365822268471567	-179.9999947834545
4.920395356814506	0.00018024495106157932	-179.9999988728938
4.965923214503357	0.00017689666613510192	-179.99999901635317
5.01187233627272	0.00017361167974670963	-179.99999906270418
5.058246620031137	0.0001703887309603622	-179.99999909062814
5.105049999754059	0.0001672266045360279	-179.9999991125075
5.152286445817562	0.00016412411425098931	-179.99999913171592
5.1999599653351565	0.00016108009953207979	-179.99999914947534
5.248074602497723	0.00015809342413705617	-179.9999991663159
5.296634438916575	0.0001551629753474675	-179.99999918249884
5.345643593969713	0.00015228766333344826	-179.9999991981663
5.395106225151273	0.00014946642059173856	-179.9999992134018
5.445026528424209	0.00014669820142235797	-179.999999228258
5.495408738576242	0.0001439819814299859	-179.99999924277012
5.5462571295791046	0.00014131675704372087	-179.99999925696298
5.597576014951099	0.00013870154505202814	-179.99999927085508
5.649369748123022	0.0001361353821510879	-179.99999928446073
5.701642722807472	0.00013361732450543876	-179.99999929779148
5.754399373371567	0.00013114644732016036	-179.99999931085702
5.807644175213118	0.0001287218444240281	-179.9999993236657
5.861381645140285	0.0001263426278631857	-179.99999933622482
5.9156163417547365	0.0001240079275049502	-179.99999934854105
5.9703528658383656	0.00012171689065140352	-179.99999936062054
6.025595860743575	0.00011946868166246035	-179.9999993724688
6.081350012787176	0.00011726248158812153	-179.99999938409124
6.137620051647939	0.00011509748780963833	-179.99999939549286
6.194410750767812	0.0001129729136893306	-179.99999940667843
6.251726927756856	0.00011088798822880843	-179.99999941765253
6.30957344480193	0.00010884195573536273	-179.99999942841956
6.367955209079155	0.00010683407549629352	-179.99999943898382
6.426877173170194	0.00010486362146095898	-179.99999944934936
6.486344335482381	0.00010292988193033035	-179.99999945952024
6.546361740672747	0.0001010321592538498	-179.99999946950032
6.6069344800759575	0.00009916976953339206	-179.9999994792934
6.668067692136219	0.0000973420423341383	-179.99999948890311
6.729766562843175	0.00009554832040217762	-179.99999949833307
6.792036326171843	0.00009378795938865544	-179.9999995075868
6.854882264526613	0.00009206032758029558	-179.99999951666769
6.918309709189362	0.00009036480563612796	-179.9999995255791
6.9823240407717115	0.0000887007863302574	-179.99999953432433
7.046930689671467	0.00008706767430051695	-179.99999954290652
7.112135136533288	0.00008546488580285071	-179.99999955132884
7.177942912713615	0.00008389184847127872	-179.99999955959433
7.244359600749899	0.00008234800108329894	-179.999999567706
7.311390834834173	0.00008083279333058669	-179.9999995756668
7.379042301291007	0.00007934568559485544	-179.99999958347956
7.447319739059888	0.00007788614872874764	-179.99999959114714
7.516228940182053	0.00007645366384162767	-179.9999995986723
7.585775750291836	0.00007504772209015272	-179.99999960605768
7.655966069112561	0.00007366782447350086	-179.99999961330602
7.726805850957022	0.00007231348163314016	-179.99999962041983
7.798301105232586	0.00007098421365702448	-179.9999996274017
7.870457896950985	0.0000696795498881061	-179.99999963425412
7.943282347242813	0.00006839902873705792	-179.99999964097952
8.01678063387679	0.00006714219749910143	-179.9999996475803
8.090958991783822	0.00006590861217483871	-179.9999996540588
8.165823713585922	0.00006469783729499119	-179.99999966041733
8.241381150130021	0.00006350944574894873	-179.99999966665814
8.317637711026709	0.00006234301861703717	-179.99999967278347
8.394599865193973	0.00006119814500641334	-179.99999967879546
8.472274141405963	0.00006007442189050023	-179.99999968469623
8.550667128846833	0.00005897145395187742	-179.9999996904879
8.629785477669701	0.00005788885342854325	-179.9999996961725
8.709635899560805	0.000056826239963468246	-179.99999970175202
8.790225168308842	0.0000557832404573622	-179.99999970722843
8.871560120379607	0.00005475948892457706	-179.9999997126037
8.953647655495937	0.0000537546263520733	-179.9999997178797
9.036494737223014	0.000052768300561375966	-179.99999972305824
9.120108393559097	0.00005180016607345118	-179.9999997281412
9.204495717531712	0.00005084988397643416	-179.99999973313035
9.289663867799362	0.000049917121796142673	-179.99999973802744
9.375620069258803	0.00004900155336931065	-179.99999974283418
9.462371613657929	0.00004810285871947946	-179.99999974755224
9.549925860214358	0.00004722072393548474	-179.9999997521833
9.638290236239705	0.000046354841052479875	-179.99999975672898
9.727472237769652	0.00004550490793543715	-179.99999976119088
9.817479430199844	0.000044670628165070244	-179.99999976557052
9.908319448927676	0.00004385171092612272	-179.99999976986948
10.	0.0000430478708979688	-179.9999997740892
10.092528860766844	0.00004225882814747401	-179.99999977823123
10.18591388054117	0.000041484308024064396	-179.99999978229692
10.280162981264736	0.00004072404105695487	-179.9999997862878
10.375284158180126	0.00003997776285448787	-179.99999979020518
10.471285480508996	0.000039245214005535496	-179.99999979405047
10.568175092136585	0.000038526139982918415	-179.99999979782496
10.665961212302578	0.00003782029104879715	-179.99999980153
10.76465213629835	0.000037127422161991805	-179.99999980516685
10.864256236170656	0.00003644729288718751	-179.99999980873682
10.964781961431852	0.00003577966730598366	-179.99999981224113
11.066237839776663	0.00003512431392974704	-179.99999981568095
11.168632477805613	0.00003448100561422844	-179.99999981905756
11.271974561755105	0.00003384951947590482	-179.99999982237205
11.37627285823431	0.00003322963681000864	-179.99999982562562
11.481536214968829	0.00003262114301020839	-179.99999982881943
11.587773561551263	0.0000320238274899037	-179.99999983195448
11.694993910198711	0.00003143748360510067	-179.99999983503196
11.803206356517286	0.00003086190857883272	-179.99999983805287
11.912420080273739	0.000030296903427093846	-179.9999998410183
12.022644346174118	0.000029742272886252295	-179.99999984392923
12.133888504649763	0.00002919782534191173	-179.9999998467867
12.246161992650476	0.000028663372759190027	-179.99999984959172
12.359474334445094	0.000028138730614384775	-179.99999985234518
12.47383514242942	0.000027623717827996252	-179.99999985504812
12.589254117941662	0.0000271181566990789	-179.99999985770145
12.705741052085406	0.000026621872840893083	-179.99999986030605
12.823305826560205	0.000026134695117829868	-179.99999986286286
12.941958414499851	0.000025656455583581643	-179.99999986537273
13.061708881318404	0.000025186989420532595	-179.99999986783652
13.182567385564061	0.00002472613488034325	-179.99999987025515
13.304544179780901	0.000024273733225704134	-179.99999987262936
13.427649611378628	0.0000238296286732341	-179.99999987496003
13.551894123510351	0.000023393668337499328	-179.99999987724794
13.67728825595848	0.000022965702176129783	-179.99999987949388
13.803842646028839	0.000022545582936010205	-179.99999988169867
13.931568029453022	0.000022133166100523374	-179.99999988386298
14.060475241299129	0.00002172830983782396	-179.99999988598762
14.190575216890911	0.000021330874950121453	-179.9999998880733
14.321878992735424	0.000020940724823951557	-179.99999989012073
14.454397707459265	0.000020557725381415612	-179.99999989213066
14.588142602753473	0.000020181745032368158	-179.99999989410372
14.723125024327178	0.000019812654627533204	-179.9999998960406
14.859356422870059	0.000019450327412530246	-179.99999989794202
14.996848355023726	0.000019094638982791338	-179.99999989980853
15.135612484362072	0.000018745467239351136	-179.99999990164088
15.275660582380716	0.000018402692345492102	-179.99999990343966
15.417004529495584	0.000018066196684227545	-179.99999990520544
15.559656316050734	0.000017735864816605378	-179.9999999069389
15.703628043335515	0.00001741158344081611	-179.9999999086406
15.848931924611126	0.000017093241352088733	-179.99999991031112
15.995580286146678	0.000016780729403358617	-179.99999991195105
16.143585568264854	0.000016473940466691828	-179.99999991356094
16.292960326397214	0.000016172769395450766	-179.99999991514133
16.443717232149307	0.00001587711298718602	-179.9999999166928
16.595869074375596	0.000015586869947240123	-179.99999991821582
16.749428760264365	0.000015301940853048693	-179.999999919711
16.90440931643263	0.000015022228119125328	-179.99999992117876
17.060823890031227	0.000014747635962716208	-179.99999992261968
17.21868574986006	0.00001447807037011149	-179.99999992403417
17.378008287493746	0.00001421343906360001	-179.9999999254228
17.5388050184176	0.00001395365146905484	-179.999999926786
17.701089583174202	0.00001369861868413694	-179.99999992812425
17.864875748520497	0.000013448253447104794	-179.999999929438
18.03017740859568	0.000013202470106217981	-179.9999999307277
18.197008586099827	0.000012961184589722925	-179.9999999319938
18.365383433483455	0.000012724314376409357	-179.99999993323675
18.535316234148105	0.000012491778466726255	-179.99999993445692
18.706821403657997	0.000012263497354446172	-179.99999993565476
18.879913490962927	0.000012039392998867252	-179.9999999368307
19.054607179632463	0.000011819388797542335	-179.9999999379851
19.230917289101576	0.000011603409559524777	-179.9999999391184
19.408858775927772	0.000011391381479120933	-179.99999994023096
19.58844673505989	0.000011183232110139327	-179.99999994132315
19.769696401118598	0.000010978890340626832	-179.99999994239536
19.952623149688787	0.000010778286368082324	-179.999999943448
20.137242498623873	0.00001058135167513854	-179.99999994448132
20.32357010936221	0.000010388019005702964	-179.99999994549577
20.511621788255646	0.000010198222341548877	-179.99999994649167
20.701413487910415	0.000010011896879347732	-179.99999994746935
20.892961308540386	9.828979008134362e-6	-179.99999994842915
21.086281499332888	9.649406287196618e-6	-179.99999994937136
21.28139045982711	9.473117424381151e-6	-179.99999995029637
21.47830474130533	9.300052254807332e-6	-179.99999995120447
21.67704104819694	9.13015171998143e-6	-179.99999995209595
21.87761623949552	8.963357847303285e-6	-179.9999999529711
22.080047330188993	8.799613729957902e-6	-179.9999999538303
22.28435149270303	8.638863507184537e-6	-179.99999995467377
22.490546058357804	8.481052344916066e-6	-179.9999999555018
22.698648518838212	8.32612641678142e-6	-179.9999999563147
22.908676527677724	8.174032885464158e-6	-179.99999995711275
23.12064790175594	8.02471988441033e-6	-179.99999995789616
23.33458062281002	7.878136499878923e-6	-179.9999999586653
23.55049283896009	7.73423275332832e-6	-179.99999995942036
23.76840286624876	7.592959584132303e-6	-179.99999996016163
23.9883291901949	7.45426883261937e-6	-179.99999996088934
24.210290467361776	7.318113223429099e-6	-179.99999996160372
24.434305526939713	7.184446349179513e-6	-179.99999996230508
24.660393372343385	7.05322265443958e-6	-179.9999999629936
24.888573182823905	6.924397420000908e-6	-179.99999996366955
25.118864315095795	6.797926747443044e-6	-179.9999999643331
25.351286304979073	6.67376754398668e-6	-179.99999996498457
25.58585886905645	6.551877507629379e-6	-179.99999996562414
25.82260190634596	6.432215112558363e-6	-179.99999996625198
26.06153549998895	6.314739594835156e-6	-179.99999996686836
26.302679918953814	6.199410938346888e-6	-179.99999996747349
26.54605561975539	6.086189861019199e-6	-179.99999996806753
26.791683248190314	5.975037801285781e-6	-179.99999996865074
27.039583641088434	5.8659169048097164e-6	-179.99999996922327
27.289777828080403	5.758790011451783e-6	-179.99999996978536
27.542287033381662	5.65362064248112e-6	-179.99999997033717
27.797132677592884	5.55037298802363e-6	-179.9999999708789
28.05433637951713	5.449011894743603e-6	-179.99999997141074
28.31391995799379	5.34950285375421e-6	-179.99999997193282
28.575905433749465	5.2518119887525025e-6	-179.9999999724454
28.84031503126606	5.155906044374664e-6	-179.9999999729486
29.10717118066605	5.061752374767438e-6	-179.9999999734426
29.376496519615305	4.969318932371543e-6	-179.9999999739276
29.648313895243422	4.878574256913187e-6	-179.99999997440372
29.92264636608189	4.789487464599686e-6	-179.99999997487112
30.19951720402016	4.702028237515393e-6	-179.99999997533
30.4789498962798	4.6161668132141475e-6	-179.9999999757805
30.76096814740705	4.531873974504507e-6	-179.9999999762228
31.045595881283525	4.449121039424293e-6	-179.99999997665697
31.332857243155825	4.367879851400674e-6	-179.99999997708323
31.62277660168376	4.288122769592469e-6	-179.9999999775017
31.91537855100758	4.209822659411194e-6	-179.99999997791252
32.21068791283432	4.132952883217503e-6	-179.99999997831586
32.50872973854341	4.057487291189732e-6	-179.99999997871177
32.80952931131187	3.983400212361322e-6	-179.9999999791005
33.11311214825908	3.910666445823974e-6	-179.9999999794821
33.41950400261139	3.839261252093419e-6	-179.99999997985677
33.72873086588685	3.769160344634749e-6	-179.99999998022454
34.040818970100055	3.7003398815443653e-6	-179.99999998058564
34.35579478998743	3.63277645738556e-6	-179.99999998094012
34.67368504525313	3.5664470951749073e-6	-179.99999998128817
34.994516702835696	3.5013292385166336e-6	-179.9999999816298
35.318316979195664	3.4374007438821854e-6	-179.99999998196523
35.64511334262439	3.3746398730323066e-6	-179.99999998229453
35.9749335155742	3.3130252855789585e-6	-179.9999999826178
36.3078054770101	3.252536031684484e-6	-179.99999998293515
36.64375746478329	3.1931515448954275e-6	-179.99999998324674
36.98281797802659	3.1348516351085467e-6	-179.9999999835526
37.32501577957203	3.0776164816665124e-6	-179.99999998385292
37.670379898390856	3.02142662658091e-6	-179.99999998414773
38.01893963205609	2.966262967880151e-6	-179.99999998443715
38.370724549227845	2.912106753079992e-6	-179.9999999847213
38.72576449216169	2.85893957277436e-6	-179.99999998500024
39.08408957924017	2.8067433543442597e-6	-179.99999998527412
39.44573020752781	2.7555003557825706e-6	-179.99999998554296
39.81071705534969	2.705193159632561e-6	-179.9999999858069
40.17908108489396	2.6558046670380294e-6	-179.99999998606603
40.55085354483835	2.607318091902987e-6	-179.99999998632043
40.92606597300105	2.5597169551588526e-6	-179.99999998657017
41.304750199016105	2.5129850791371568e-6	-179.99999998681534
41.68693834703351	2.4671065820458156e-6	-179.99999998705607
42.07266283844438	2.422065872547025e-6	-179.9999999872924
42.46195639463126	2.37784764443492e-6	-179.99999998752438
42.85485203974392	2.334436871411135e-6	-179.99999998775215
43.251383103500835	2.2918188019564405e-6	-179.99999998797574
43.65158322401656	2.2499789542967056e-6	-179.99999998819524
44.0554863506553	2.208903111461408e-6	-179.99999998841076
44.46312674691084	2.1685773164329996e-6	-179.99999998862236
44.87453899331318	2.128987867385431e-6	-179.99999998883007
45.28975799036204	2.09012131301019e-6	-179.999999989034
45.708818961487474	2.0519644479282476e-6	-179.99999998923417
46.13175745603791	2.014504308186297e-6	-179.9999999894307
46.55860935229586	1.977728166835745e-6	-179.9999999896237
46.98941086052151	1.9416235295929196e-6	-179.9999999898131
47.42419852602443	1.9061781305789976e-6	-179.99999998999905
47.8630092322638	1.8713799281381704e-6	-179.99999999018166
48.30588020397723	1.8372171007326055e-6	-179.9999999903609
48.7528490103386	1.8036780429127919e-6	-179.99999999053685
49.20395356814506	1.7707513613618666e-6	-179.9999999907096
49.65923214503358	1.7384258710125603e-6	-179.99999999087922
50.118723362727195	1.7066905912354287e-6	-179.9999999910457
50.58246620031137	1.6755347420970356e-6	-179.99999999120917
51.0504999975406	1.644947740686821e-6	-179.99999999136966
51.52286445817562	1.6149191975113649e-6	-179.9999999915272
51.99959965335157	1.5854389129548183e-6	-179.99999999168188
52.48074602497723	1.556496873804272e-6	-179.9999999918337
52.966344389165755	1.5280832498388726e-6	-179.99999999198278
53.45643593969714	1.5001883904815053e-6	-179.99999999212915
53.95106225151273	1.47280282151189e-6	-179.99999999227282
54.450265284242086	1.4459172418399693e-6	-179.9999999924139
54.95408738576243	1.4195225203384558e-6	-179.99999999255238
55.462571295791044	1.3936096927334768e-6	-179.99999999268834
55.97576014951099	1.3681699585522184e-6	-179.99999999282178
56.49369748123023	1.3431946781265417e-6	-179.99999999295284
57.01642722807472	1.3186753696515258e-6	-179.99999999308147
57.543993733715666	1.2946037062979324e-6	-179.99999999320778
58.07644175213118	1.2709715133776023e-6	-179.99999999333178
58.61381645140285	1.2477707655607988e-6	-179.99999999345349
59.15616341754737	1.2249935841445556e-6	-179.999999993573
59.70352865838366	1.2026322343710796e-6	-179.99999999369032
60.255958607435744	1.1806791227952958e-6	-179.9999999938055
60.81350012787176	1.1591267947006217e-6	-179.99999999391858
61.37620051647939	1.1379679315620957e-6	-179.9999999940296
61.94410750767812	1.117195348555977e-6	-179.99999999413856
62.51726927756855	1.0968019921149697e-6	-179.99999999424557
63.0957344480193	1.0767809375282294e-6	-179.9999999943506
63.67955209079155	1.0571253865853321e-6	-179.99999999445373
64.26877173170195	1.0378286652633923e-6	-179.99999999455497
64.86344335482381	1.0188842214565426e-6	-179.99999999465436
65.46361740672747	1.000285622746993e-6	-179.99999999475193
66.06934480075958	9.820265542169053e-7	-179.99999999484774
66.68067692136219	9.641008163003407e-7	-179.9999999949418
67.29766562843174	9.465023226745294e-7	-179.9999999950341
67.92036326171844	9.292250981897554e-7	-179.99999999512477
68.54882264526613	9.122632768371401e-7	-179.99999999521378
69.18309709189363	8.956110997536252e-7	-179.99999999530112
69.82324040771712	8.792629132634819e-7	-179.9999999953869
70.46930689671467	8.63213166955668e-7	-179.99999999547111
71.12135136533288	8.474564117963729e-7	-179.9999999955538
71.77942912713615	8.319872982761159e-7	-179.99999999563494
72.44359600749898	8.168005745907527e-7	-179.99999999571463
73.11390834834172	8.018910848557693e-7	-179.99999999579285
73.79042301291008	7.872537673532606e-7	-179.99999999586962
74.47319739059888	7.728836528109833e-7	-179.99999999594502
75.16228940182053	7.58775862712901e-7	-179.99999999601903
75.85775750291836	7.449256076406448e-7	-179.9999999960917
76.55966069112561	7.313281856453162e-7	-179.99999999616304
77.26805850957021	7.179789806490828e-7	-179.99999999623307
77.98301105232578	7.048734608760155e-7	-179.99999999630185
78.70457896950977	6.920071773116298e-7	-179.99999999636935
79.43282347242805	6.793757621906167e-7	-179.9999999964356
80.16780633876782	6.669749275122284e-7	-179.9999999965007
80.90958991783813	6.548004635828243e-7	-179.99999999656455
81.65823713585914	6.428482375850759e-7	-179.99999999662725
82.41381150130013	6.311141921733423e-7	-179.99999999668884
83.176377110267	6.195943440947361e-7	-179.99999999674927
83.94599865193965	6.08284782835407e-7	-179.9999999968086
84.72274141405954	5.97181669291589e-7	-179.99999999686688
85.50667128846823	5.862812344649424e-7	-179.99999999692406
86.29785477669692	5.755797781817635e-7	-179.9999999969802
87.09635899560797	5.650736678356095e-7	-179.9999999970353
87.90225168308834	5.547593371529201e-7	-179.99999999708945
88.71560120379598	5.446332849812057e-7	-179.99999999714257
89.53647655495928	5.346920740993983e-7	-179.99999999719472
90.36494737223005	5.249323300499501e-7	-179.9999999972459
91.20108393559087	5.15350739992289e-7	-179.9999999972962
92.04495717531702	5.059440515772335e-7	-179.99999999734553
92.89663867799354	4.967090718419871e-7	-179.999999997394
93.75620069258792	4.876426661253367e-7	-179.99999999744156
94.6237161365792	4.787417570026785e-7	-179.99999999748826
95.4992586021435	4.7000332324051605e-7	-179.9999999975341
96.38290236239695	4.614243987700683e-7	-179.99999999757912
97.2747223776964	4.530020716796414e-7	-179.99999999762332
98.17479430199833	4.447334832254182e-7	-179.9999999976667
99.08319448927665	4.366158268603295e-7	-179.9999999977093
99.9999999999999	4.2864634728067697e-7	-179.9999999977511