0.01000000000000001	0.38932751047704833	-0.006458520102587776
0.010092528860766855	0.38933316555948144	-0.006458614351196574
0.01018591388054118	0.3893389259477967	-0.00645871036352475
0.010280162981264745	0.389344793606785	-0.00645880817280732
0.010375284158180138	0.38935077053573725	-0.006458907812922472
0.010471285480509006	0.3893568587745857	-0.006459009318422276
0.010568175092136596	0.3893630603998081	-0.006459112724429081
0.01066596121230259	0.3893693775257818	-0.0064592180668714295
0.010764652136298361	0.3893758123093653	-0.006459325382259776
0.010864256236170667	0.3893823669441889	-0.006459434707849415
0.010964781961431863	0.3893890436662124	-0.006459546081595362
0.011066237839776675	0.3893958447561065	-0.006459659542201603
0.011168632477805623	0.3894027725331252	-0.006459775129098093
0.011271974561755117	0.38940982936271773	-0.006459892882493695
0.011376272858234322	0.3894170176539782	-0.006460012843350118
0.01148153621496884	0.3894243398601745	-0.006460135053429476
0.011587773561551273	0.38943179848120296	-0.006460259555305618
0.011694993910198724	0.3894393960634384	-0.006460386392339023
0.01180320635651731	0.3894471352038773	-0.006460515608782629
0.011912420080273762	0.38945501854361775	-0.006460647249722152
0.012022644346174144	0.38946304877627363	-0.006460781361095742
0.012133888504649786	0.3894712286441677	-0.006460917989709939
0.012246161992650502	0.3894795609436066	-0.006461057183401729
0.01235947433444512	0.389488048520724	-0.006461198990764822
0.012473835142429446	0.3894966942781177	-0.006461343461481912
0.012589254117941687	0.38950550116918226	-0.006461490646112139
0.012705741052085433	0.3895144722047122	-0.006461640596241948
0.012823305826560232	0.38952361045340733	-0.006461793364441128
0.01294195841449987	0.38953291903669723	-0.006461949004283148
0.013061708881318424	0.38954240114183103	-0.006462107570475815
0.013182567385564082	0.38955206001069165	-0.006462269118723257
0.01330454417978092	0.3895618989464418	-0.00646243370578571
0.013427649611378649	0.3895719213175125	-0.006462601389632669
0.01355189412351037	0.38958213055186197	-0.006462772229302688
0.013677288255958502	0.3895925301440767	-0.00646294628500202
0.013803842646028859	0.3896031236550257	-0.00646312361816321
0.013931568029453043	0.38961391471042806	-0.006463304291352758
0.01406047524129915	0.3896249070047343	-0.006463488368427571
0.014190575216890933	0.3896361043043608	-0.006463675914480038
0.014321878992735446	0.3896475104441483	-0.0064638669959388466
0.014454397707459286	0.38965912933190755	-0.006464061680490574
0.014588142602753497	0.38967096494863507	-0.006464260037137608
0.014723125024327202	0.3896830213496044	-0.006464462136356872
0.014859356422870082	0.38969530266910957	-0.006464668049905425
0.014996848355023748	0.3897078131173356	-0.006464877851066985
0.015135612484362095	0.3897205569827739	-0.006465091614525047
0.015275660582380739	0.389733538640649	-0.006465309416521433
0.015417004529495607	0.3897467625399304	-0.006465531334727797
0.015559656316050758	0.3897602332190851	-0.006465757448459906
0.01570362804333554	0.3897739553016733	-0.006465987838558455
0.015848931924611148	0.38978793349782626	-0.006466222587543288
0.015995580286146702	0.3898021726061445	-0.006466461779583362
0.016143585568264878	0.38981667751784393	-0.00646670550053026
0.016292960326397238	0.38983145321353146	-0.00646695383799946
0.01644371723214933	0.3898465047699488	-0.006467206881332527
0.016595869074375623	0.38986183736128066	-0.0064674647217627685
0.01674942876026439	0.3898774562551706	-0.006467727452315114
0.016904409316432657	0.3898933668219362	-0.006467995167951676
0.017060823890031253	0.3899095745346339	-0.0064682679655477734
0.017218685749860088	0.3899260849668464	-0.006468545943997927
0.017378008287493772	0.38994290379966784	-0.006468829204216904
0.01753880501841763	0.3899600368197092	-0.00646911784916822
0.01770108958317423	0.38997748992778364	-0.006469411983977539
0.017864875748520526	0.3899952691304961	-0.006469711715953219
0.018030177408595707	0.3900133805546707	-0.006470017154613205
0.018197008586099853	0.39003183043656187	-0.0064703284117400214
0.018365383433483484	0.3900506251368711	-0.006470645601504382
0.018535316234148135	0.39006977113329727	-0.006470968840425114
0.018706821403658026	0.39008927502805735	-0.00647129824746184
0.018879913490962956	0.39010914354771414	-0.006471633944097117
0.019054607179632494	0.3901293835471564	-0.006471976054415974
0.019230917289101597	0.39015000201388494	-0.006472324705085517
0.019408858775927792	0.3901710060646536	-0.006472680025499274
0.01958844673505991	0.39019240295257535	-0.006473042147782855
0.01976969640111862	0.39021420006980845	-0.00647341120690694
0.01995262314968881	0.3902364049503255	-0.006473787340786946
0.020137242498623895	0.39025902526719153	-0.006474170690266921
0.02032357010936223	0.39028206884617794	-0.00647456139924727
0.020511621788255666	0.3903055436570631	-0.006474959614807551
0.020701413487910436	0.39032945782318335	-0.006475365487176624
0.02089296130854041	0.3903538196245063	-0.006475779169955156
0.02108628149933291	0.3903786374957279	-0.006476200820055295
0.021281390459827135	0.39040392003739205	-0.006476630597913947
0.021478304741305354	0.3904296760105715	-0.00647706866754154
0.02167704104819696	0.39045591434432914	-0.0064775151965706995
0.02187761623949554	0.3904826441390938	-0.006477970356444257
0.022080047330189013	0.39050987467247605	-0.006478434322483259
0.022284351492703053	0.39053761539605136	-0.006478907273974948
0.022490546058357826	0.39056587594158476	-0.0064793893942578186
0.022698648518838235	0.39059466612947236	-0.006479880870952875
0.022908676527677748	0.3906239959671564	-0.006480381895983378
0.023120647901755963	0.39065387565231885	-0.006480892665731206
0.023334580622810044	0.39068431558105754	-0.00648141338114244
0.023550492838960112	0.39071532634758577	-0.006481944247926541
0.023768402866248782	0.390746918750221	-0.0064824854766397716
0.02398832919019492	0.3907791037965367	-0.0064830372828872515
0.0242102904673618	0.3908118927039873	-0.006483599887402769
0.02443430552693974	0.3908452969057265	-0.006484173516262871
0.024660393372343412	0.39087932805901804	-0.006484758401087047
0.02488857318282393	0.3909139980425944	-0.006485354779134321
0.025118864315095822	0.3909493189663368	-0.006485962893556297
0.025351286304979098	0.39098530317227675	-0.006486582993499459
0.02558585886905648	0.3910219632431713	-0.006487215334452044
0.025822601906345985	0.39105931200418054	-0.006487860178305384
0.026061535499988978	0.3910973625282341	-0.006488517793680988
0.026302679918953843	0.3911361281429283	-0.00648918845610623
0.026546055619755416	0.39117562243410503	-0.006489872448286154
0.026791683248190343	0.39121585924965124	-0.006490570060305152
0.027039583641088463	0.3912568527068306	-0.006491281589980997
0.027289777828080432	0.39129861719992803	-0.00649200734309907
0.02754228703338169	0.39134116740049607	-0.006492747633755766
0.02779713267759291	0.3913845182671455	-0.006493502784525697
0.02805433637951716	0.3914286850467496	-0.0064942731269642204
0.028313919957993816	0.39147368328915233	-0.006495059001921848
0.028575905433749497	0.39151952884233476	-0.006495860759840695
0.028840315031266085	0.39156623786727046	-0.0064966787611548775
0.02910717118066608	0.3916138268408906	-0.006497513376802841
0.029376496519615335	0.39166231255880235	-0.0064983649885276724
0.029648313895243455	0.3917117121508569	-0.0064992339894283935
0.02992264636608192	0.3917620430786514	-0.006500120784410135
0.030199517204020192	0.3918133231484817	-0.00650102579067948
0.03047894989627986	0.3918655705170761	-0.006501949438441003
0.03076096814740711	0.3919188036959977	-0.006502892171213803
0.031045595881283587	0.3919730415626622	-0.006503854446711272
0.03133285724315589	0.39202830336704986	-0.006504836737339251
0.031622776601683826	0.39208460873771217	-0.006505839531039902
0.03191537855100765	0.39214197769010856	-0.00650686333186435
0.03221068791283438	0.39220043063835003	-0.006507908660936256
0.03250872973854347	0.39225998839807663	-0.006508976057273078
0.03280952931131194	0.3923206721981183	-0.00651006607859191
0.03311311214825915	0.3923825036864807	-0.006511179302451292
0.03341950400261146	0.39244550494595287	-0.00651231632724468
0.03372873086588692	0.39250969849272765	-0.0065134777732714505
0.034040818970100126	0.39257510729627	-0.00651466428401227
0.0343557947899875	0.39264175477953267	-0.006515876527403825
0.0346736850452532	0.392709664835075	-0.006517115197290025
0.034994516702835765	0.39277886183402183	-0.006518381014865492
0.035318316979195734	0.39284937063264985	-0.0065196747303233535
0.03564511334262446	0.39292121658615187	-0.0065209971246393455
0.03597493351557427	0.39299442556055586	-0.006522349011460971
0.03630780547701017	0.39306902393687754	-0.006523731239127225
0.03664375746478335	0.3931450386333747	-0.006525144692934185
0.03698281797802665	0.393222497102761	-0.00652659029747602
0.037325015779572084	0.3933014273581957	-0.006528069019374865
0.037670379898390914	0.3933818579773037	-0.006529581870018065
0.038018939632056145	0.3934638181129527	-0.0065311299086729955
0.0383707245492279	0.39354733751223614	-0.006532714245847523
0.038725764492161745	0.3936324465248013	-0.00653433604701478
0.03908408957924023	0.3937191761166618	-0.006535996536499565
0.03944573020752787	0.3938075578870699	-0.006537697001991931
0.039810717055349755	0.3938976240764453	-0.006539438799209994
0.04017908108489402	0.393989407586197	-0.00654122335721088
0.040550853544838415	0.3940829419911956	-0.00654305218414953
0.040926065973001115	0.39417826155297697	-0.006544926873540138
0.041304750199016166	0.39427540123901056	-0.006546849111299004
0.04168693834703357	0.3943743967312044	-0.006548820683251188
0.04207266283844444	0.394475284456354	-0.006550843483834414
0.04246195639463132	0.3945781015858479	-0.006552919525171226
0.042854852039743985	0.39468288606167223	-0.006555050947495807
0.04325138310350091	0.39478967661498876	-0.006557240030690941
0.04365158322401663	0.3948985127778836	-0.006559489206713623
0.044055486350655364	0.39500943491063634	-0.006561801074096576
0.04446312674691091	0.39512248421058715	-0.006564178413250822
0.04487453899331325	0.3952377027394948	-0.00656662420427017
0.04528975799036211	0.3953551334368393	-0.006569141646277329
0.04570881896148754	0.3954748201483241	-0.006571734179484052
0.04613175745603798	0.3955968076396418	-0.006574405509564065
0.04655860935229591	0.3957211416222426	-0.006577159635270201
0.04698941086052156	0.3958478687707949	-0.006580000879349227
0.04742419852602448	0.39597703675300533	-0.006582933923486502
0.04786300923226385	0.39610869424859413	-0.006585963847711881
0.04830588020397728	0.39624289097506005	-0.006589096174997744
0.04875284901033865	0.39637967770934834	-0.006592336921801166
0.04920395356814511	0.3965191063171676	-0.006595692655555934
0.04965923214503363	0.39666122978187823	-0.00659917056029222
0.05011872336272725	0.39680610222044943	-0.0066027785110222
0.05058246620031143	0.39695377892544553	-0.006606525159537744
0.051050499997540646	0.39710431638546834	-0.00661042003240238
0.05152286445817567	0.3972577723164252	-0.006614473643754356
0.05199959965335162	0.3974142056919837	-0.006618697625279076
0.052480746024977286	0.39757367677899325	-0.00662310487673516
0.05296634438916581	0.39773624716409955	-0.006627709740146848
0.05345643593969719	0.3979019797942632	-0.006632528202689064
0.05395106225151279	0.39807093900700435	-0.006637578133002954
0.05445026528424214	0.39824319056826263	-0.006642879557948123
0.05495408738576248	0.39841880170987537	-0.006648454987455547
0.0554625712957911	0.39859784117189306	-0.006654329797067212
0.05597576014951104	0.39878037923767357	-0.0066605326803144
0.05649369748123028	0.3989664877804397	-0.0066670961853020376
0.05701642722807478	0.39915624030598085	-0.006674057354023714
0.05754399373371572	0.39934971199831526	-0.0066814584868676655
0.05807644175213124	0.39954697977037135	-0.006689348060767766
0.05861381645140291	0.3997481223098065	-0.006697781836671652
0.05915616341754743	0.3999532201341883	-0.006706824201836605
0.05970352865838372	0.4001623556505969	-0.006716549804042835
0.06025595860743581	0.4003756132053093	-0.00672704555148413
0.060813500127871824	0.4005930791564317	-0.006738413073345298
0.061376200516479455	0.4008148419321251	-0.006750771763155506
0.06194410750767818	0.40104099210088107	-0.006764262565338523
0.06251726927756862	0.4012716224542928	-0.006779052714337625
0.06309573444801936	0.4015068280735527	-0.00679534170339743
0.06367955209079162	0.4017467064275539	-0.006813368851636841
0.064268771731702	0.4019913574573962	-0.00683342296258183
0.06486344335482389	0.4022408836713439	-0.006855854739974181
0.06546361740672754	0.4024953902605033	-0.006881092865079024
0.06606934480075964	0.40275498519194597	-0.0069096649719453725
0.06668067692136226	0.40301977933793576	-0.006942225222883403
0.06729766562843183	0.4032898865726066	-0.006979590839263321
0.0679203632617185	0.4035654238890443	-0.0070227908609067245
0.0685488226452662	0.4038465114691453	-0.007073131689807372
0.0691830970918937	0.40413327270687094	-0.007132285746258116
0.06982324040771719	0.40442583413856287	-0.007202411951253555
0.07046930689671474	0.4047243251632491	-0.007286319787717294
0.07112135136533296	0.40502887742123533	-0.007387692117161369
0.07177942912713622	0.40533962352899355	-0.00751138453467686
0.07244359600749906	0.40565669468174703	-0.007663817199400326
0.0731139083483418	0.40598021624235525	-0.007853459052367309
0.07379042301291015	0.40631029987202905	-0.008091350067518478
0.07447319739059896	0.4066470298424193	-0.008391459226576295
0.07516228940182061	0.4069904404636141	-0.008770319408610826
0.07585775750291844	0.40734048213767704	-0.00924462640442811
0.07655966069112569	0.407696980576446	-0.009824222508787867
0.07726805850957029	0.4080596169304712	-0.010496879166038675
0.07798301105232593	0.4084280044436053	-0.011204405188938688
0.07870457896950993	0.4088019669479327	-0.011824582383064955
0.07943282347242822	0.4091819760854643	-0.012196285218691743
0.08016780633876798	0.4095693211700587	-0.0122077748774506
0.0809095899178383	0.40996558413488926	-0.011878461505591919
0.0816582371358593	0.41037184006145744	-0.011337431579502746
0.0824138115013003	0.41078839516633303	-0.010729841464287097
0.08317637711026717	0.4112150866574396	-0.010153210784804299
0.08394599865193982	0.4116516497534332	-0.009651288099882832
0.08472274141405972	0.4120979035668667	-0.009233304438007902
0.08550667128846841	0.41255379060586755	-0.008892412029224361
0.0862978547766971	0.4130193569111626	-0.008616555249534762
0.08709635899560814	0.4134947216978511	-0.008393467019905074
0.08790225168308852	0.413980052761014	-0.00821248342407466
0.08871560120379617	0.4144755498509421	-0.008064927757305251
0.08953647655495947	0.41498143432491363	-0.007943949244202395
0.09036494737223023	0.415497942937024	-0.007844206843345691
0.09120108393559107	0.4160253242530081	-0.007761550915115937
0.09204495717531722	0.41656383660801677	-0.0076927521905199
0.09289663867799372	0.41711374702457926	-0.0076352863465812045
0.09375620069258811	0.41767533067587137	-0.007587168155555702
0.09462371613657934	0.418248870698346	-0.00754682564430811
0.09549925860214364	0.41883465820494503	-0.00751300511979112
0.0963829023623971	0.419432992424342	-0.00748469949851055
0.09727472237769656	0.42004418091585327	-0.007461094062661884
0.09817479430199849	0.420668539847177	-0.007441525210368985
0.09908319448927681	0.4213063942972386	-0.0074254489045475595
0.10000000000000005	0.4219580785850554	-0.00741241638562843
0.10092528860766849	0.4226239366355643	-0.007402055350914633
0.10185913880541175	0.4233043223354064	-0.007394055271235859
0.10280162981264741	0.4239995999349716	-0.00738815585851669
0.10375284158180131	0.42471014444501587	-0.007384137948343002
0.10471285480509002	0.4254363420578277	-0.007381816245486887
0.1056817509213659	0.42617859058915536	-0.007381033516088987
0.10665961212302584	0.4269372999301117	-0.007381655910194623
0.10764652136298355	0.4277128925224239	-0.00738356917326538
0.10864256236170661	0.4285058038576864	-0.007386675560812926
0.10964781961431856	0.42931648298842695	-0.007390891312738735
0.1106623783977667	0.4301453930711507	-0.00739614457573207
0.11168632477805618	0.4309930119254783	-0.007402373686001665
0.1127197456175511	0.4318598326302607	-0.007409525744004608
0.11376272858234315	0.4327463641340854	-0.007417555426290433
0.11481536214968835	0.4336531319029365	-0.007426423991414498
0.11587773561551268	0.43458067859856037	-0.0074360984452976455
0.11694993910198717	0.43552956478311683	-0.007446550837983763
0.11803206356517304	0.4365003696694757	-0.007457757669695025
0.11912420080273756	0.4374936918980063	-0.0074696993876253665
0.12022644346174137	0.4385101503520689	-0.007482359958765479
0.1213388850464978	0.43955038503134103	-0.007495726506888306
0.12246161992650495	0.44061505794296946	-0.007509789003216849
0.12359474334445113	0.441704854064636	-0.007524540003086291
0.12473835142429439	0.4428204823397546	-0.007539974421567235
0.1258925411794168	0.44396267673927836	-0.007556089342457761
0.12705741052085426	0.44513219736063303	-0.0075728838558674965
0.12823305826560225	0.44632983160708106	-0.007590358920967561
0.1294195841449987	0.44755639542185705	-0.007608517250003013
0.13061708881318423	0.4488127345848683	-0.007627363211358757
0.1318256738556408	0.450099726088934	-0.007646902749046965
0.13304544179780922	0.4514182795874452	-0.007667143317088624
0.13427649611378642	0.45276933892797455	-0.007688093826859641
0.13551894123510363	0.4541538837741146	-0.007709764606288275
0.13677288255958495	0.45557293131346704	-0.007732167369628345
0.13803842646028852	0.45702753807006996	-0.007755315197034514
0.13931568029453034	0.4585188018215042	-0.007779222523166639
0.14060475241299142	0.4600478636351101	-0.007803905134163311
0.14190575216890927	0.46161591001826835	-0.007829380172588224
0.1432187899273544	0.4632241751989287	-0.007855666149699084
0.1445439770745928	0.46487394355701867	-0.007882782965382147
0.1458814260275349	0.4665665521884782	-0.007910751934783185
0.14723125024327194	0.46830339363867	-0.007939595822083208
0.14859356422870074	0.47008591881734163	-0.007969338881349524
0.1499684835502374	0.4719156400765738	-0.00800000690416018
0.15135612484362088	0.4737941345125786	-0.008031627274546366
0.15275660582380732	0.4757230474586545	-0.008064229031090615
0.154170045294956	0.4777040962262086	-0.008097842936683584
0.1555965631605075	0.4797390740912643	-0.008132501556193248
0.15703628043335532	0.48182985452650423	-0.008168239342086367
0.15848931924611143	0.4839783957747853	-0.008205092729373196
0.15995580286146696	0.48618674567255354	-0.008243100239135161
0.1614358556826487	0.48845704685228747	-0.008282302592405338
0.1629296032639723	0.4907915423074828	-0.008322742834531448
0.16443717232149324	0.493192581333785	-0.008364466470776334
0.16595869074375613	0.4956626259269162	-0.008407521614489292
0.16749428760264382	0.4982042576148568	-0.008451959148228135
0.1690440931643265	0.5008201848339471	-0.008497832899781435
0.17060823890031243	0.5035132508286045	-0.008545199833549575
0.17218685749860077	0.506286442154064	-0.00859412025925365
0.17378008287493762	0.5091428978551946	-0.008644658059584738
0.1753880501841762	0.5120859193235925	-0.008696880938090101
0.1770108958317422	0.5151189809633632	-0.008750860689963821
0.17864875748520517	0.5182457416876365	-0.008806673497561724
0.180301774085957	0.5214700573687283	-0.008864400253376438
0.18197008586099844	0.524795994284446	-0.008924126913244795
0.18365383433483473	0.5282278437032129	-0.008985944882926913
0.18535316234148125	0.53177013768988	-0.009049951441797308
0.18706821403658017	0.5354276662743649	-0.009116250207698929
0.18879913490962946	0.539205496098533	-0.00918495164731638
0.19054607179632482	0.543108990724512	-0.009256173637544798
0.19230917289101596	0.5471438327363181	-0.00933004208335865
0.19408858775927793	0.5513160478767358	-0.009406691599317276
0.19588446735059908	0.5556320313815785	-0.009486266261474465
0.1976969640111862	0.5600985768074458	-0.009568920439118578
0.19952623149688808	0.5647229075785013	-0.009654819715294916
0.20137242498623895	0.5695127115951527	-0.009744141907818969
0.2032357010936223	0.5744761792536811	-0.009837078203303597
0.20511621788255666	0.5796220452436142	-0.009933834418585594
0.20701413487910436	0.5849596345966298	-0.010034632406412025
0.2089296130854041	0.5904989135063103	-0.010139711625014139
0.2108628149933291	0.5962505454983863	-0.01024933089339746
0.21281390459827135	0.6022259535754833	-0.010363770357677013
0.21478304741305343	0.6084373891857235	-0.01048333369924776
0.21677041048196952	0.6148980088135556	-0.01060835061845124
0.2187761623949553	0.6216219592457023	-0.010739179634234543
0.22080047330189004	0.628624472669576	-0.010876211246886695
0.22284351492703042	0.6359219729557941	-0.011019871519091822
0.22490546058357816	0.6435321946615616	-0.011170626138868905
0.22698648518838224	0.6514743166324568	-0.011328985041905947
0.22908676527677735	0.6597691122630659	-0.011495507681645428
0.23120647901755953	0.6684391189289559	-0.011670809053943512
0.23334580622810033	0.6775088295343404	-0.011855566603146364
0.23550492838960102	0.6870049095329255	-0.012050528158846196
0.23768402866248772	0.696956443588063	-0.012256521084947092
0.2398832919019491	0.70739521655675	-0.012474462855633757
0.2421029046736179	0.7183560346615685	-0.01270537332071808
0.24434305526939726	0.7298770936027517	-0.012950388974155846
0.246603933723434	0.7420004018597947	-0.013210779609368426
0.24888573182823917	0.7547722690948294	-0.013487967828999012
0.25118864315095807	0.7682438716715998	-0.013783551982031204
0.2535128630497908	0.7824719097637586	-0.01409933323196223
0.25585858869056466	0.7975193740430997	-0.014437347631355039
0.2582260190634597	0.8134564436931151	-0.014799904285069549
0.26061535499988964	0.8303615428722829	-0.015189630960980577
0.2630267991895383	0.8483225892401975	-0.015609528854045013
0.26546055619755404	0.8674384765157157	-0.016063038661416514
0.2679168324819033	0.887820843954876	-0.016554120718032934
0.2703958364108845	0.9095961997330242	-0.017087352714233037
0.2728977782808042	0.9329084835756561	-0.017668049540034925
0.27542287033381674	0.9579221786012926	-0.018302411171065854
0.277971326775929	0.9848261147114632	-0.018997706343251295
0.2805433637951715	1.013838149845162	-0.019762502267419605
0.28313919957993805	1.0452109749919838	-0.020606954055867387
0.2857590543374948	1.07923937078828	-0.021543172285875694
0.2884031503126607	1.1162693579209069	-0.02258569379290969
0.29107171180666064	1.1567098440652903	-0.023752090247630493
0.2937649651961532	1.2010476002809705	-0.025063762698934976
0.2964831389524344	1.2498667328668343	-0.026546990163057248
0.29922646366081906	1.3038743085023758	-0.028234329864725634
0.30199517204020176	1.3639345276003012	-0.030166511307957302
0.30478949896279844	1.4311149694248222	-0.03239503493863941
0.307609681474071	1.5067501961574612	-0.034985793920639593
0.3104559588128357	1.5925308265705593	-0.038024210864890585
0.3133285724315587	1.6906308314270084	-0.04162266745256756
0.3162277660168381	1.8038936611887215	-0.04593149115368806
0.31915378551007634	1.9361115813722676	-0.05115561763384786
0.3221068791283436	2.0924576354003785	-0.0575806064086561
0.32508729738543457	2.280177287855003	-0.06561465909428495
0.3280952931131192	2.509742174865864	-0.07585925105298014
0.3311311214825913	2.7968713317286977	-0.08923369103032353
0.33419504002611444	3.1662899053226394	-0.1072080405638284
0.3372873086588691	3.6592593347385223	-0.13227182460228462
0.34040818970100106	4.3501807195729585	-0.16897101169853979
0.34355794789987465	5.388230917912411	-0.22651473225912785
0.34673685045253166	7.122840446133084	-0.3266434080078314
0.3499451670283573	10.609465130410566	-0.5353720030134905
0.353183169791957	21.212171220759007	-1.1892219370057981
0.35645113342624424	671.0796086136247	-132.507639532943
0.3597493351557423	19.90776804877563	-178.5764813138893
0.36307805477010135	9.943860863608032	-179.1817039470784
0.36643757464783333	6.57447258799084	-179.36812753251428
0.3698281797802663	4.879523950981324	-179.44308098068234
0.3732501577957206	3.8581855297112533	-179.46697602696614
0.37670379898390893	3.1743804302165146	-179.45717554028278
0.38018939632056126	2.6833311058831115	-179.41676076995685
0.38370724549227886	2.312220045597453	-179.34012073556502
0.3872576449216173	2.020157896651287	-179.211373413428
0.3908408957924021	1.781997682632545	-178.99547857623446
0.39445730207527846	1.5807822674087795	-178.60589967681582
0.3981071705534973	1.4040409458554435	-177.89663275564462
0.40179081084894	1.238938072641091	-176.2096097517921
0.40550853544838394	1.084316037313133	-171.24689620755993
0.40926065973001097	1.103480921284933	-157.82536904722335
0.41304750199016144	1.3929061564291918	-165.7995403093848
0.4168693834703355	1.2515145205491467	-175.02930816808458
0.4207266283844442	1.1153008719906572	-177.86344612408956
0.424619563946313	1.0140457244052175	-178.88188507481118
0.4285485203974396	0.9348379485531109	-179.33655167088963
0.43251383103500884	0.869233694966885	-179.57601058415693
0.4365158322401661	0.8128883455146821	-179.71748192662773
0.44055486350655343	0.7633186171488394	-179.80884132253343
0.4446312674691088	0.7189287603007407	-179.8724825680656
0.4487453899331323	0.6785589806571126	-179.91986469169726
0.4528975799036209	0.6412112594747205	-179.95663555712113
0.4570881896148752	0.6057377656409827	-179.98230518176786
0.46131757456037953	0.5700107020883761	-179.97363090983566
0.4655860935229591	0.5263263872522863	-179.67637998310113
0.4698941086052156	0.46521411871509527	-163.7729102741934
0.4742419852602448	0.5533551975233414	-178.08418428930779
0.47863009232263853	0.5115445632487003	-179.36509676535624
0.48305880203977286	0.48399976151278284	-179.61896967703765
0.4875284901033865	0.46135412588312663	-179.7227781267619
0.4920395356814511	0.44130092560646444	-179.7779588061198
0.49659232145033627	0.4230183971525792	-179.81155965313846
0.5011872336272725	0.4061091484307345	-179.83364986196608
0.5058246620031143	0.3903392420253838	-179.84876968549565
0.5105049999754064	0.3755512654146432	-179.8592313918028
0.5152286445817567	0.3616291464819004	-179.8663041878849
0.5199959965335162	0.3484817476575583	-179.87070659436725
0.5248074602497729	0.33603431937916944	-179.87283183419913
0.5296634438916581	0.3242236239796301	-179.87285585911297
0.5345643593969719	0.31299493333130785	-179.87078686986706
0.5395106225151278	0.3023000597152138	-179.86648097055433
0.5445026528424215	0.29209600105509814	-179.8596340967688
0.5495408738576248	0.2823439867230624	-179.84975370022963
0.5546257129579107	0.27300882362681167	-179.8361112473293
0.5597576014951101	0.2640585183167713	-179.81767894302436
0.5649369748123025	0.2554642103306495	-179.79306630219483
0.5701642722807475	0.24720047987574859	-179.76050671380145
0.5754399373371569	0.23924598841505423	-179.71802177094247
0.580764417521312	0.23158387385374202	-179.66401701794007
0.5861381645140288	0.22419983476969368	-179.59860542435902
0.591561634175474	0.2170736396794517	-179.5253840891407
0.5970352865838369	0.21016103357744306	-179.451524616495
0.6025595860743578	0.20337444573768346	-179.3825456411561
0.6081350012787179	0.19658010263263528	-179.31188759199213
0.6137620051647943	0.1896027805170358	-179.2095844615683
0.6194410750767815	0.18218966804473957	-178.99762539224895
0.6251726927756859	0.1739186829861858	-178.41645199334067
0.6309573444801934	0.16566583391372103	-176.18086577656072
0.6367955209079159	0.1702699863011123	-175.37225023317106
0.6426877173170198	0.16298398713897894	-176.6305508185682
0.6486344335482385	0.14432866736235167	-179.6087561499368
0.654636174067275	0.07467607403076758	-179.17034652526203
0.6606934480075961	0.2838371853595171	-178.38240554486217
0.6668067692136223	0.19661650836021843	-179.67170160892468
0.6729766562843178	0.17701269687270949	-179.8549691266197
0.6792036326171846	0.1664216124932287	-179.9205653367715
0.6854882264526617	0.15889389888647173	-179.95145295218944
0.6918309709189366	0.15282776858508915	-179.9679363396701
0.6982324040771715	0.14760502102206394	-179.9773444996798
0.7046930689671471	0.14293356317792424	-179.98295665399223
0.7112135136533292	0.13865572009246538	-179.98643447318742
0.7177942912713619	0.13467783524734517	-179.98867760420677
0.7244359600749902	0.1309400857527187	-179.9901895545448
0.7311390834834176	0.127401992288724	-179.99125749365191
0.7379042301291011	0.1240348359107118	-179.99204774743268
0.7447319739059892	0.12081741131260039	-179.99265829419153
0.7516228940182057	0.11773351585040163	-179.99314802946935
0.758577575029184	0.11477039720644774	-179.9935532090116
0.7655966069112565	0.1119177570498101	-179.9938967631912
0.7726805850957026	0.10916709060640203	-179.99419362937212
0.7798301105232589	0.1065112363561067	-179.9944538453782
0.7870457896950989	0.10394406120289523	-179.99468437240336
0.7943282347242817	0.1014602353453702	-179.99489018821845
0.8016780633876793	0.09905506796577612	-179.99507495525452
0.8090958991783825	0.09672438504733301	-179.99524143653022
0.8165823713585927	0.09446443693575805	-179.99539175335062
0.8241381150130026	0.092271827647535	-179.99552775022698
0.8317637711026713	0.09014345808119595	-179.99565036436695
0.8394599865193977	0.08807648458923589	-179.99576096049847
0.8472274141405968	0.08606828179196255	-179.99586030683
0.8550667128846836	0.08411641501687335	-179.99594906105406
0.8629785477669706	0.08221861682402146	-179.9960277293033
0.870963589956081	0.08037276765480922	-179.99609668012812
0.8790225168308847	0.0785768796258535	-179.99615615405435
0.8871560120379608	0.07682908282007966	-179.9962062681107
0.8953647655495938	0.0751276135776977	-179.99624701566884
0.9036494737223014	0.07347080440030787	-179.9962782616876
0.9120108393559097	0.07185707516399295	-179.99629973311156
0.9204495717531712	0.0702849253967077	-179.99631100380375
0.9289663867799363	0.0687529274212577	-179.99631147296924
0.9375620069258802	0.06725972019888861	-179.99630033549172
0.946237161365793	0.06580400373126481	-179.99627654189888
0.9549925860214359	0.0643845338939733	-179.99623874468816
0.9638290236239705	0.06300011758335572	-179.99618522634105
0.9727472237769651	0.06164960805682106	-179.9961138022977
0.9817479430199844	0.06033190033898938	-179.99602168909922
0.9908319448927676	0.059045926543336194	-179.99590532323305
1.	0.057790650923661056	-179.9957601089673
1.0092528860766845	0.056565064406215844	-179.9955800619498
1.0185913880541169	0.055368178255011995	-179.99535729665837
1.0280162981264735	0.054199016361400724	-179.99508127465148
1.0375284158180127	0.053056605385461	-179.9947376772124
1.0471285480508996	0.05193996153546984	-179.9943066716214
1.0568175092136585	0.050848072010763364	-179.99376016739663
1.066596121230258	0.04977986777823169	-179.99305732903582
1.076465213629835	0.0487341818432332	-179.99213695293952
1.0864256236170655	0.047709682303255924	-179.99090392776057
1.096478196143185	0.04670475949795473	-179.98920388208325
1.1066237839776665	0.04571732478651744	-179.98677259074483
1.1168632477805611	0.04474442710634855	-179.98312676791176
1.1271974561755105	0.04378146023544791	-179.97730376718656
1.1376272858234309	0.04282034445405324	-179.96715526480762
1.1481536214968828	0.04184473981189052	-179.9470589841217
1.1587773561551262	0.040814807182774616	-179.89832807627738
1.1694993910198712	0.0396043238377702	-179.7294400582898
1.1803206356517297	0.03761666097040819	-178.8456959341658
1.191242008027375	0.04133469656279099	-179.14712666744265
1.2022644346174132	0.03913385300785745	-179.81140280564333
1.2133888504649775	0.03800256912452181	-179.92302437330818
1.224616199265049	0.037086299131646724	-179.9584894297929
1.2359474334445106	0.03625760963143272	-179.97389599407123
1.2473835142429432	0.035478293297742804	-179.98188981615812
1.2589254117941675	0.034732838469215085	-179.98653498761124
1.270574105208542	0.03401365202023751	-179.98945101024432
1.2823305826560218	0.03331649057780523	-179.99138338655882
1.2941958414499863	0.03263872793535802	-179.99271237018615
1.3061708881318417	0.031978598275054324	-179.9936468700583
1.3182567385564075	0.031334829066036685	-179.9943076219721
1.3304544179780915	0.03070644771105301	-179.9947660314707
1.3427649611378643	0.030092672417911037	-179.99506320987047
1.3551894123510364	0.02949284643875088	-179.99521901687538
1.3677288255958495	0.028906395247347765	-179.99523491689584
1.3803842646028852	0.02833279506954748	-179.9950911693473
1.3931568029453034	0.02777154425883413	-179.99473540496686
1.4060475241299142	0.027222127353589715	-179.99405211379093
1.4190575216890926	0.026683951306342976	-179.99277856251285
1.432187899273544	0.026156195919314097	-179.99023461773322
1.4454397707459279	0.02563737688902933	-179.9841992533127
1.4588142602753489	0.025123970377758903	-179.96376491815914
1.4723125024327193	0.02462805623903165	-179.8407349254147
1.4859356422870074	0.024228107680938155	-179.92345713564643
1.499684835502374	0.023735085736365753	-179.98524770093346
1.5135612484362087	0.02326374001652676	-179.99465837230738
1.5275660582380732	0.022806791994461936	-179.9973573834942
1.54170045294956	0.0223611312111247	-179.9984193304809
1.555965631605075	0.021925547564409256	-179.9989199464187
1.5703628043335531	0.02149940932752114	-179.99918556052828
1.584893192461114	0.021082304157639377	-179.99933900577747
1.5995580286146696	0.020673919034053016	-179.99943369723408
1.6143585568264869	0.02027399267234531	-179.99949539687395
1.629296032639723	0.019882294073972448	-179.99953753717512
1.6443717232149324	0.019498611833025342	-179.99956756145895
1.6595869074375613	0.01912274835056753	-179.99958980080717
1.6749428760264382	0.01875451647993734	-179.9996068785058
1.690440931643265	0.01839373746045411	-179.9996204376578
1.7060823890031243	0.018040239574065902	-179.99963153719006
1.7218685749860079	0.01769385722786685	-179.9996408765235
1.7378008287493762	0.017354430298580425	-179.99964892764075
1.753880501841762	0.017021803644437863	-179.9996560151355
1.770108958317422	0.0166958267277629	-179.9996623660483
1.7864875748520517	0.016376353313208608	-179.99966814163065
1.803017740859568	0.01606324121918046	-179.9996734580185
1.8197008586099825	0.01575635210775868	-179.9996783999404
1.8365383433483455	0.015455551303162956	-179.99968302996012
1.8535316234148105	0.01516070763197079	-179.99968739480417
1.8706821403657996	0.014871693280237614	-179.99969152975257
1.8879913490962925	0.014588383664087982	-179.99969546172497
1.9054607179632463	0.014310657311225732	-179.99969921147405
1.9230917289101574	0.01403839575149329	-179.99970279516117
1.9408858775927773	0.0137714834150144	-179.99970622549978
1.958844673505989	0.013509807536863993	-179.9997095125917
1.97696964011186	0.013253258067333863	-179.9997126645448
1.9952623149688788	0.013001727587164733	-179.99971568793237
2.0137242498623875	0.012755111227157391	-179.99971858813728
2.032357010936221	0.012513306591711291	-179.99972136961168
2.0511621788255647	0.012276213685918608	-179.99972403607396
2.0701413487910414	0.012043734845901889	-179.99972659065966
2.0892961308540388	0.011815774672120437	-179.99972903603683
2.108628149933289	0.011592239965423684	-179.9997313744957
2.1281390459827114	0.011373039665643903	-179.99973360801778
2.147830474130533	0.011158084792562197	-179.9997357383301
2.167704104819694	0.01094728838909849	-179.99973776694767
2.1877616239495516	0.01074056546658446	-179.9997396952067
2.208004733018899	0.010537832951992105	-179.99974152429112
2.228435149270303	0.010339009637020544	-179.99974325525352
2.2490546058357803	0.010144016128945907	-179.99974488903155
2.2698648518838214	0.009952774803120764	-179.99974642646163
2.2908676527677723	0.009765209757070143	-179.9997478682893
2.312064790175594	0.009581246766084532	-179.99974921517787
2.333458062281002	0.009400813240260167	-179.99975046771544
2.355049283896009	0.009223838182900812	-179.99975162642025
2.376840286624876	0.009050252150237867	-179.99975269174533
2.39883291901949	0.00887998721240947	-179.999753664082
2.4210290467361775	0.008712976915634635	-179.99975454376286
2.4434305526939712	0.008549156245545251	-179.99975533106405
2.4660393372343385	0.008388461591628354	-179.99975602620722
2.48885731828239	0.008230830712727842	-179.9997566293609
2.5118864315095797	0.008076202703571362	-179.99975714064166
2.535128630497907	0.007924517962279738	-179.9997575601151
2.5585858869056453	0.007775718158823452	-179.9997578877964
2.582260190634596	0.007629746204388646	-179.9997581236507
2.6061535499988953	0.007486546221626413	-179.99975826759365
2.6302679918953813	0.007346063515743102	-179.99975831949118
2.654605561975539	0.007208244546410048	-179.9997582791599
2.6791683248190314	0.007073036900460677	-179.99975814636667
2.703958364108843	0.00694038926534807	-179.9997579208286
2.7289777828080406	0.006810251403336089	-179.99975760221275
2.7542287033381663	0.006682574126400529	-179.99975719013548
2.7797132677592886	0.006557309271814735	-179.99975668416226
2.805433637951713	0.00643440967839828	-179.9997560838071
2.831391995799379	0.006313829163406859	-179.99975538853172
2.8575905433749464	0.0061955225000384605	-179.99975459774507
2.8840315031266055	0.00607944539554441	-179.9997537108024
2.910717118066605	0.005965554469913988	-179.99975272700448
2.9376496519615305	0.00585380723512601	-179.99975164559675
2.9648313895243423	0.005744162074940896	-179.99975046576824
2.992264636608189	0.005636578225220898	-179.99974918665052
3.019951720402016	0.005531015754758907	-179.99974780731662
3.047894989627983	0.005427435546602709	-179.99974632677979
3.076096814740708	0.0053257992798577914	-179.99974474399227
3.1045595881283554	0.0052260694119551105	-179.9997430578439
3.1332857243155856	0.005128209161367803	-179.99974126716054
3.162277660168379	0.005032182490765937	-179.99973937070288
3.1915378551007616	0.004937954090593425	-179.9997373671645
3.2210687912834346	0.004845489363057611	-179.99973525517035
3.250872973854344	0.00475475440651557	-179.99973303327494
3.2809529311311905	0.004665716000249004	-179.99973069996037
3.311311214825911	0.0045783415896136674	-179.99972825363443
3.3419504002611427	0.004492599271553907	-179.99972569262846
3.372873086588689	0.004408457780472474	-179.9997230151952
3.404081897010009	0.004325886474441213	-179.9997202195064
3.4355794789987466	0.004244855321749582	-179.9997173036504
3.4673685045253166	0.004165334887775059	-179.99971426562965
3.499451670283573	0.004087296322169846	-179.99971110335784
3.53183169791957	0.004010711346354323	-179.9997078146573
3.5645113342624426	0.003935552241307522	-179.9997043972558
3.5974933515574232	0.003861791835648594	-179.99970084878353
3.630780547701014	0.0037894034939981616	-179.99969716676986
3.664375746478333	0.003718361105614172	-179.99969334863974
3.6982817978026628	0.003648639073294568	-179.99968939171023
3.732501577957206	0.003580212302537684	-179.99968529318656
3.767037989839089	0.003513056190955089	-179.99968105015816
3.801893963205613	0.0034471466179297424	-179.99967665959448
3.8370724549227884	0.003382459934511862	-179.9996721183405
3.8725764492161727	0.0033189729535473473	-179.99966742311204
3.908408957924021	0.0032566629400315717	-179.99966257049098
3.944573020752785	0.0031955076016827815	-179.99965755692003
3.981071705534973	0.0031354850797301256	-179.9996523786972
4.0179081084894	0.003076573939908803	-179.99964703197034
4.055085354483839	0.0030187531636586902	-179.99964151273088
4.09260659730011	0.0029620021395200392	-179.99963581680768
4.130475019901614	0.0029063006547212747	-179.99962993986026
4.168693834703355	0.0028516288869541153	-179.99962387737185
4.207266283844442	0.0027979673963305996	-179.999617624642
4.24619563946313	0.002745297117518136	-179.99961117677884
4.285485203974396	0.0026935993520469867	-179.9996045286907
4.325138310350088	0.0026428557607862694	-179.99959767507764
4.365158322401661	0.002593048356584319	-179.99959061042225
4.405548635065534	0.002544159497068467	-179.9995833289801
4.446312674691089	0.0024961718776005098	-179.9995758247694
4.487453899331323	0.0024490685243844313	-179.9995680915605
4.528975799036209	0.002402832787721189	-179.99956012286432
4.570881896148752	0.002357448335408081	-179.99955191192072
4.613175745603791	0.0023128991462779114	-179.99954345168533
4.655860935229586	0.0022691695038752845	-179.99953473481673
4.698941086052151	0.002226243990265756	-179.99952575366197
4.742419852602444	0.002184107479974996	-179.99951650024164
4.7863009232263805	0.002142745134054064	-179.99950696623398
4.830588020397723	0.0021021423942679646	-179.99949714295838
4.875284901033861	0.002062284977404328	-179.99948702135708
4.920395356814506	0.0020231588696985933	-179.99947659197682
4.965923214503357	0.0019847503213732574	-179.9994658449485
5.01187233627272	0.0019470458412878323	-179.9994547699661
5.058246620031137	0.0019100321916966296	-179.99944335626418
5.105049999754059	0.0018736963831118103	-179.99943159259382
5.152286445817562	0.0018380256692684402	-179.99941946719738
5.1999599653351565	0.0018030075421891151	-179.99940696778134
5.248074602497723	0.0017686297273455784	-179.99939408148757
5.296634438916575	0.0017348801789141084	-179.9993807948628
5.345643593969713	0.0017017470751228053	-179.999367093826
5.395106225151273	0.0016692188136875835	-179.99935296363373
5.445026528424209	0.0016372840073347542	-179.99933838884306
5.495408738576242	0.0016059314794074238	-179.99932335327222
5.5462571295791046	0.0015751502595534553	-179.9993078399583
5.597576014951099	0.001544929579492272	-179.9992918311126
5.649369748123022	0.0015152588688583444	-179.99927530807224
5.701642722807472	0.0014861277511187703	-179.99925825124902
5.754399373371567	0.0014575260395626411	-179.99924064007436
5.807644175213118	0.0014294437333596524	-179.99922245294044
5.861381645140285	0.0014018710136857921	-179.99920366713727
5.9156163417547365	0.001374798239913438	-179.99918425878502
5.9703528658383656	0.0013482159458636862	-179.99916420276153
6.025595860743575	0.0013221148361183567	-179.99914347262455
6.081350012787176	0.0012964857823892827	-179.99912204052808
6.137620051647939	0.0012713198199423609	-179.99909987713264
6.194410750767812	0.0012466081440739524	-179.99907695150827
6.251726927756856	0.0012223421066368929	-179.99905323103084
6.30957344480193	0.001198513212613877	-179.99902868126944
6.367955209079155	0.0011751131167350706	-179.99900326586575
6.426877173170194	0.0011521336201376227	-179.9989769464032
6.486344335482381	0.0011295666670641177	-179.99894968226604
6.546361740672747	0.0011074043415969417	-179.99892143048692
6.6069344800759575	0.0010856388644258357	-179.99889214558158
6.668067692136219	0.0010642625896451975	-179.9988617793705
6.729766562843175	0.001043268001578115	-179.99883028078474
6.792036326171843	0.0010226477116235609	-179.998797595656
6.854882264526613	0.0010023944551231525	-179.9987636664881
6.918309709189362	0.000982501088243856	-179.99872843220865
6.9823240407717115	0.0009629605848723697	-179.99869182789902
7.046930689671467	0.0009437660335171667	-179.99865378449965
7.112135136533288	0.0009249106342135476	-179.99861422848915
7.177942912713615	0.0009063876954268908	-179.99857308153366
7.244359600749899	0.0008881906309489394	-179.99853026010365
7.311390834834173	0.0008703129567815829	-179.99848567505447
7.379042301291007	0.0008527482880020494	-179.99843923116708
7.447319739059888	0.0008354903356031995	-179.9983908266438
7.516228940182053	0.0008185329033017131	-179.9983403525549
7.585775750291836	0.0008018698843067118	-179.99828769222967
7.655966069112561	0.0007854952580403995	-179.9982327205862
7.726805850957022	0.0007694030868017205	-179.99817530339186
7.798301105232586	0.0007535875123630942	-179.9981152964471
7.870457896950985	0.0007380427524892782	-179.9980525446829
7.943282347242813	0.0007227630973665038	-179.99798688116059
8.01678063387679	0.0007077429059285041	-179.99791812596328
8.090958991783822	0.000692976602064979	-179.9978460849639
8.165823713585922	0.0006784586706962568	-179.9977705484542
8.241381150130021	0.0006641836536962007	-179.99769128961705
8.317637711026709	0.0006501461456434252	-179.99760806282043
8.394599865193973	0.0006363407893785635	-179.99752060170917
8.472274141405963	0.0006227622713427018	-179.99742861706656
8.550667128846833	0.000609405316669169	-179.9973317944137
8.629785477669701	0.0005962646839974568	-179.99722979130826
8.709635899560805	0.000583335159974142	-179.99712223429992
8.790225168308842	0.0005706115534012746	-179.9970087154907
8.871560120379607	0.0005580886889875645	-179.99688878864026
8.953647655495937	0.0005457614006517969	-179.99676196474692
9.036494737223014	0.0005336245243211493	-179.9966277070205
9.120108393559097	0.0005216728901592295	-179.99648542515007
9.204495717531712	0.0005099013141495611	-179.9963344687507
9.289663867799362	0.0004983045889496721	-179.99617411985116
9.375620069258803	0.0004868774739186694	-179.996003584259
9.462371613657929	0.00047561468420679177	-179.9958219816054
9.549925860214358	0.0004645108787786538	-179.99562833383362
9.638290236239705	0.00045356064722216084	-179.99542155184562
9.727472237769652	0.0004427584951718162	-179.99520041995999
9.817479430199844	0.0004320988281477301	-179.9949635777605
9.908319448927676	0.00042157593357915565	-179.99470949881893
10.	0.0004111839607427196	-179.99443646565896
10.092528860766844	0.0004009168982995154	-179.9941425401785
10.18591388054117	0.00039076854906005653	-179.99382552855843
10.280162981264736	0.0003807325015399712	-179.99348293944422
10.375284158180126	0.0003708020977894714	-179.9931119338758
10.471285480508996	0.0003609703968830893	-179.99270926503885
10.568175092136585	0.0003512301333387636	-179.99227120538566
10.665961212302578	0.00034157366959209164	-179.99179345798373
10.76465213629835	0.00033199294147581623	-179.99127104803688
10.864256236170656	0.00032247939543815854	-179.99069818930175
10.964781961431852	0.0003130239159655275	-179.99006811847588
11.066237839776663	0.000303616741341473	-179.98937288838835
11.168632477805613	0.0002942473654561788	-179.98860310773586
11.271974561755105	0.0002849044228551477	-179.9877476108038
11.37627285823431	0.00027557555355003867	-179.98679303454836
11.481536214968829	0.0002662472432662087	-179.98572327175438
11.587773561551263	0.00025690463371276723	-179.98451875643335
11.694993910198711	0.0002475312960539865	-179.9831555191557
11.803206356517286	0.00023810895892864632	-179.9816039223656
11.912420080273739	0.0002286171799588029	-179.97982694356048
12.022644346174118	0.0002190329465051968	-179.97777780858212
12.133888504649763	0.0002093301871721846	-179.97539667274015
12.246161992650476	0.0001994791698257987	-179.97260587677192
12.359474334445094	0.00018944575406492045	-179.96930301779514
12.47383514242942	0.00017919045530157048	-179.96535057776555
12.589254117941662	0.00016866726256256783	-179.9605599565762
12.705741052085406	0.00015782213086642017	-179.95466607710262
12.823305826560205	0.00014659103856729381	-179.9472854208756
12.941958414499851	0.0001348974557432611	-179.93784345225964
13.061708881318404	0.00012264900417303777	-179.92544197485373
13.182567385564061	0.00010973299078978584	-179.9085995273705
13.304544179780901	0.00009601034507805361	-179.88469694525756
13.427649611378628	0.00008130725360790353	-179.84864807528197
13.551894123510351	0.00006540340533255162	-179.7891535014286
13.67728825595848	0.000048015146270675504	-179.6751965043063
13.803842646028839	0.000028770910284047315	-179.3804647625466
13.931568029453022	7.17889294305182e-6	-177.1260249919555
14.060475241299129	0.000017470472215973325	-1.3858755469319863
14.190575216890911	0.00004609889806536167	-0.6272482442280896
14.321878992735424	0.00008012088839126134	-0.4401938463715645
14.454397707459265	0.0001216478273421213	-0.3629861831506134
14.588142602753473	0.00017403775279848318	-0.3284181511043785
14.723125024327178	0.00024297128382613035	-0.3181966133990353
14.859356422870059	0.0003388801407771815	-0.32792668912537243
14.996848355023726	0.00048322929081604237	-0.36149485393566766
15.135612484362072	0.0007283506697220701	-0.4358466194474465
15.275660582380716	0.001244075454291979	-0.6116246250441401
15.417004529495584	0.003069352148269976	-1.2667122920153993
15.559656316050734	0.011732963468823325	-175.85989867391044
15.703628043335515	0.002248330374885965	-179.31271368377938
15.848931924611126	0.00130708647680658	-179.64919695495178
15.995580286146678	0.0009484489022253992	-179.77408369576486
16.143585568264854	0.0007581877921380343	-179.83820547869794
16.292960326397214	0.0006395513083702075	-179.8767184166997
16.443717232149307	0.0005580176402882327	-179.90212308492139
16.595869074375596	0.0004981929970757108	-179.91996633150583
16.749428760264365	0.0004521749852708152	-179.93307767844934
16.90440931643263	0.0004154895344865046	-179.9430469360985
17.060823890031227	0.00038541345420921546	-179.9508332797842
17.21868574986006	0.000360194111085424	-179.95704798190138
17.378008287493746	0.0003386522798208784	-179.96209792093893
17.5388050184176	0.00031996525920298456	-179.9662636946288
17.701089583174202	0.00030354150784267937	-179.96974459715946
17.864875748520497	0.0002889447045215154	-179.9726857442106
18.03017740859568	0.00027584590160757656	-179.97519507922038
18.197008586099827	0.00026399235080414415	-179.97735439381754
18.365383433483455	0.0002531865954147834	-179.97922667562955
18.535316234148105	0.00024327208978664334	-179.98086113048595
18.706821403657997	0.00023412308614255835	-179.98229669081488
18.879913490962927	0.00022563738100776014	-179.98356451441387
19.054607179632463	0.00021773102032106176	-179.98468979515832
19.230917289101576	0.0002103343727275917	-179.98569309564795
19.408858775927772	0.0002033891756062686	-179.9865913418735
19.58844673505989	0.00019684628383030754	-179.98739857514786
19.769696401118598	0.00019066393364323408	-179.98812652719369
19.952623149688787	0.00018480638917637773	-179.98878506469472
20.137242498623873	0.00017924287669006316	-179.98938253633077
20.32357010936221	0.00017394673760882996	-179.98992604615216
20.511621788255646	0.00016889474966914618	-179.9904216707441
20.701413487910415	0.00016406657848549126	-179.99087463308697
20.892961308540386	0.0001594443312001877	-179.99128944276217
21.086281499332888	0.00015501219070608403	-179.99167000978537
21.28139045982711	0.00015075611396018015	-179.99201973761512
21.47830474130533	0.00014666358165013878	-179.9923415995985
21.67704104819694	0.0001427233892891714	-179.99263820215293
21.87761623949552	0.00013892547194797292	-179.9929118372602
22.080047330188993	0.00013526075646322572	-179.99316452629395
22.28435149270303	0.00013172103621880205	-179.99339805678116
22.490546058357804	0.0001282988645711792	-179.99361401337077
22.698648518838212	0.0001249874637530143	-179.99381380402815
22.908676527677724	0.00012178064668871286	-179.99399868227636
23.12064790175594	0.00011867274963078719	-179.9941697661477
23.33458062281002	0.0001156585739040967	-179.99432805438607
23.55049283896009	0.00011273333534805696	-179.99447444034053
23.76840286624876	0.00010989262029089593	-179.99460972391307
23.9883291901949	0.00010713234708752264	-179.9947346218585
24.210290467361776	0.00010444873241319059	-179.99484977668297
24.434305526939713	0.00010183826163638788	-179.99495576434708
24.660393372343385	0.00009929766270210566	-179.99505310094327
24.888573182823905	0.00009682388304542437	-179.99514224849062
25.118864315095795	0.00009441406912884134	-179.9952236199665
25.351286304979073	0.00009206554825780915	-179.9952975836749
25.58585886905645	0.00008977581237986944	-179.99536446703584
25.82260190634596	0.00008754250361536905	-179.995424559867
26.06153549998895	0.00008536340130352974	-179.9954781172161
26.302679918953814	0.00008323641037778449	-179.99552536179507
26.54605561975539	0.00008115955090977349	-179.99556648605707
26.791683248190314	0.0000791309486829888	-179.99560165395104
27.039583641088434	0.00007714882667541921	-179.99563100238294
27.289777828080403	0.00007521149734619654	-179.99565464240663
27.542287033381662	0.00007331735563462353	-179.9956726601627
27.797132677592884	0.00007146487259142447	-179.9956851175796
28.05433637951713	0.00006965258957190055	-179.9956920528473
28.31391995799379	0.00006787911292914271	-179.99569348066976
28.575905433749465	0.00006614310915275868	-179.99568939229894
28.84031503126606	0.00006444330040487672	-179.99567975534947
29.10717118066605	0.00006277846041064926	-179.9956645133899
29.376496519615305	0.00006114741066520284	-179.99564358530176
29.648313895243422	0.00005954901692308079	-179.9956168643945
29.92264636608189	0.00005798218593977914	-179.99558421725962
30.19951720402016	0.00005644586243805797	-179.99554548234218
30.4789498962798	0.000054939026274384277	-179.99550046820318
30.76096814740705	0.00005346068978317302	-179.99544895143856
31.045595881283525	0.00005200989527849472	-179.99539067421543
31.332857243155825	0.00005058571269462649	-179.9953253413743
31.62277660168376	0.00004918723734830025	-179.99525261703982
31.91537855100758	0.00004781358780673765	-179.99517212066672
32.21068791283432	0.000046463903846606194	-179.99508342243507
32.50872973854341	0.000045137344489879804	-179.99498603789075
32.80952931131187	0.00004383308610327003	-179.994879421705
33.11311214825908	0.00004255032054840773	-179.99476296040064
33.41950400261139	0.00004128825337031464	-179.99463596385954
33.72873086588685	0.00004004610201190888	-179.99449765538597
34.040818970100055	0.000038823094042343626	-179.99434716004876
34.35579478998743	0.000037618465386874374	-179.9941834909621
34.67368504525313	0.00003643145854569185	-179.994005533085
34.994516702835696	0.000035261320788727735	-179.99381202401634
35.318316979195664	0.000034107302312831836	-179.99360153113236
35.64511334262439	0.0000329686543469153	-179.99337242424522
35.9749335155742	0.00003184462718963202	-179.993122842743
36.3078054770101	0.000030734468162908825	-179.99285065588435
36.64375746478329	0.000029637419463094397	-179.9925534145465
36.98281797802659	0.000028552715889648702	-179.9922282922209
37.32501577957203	0.00002747958242907882	-179.99187201237817
37.670379898390856	0.000026417231669197265	-179.99148075840873
38.01893963205609	0.00002536486101565423	-179.99105006109042
38.370724549227845	0.00002432164967899728	-179.99057465679215
38.72576449216169	0.00002328675539612961	-179.99004830717564
39.08408957924017	0.000022259310844849384	-179.9894635676708
39.44573020752781	0.00002123841970399549	-179.98881148696233
39.81071705534969	0.00002022315230441273	-179.9880812123275
40.17908108489396	0.000019212540807243472	-179.987259464613
40.55085354483835	0.000018205573835663864	-179.98632982981084
40.92606597300105	0.000017201190473751023	-179.98527178802772
41.304750199016105	0.000016198273531245485	-179.98405935900766
41.68693834703351	0.000015195641955004879	-179.98265917538555
42.07266283844438	0.000014192042246227444	-179.98102768059857
42.46195639463126	0.00001318613871618313	-179.97910695000866
42.85485203974392	0.000012176502381107634	-179.97681827634952
43.251383103500835	0.00001116159825768446	-179.9740519885228
43.65158322401656	0.000010139770772362933	-179.9706506449274
44.0554863506553	9.109226938347736e-6	-179.96637996157796
44.46312674691084	8.06801688054828e-6	-179.96087558988953
44.87453899331318	7.014011197503919e-6	-179.95353858323375
45.28975799036204	5.9448745362266436e-6	-179.9433108001448
45.708818961487474	4.858034618139306e-6	-179.92813129133603
46.13175745603791	3.7506458001109684e-6	-179.90338109810804
46.55860935229586	2.619546174958374e-6	-179.85613306980807
46.98941086052151	1.4612082236265922e-6	-179.7312237810062
47.42419852602443	2.7173658116617755e-7	-178.4903912702368
47.8630092322638	9.536060872120677e-7	-0.45025673686581835
48.30588020397723	2.219537239976659e-6	-0.20299674330694734
48.7528490103386	3.5319693495767645e-6	-0.13421222171649047
49.20395356814506	4.897492805694267e-6	-0.10211796881663694
49.65923214503358	6.323708781725403e-6	-0.08368868172982306
50.118723362727195	7.819429376162137e-6	-0.07184871180884153
50.58246620031137	9.394936440704758e-6	-0.06370278860790478
51.0504999975406	0.000011062310467873988	-0.057848527422044986
51.52286445817562	0.000012835851810199624	-0.05352656271290394
51.99959965335157	0.00001473262578981954	-0.05029249488650952
52.48074602497723	0.000016773176366040906	-0.047871735484728194
52.966344389165755	0.00001898247247121444	-0.046088608831711966
53.45643593969714	0.00002139118060605946	-0.04482913349133231
53.95106225151273	0.00002403740293818046	-0.04402052086861043
54.450265284242086	0.00002696909247578409	-0.04361968579605891
54.95408738576243	0.00003024747441654616	-0.04360708299279305
55.462571295791044	0.00003395199922686135	-0.04398411666828844
55.97576014951099	0.00003818769203274642	-0.04477344526008276
56.49369748123023	0.000043096369545744336	-0.04602227650810855
57.01642722807472	0.00004887432729048718	-0.047809567261545914
57.543993733715666	0.000055801314659411865	-0.05025928828621531
58.07644175213118	0.00006429020260079225	-0.05356427847931151
58.61381645140285	0.00007497691399276378	-0.058030313988994504
59.15616341754737	0.00008889464344267667	-0.06416219823187096
59.70352865838366	0.00010784159945080807	-0.07284608912528406
60.255958607435744	0.0001352500376134894	-0.08578091187301354
60.81350012787176	0.0001785881860004631	-0.10667126452791365
61.37620051647939	0.00025776311331641104	-0.1454012258042157
61.94410750767812	0.00044949587658980433	-0.2400768885483792
62.51726927756855	0.0015946819045521655	-0.8084153766981806
63.0957344480193	0.0010863566530786494	-179.476130452648
63.67955209079155	0.0004125554565907897	-179.81035620579124
64.26877173170195	0.00025715563562497904	-179.88709396151867
64.86344335482381	0.00018798302874163496	-179.92102186376675
65.46361740672747	0.0001487875014545805	-179.94007944847056
66.06934480075958	0.0001235082645200661	-179.9522430626643
66.68067692136219	0.0001058205018540994	-179.96065305852093
67.29766562843174	0.00009272885926436682	-179.96679608621582
67.92036326171844	0.00008263137256922207	-179.9714667811885
68.54882264526613	0.00007459363042859317	-179.97512829360886
69.18309709189363	0.0000680338468575445	-179.97806870897847
69.82324040771712	0.0000625708484618419	-179.9804765460618
70.46930689671467	0.00005794445737407412	-179.98248029532763
71.12135136533288	0.00005397100325755539	-179.984170509083
71.77942912713615	0.000050517119929989135	-179.98561281022185
72.44359600749898	0.00004748362117424258	-179.98685589529586
73.11390834834172	0.00004479520508925244	-179.98793664318475
73.79042301291008	0.0000423936686124782	-179.9888834808494
74.47319739059888	0.00004023331107426041	-179.9897186623177
75.16228940182053	0.000038277744926781446	-179.99045984919076
75.85775750291836	0.000036497635446558	-179.99112123013737
76.55966069112561	0.00003486906833332258	-179.99171432887024
77.26805850957021	0.000033372350711275476	-179.99224859716597
77.98301105232578	0.00003199111697309447	-179.99273185674448
78.70457896950977	0.00003071165271766447	-179.9931706330634
79.43282347242805	0.000029522377143167014	-179.99357041061955
80.16780633876782	0.00002841344219453249	-179.9939358304455
80.90958991783813	0.00002737641885216621	-179.9942708444874
81.65823713585914	0.000026404049232674862	-179.99457883743946
82.41381150130013	0.00002549004893727897	-179.99486272374892
83.176377110267	0.00002462894815289761	-179.99512502548637
83.94599865193965	0.000023815962921156756	-179.99536793533298
84.72274141405954	0.00002304689009735502	-179.99559336789085
85.50667128846823	0.00002231802106385847	-179.9958030017582
86.29785477669692	0.00002162607040360739	-179.99599831424544
87.09635899560797	0.000020968116592105236	-179.99618061018592
87.90225168308834	0.000020341552409264582	-179.9963510459758
88.71560120379598	0.00001974404326157001	-179.9965106497368
89.53647655495928	0.00001917349198006547	-179.9966603383083
90.36494737223005	0.000018628008949478296	-179.99680093163346
91.20108393559087	0.00001810588664935288	-179.99693316499122
92.04495717531702	0.000017605577864826535	-179.99705769943955
92.89663867799354	0.00001712567696409505	-179.9971751307665
93.75620069258792	0.000016664903750250985	-179.99728599718972
94.6237161365792	0.00001622208948348673	-179.99739078600382
95.4992586021435	0.00001579616474053431	-179.9974899393377
96.38290236239695	0.00001538614883540307	-179.9975838591572
97.2747223776964	0.000014991140571853114	-179.9976729116256
98.17479430199833	0.000014610310135830202	-179.99775743091476
99.08319448927665	0.000014242891967018106	-179.99783772254582
99.9999999999999	0.000013888178474095559	-179.99791406632556