0.01000000000000001	0.39072205260171816	-0.006499698850006232
0.010092528860766855	0.39072771339805834	-0.006499792457335411
0.01018591388054118	0.39073347960668053	-0.006499887816430507
0.010280162981264745	0.3907393531943604	-0.006499984960303012
0.010375284158180138	0.39074533616240975	-0.00650008392260357
0.010471285480509006	0.390751430552821	-0.006500184737652091
0.010568175092136596	0.39075763844417	-0.006500287440334813
0.01066596121230259	0.39076396195297075	-0.0065003920663393505
0.010764652136298361	0.39077040323825935	-0.006500498651930817
0.010864256236170667	0.3907769644958847	-0.006500607234114741
0.010964781961431863	0.39078364796406606	-0.006500717850591561
0.011066237839776675	0.3907904559257754	-0.006500830539805576
0.011168632477805623	0.39079739070261266	-0.006500945340922623
0.011271974561755117	0.3908044546624151	-0.006501062293882075
0.011376272858234322	0.3908116502167115	-0.006501181439371278
0.01148153621496884	0.3908189798212489	-0.006501302818872857
0.011587773561551273	0.39082644597844923	-0.006501426474675749
0.011694993910198724	0.3908340512372609	-0.006501552449850363
0.01180320635651731	0.39084179819730164	-0.006501680788353565
0.011912420080273762	0.39084968950233984	-0.006501811534969942
0.012022644346174144	0.39085772784871065	-0.0065019447353306436
0.012133888504649786	0.3908659159815084	-0.00650208043592958
0.012246161992650502	0.39087425669986264	-0.006502218684284558
0.01235947433444512	0.3908827528527851	-0.006502359528664947
0.012473835142429446	0.3908914073458032	-0.006502503018422069
0.012589254117941687	0.39090022313529776	-0.0065026492037781655
0.012705741052085433	0.39090920323510464	-0.006502798135976013
0.012823305826560232	0.3909183507170224	-0.006502949867235149
0.01294195841449987	0.39092766870563855	-0.00650310445077275
0.013061708881318424	0.3909371603914177	-0.0065032619409324715
0.013182567385564082	0.3909468290195199	-0.006503422393048186
0.01330454417978092	0.3909566778964462	-0.006503585863502946
0.013427649611378649	0.3909667103940285	-0.006503752409881169
0.01355189412351037	0.39097692994368993	-0.006503922090829651
0.013677288255958502	0.3909873400435483	-0.006504094966155242
0.013803842646028859	0.3909979442580675	-0.006504271096883106
0.013931568029453043	0.39100874621663206	-0.006504450545165251
0.01406047524129915	0.39101974961742547	-0.006504633374435855
0.014190575216890933	0.3910309582306671	-0.006504819649356322
0.014321878992735446	0.391042375895073	-0.006505009435916235
0.014454397707459286	0.3910540065224014	-0.0065052028013547905
0.014588142602753497	0.3910658540976714	-0.0065053998142185696
0.014723125024327202	0.391077922680255	-0.006505600544519649
0.014859356422870082	0.3910902164086213	-0.006505805063541557
0.014996848355023748	0.39110273949720875	-0.006506013444085159
0.015135612484362095	0.39111549623884373	-0.006506225760342279
0.015275660582380739	0.3911284910131655	-0.006506442088052661
0.015417004529495607	0.3911417282736435	-0.00650666250437762
0.015559656316050758	0.39115521256332886	-0.006506887088111738
0.01570362804333554	0.3911689485104519	-0.006507115919564898
0.015848931924611148	0.39118294082990224	-0.006507349080715716
0.015995580286146702	0.39119719432512917	-0.006507586655181628
0.016143585568264878	0.3912117138922887	-0.0065078287282518835
0.016292960326397238	0.39122650451702085	-0.006508075386968965
0.01644371723214933	0.3912415712811964	-0.006508326720090369
0.016595869074375623	0.39125691936422463	-0.006508582818253517
0.01674942876026439	0.39127255403907396	-0.006508843773876671
0.016904409316432657	0.3912884806814864	-0.006509109681302987
0.017060823890031253	0.39130470477004586	-0.006509380636776832
0.017218685749860088	0.39132123188396767	-0.006509656738549633
0.017378008287493772	0.39133806771008434	-0.006509938086880445
0.01753880501841763	0.39135521804085444	-0.006510224784064559
0.01770108958317423	0.39137268878304915	-0.006510516934545754
0.017864875748520526	0.39139048594934506	-0.00651081464493778
0.018030177408595707	0.39140861567275137	-0.006511118024049774
0.018197008586099853	0.391427084195827	-0.006511427182942313
0.018365383433483484	0.39144589788569606	-0.006511742235049143
0.018535316234148135	0.39146506322660274	-0.006512063296138148
0.018706821403658026	0.39148458682743315	-0.006512390484403065
0.018879913490962956	0.3915044754215458	-0.006512723920545518
0.019054607179632494	0.39152473587075476	-0.006513063727853951
0.019230917289101597	0.3915453751696174	-0.00651341003218305
0.019408858775927792	0.39156640044207824	-0.006513762962098007
0.01958844673505991	0.39158781894857775	-0.006514122648879723
0.01976969640111862	0.3916096380887419	-0.006514489226637092
0.01995262314968881	0.3916318654041517	-0.006514862832406282
0.020137242498623895	0.3916545085756268	-0.006515243606135178
0.02032357010936223	0.3916775754368406	-0.006515631690809293
0.020511621788255666	0.3917010739656241	-0.006516027232575298
0.020701413487910436	0.39172501229351925	-0.00651643038071039
0.02089296130854041	0.3917493987088568	-0.006516841287843949
0.02108628149933291	0.3917742416548549	-0.006517260109897717
0.021281390459827135	0.3917995497407432	-0.006517687006297494
0.021478304741305354	0.3918253317364449	-0.006518122140022269
0.02167704104819696	0.3918515965800436	-0.0065185656776523505
0.02187761623949554	0.3918783533811611	-0.006519017789556393
0.022080047330189013	0.3919056114267765	-0.006519478649958925
0.022284351492703053	0.39193338017801377	-0.00651994843702843
0.022490546058357826	0.39196166927636933	-0.006520427332961753
0.022698648518838235	0.39199048855215696	-0.006520915524213872
0.022908676527677748	0.3920198480229264	-0.006521413201517945
0.023120647901755963	0.3920497578966621	-0.006521920560041035
0.023334580622810044	0.3920802285799618	-0.006522437799488729
0.023550492838960112	0.39211127067773993	-0.006522965124303867
0.023768402866248782	0.3921428949992214	-0.00652350274374929
0.02398832919019492	0.3921751125630966	-0.006524050872108927
0.0242102904673618	0.39220793459815145	-0.006524609728767524
0.02443430552693974	0.3922413725490891	-0.0065251795384236415
0.024660393372343412	0.39227543808494436	-0.00652576053128851
0.02488857318282393	0.39231014309644996	-0.006526352943182896
0.025118864315095822	0.39234549970571625	-0.006526957015788466
0.025351286304979098	0.39238152026724316	-0.006527572996750023
0.02558585886905648	0.39241821737649396	-0.006528201140020444
0.025822601906345985	0.3924556038715828	-0.006528841705922063
0.026061535499988978	0.3924936928386435	-0.006529494961472315
0.026302679918953843	0.392532497618732	-0.006530161180558443
0.026546055619755416	0.39257203181141126	-0.006530840644208254
0.026791683248190343	0.39261230927855484	-0.006531533640791102
0.027039583641088463	0.39265334415168474	-0.006532240466370277
0.027289777828080432	0.3926951508396218	-0.006532961424935975
0.02754228703338169	0.3927377440287353	-0.006533696828747724
0.02779713267759291	0.392781138692743	-0.006534446998500643
0.02805433637951716	0.39282535009391917	-0.006535212263826181
0.028313919957993816	0.39287039379780747	-0.006535992963604499
0.028575905433749497	0.39291628566839615	-0.006536789446260682
0.028840315031266085	0.3929630418829782	-0.006537602070162734
0.02910717118066608	0.3930106789351223	-0.006538431204132125
0.029376496519615335	0.3930592136374003	-0.0065392772277433195
0.029648313895243455	0.3931086631369582	-0.006540140531871874
0.02992264636608192	0.39315904491302767	-0.006541021519143902
0.030199517204020192	0.39321037678988624	-0.006541920604428763
0.03047894989627986	0.3932626769425941	-0.0065428382155330155
0.03076096814740711	0.39331596390140894	-0.00654377479351602
0.031045595881283587	0.39337025656280783	-0.006544730793565933
0.03133285724315589	0.3934255741962071	-0.006545706685496005
0.031622776601683826	0.3934819364499784	-0.006546702954585435
0.03191537855100765	0.3935393633597922	-0.006547720102149698
0.03221068791283438	0.3935978753603688	-0.006548758646500224
0.03250872973854347	0.3936574932883663	-0.006549819123762962
0.03280952931131194	0.3937182383940485	-0.006550902088680941
0.03311311214825915	0.39378013234727904	-0.006552008115752079
0.03341950400261146	0.3938431972531391	-0.006553137800218216
0.03372873086588692	0.3939074556505564	-0.006554291759133249
0.034040818970100126	0.39397293053218263	-0.00655547063263267
0.0343557947899875	0.3940396453446191	-0.0065566750852045766
0.0346736850452532	0.3941076240045455	-0.006557905807134915
0.034994516702835765	0.39417689090768754	-0.006559163515945715
0.035318316979195734	0.3942474709354151	-0.006560448958037331
0.03564511334262446	0.3943193894685164	-0.006561762910465688
0.03597493351557427	0.3943926723991275	-0.0065631061828245
0.03630780547701017	0.3944673461348953	-0.006564479619258366
0.03664375746478335	0.3945434376212443	-0.006565884100719144
0.03698281797802665	0.3946209743386025	-0.006567320547299953
0.037325015779572084	0.39469998432839964	-0.006568789920953884
0.037670379898390914	0.3947804961971033	-0.006570293228222246
0.038018939632056145	0.39486253912700553	-0.006571831523338579
0.0383707245492279	0.39494614289522	-0.006573405911576381
0.038725764492161745	0.39503133788202216	-0.006575017552961271
0.03908408957924023	0.395118155084676	-0.006576667666143606
0.03944573020752787	0.3952066261343182	-0.006578357532895752
0.039810717055349755	0.39529678330390305	-0.006580088502759173
0.04017908108489402	0.39538865952803703	-0.006581861998336102
0.040550853544838415	0.3954822884154657	-0.006583679521028402
0.040926065973001115	0.3955777042622942	-0.006585542657277302
0.041304750199016166	0.3956749420712683	-0.00658745308558114
0.04168693834703357	0.3957740375602974	-0.006589412583976698
0.04207266283844444	0.3958750271929176	-0.00659142303871121
0.04246195639463132	0.39597794817801474	-0.006593486453284715
0.042854852039743985	0.39608283849584797	-0.006595604958839756
0.04325138310350091	0.3961897369166416	-0.006597780825658108
0.04365158322401663	0.39629868301235277	-0.00660001647554393
0.044055486350655364	0.39640971718396073	-0.0066023144962741856
0.04446312674691091	0.3965228806703501	-0.0066046776568492544
0.04487453899331325	0.3966382155756911	-0.006607108925235038
0.04528975799036211	0.3967557648827593	-0.006609611487642878
0.04570881896148754	0.39687557248145855	-0.006612188770512759
0.04613175745603798	0.3969976831826093	-0.00661484446480289
0.04655860935229591	0.3971221427437361	-0.00661758255351119
0.04698941086052156	0.39724899788655244	-0.006620407342484127
0.04742419852602448	0.3973782963268015	-0.006623323495240344
0.04786300923226385	0.39751008679325445	-0.006626336072241378
0.04830588020397728	0.3976444190535011	-0.006629450575336227
0.04875284901033865	0.3977813439356413	-0.006632672998130097
0.04920395356814511	0.39792091335762503	-0.006636009883278499
0.04965923214503363	0.39806318035616983	-0.006639468387881351
0.05011872336272725	0.39820819910274163	-0.0066430563576143735
0.05058246620031143	0.39835602494557015	-0.00664678241223103
0.051050499997540646	0.3985067144301176	-0.006650656043219256
0.05152286445817567	0.39866032533037554	-0.006654687726217578
0.05199959965335162	0.3988169166793515	-0.006658889050542251
0.052480746024977286	0.398976548804518	-0.006663272869197139
0.05296634438916581	0.39913928335445903	-0.0066678534724702344
0.05345643593969719	0.3993051833394222	-0.006672646790123426
0.05395106225151279	0.39947431316159426	-0.006677670626899745
0.05445026528424214	0.39964673865299727	-0.006682944938328437
0.05495408738576248	0.39982252711299976	-0.006688492154466782
0.0554625712957911	0.4000017473506696	-0.006694337561131344
0.05597576014951104	0.40018446971990446	-0.006700509750730208
0.05649369748123028	0.4003707661660289	-0.006707041157013163
0.05701642722807478	0.40056071026853335	-0.00671396869220246
0.05754399373371572	0.4007543772867783	-0.006721334508887491
0.05807644175213124	0.4009518442107171	-0.006729186915040239
0.05861381645140291	0.40115318980675874	-0.006737581477703038
0.05915616341754743	0.4013584946729911	-0.006746582360703057
0.05970352865838372	0.4015678412988317	-0.00675626395328916
0.06025595860743581	0.40178131411475815	-0.006766712863201534
0.060813500127871824	0.40199899956498963	-0.006778030368857121
0.061376200516479455	0.4022209861657616	-0.00679033545232812
0.06194410750767818	0.4024473645756569	-0.0068037685729863745
0.06251726927756862	0.4026782276784266	-0.006818496390479812
0.06309573444801936	0.40291367064954686	-0.006834717713183619
0.06367955209079162	0.40315379105437643	-0.006852671039503296
0.064268771731702	0.40339868893272207	-0.006872644183527279
0.06486344335482389	0.40364846689386014	-0.006894986648581393
0.06546361740672754	0.4039032302322756	-0.006920125649837294
0.06606934480075964	0.40416308702085424	-0.006948587018236903
0.06668067692136226	0.4044281482401779	-0.0069810226822158115
0.06729766562843183	0.4046985278752723	-0.007018247074350919
0.0679203632617185	0.4049743430327642	-0.007061285725104861
0.0685488226452662	0.4052557140108124	-0.0071114405839782634
0.0691830970918937	0.4055427643224411	-0.007170378374729379
0.06982324040771719	0.4058356206259251	-0.0072402506690686505
0.07046930689671474	0.40613441244516824	-0.0073238573917006515
0.07112135136533296	0.4064392715483459	-0.0074248688821869375
0.07177942912713622	0.40675033068282684	-0.007548124236857616
0.07244359600749906	0.4070677211777342	-0.007700021815045501
0.0731139083483418	0.40739156853271813	-0.007889001824010942
0.07379042301291015	0.4077219845483825	-0.008126066816500724
0.07447319739059896	0.40805905363780315	-0.008425138484278068
0.07516228940182061	0.40840281025347475	-0.008802693843405584
0.07585775750291844	0.40875320493916384	-0.009275372484490146
0.07655966069112569	0.4091100635455097	-0.009852984087817478
0.07726805850957029	0.4094730673575089	-0.0105233427845139
0.07798301105232593	0.40984182975215866	-0.011228456308051051
0.07870457896950993	0.41021617470675176	-0.01184652227952691
0.07943282347242822	0.4105965740434111	-0.012216961539009603
0.08016780633876798	0.41098431730277857	-0.012228411988456988
0.0809095899178383	0.4113809866683852	-0.01190021446708937
0.0816582371358593	0.4117876574552705	-0.011361014934558333
0.0824138115013003	0.4122046360805119	-0.010755476526571333
0.08317637711026717	0.4126317599322323	-0.010180788555008041
0.08394599865193982	0.41306876440709617	-0.009680552134161274
0.08472274141405972	0.4135154688035294	-0.009263967880991864
0.08550667128846841	0.4139718158261916	-0.008924211930871015
0.0862978547766971	0.4144378517225825	-0.008649270011235218
0.08709635899560814	0.41491369592367405	-0.00842691694669955
0.08790225168308852	0.415399516448543	-0.00824652517499076
0.08871560120379617	0.41589551327897883	-0.008099447532794334
0.08953647655495947	0.4164019080109332	-0.007978856547370315
0.09036494737223023	0.416918937644229	-0.007879429330850764
0.09120108393559107	0.41744685099739964	-0.007797030338605378
0.09204495717531722	0.417985906665573	-0.007728441264107346
0.09289663867799372	0.4185363719385917	-0.007671146349214786
0.09375620069258811	0.4190985222644869	-0.007623167098552386
0.09462371613657934	0.41967264106233476	-0.007582936867363798
0.09549925860214364	0.4202590197357191	-0.007549206210161552
0.0963829023623971	0.4208579578122445	-0.007520971453935919
0.09727472237769656	0.4214697631587278	-0.0074974206386853315
0.09817479430199849	0.42209475225923987	-0.007477892407821596
0.09908319448927681	0.4227332505182608	-0.007461844564207783
0.10000000000000005	0.42338559258987485	-0.00744882986535708
0.10092528860766849	0.4240521227439383	-0.007438477266683926
0.10185913880541175	0.42473319522222375	-0.007430477287997861
0.10280162981264741	0.4254291746408374	-0.007424570520206971
0.10375284158180131	0.42614043638722676	-0.0074205385388215524
0.10471285480509002	0.42686736704175604	-0.007418196674092654
0.1056817509213659	0.4276103648200572	-0.007417388222898632
0.10665961212302584	0.4283698400253838	-0.007417979787152282
0.10764652136298355	0.4291462155243252	-0.007419857498168386
0.10864256236170661	0.42993992724654556	-0.007422923941769839
0.10964781961431856	0.43075142469636224	-0.007427095641203967
0.1106623783977667	0.4315811714963239	-0.007432300986598742
0.11168632477805618	0.43242964594690664	-0.00743847852353341
0.1127197456175511	0.43329734162321554	-0.007445575532617564
0.11376272858234315	0.4341847679861061	-0.0074535468453845516
0.11481536214968835	0.4350924510304864	-0.007462353853598017
0.11587773561551268	0.4360209339643606	-0.007471963677466334
0.11694993910198717	0.43697077791418676	-0.007482348464812517
0.11803206356517304	0.4379425626759192	-0.007493484799173024
0.11912420080273756	0.4389368874925777	-0.007505353198330506
0.12022644346174137	0.4399543718705624	-0.007517937688623171
0.1213388850464978	0.44099565645384053	-0.007531225443198776
0.12246161992650495	0.44206140391600696	-0.007545206473773911
0.12359474334445113	0.44315229992430527	-0.00755987336823299
0.12473835142429439	0.44426905413582685	-0.0075752210670608265
0.1258925411794168	0.44541240126037884	-0.007591246673033606
0.12705741052085426	0.4465831021605292	-0.007607949289409689
0.12823305826560225	0.44778194503214586	-0.007625329883203858
0.1294195841449987	0.4490097466397712	-0.007643391169656397
0.13061708881318423	0.4502673536146271	-0.007662137515696142
0.1318256738556408	0.451555643832232	-0.007681574859773298
0.13304544179780922	0.45287552786151763	-0.007701710646541625
0.13427649611378642	0.4542279504999761	-0.007722553774466135
0.13551894123510363	0.4556138923971206	-0.007744114555247692
0.13677288255958495	0.4570343717641977	-0.007766404683794356
0.13803842646028852	0.4584904461884288	-0.007789437217967624
0.13931568029453034	0.459983214552043	-0.007813226567334615
0.14060475241299142	0.4615138190705343	-0.00783778849026826
0.14190575216890927	0.46308344744510055	-0.007863140099002033
0.1432187899273544	0.46469333514546746	-0.007889299871991424
0.1445439770745928	0.4663447678437259	-0.007916287673923666
0.1458814260275349	0.46803908398094934	-0.00794412478241285
0.14723125024327194	0.4697776775033497	-0.007972833921826081
0.14859356422870074	0.47156200078014976	-0.008002439304172377
0.1499684835502374	0.4733935676846368	-0.008032966676756605
0.15135612484362088	0.47527395689926133	-0.008064443377139099
0.15275660582380732	0.4772048154121054	-0.00809689839524354
0.154170045294956	0.4791878622616563	-0.008130362443113102
0.1555965631605075	0.48122489252730516	-0.008164868032570317
0.15703628043335532	0.48331778156565874	-0.00820044956082343
0.15848931924611143	0.4854684895886098	-0.008237143405382468
0.15995580286146696	0.48767906649162046	-0.00827498802755645
0.1614358556826487	0.4899516570613711	-0.008314024086290851
0.1629296032639723	0.4922885065463247	-0.008354294562480569
0.16443717232149324	0.49469196660382775	-0.008395844894513067
0.16595869074375613	0.4971645017044431	-0.008438723126371893
0.16749428760264382	0.4997086959710006	-0.008482980068684656
0.1690440931643265	0.5023272605620787	-0.00852866947465881
0.17060823890031243	0.5050230415796537	-0.008575848231368952
0.17218685749860077	0.5077990285803715	-0.008624576568361174
0.17378008287493762	0.5106583637635531	-0.008674918285185244
0.1753880501841762	0.5136043518381893	-0.008726940999154786
0.1770108958317422	0.516640470699409	-0.008780716415997102
0.17864875748520517	0.5197703829365249	-0.008836320625215015
0.180301774085957	0.5229979482956699	-0.00889383442289324
0.18197008586099844	0.5263272371395948	-0.008953343664722238
0.18365383433483473	0.5297625450474076	-0.009014939652376125
0.18535316234148125	0.5333084086362344	-0.009078719556983757
0.18706821403658017	0.5369696227470653	-0.009144786883741856
0.18879913490962946	0.5407512591103305	-0.009213251982025359
0.19054607179632482	0.5446586866745663	-0.00928423260646781
0.19230917289101596	0.5486975937302021	-0.009357854534515481
0.19408858775927793	0.5528740120706209	-0.009434252247586386
0.19588446735059908	0.5571943433528229	-0.009513569682601995
0.1976969640111862	0.561665387954063	-0.009595961063310595
0.19952623149688808	0.566294376550249	-0.009681591820353665
0.20137242498623895	0.5710890047593037	-0.00977063961177687
0.2032357010936223	0.5760574711988797	-0.009863295456503727
0.20511621788255666	0.5812085193256206	-0.009959764995153714
0.20701413487910436	0.586551483530206	-0.010060269895057147
0.2089296130854041	0.592096340008016	-0.010165049419086193
0.2108628149933291	0.5978537629856375	-0.010274362180123491
0.21281390459827135	0.60383518692789	-0.010388488106490125
0.21478304741305343	0.610052875575491	-0.0105077306491066
0.21677041048196952	0.6165199986126217	-0.010632419264040745
0.2187761623949553	0.6232507170182738	-0.010762912210922272
0.22080047330189004	0.6302602782599152	-0.010899599714293074
0.22284351492703042	0.6375651226824471	-0.011042907543113932
0.22490546058357816	0.645183002630778	-0.011193301071978832
0.22698648518838224	0.6531331161853906	-0.011351289901516053
0.22908676527677735	0.6614362575734527	-0.011517433126309422
0.23120647901755953	0.6701149867704537	-0.011692345357128098
0.23334580622810033	0.6791938212396538	-0.011876703624269609
0.23550492838960102	0.6886994531702345	-0.012071255311239565
0.23768402866248772	0.6986609963843914	-0.012276827300343596
0.2398832919019491	0.7091102676026575	-0.012494336544731727
0.2421029046736179	0.7200821079373567	-0.012724802329296708
0.24434305526939726	0.7316147513731656	-0.012969360534144105
0.246603933723434	0.7437502484924602	-0.013229280284174857
0.24888573182823917	0.7565349553675579	-0.013505983452300025
0.25118864315095807	0.7700200996457054	-0.013801067589087532
0.2535128630497908	0.7842624383150781	-0.0141163329823853
0.25585858869056466	0.799325025160293	-0.014453814722059196
0.2582260190634597	0.8152781096746771	-0.014815820851940033
0.26061535499988964	0.8322001945807759	-0.015204977967529275
0.2630267991895383	0.8501792856058358	-0.015624285965023563
0.26546055619755404	0.8693143755234328	-0.016077184098994956
0.2679168324819033	0.8897172154019002	-0.016567631097711907
0.2703958364108845	0.9115144401109389	-0.017100202857129848
0.2728977782808042	0.9348501335163621	-0.01768021225754666
0.27542287033381674	0.9598889434361723	-0.018313857017127136
0.277971326775929	0.986819888835465	-0.019008403328459017
0.2805433637951715	1.015861045763797	-0.019772415528121486
0.28313919957993805	1.0472653581751588	-0.020616045469874777
0.2857590543374948	1.0813279017827357	-0.021551400024675982
0.2884031503126607	1.1183950436151835	-0.02259301179802987
0.29107171180666064	1.1588761006039336	-0.023758447616027436
0.2937649651961532	1.203258330957505	-0.02506910295879137
0.2964831389524344	1.2521264254910007	-0.026551250416940248
0.29922646366081906	1.306188158394793	-0.028237439771437483
0.30199517204020176	1.3663085947624096	-0.030168391867199527
0.30478949896279844	1.4335563819551271	-0.03239559703331735
0.307609681474071	1.5092674172716183	-0.03498493655956654
0.3104559588128357	1.5951340106924026	-0.03802181905286031
0.3133285724315587	1.6933323075678286	-0.04161860959393726
0.3162277660168381	1.8067086024396029	-0.045925615867921855
0.31915378551007634	1.9390589537038656	-0.05114774982429173
0.3221068791283436	2.0955615783743977	-0.05757054237544402
0.32508729738543457	2.2834691868857324	-0.06560216041330352
0.3280952931131192	2.5132638870603454	-0.07584403684732786
0.3311311214825913	2.800680432629604	-0.08921542812691939
0.33419504002611444	3.1704686937223188	-0.10718633083796435
0.3372873086588691	3.6639313663291824	-0.13224618853971074
0.34040818970100106	4.355543940894145	-0.16894086680554987
0.34355794789987465	5.394632428475787	-0.22647936435841068
0.34673685045253166	7.130976713965598	-0.3266019325617305
0.3499451670283573	10.62108787762023	-0.535323312234511
0.353183169791957	21.23439512908646	-1.1891646263367428
0.35645113342624424	671.7498778186757	-132.5075717969743
0.3597493351557423	19.926655224103605	-178.5764007959534
0.36307805477010135	9.95278492770656	-179.18160751680344
0.36643757464783333	6.580026893385875	-179.36801094801808
0.3698281797802663	4.883382506818784	-179.4429383597442
0.3732501577957206	3.861021641029611	-179.466798989379
0.37670379898390893	3.176531326074734	-179.4569517578531
0.38018939632056126	2.68498918225474	-179.41647139005553
0.38370724549227886	2.3135047743659563	-179.33973551678338
0.3872576449216173	2.021147684195578	-179.21084081194593
0.3908408957924021	1.7827454999092147	-178.99470332171904
0.39445730207527846	1.5813236674962694	-178.60467986404032
0.3981071705534973	1.404398383538792	-177.89455328055902
0.40179081084894	1.2391204248777627	-176.20535560343453
0.40550853544838394	1.0843408103608134	-171.2356949199889
0.40926065973001097	1.1036438882591733	-157.79807181976784
0.41304750199016144	1.3934235102888148	-165.78549465038498
0.4168693834703355	1.251835843100271	-175.02378978103656
0.4207266283844442	1.1154600070959921	-177.86078322291775
0.424619563946313	1.0140893646973095	-178.88035245799924
0.4285485203974396	0.9347936692760382	-179.335564783231
0.43251383103500884	0.8691178706489374	-179.57533135128358
0.4365158322401661	0.8127117645305291	-179.71699659461757
0.44055486350655343	0.7630889379754563	-179.80848984998406
0.4446312674691088	0.7186516509322997	-179.872231428051
0.4487453899331323	0.678238648685181	-179.91969464762397
0.4528975799036209	0.6408505936033222	-179.95653427582735
0.4570881896148752	0.6053379837711663	-179.98225575144355
0.46131757456037953	0.5695695858759962	-179.97355574623393
0.4655860935229591	0.5258285706300021	-179.67550924856593
0.4698941086052156	0.46468272605058514	-163.72491261067003
0.4742419852602448	0.5529390712809552	-178.07935038887126
0.47863009232263853	0.5110706256283355	-179.36335377024128
0.48305880203977286	0.4834923080103147	-179.61785705495643
0.4875284901033865	0.46082077324674736	-179.7219233512584
0.4920395356814511	0.44074534167519275	-179.77723845331616
0.49659232145033627	0.4224428906009355	-179.81091793555004
0.5011872336272725	0.4055153998263998	-179.83305634586165
0.5058246620031143	0.3897285808208884	-179.84820532061724
0.5105049999754064	0.3749247965563037	-179.85868279963995
0.5152286445817567	0.36098781662463225	-179.86576092814028
0.5199959965335162	0.347826383518872	-179.87015965992072
0.5248074602497729	0.3353656517766911	-179.8722726881644
0.5296634438916581	0.32354230382793236	-179.8722757007313
0.5345643593969719	0.31230154276496475	-179.87017595870856
0.5395106225151278	0.30159512005709177	-179.86582789150606
0.5445026528424215	0.2913799786347229	-179.85892486011122
0.5495408738576248	0.28161729719713496	-179.84897056079652
0.5546257129579107	0.2722718353108698	-179.8352311065292
0.5597576014951101	0.26331155505001985	-179.8166711889911
0.5649369748123025	0.2547075545489051	-179.79189000415343
0.5701642722807475	0.2464343767967133	-179.7591073634718
0.5754399373371569	0.23847065220029898	-179.7163285683977
0.580764417521312	0.23079949509671505	-179.66194346147662
0.5861381645140288	0.22340658288901477	-179.59605839217767
0.591561634175474	0.21627164135072935	-179.52228582831083
0.5970352865838369	0.20935029829665203	-179.447838491986
0.6025595860743578	0.20255473139783906	-179.37826938575972
0.6081350012787179	0.19575076426455823	-179.30697094036537
0.6137620051647943	0.18876262479416162	-179.20374937893942
0.6194410750767815	0.18133670890562434	-178.98996331004463
0.6251726927756859	0.17304974541697668	-178.4038655134821
0.6309573444801934	0.1647819623572978	-176.14933015590395
0.6367955209079159	0.16940388595172534	-175.3355324603662
0.6426877173170198	0.16209231223905557	-176.60329106670395
0.6486344335482385	0.14336297788374075	-179.60548805671695
0.654636174067275	0.0734060208403952	-179.1503746620684
0.6606934480075961	0.2835692735635934	-178.37384373725538
0.6668067692136223	0.19595517732793913	-179.66920566031757
0.6729766562843178	0.17627512154995129	-179.85371558628938
0.6792036326171846	0.16564933736317483	-179.91980211844825
0.6854882264526617	0.1581006524027261	-179.95093203919592
0.6918309709189366	0.15201984126702317	-179.96754804929384
0.6982324040771715	0.14678585826350177	-179.97703238408684
0.7046930689671471	0.1421052814981889	-179.98268926318468
0.7112135136533292	0.13781972909939513	-179.98619356496192
0.7177942912713619	0.13383513220643392	-179.9884523543146
0.7244359600749902	0.13009141027127305	-179.98997342218664
0.7311390834834176	0.12654791411198427	-179.99104644450364
0.7379042301291011	0.12317580786231061	-179.9918392280876
0.7447319739059892	0.11995380280214352	-179.99245063580378
0.7516228940182057	0.11686563494323503	-179.99294009878682
0.758577575029184	0.1138985056554511	-179.99334420241732
0.7655966069112565	0.11104208083230897	-179.9936860837173
0.7726805850957026	0.10828782749763569	-179.99398081216884
0.7798301105232589	0.10562856149422781	-179.99423851174737
0.7870457896950989	0.10305813125926704	-179.99446620086982
0.7943282347242817	0.10057119170523522	-179.99466889589917
0.8016780633876793	0.09816303919298856	-179.99485028553886
0.8090958991783825	0.09582948882201582	-179.99501315067243
0.8165823713585927	0.09356678159765001	-179.99515962441708
0.8241381150130026	0.09137151344199045	-179.99529156155967
0.8317637711026713	0.0892405781674935	-179.99540989765657
0.8394599865193977	0.08717112588259941	-179.99551600373204
0.8472274141405968	0.08516052565293353	-179.99561064615682
0.8550667128846836	0.08320633783298753	-179.99569447974918
0.8629785477669706	0.0813062905000841	-179.99576800581534
0.870963589956081	0.07945826002938762	-179.9958315860803
0.8790225168308847	0.07766025482713339	-179.9958854521409
0.8871560120379608	0.07591040157135273	-179.99592970980737
0.8953647655495938	0.0742069334605448	-179.99596433866782
0.9036494737223014	0.072548180081817	-179.9959891869542
0.9120108393559097	0.07093255859299089	-179.99600396143924
0.9204495717531712	0.06935856597286637	-179.99600821171444
0.9289663867799363	0.06782477214000501	-179.9960013077635
0.9375620069258802	0.06632981377424586	-179.99598240919423
0.946237161365793	0.06487238869798674	-179.99595042376262
0.9549925860214359	0.06345125068963822	-179.99590395180525
0.9638290236239705	0.062065204610295216	-179.99584121174397
0.9727472237769651	0.06071310172290952	-179.99575993970117
0.9817479430199844	0.05939383507527441	-179.99565725308992
0.9908319448927676	0.0581063347951352	-179.99552946321197
1.	0.056849563109941915	-179.99537181438873
1.0092528860766845	0.05562250883951774	-179.99517811523893
1.0185913880541169	0.054424181010457276	-179.99494020836647
1.0280162981264735	0.053253601077798716	-179.9946471924836
1.0375284158180127	0.05210979297296407	-179.99428425574607
1.0471285480508996	0.05099176975071211	-179.99383088136125
1.0568175092136585	0.049898514838302065	-179.99325800746712
1.066596121230258	0.048828954519726686	-179.9925233816635
1.076465213629835	0.047781915750152275	-179.9915636680642
1.0864256236170655	0.04675605846836834	-179.99028042625855
1.096478196143185	0.04574976148802157	-179.9885138535241
1.1066237839776665	0.04476091902041813	-179.9859903754172
1.1168632477805611	0.043786552926113144	-179.9822094989363
1.1271974561755105	0.04282201106050483	-179.97617406658705
1.1376272858234309	0.04185912846944261	-179.96565813418692
1.1481536214968828	0.0408813867762671	-179.94483439675759
1.1587773561551262	0.039848503871703446	-179.89432625135234
1.1694993910198712	0.03863284664469521	-179.7191675311682
1.1803206356517297	0.03663127341295177	-178.8009590608049
1.191242008027375	0.04039909712266588	-179.1170638526527
1.2022644346174132	0.038181265197430876	-179.8040317395803
1.2133888504649775	0.03704496016928763	-179.91965886336823
1.224616199265049	0.03612591489053752	-179.95641642357836
1.2359474334445106	0.03529526567764686	-179.9723865560828
1.2473835142429432	0.034514379930479365	-179.98067081954306
1.2589254117941675	0.033767575700571345	-179.98548155479762
1.270574105208542	0.033047178413527556	-179.98849787347712
1.2823305826560218	0.032348900754634195	-179.99049291248892
1.2941958414499863	0.03167009062234712	-179.99186109123045
1.3061708881318417	0.03100896585156198	-179.99281911401337
1.3182567385564075	0.030364242988796267	-179.9934921985846
1.3304544179780915	0.029734941765484392	-179.993954345155
1.3427649611378643	0.02912027473914845	-179.99424805962227
1.3551894123510364	0.028519580784405255	-179.99439369692743
1.3677288255958495	0.027932281770476405	-179.99439235594167
1.3803842646028852	0.02735785070183815	-179.99422282942115
1.3931568029453034	0.02679578270008033	-179.99382946349542
1.4060475241299142	0.02624555850524194	-179.9930898213354
1.4190575216890926	0.02570657963836964	-179.99172562132955
1.432187899273544	0.025178016246714986	-179.98901655904828
1.4454397707459279	0.024658362482564686	-179.98261006758025
1.4588142602753489	0.024144036750135687	-179.96094905037228
1.4723125024327193	0.023647333225505815	-179.8305311610518
1.4859356422870074	0.02324810650266253	-179.9180894961075
1.499684835502374	0.022754014425655972	-179.98358766140424
1.5135612484362087	0.022281812911364517	-179.9935572727691
1.5275660582380732	0.021824101487634907	-179.9964066295924
1.54170045294956	0.02137771912152298	-179.9975179367035
1.555965631605075	0.02094143804067476	-179.99803268238674
1.5703628043335531	0.020514618814290207	-179.9982973021371
1.584893192461114	0.020096845121454564	-179.99844225549904
1.5995580286146696	0.019687801602449817	-179.99852429780327
1.6143585568264869	0.019287225447389544	-179.99857081166485
1.629296032639723	0.018894884575251	-179.99859607773976
1.6443717232149324	0.018510566757328723	-179.99860800929966
1.6595869074375613	0.01813407373361126	-179.99861120913403
1.6749428760264382	0.01776521780232475	-179.99860846241964
1.690440931643265	0.01740381972018296	-179.99860151044624
1.7060823890031243	0.017049707338038782	-179.9985914718907
1.7218685749860079	0.016702714669698353	-179.99857908192033
1.7378008287493762	0.01636268122714834	-179.99856483280325
1.753880501841762	0.016029451525987306	-179.99854905917036
1.770108958317422	0.01570287470339211	-179.99853199111672
1.7864875748520517	0.015382804212962673	-179.9985137880592
1.803017740859568	0.015069097573593948	-179.99849456077794
1.8197008586099825	0.014761616157438647	-179.9984743860342
1.8365383433483455	0.01446022500683521	-179.9984533164261
1.8535316234148105	0.01416479267329922	-179.99843138713376
1.8706821403657996	0.013875191073645812	-179.9984086205969
1.8879913490962925	0.013591295359756622	-179.99838502979821
1.9054607179632463	0.013312983799398173	-179.99836062059222
1.9230917289101574	0.013040137666192475	-179.99833539337328
1.9408858775927773	0.012772641137251165	-179.99830934427945
1.958844673505989	0.012510381197401945	-179.99828246606788
1.97696964011186	0.012253247549060882	-179.99825474875388
1.9952623149688788	0.012001132527113708	-179.99822618008022
2.0137242498623875	0.011753931018209856	-179.99819674586084
2.032357010936221	0.01151154038401172	-179.99816643023357
2.0511621788255647	0.011273860388022673	-179.99813521584352
2.0701413487910414	0.011040793125678018	-179.99810308397576
2.0892961308540388	0.010812242957420714	-179.9980700146486
2.108628149933289	0.010588116444537849	-179.99803598667694
2.1281390459827114	0.010368322287547777	-179.99800097771262
2.147830474130533	0.010152771266970147	-179.99796496426643
2.167704104819694	0.009941376186328472	-179.99792792171556
2.1877616239495516	0.00973405181724258	-179.99788982429928
2.208004733018899	0.009530714846482213	-179.99785064510507
2.228435149270303	0.009331283824884077	-179.99781035604644
2.2490546058357803	0.009135679118036559	-179.99776892783365
2.2698648518838214	0.008943822858616644	-179.99772632993842
2.2908676527677723	0.008755638900327073	-179.9976825305528
2.312064790175594	0.008571052773332215	-179.99763749654312
2.333458062281002	0.008389991641143596	-179.9975911933987
2.355049283896009	0.0082123842588678	-179.99754358517592
2.376840286624876	0.008038160932773939	-179.9974946344377
2.39883291901949	0.007867253481121024	-179.9974443021879
2.4210290467361775	0.0076995951961800774	-179.9973925478014
2.4434305526939712	0.0075351208074144645	-179.99733932894887
2.4660393372343385	0.007373766445770209	-179.99728460151638
2.48885731828239	0.007215469609025008	-179.9972283195199
2.5118864315095797	0.007060169128161635	-179.99717043501406
2.535128630497907	0.0069078051347228175	-179.9971108979948
2.5585858869056453	0.006758319029111786	-179.99704965629581
2.582260190634596	0.00661165344980064	-179.99698665547842
2.6061535499988953	0.0064677522434205565	-179.9969218387139
2.6302679918953813	0.00632656043569058	-179.9968551466584
2.654605561975539	0.00618802420316383	-179.99678651731966
2.6791683248190314	0.006052090845758509	-179.9967158859148
2.703958364108843	0.005918708760046794	-179.9966431847186
2.7289777828080406	0.005787827413274235	-179.99656834290192
2.7542287033381663	0.005659397318086196	-179.9964912863587
2.7797132677592886	0.005533370007935314	-179.99641193752143
2.805433637951713	0.0054096980131485084	-179.996330215164
2.831391995799379	0.005288334837631477	-179.99624603419053
2.8575905433749464	0.005169234936185188	-179.99615930540938
2.8840315031266055	0.005052353692423443	-179.99606993529125
2.910717118066605	0.004937647397258947	-179.9959778257096
2.9376496519615305	0.004825073227952095	-179.99588287366242
2.9648313895243423	0.004714589227694969	-179.99578497097323
2.992264636608189	0.004606154285718354	-179.99568400397004
3.019951720402016	0.004499728117901714	-179.9955798531399
3.047894989627983	0.004395271247872875	-179.99547239275714
3.076096814740708	0.004292744988580138	-179.99536149048288
3.1045595881283554	0.004192111424323049	-179.99524700693325
3.1332857243155856	0.00409333339322524	-179.9951287952131
3.162277660168379	0.003996374470138483	-179.99500670041263
3.1915378551007616	0.003901198949961379	-179.9948805590626
3.2210687912834346	0.00380777183136321	-179.9947501985452
3.250872973854344	0.00371605880089627	-179.99461543645492
3.2809529311311905	0.0036260262174885043	-179.9944760799059
3.311311214825911	0.0035376410973017415	-179.99433192477943
3.3419504002611427	0.0034508710989458683	-179.99418275490578
3.372873086588689	0.0033656845090387446	-179.99402834117382
3.404081897010009	0.003282050228096548	-179.99386844056073
3.4355794789987466	0.0031999377567517914	-179.99370279507326
3.4673685045253166	0.003119317182281932	-179.99353113059098
3.499451670283573	0.0030401591654427495	-179.99335315560114
3.53183169791957	0.0029624349275964505	-179.99316855981274
3.5645113342624426	0.0028861162381240363	-179.99297701263643
3.5974933515574232	0.002811175402115604	-179.99277816151442
3.630780547701014	0.002737585248326459	-179.99257163008363
3.664375746478333	0.0026653191173933535	-179.99235701615166
3.6982817978026628	0.0025943508503024166	-179.99213388946336
3.732501577957206	0.002524654777098823	-179.99190178923226
3.767037989839089	0.002456205705832284	-179.99166022140722
3.801893963205613	0.002388978911730554	-179.99140865564118
3.8370724549227884	0.002322950126592257	-179.99114652192293
3.8725764492161727	0.0022580955283932795	-179.99087320682762
3.908408957924021	0.0021943917310984456	-179.99058804933503
3.944573020752785	0.002131815774671776	-179.99029033615588
3.981071705534973	0.0020703451152795345	-179.9899792964977
4.0179081084894	0.0020099576156771366	-179.98965409619032
4.055085354483839	0.0019506315357754598	-179.98931383107768
4.09260659730011	0.0018923455233788352	-179.98895751956695
4.130475019901614	0.0018350786050884509	-179.98858409420689
4.168693834703355	0.0017788101773651831	-179.9881923921445
4.207266283844442	0.0017235199977449088	-179.98778114428268
4.24619563946313	0.0016691881762011095	-179.98734896292672
4.285485203974396	0.0016157951666474098	-179.98689432766923
4.325138310350088	0.0015633217585746771	-179.98641556921297
4.365158322401661	0.0015117490688166834	-179.98591085077157
4.405548635065534	0.0014610585334375206	-179.9853781466148
4.446312674691089	0.0014112318997351347	-179.98481521723312
4.487453899331323	0.0013622512183555176	-179.9842195804838
4.528975799036209	0.0013140988355100473	-179.98358847793975
4.570881896148752	0.0012667573852913048	-179.98291883548353
4.613175745603791	0.0012202097820799944	-179.9822072169654
4.655860935229586	0.001174439213037832	-179.98144976945864
4.698941086052151	0.001129429130679218	-179.98064215827947
4.742419852602444	0.0010851632455160158	-179.97977948946746
4.7863009232263805	0.001041625518768318	-179.9788562168108
4.830588020397723	0.0009988001551350931	-179.97786602969757
4.875284901033861	0.0009566715956181188	-179.97680171701714
4.920395356814506	0.0009152245103916276	-179.97565500092534
4.965923214503357	0.0008744437917114419	-179.97441633238995
5.01187233627272	0.0008343145468559057	-179.97307463785836
5.058246620031137	0.0007948220910912092	-179.97161700284974
5.105049999754059	0.0007559519406538912	-179.97002827335857
5.152286445817562	0.0007176898057419755	-179.96829054903614
5.1999599653351565	0.0006800215835070885	-179.96638253224782
5.248074602497723	0.0006429333510392343	-179.96427868281378
5.296634438916575	0.0006064113583348373	-179.96194810721795
5.345643593969713	0.0005704420212400483	-179.9593530795957
5.395106225151273	0.0005350119143593098	-179.95644704376798
5.445026528424209	0.0005001077639203472	-179.95317187069443
5.495408738576242	0.00046571644058581753	-179.94945402618302
5.5462571295791046	0.0004318249522026889	-179.94519910786096
5.597576014951099	0.00039842043648046573	-179.94028388004327
5.649369748123022	0.0003654901535916992	-179.93454435904385
5.701642722807472	0.0003330214786909583	-179.9277574582981
5.754399373371567	0.0003010018943558254	-179.91961172996307
5.807644175213118	0.00026941898296766885	-179.9096588160147
5.861381645140285	0.000238260419082116	-179.89722893882117
5.9156163417547365	0.0002075139619113748	-179.88127497909073
5.9703528658383656	0.00017716744822306182	-179.8600631976034
6.025595860743575	0.00014720878646432546	-179.83050012858857
6.081350012787176	0.0001176259545352643	-179.7864745381361
6.137620051647939	0.00008840700994185511	-179.71399071723627
6.194410750767812	0.000059540154393541005	-179.57239996947598
6.251726927756856	0.00003101420087143314	-179.173307876701
6.30957344480193	2.8473243490416566e-6	-170.89254158316868
6.367955209079155	0.000025076144919515206	-1.0374126891311162
6.426877173170194	0.00005265330458909348	-0.4977663739092155
6.486344335482381	0.00007993966166185928	-0.3303825265938607
6.546361740672747	0.0001069460250614268	-0.2488977478117214
6.6069344800759575	0.00013368415960853146	-0.20071992486382034
6.668067692136219	0.00016016601876493367	-0.16891381448915982
6.729766562843175	0.00018640365609926153	-0.14636206877340374
6.792036326171843	0.0002124092146423357	-0.12955121263144945
6.854882264526613	0.00023819493343226047	-0.11654694540919568
6.918309709189362	0.00026377315965097644	-0.10619656026710174
6.9823240407717115	0.00028915636331757995	-0.09777040847181463
7.046930689671467	0.0003143571535943463	-0.09078414189104603
7.112135136533288	0.0003393882963991468	-0.08490363516527706
7.177942912713615	0.0003642627332473735	-0.0798909495700432
7.244359600749899	0.00038899360134282544	-0.07557205691549099
7.311390834834173	0.0004135942549843616	-0.0718167434448824
7.379042301291007	0.0004380782883834038	-0.06852564869301059
7.447319739059888	0.00046245956000720583	-0.06562164906560884
7.516228940182053	0.0004867522185807734	-0.06304397697193799
7.585775750291836	0.0005109707308963889	-0.060744113254352944
7.655966069112561	0.0005351299115974905	-0.05868285899231287
7.726805850957022	0.0005592449551219114	-0.05682820972035129
7.798301105232586	0.000583331470009941	-0.05515378679172137
7.870457896950985	0.0006074055158054451	-0.053637662720027415
7.943282347242813	0.0006314836428030576	-0.052261469756713405
8.01678063387679	0.0006555829349234444	-0.051009715170387535
8.090958991783822	0.0006797210560298029	-0.04986924945715494
8.165823713585922	0.0007039163000351127	-0.04882884913144338
8.241381150130021	0.0007281876451901808	-0.04787888636518816
8.317637711026709	0.0007525548129883273	-0.0470110651657121
8.394599865193973	0.0007770383321748574	-0.04621820904349893
8.472274141405963	0.0008016596084087495	-0.0454940888980157
8.550667128846833	0.0008264410001914389	-0.04483328259387003
8.629785477669701	0.0008514059017546175	-0.044231059715624535
8.709635899560805	0.0008765788336871607	-0.043683286486222266
8.790225168308842	0.0009019855421820727	-0.04318634695597366
8.871560120379607	0.000927653107900256	-0.04273707741802923
8.953647655495937	0.0009536100655812759	-0.04233271165434835
9.036494737223014	0.0009798865356849087	-0.041970835115154856
9.120108393559097	0.001006514369525002	-0.04164934652223152
9.204495717531712	0.0010335273095628953	-0.04136642568962026
9.289663867799362	0.0010609611667668317	-0.041120506594619334
9.375620069258803	0.0010888540172219342	-0.04091025492253518
9.462371613657929	0.0011172464205003324	-0.04073454946180465
9.549925860214358	0.001146181662681214	-0.04059246685051448
9.638290236239705	0.0011757060273569523	-0.040483269277619624
9.727472237769652	0.0012058690984870235	-0.04040639482747077
9.817479430199844	0.0012367240995818617	-0.04036145022866335
9.908319448927676	0.001268328274433729	-0.04034820583098112
10.	0.0013007433154852283	-0.04036659269001765
10.092528860766844	0.0013340358469673404	-0.040416701690198446
10.18591388054117	0.001368277971185269	-0.04049878468540562
10.280162981264736	0.0014035478878268236	-0.040613257684096925
10.375284158180126	0.0014399305979724776	-0.04076070615451965
10.471285480508996	0.0014775187066701078	-0.040941892577230424
10.568175092136585	0.0015164133405916964	-0.041157766428683754
10.665961212302578	0.00155672520052932	-0.041409476843462883
10.76465213629835	0.0015985757724610145	-0.041698388276553935
10.864256236170656	0.0016420987258120741	-0.042026099574254135
10.964781961431852	0.0016874415335986549	-0.04239446696704505
11.066237839776663	0.0017347673566850171	-0.04280563162536019
11.168632477805613	0.0017842572438275654	-0.043262052576491884
11.271974561755105	0.0018361127110641591	-0.04376654597683549
11.37627285823431	0.0018905587790588208	-0.04432233198004181
11.481536214968829	0.0019478475661958922	-0.04493309075409652
11.587773561551263	0.002008262559834544	-0.045603029599911755
11.694993910198711	0.0020721237199484836	-0.04633696363920489
11.803206356517286	0.002139793610804661	-0.047140413209266756
11.912420080273739	0.0022116848107177887	-0.04801972198057021
12.022644346174118	0.002288268921919057	-0.04898220097523285
12.133888504649763	0.002370087598775386	-0.05003630521619667
12.246161992650476	0.0024577661423746174	-0.05119185182989845
12.359474334445094	0.0025520303864050146	-0.0524602912776305
12.47383514242942	0.002653727843121427	-0.05385504732216642
12.589254117941662	0.0027638544183966737	-0.05539194682026033
12.705741052085406	0.0028835884856346855	-0.057089768181206015
12.823305826560205	0.0030143347973156836	-0.05897094843702143
12.941958414499851	0.0031577817154124785	-0.06106250502750431
13.061708881318404	0.003315976724767299	-0.06339725230349738
13.182567385564061	0.0034914274269115795	-0.06601542874849622
13.304544179780901	0.0036872386429953985	-0.06896690622069947
13.427649611378628	0.003907301642458661	-0.07231423935769231
13.551894123510351	0.004156560182642069	-0.07613695300067186
13.67728825595848	0.00444139237416243	-0.08053769645134026
13.803842646028839	0.0047701718067174525	-0.08565128695884938
13.931568029453022	0.00515411444458965	-0.09165835908517875
14.060475241299129	0.005608596833255526	-0.09880661039196462
14.190575216890911	0.006155282909369327	-0.10744507972882754
14.321878992735424	0.006825703986008856	-0.11808184697709258
14.454397707459265	0.007667599165882708	-0.1314862238770154
14.588142602753473	0.00875686559854318	-0.14888136150965664
14.723125024327178	0.010221910863896636	-0.17233674978420294
14.859356422870059	0.01229856420506281	-0.20565325380190724
14.996848355023726	0.015472115500590026	-0.2566524577570398
15.135612484362072	0.020925751940067783	-0.34440454936902065
15.275660582380716	0.03249928840944119	-0.5308001607322501
15.417004529495584	0.07368284822378035	-1.1945039021725983
15.559656316050734	0.26109301347518776	-175.79481879760516
15.703628043335515	0.04671595834589187	-179.25362676324391
15.848931924611126	0.025514911220975676	-179.59521660550678
15.995580286146678	0.01748537586400644	-179.72450486606328
16.143585568264854	0.013261446612283073	-179.7924582243994
16.292960326397214	0.01065555845635107	-179.83433551964293
16.443717232149307	0.008887189913355605	-179.86271682289606
16.595869074375596	0.0076083093622815005	-179.8832114617023
16.749428760264365	0.0066402671825339715	-179.89869874153848
16.90440931643263	0.005881928491396223	-179.91080862822938
17.060823890031227	0.005271745732652447	-179.9205330439947
17.21868574986006	0.004770115406102509	-179.9285102321552
17.378008287493746	0.004350398448639271	-179.93516948535816
17.5388050184176	0.003994016451620506	-179.94081018168492
17.701089583174202	0.0036876171589388376	-179.94564746929242
17.864875748520497	0.003421357465474538	-179.9498399398631
18.03017740859568	0.003187821605215174	-179.95350706446948
18.197008586099827	0.002981316303819588	-179.95674055377037
18.365383433483455	0.0027973980588451137	-179.95961197692887
18.535316234148105	0.002632548000488555	-179.96217800192824
18.706821403657997	0.002483943238588638	-179.96448408079053
18.879913490962927	0.002349292865415186	-179.96656709271903
19.054607179632463	0.0022267182445142066	-179.9684572734714
19.230917289101576	0.0021146642342416895	-179.9701796461508
19.408858775927772	0.0020118324048719574	-179.9717550975221
19.58844673505989	0.0019171301445020787	-179.97320119824553
19.769696401118598	0.0018296314116938563	-179.9745328353983
19.952623149688787	0.0017485461395985655	-179.9757627055594
20.137242498623873	0.001673196145462329	-179.97690170304708
20.32357010936221	0.0016029959870054145	-179.97795922842755
20.511621788255646	0.001537437619761901	-179.9789434357642
20.701413487910415	0.0014760780031135054	-179.97986143234297
20.892961308540386	0.001418529014371212	-179.98071944119988
21.086281499332888	0.001364449184543777	-179.9815229342891
21.28139045982711	0.0013135368831384046	-179.9822767422977
21.47830474130533	0.0012655246639880512	-179.982985145749
21.67704104819694	0.001220174547714438	-179.983651951011
21.87761623949552	0.0011772740646676797	-179.98428055404895
22.080047330188993	0.0011366329190571998	-179.98487399416697
22.28435149270303	0.001098080163400652	-179.98543499952603
22.490546058357804	0.0010614617944715537	-179.9859660258687
22.698648518838212	0.001026638699164951	-179.98646928960568
22.908676527677724	0.0009934848922641903	-179.98694679619817
23.12064790175594	0.0009618859988310936	-179.98740036459833
23.33458062281002	0.0009317379424952127	-179.98783164837212
23.55049283896009	0.0009029458077688609	-179.98824215401777
23.76840286624876	0.0008754228500315701	-179.98863325690508
23.9883291901949	0.0008490896312929959	-179.98900621518806
24.210290467361776	0.0008238732634752283	-179.98936218198526
24.434305526939713	0.0007997067439232903	-179.9897022160743
24.660393372343385	0.0007765283702885251	-179.99002729130748
24.888573182823905	0.0007542812239374588	-179.99033830492368
25.118864315095795	0.0007329127127005798	-179.99063608490425
25.351286304979073	0.0007123741651562515	-179.99092139649875
25.58585886905645	0.0006926204697965716	-179.99119494802792
25.82260190634596	0.0006736097533858827	-179.99145739605535
26.06153549998895	0.000655303093632239	-179.9917093500064
26.302679918953814	0.0006376642619743478	-179.9919513763023
26.54605561975539	0.0006206594928633249	-179.99218400206763
26.791683248190314	0.0006042572764076782	-179.9924077184615
27.039583641088434	0.0005884281716659962	-179.99262298367645
27.289777828080403	0.0005731446382266291	-179.99283022564273
27.542287033381662	0.0005583808840172254	-179.9930298444717
27.797132677592884	0.0005441127275472656	-179.9932222146663
28.05433637951713	0.000530317473010589	-179.99340768712545
28.31391995799379	0.0005169737968678511	-179.99358659096288
28.575905433749465	0.0005040616446955684	-179.993759235161
28.84031503126606	0.0004915621372328064	-179.9939259100773
29.10717118066605	0.00047945748468192754	-179.99408688881718
29.376496519615305	0.0004677309084288422	-179.994242428488
29.648313895243422	0.0004563665694433086	-179.99439277134547
29.92264636608189	0.00044534950270286273	-179.99453814584342
30.19951720402016	0.000434665557056682	-179.99467876759556
30.4789498962798	0.00042430134000945123	-179.99481484025884
30.76096814740705	0.0004142441669613317	-179.9949465563448
31.045595881283525	0.0004044820144894922	-179.99507409796587
31.332857243155825	0.0003950034773001215	-179.99519763752315
31.62277660168376	0.0003857977285183289	-179.99531733833993
31.91537855100758	0.00037685448301731585	-179.99543335524706
32.21068791283432	0.0003681639635183727	-179.99554583512318
32.50872973854341	0.000359716869220006	-179.99565491739492
32.80952931131187	0.00035150434673830976	-179.99576073449956
33.11311214825908	0.00034351796316189063	-179.9958634123139
33.41950400261139	0.00033574968104354907	-179.99596307055208
33.72873086588685	0.0003281918351678067	-179.99605982313474
34.040818970100055	0.0003208371109484704	-179.99615377853226
34.35579478998743	0.0003136785243239351	-179.9962450400836
34.67368504525313	0.0003067094030300628	-179.99633370629343
34.994516702835696	0.0002999233691413557	-179.9964198711085
35.318316979195664	0.00029331432278093347	-179.99650362417543
35.64511334262439	0.000286876426908631	-179.99658505108118
35.9749335155742	0.0002806040931044758	-179.99666423357752
36.3078054770101	0.00027449196827196865	-179.99674124979043
36.64375746478329	0.00026853492219205337	-179.99681617441598
36.98281797802659	0.00026272803586452147	-179.99688907890365
37.32501577957203	0.00025706659057888345	-179.9969600316274
37.670379898390856	0.00025154605766153625	-179.9970290980461
38.01893963205609	0.00024616208885040736	-179.99709634085346
38.370724549227845	0.000240910507252198	-179.99716182011863
38.72576449216169	0.00023578729884093247	-179.9972255934176
39.08408957924017	0.0002307886044597755	-179.9972877159564
39.44573020752781	0.00022591071229103828	-179.9973482406861
39.81071705534969	0.00022115005076198238	-179.99740721841087
40.17908108489396	0.0002165031818564781	-179.99746469788823
40.55085354483835	0.00021196679480479545	-179.997520725923
40.92606597300105	0.00020753770012582192	-179.9975753474548
41.304750199016105	0.00020321282399783286	-179.9976286056387
41.68693834703351	0.00019898920293559547	-179.9976805419203
42.07266283844438	0.00019486397875307347	-179.99773119610418
42.46195639463126	0.00019083439379234535	-179.99778060641665
42.85485203974392	0.000186897786400529	-179.9978288095618
43.251383103500835	0.0001830515866375552	-179.99787584077117
43.65158322401656	0.00017929331219853332	-179.99792173384662
44.0554863506553	0.00017562056453520564	-179.9979665211956
44.46312674691084	0.00017203102516158924	-179.99801023385788
44.87453899331318	0.0001685224521293421	-179.99805290152366
45.28975799036204	0.00016509267665864043	-179.9980945525398
45.708818961487474	0.00016173959991039514	-179.9981352139045
46.13175745603791	0.00015846118988542342	-179.99817491124568
46.55860935229586	0.0001552554784356756	-179.99821366878172
46.98941086052151	0.00015212055837171578	-179.99825150925855
47.42419852602443	0.00014905458064926847	-179.99828845385824
47.8630092322638	0.00014605575161561932	-179.99832452207073
48.30588020397723	0.00014312233029379083	-179.99835973151835
48.7528490103386	0.00014025262567842202	-179.99839409771855
49.20395356814506	0.00013744499401173216	-179.9984276337655
49.65923214503358	0.0001346978360002738	-179.99846034990316
50.118723362727195	0.0001320095939224968	-179.99849225295242
50.58246620031137	0.00012937874856219558	-179.99852334553836
51.0504999975406	0.00012680381588180446	-179.99855362504206
51.52286445817562	0.00012428334331936357	-179.9985830821662
51.99959965335157	0.00012181590554940322	-179.99861169895217
52.48074602497723	0.00011940009948405728	-179.998639446007
52.966344389165755	0.00011703453819537475	-179.99866627857122
53.45643593969714	0.00011471784329501019	-179.9986921308576
53.95106225151273	0.00011244863508310376	-179.9987169077571
54.450265284242086	0.0001102255194225475	-179.99874047244793
54.95408738576243	0.00010804706971685926	-179.99876262746926
55.462571295791044	0.0001059118014036276	-179.998783085079
55.97576014951099	0.0001038181347078807	-179.99880141948097
56.49369748123023	0.00010176433841563	-179.9988169872567
57.01642722807472	0.00009974844186159197	-179.9988287896849
57.543993733715666	0.0000977680914301993	-179.99883522358473
58.07644175213118	0.00009582030530302972	-179.99883360569976
58.61381645140285	0.0000939010301802783	-179.99881920409558
59.15616341754737	0.00009200428339507222	-179.99878310085737
59.70352865838366	0.00009012034307352103	-179.99870696802944
60.255958607435744	0.00008823147234814153	-179.998548444557
60.81350012787176	0.00008630010294231943	-179.99819163676318
61.37620051647939	0.00008422749895334512	-179.9972229708995
61.94410750767812	0.000081635469582289	-179.99321143006614
62.51726927756855	0.00007438740724798591	-179.91632525604996
63.0957344480193	0.00008599259298970202	-179.965097224881
63.67955209079155	0.00008112761297767851	-179.99380042490958
64.26877173170195	0.0000788439169761087	-179.99696173068014
64.86344335482381	0.00007701501813800058	-179.99793729407324
65.46361740672747	0.00007536353877283353	-179.99837467436666
66.06934480075958	0.0000738098157196633	-179.99861499938828
66.68067692136219	0.0000723220956778705	-179.9987655496853
67.29766562843174	0.00007088501976218592	-179.99886902042684
67.92036326171844	0.00006949009903029326	-179.99894522871125
68.54882264526613	0.00006813214344735282	-179.99900443451156
69.18309709189363	0.00006680771223273145	-179.99905240343224
69.82324040771712	0.00006551436564187585	-179.9990925893949
70.46930689671467	0.00006425027289684388	-179.99912717061449
71.12135136533288	0.00006301399294060658	-179.99915758013498
71.77942912713615	0.00006180434515219962	-179.99918479482
72.44359600749898	0.000060620329657410174	-179.9992095010379
73.11390834834172	0.000059461076324360296	-179.99923219384536
73.79042301291008	0.00005832581103877483	-179.99925323859523
74.47319739059888	0.000057213832759388204	-179.99927291044926
75.16228940182053	0.00005612449750684647	-179.99929142043766
75.85775750291836	0.00005505720693325285	-179.9993089330762
76.55966069112561	0.00005401139999084678	-179.9993255785398
77.26805850957021	0.0000529865467426391	-179.9993414612416
77.98301105232578	0.00005198214368219446	-179.99935666598648
78.70457896950977	0.0000509977101354464	-179.99937126245652
79.43282347242805	0.00005003278545081504	-179.99938530852813
80.16780633876782	0.000049086926772147974	-179.99939885275833
80.90958991783813	0.000048159707248487827	-179.99941193627112
81.65823713585914	0.00004725071457543202	-179.99942459420498
82.41381150130013	0.00004635954979122458	-179.9994368568351
83.176377110267	0.00004548582627074977	-179.99944875045213
83.94599865193965	0.000044629168874926754	-179.9994602980563
84.72274141405954	0.000043789213223380145	-179.9994715199104
85.50667128846823	0.000042965605065858304	-179.99948243398376
86.29785477669692	0.00004215799973349864	-179.99949305631145
87.09635899560797	0.000041366061655240785	-179.99950340128694
87.90225168308834	0.000040589463927863445	-179.9995134819019
88.71560120379598	0.0000398278879305345	-179.99952330994415
89.53647655495928	0.00003908102297661779	-179.99953289616198
90.36494737223005	0.00003834856599691451	-179.99954225040113
91.20108393559087	0.000037630221249633866	-179.9995513817199
92.04495717531702	0.000036925700053264784	-179.99956029848616
92.89663867799354	0.00003623472053921384	-179.99956900845947
93.75620069258792	0.00003555700742162568	-179.9995775188612
94.6237161365792	0.000034892291782242164	-179.99958583643416
95.4992586021435	0.0000342403108685128	-179.99959396749432
96.38290236239695	0.00003360080790345516	-179.99960191797481
97.2747223776964	0.00003297353190599837	-179.9996096934646
98.17479430199833	0.000032358237520733934	-179.99961729924166
99.08319448927665	0.00003175468485615525	-179.99962474030218
99.9999999999999	0.00003116263933059782	-179.99963202138602