0.01000000000000001	0.0238925474890688	-0.00573247162609106
0.010092528860766855	0.02389275747508057	-0.0057325290861031265
0.01018591388054118	0.023892971369591297	-0.005732587756578696
0.010280162981264745	0.02389318924543318	-0.00573264766563596
0.010375284158180138	0.023893411176781953	-0.005732708842141531
0.010471285480509006	0.02389363723924381	-0.005732771315739895
0.010568175092136596	0.023893867509813312	-0.0057328351168663885
0.01066596121230259	0.023894102066906328	-0.005732900276779496
0.010764652136298361	0.023894340990446787	-0.00573296682760004
0.010864256236170667	0.02389458436182053	-0.005733034802293563
0.010964781961431863	0.023894832263920664	-0.005733104234765849
0.011066237839776675	0.023895084781226	-0.005733175159831151
0.011168632477805623	0.023895341999784082	-0.005733247613272479
0.011271974561755117	0.023895604007239748	-0.005733321631869553
0.011376272858234322	0.023895870892884703	-0.005733397253430866
0.01148153621496884	0.02389614274768186	-0.005733474516817876
0.011587773561551273	0.023896419664302466	-0.0057335534620005305
0.011694993910198724	0.023896701737121374	-0.005733634130057015
0.01180320635651731	0.023896989062304017	-0.005733716563257857
0.011912420080273762	0.02389728173781839	-0.005733800805070925
0.012022644346174144	0.023897579863459553	-0.005733886900217922
0.012133888504649786	0.02389788354088245	-0.005733974894709974
0.012246161992650502	0.02389819287364732	-0.005734064835891819
0.01235947433444512	0.023898507967264823	-0.005734156772490221
0.012473835142429446	0.023898828929195794	-0.005734250754663118
0.012589254117941687	0.02389915586894218	-0.0057343468340400544
0.012705741052085433	0.023899488898050877	-0.005734445063789538
0.012823305826560232	0.02389982813014232	-0.005734545498653524
0.01294195841449987	0.023900173680964268	-0.005734648195010904
0.013061708881318424	0.02390052566844951	-0.005734753210947635
0.013182567385564082	0.023900884212732194	-0.00573486060628547
0.01330454417978092	0.023901249436205613	-0.0057349704426896166
0.013427649611378649	0.023901621463538532	-0.00573508278368762
0.01355189412351037	0.023902000421757916	-0.005735197694765473
0.013677288255958502	0.02390238644025281	-0.0057353152434346175
0.013803842646028859	0.02390277965085719	-0.005735435499298544
0.013931568029453043	0.02390318018786618	-0.0057355585341261565
0.01406047524129915	0.023903588188085807	-0.0057356844219506676
0.014190575216890933	0.02390400379089075	-0.005735813239125122
0.014321878992735446	0.023904427138324007	-0.0057359450644442825
0.014454397707459286	0.023904858375021782	-0.005736079979190087
0.014588142602753497	0.023905297648342035	-0.005736218067267352
0.014723125024327202	0.023905745108451792	-0.0057363594152879255
0.014859356422870082	0.023906200908318503	-0.005736504112658295
0.014996848355023748	0.02390666520375979	-0.005736652251705183
0.015135612484362095	0.02390713815356811	-0.00573680392778604
0.015275660582380739	0.023907619919469034	-0.005736959239396857
0.015417004529495607	0.02390811066625422	-0.0057371182882965995
0.015559656316050758	0.02390861056182295	-0.005737281179643683
0.01570362804333554	0.02390911977717794	-0.0057374480221145715
0.015848931924611148	0.02390963848661253	-0.005737618928052428
0.015995580286146702	0.023910166867656568	-0.005737794013616336
0.016143585568264878	0.023910705101172262	-0.005737973398917041
0.016292960326397238	0.023911253371441548	-0.005738157208193418
0.01644371723214933	0.02391181186619952	-0.005738345569966298
0.016595869074375623	0.023912380776751174	-0.005738538617217431
0.01674942876026439	0.023912960297950744	-0.0057387364875799134
0.016904409316432657	0.023913550628364293	-0.005738939323507247
0.017060823890031253	0.02391415197028663	-0.0057391472724922414
0.017218685749860088	0.023914764529820866	-0.005739360487263224
0.017378008287493772	0.0239153885169619	-0.005739579126019668
0.01753880501841763	0.02391602414563028	-0.005739803352635939
0.01770108958317423	0.023916671633822606	-0.005740033336921857
0.017864875748520526	0.02391733120366202	-0.005740269254869976
0.018030177408595707	0.02391800308140305	-0.005740511288909803
0.018197008586099853	0.023918687497598897	-0.005740759628196484
0.018365383433483484	0.02391938468718127	-0.0057410144689051075
0.018535316234148135	0.023920094889494682	-0.005741276014508554
0.018706821403658026	0.023920818348397252	-0.005741544476132443
0.018879913490962956	0.02392155531237008	-0.005741820072865147
0.019054607179632494	0.023922306034580836	-0.005742103032127424
0.019230917289101597	0.023923070773014084	-0.005742393590022235
0.019408858775927792	0.023923849790489296	-0.0057426919917495595
0.01958844673505991	0.023924643354833082	-0.00574299849199636
0.01976969640111862	0.023925451738922344	-0.005743313355377058
0.01995262314968881	0.023926275220819304	-0.005743636856873616
0.020137242498623895	0.02392711408383574	-0.005743969282332406
0.02032357010936223	0.023927968616647408	-0.005744310928948607
0.020511621788255666	0.023928839113446093	-0.0057446621057986764
0.020701413487910436	0.023929725873962623	-0.005745023134400287
0.02089296130854041	0.02393062920360262	-0.005745394349276992
0.02108628149933291	0.0239315494136156	-0.0057457760986136955
0.021281390459827135	0.023932486821135215	-0.005746168744862266
0.021478304741305354	0.02393344174930292	-0.005746572665461497
0.02167704104819696	0.023934414527421104	-0.005746988253545875
0.02187761623949554	0.023935405491052116	-0.005747415918702459
0.022080047330189013	0.023936414982142596	-0.00574785608777935
0.022284351492703053	0.02393744334913552	-0.005748309205755625
0.022490546058357826	0.0239384909471074	-0.005748775736593478
0.022698648518838235	0.02393955813792668	-0.005749256164240988
0.022908676527677748	0.02394064529031646	-0.005749750993596246
0.023120647901755963	0.023941752780063337	-0.0057502607515744954
0.023334580622810044	0.023942880990101573	-0.0057507859882364185
0.023550492838960112	0.023944030310676653	-0.00575132727798013
0.023768402866248782	0.023945201139505063	-0.005751885220774513
0.02398832919019492	0.023946393881871836	-0.005752460443506482
0.0242102904673618	0.023947608950840946	-0.005753053601386581
0.02443430552693974	0.02394884676736613	-0.005753665379441222
0.024660393372343412	0.02395010776044779	-0.005754296494080835
0.02488857318282393	0.023951392367315413	-0.0057549476948043025
0.025118864315095822	0.023952701033593708	-0.005755619765972109
0.025351286304979098	0.0239540342133857	-0.005756313528664532
0.02558585886905648	0.023955392369594194	-0.005757029842735179
0.025822601906345985	0.023956775973984882	-0.005757769608926362
0.026061535499988978	0.023958185507337616	-0.005758533771122994
0.026302679918953843	0.023959621459715183	-0.00575932331877086
0.026546055619755416	0.023961084330624	-0.00576013928945923
0.026791683248190343	0.0239625746291838	-0.0057609827716168256
0.027039583641088463	0.023964092874285282	-0.005761854907449156
0.027289777828080432	0.023965639594869716	-0.005762756896020466
0.02754228703338169	0.02396721533007959	-0.005763689996542818
0.02779713267759291	0.023968820629460177	-0.005764655531931926
0.02805433637951716	0.02397045605318266	-0.005765654892523815
0.028313919957993816	0.02397212217224729	-0.00576668954008731
0.028575905433749497	0.02397381956874579	-0.00576776101214354
0.028840315031266085	0.023975548836036864	-0.005768870926493835
0.02910717118066608	0.023977310578968652	-0.005770020986140514
0.029376496519615335	0.023979105414152352	-0.005771212984503573
0.029648313895243455	0.023980933970195017	-0.005772448811034331
0.02992264636608192	0.023982796887925054	-0.005773730457201199
0.030199517204020192	0.02398469482063991	-0.005775060022917154
0.03047894989627986	0.02398662843440499	-0.005776439723465414
0.03076096814740711	0.023988598408287126	-0.005777871896822178
0.031045595881283587	0.02399060543458086	-0.005779359011666138
0.03133285724315589	0.023992650219182687	-0.005780903675879317
0.031622776601683826	0.023994733481761853	-0.005782508645667778
0.03191537855100765	0.02399685595617538	-0.00578417683550334
0.03221068791283438	0.02399901839061277	-0.005785911328635678
0.03250872973854347	0.024001221548031377	-0.005787715388603651
0.03280952931131194	0.024003466206397022	-0.005789592471484198
0.03311311214825915	0.024005753158993417	-0.005791546239188021
0.03341950400261146	0.02400808321481365	-0.005793580573807288
0.03372873086588692	0.024010457198823772	-0.0057956995930710485
0.034040818970100126	0.024012875952333937	-0.005797907667061377
0.0343557947899875	0.02401534033335931	-0.005800209436339355
0.0346736850452532	0.02401785121692935	-0.005802609831484163
0.034994516702835765	0.0240204094955427	-0.005805114094352958
0.035318316979195734	0.024023016079461605	-0.005807727801029036
0.03564511334262446	0.02402567189718599	-0.005810456886827857
0.03597493351557427	0.02402837789572111	-0.005813307673352006
0.03630780547701017	0.0240311350411432	-0.00581628689798646
0.03664375746478335	0.024033944318912984	-0.005819401745908061
0.03698281797802665	0.024036806734349065	-0.005822659885012197
0.037325015779572084	0.024039723313063994	-0.005826069503905774
0.037670379898390914	0.024042695101439242	-0.005829639353404031
0.038018939632056145	0.024045723167067694	-0.0058333787918218504
0.0383707245492279	0.024048808599256802	-0.005837297834472337
0.038725764492161745	0.024051952509546583	-0.005841407207846122
0.03908408957924023	0.024055156032167076	-0.005845718408895378
0.03944573020752787	0.024058420324671724	-0.005850243770110555
0.039810717055349755	0.02406174656835984	-0.005854996530864046
0.04017908108489402	0.024065135968935166	-0.005859990915870364
0.040550853544838415	0.0240685897570855	-0.00586524222144619
0.040926065973001115	0.024072109189059915	-0.005870766910537029
0.041304750199016166	0.024075695547257137	-0.005876582717478979
0.04168693834703357	0.02407935014099057	-0.005882708763674708
0.04207266283844444	0.024083074307051356	-0.005889165685445055
0.04246195639463132	0.024086869410450608	-0.005895975775556638
0.042854852039743985	0.024090736845181558	-0.005903163140043282
0.04325138310350091	0.024094678034872478	-0.005910753872286209
0.04365158322401663	0.024098694433682163	-0.0059187762464816464
0.044055486350655364	0.02410278752706891	-0.005927260932921479
0.04446312674691091	0.02410695883259456	-0.005936241238048667
0.04487453899331325	0.024111209900931768	-0.0059457533723422315
0.04528975799036211	0.024115542316674947	-0.005955836749929406
0.04570881896148754	0.02411995769942309	-0.005966534324121071
0.04613175745603798	0.024124457704681097	-0.0059778929637757695
0.04655860935229591	0.02412904402506975	-0.00598996387633814
0.04698941086052156	0.02413371839138329	-0.00600280308401834
0.04742419852602448	0.02413848257377399	-0.006016471960895675
0.04786300923226385	0.024143338383103854	-0.006031037839827208
0.04830588020397728	0.024148287672121294	-0.006046574699593937
0.04875284901033865	0.02415333233707653	-0.006063163944561896
0.04920395356814511	0.024158474319079564	-0.006080895290957263
0.04965923214503363	0.024163715605829215	-0.006099867776785027
0.05011872336272725	0.02416905823320139	-0.006120190915012471
0.05058246620031143	0.02417450428722273	-0.006141986013533738
0.051050499997540646	0.024180055906009766	-0.0061653876895880946
0.05152286445817567	0.02418571528187207	-0.006190545611750767
0.05199959965335162	0.02419148466370429	-0.006217626508649127
0.052480746024977286	0.0241973663594323	-0.006246816491781054
0.05296634438916581	0.02420336273874703	-0.006278323748760906
0.05345643593969719	0.024209476236106767	-0.006312381675321308
0.05395106225151279	0.024215709354054375	-0.006349252528407151
0.05445026528424214	0.024222064666656697	-0.006389231700496881
0.05495408738576248	0.024228544823631917	-0.006432652737034163
0.0554625712957911	0.024235152554585075	-0.00647989324626143
0.05597576014951104	0.024241890673942567	-0.006531381884738221
0.05649369748123028	0.024248762086426894	-0.006587606644866631
0.05701642722807478	0.02425576979294595	-0.006649124724937845
0.05754399373371572	0.024262916897573462	-0.006716574331143505
0.05807644175213124	0.0242702066151249	-0.006790688848922509
0.05861381645140291	0.024277642279824835	-0.006872313933969322
0.05915616341754743	0.024285227355179004	-0.006962428218930272
0.05970352865838372	0.024292965445088424	-0.007062168520968962
0.06025595860743581	0.024300860306608305	-0.0071728606825104645
0.060813500127871824	0.024308915864549415	-0.0072960575020170485
0.061376200516479455	0.024317136228121594	-0.007433585641013472
0.06194410750767818	0.024325525710067478	-0.007587603964784518
0.06251726927756862	0.02433408884864309	-0.0077606765398009914
0.06309573444801936	0.02434283043269416	-0.007955864543336036
0.06367955209079162	0.024351755530397645	-0.008176842743209177
0.064268771731702	0.024360869521877763	-0.008428048122785458
0.06486344335482389	0.024370178135821395	-0.00871487086543163
0.06546361740672754	0.024379687490016226	-0.009043901567453199
0.06606934480075964	0.024389404135017397	-0.009423253638750411
0.06668067692136226	0.02439933509871308	-0.009862986972389957
0.06729766562843183	0.024409487927971946	-0.01037566895686974
0.0679203632617185	0.02441987071912731	-0.010977122926243603
0.0685488226452662	0.024430492122780877	-0.011687433728484567
0.0691830970918937	0.024441361296535895	-0.0125323071140249
0.06982324040771719	0.02445248775827992	-0.013544915947658203
0.07046930689671474	0.02446388105638017	-0.014768412382243098
0.07112135136533296	0.0244755501079822	-0.01625933677136573
0.07177942912713622	0.024487501942776737	-0.018092192642656973
0.07244359600749906	0.024499739390206006	-0.020365426285651043
0.0731139083483418	0.024512256907690936	-0.023208799821225725
0.07379042301291015	0.02452503319870373	-0.026791308661313212
0.07447319739059896	0.024538018490100243	-0.03132651868491578
0.07516228940182061	0.024551113609588504	-0.037066729650079504
0.07585775750291844	0.02456413868957965	-0.04426583083681548
0.07655966069112569	0.02457679574360048	-0.053071378262461444
0.07726805850957029	0.024588650914344118	-0.06329120810652626
0.07798301105232593	0.024599206134500867	-0.07402789068855135
0.07870457896950993	0.02460815682096673	-0.08340382092315701
0.07943282347242822	0.024615794313185644	-0.08894906289005065
0.08016780633876798	0.02462315912434273	-0.08895654080192615
0.0809095899178383	0.02463155280045529	-0.08373420346782576
0.0816582371358593	0.024641800121239094	-0.07527157213194469
0.0824138115013003	0.02465401044908811	-0.06580033160525713
0.08317637711026717	0.024667857238466054	-0.05681664618917695
0.08394599865193982	0.024682917411457207	-0.048989028942929176
0.08472274141405972	0.02469884229096323	-0.042455765170382506
0.08550667128846841	0.024715393179650793	-0.037108879017396075
0.0862978547766971	0.024732422366304713	-0.03276121618284215
0.08709635899560814	0.024749844671690484	-0.02922303770652025
0.08790225168308852	0.024767614452304885	-0.026329699382336733
0.08871560120379617	0.024785710045673322	-0.023947391369828014
0.08953647655495947	0.024804124018373425	-0.021970547707086514
0.09036494737223023	0.024822857265750196	-0.020316914519929577
0.09120108393559107	0.024841915503604556	-0.01892261238219769
0.09204495717531722	0.024861307200733315	-0.01773794303933468
0.09289663867799372	0.024881042369330295	-0.016724061624378613
0.09375620069258811	0.02490113186354552	-0.015850417491092013
0.09462371613657934	0.024921586978726557	-0.01509281407004561
0.09549925860214364	0.024942419229468056	-0.014431945615754876
0.0963829023623971	0.024963640232667277	-0.013852293636599207
0.09727472237769656	0.024985261653170516	-0.013341292077607229
0.09817479430199849	0.025007295185556267	-0.012888692759839409
0.09908319448927681	0.025029752556876634	-0.012486080205504931
0.10000000000000005	0.025052645540863616	-0.012126498286962783
0.10092528860766849	0.02507598597838571	-0.011804160992020148
0.10185913880541175	0.025099785800493577	-0.011514226826400832
0.10280162981264741	0.02512405705260454	-0.011252621659673195
0.10375284158180131	0.02514881191849076	-0.011015898686416137
0.10471285480509002	0.02517406274357596	-0.010801127009207425
0.1056817509213659	0.025199822057510424	-0.010605802437307976
0.10665961212302584	0.025226102595568692	-0.010427775638912735
0.10764652136298355	0.02525291731929399	-0.010265193934086451
0.10864256236170661	0.02528027943622025	-0.010116453874971312
0.10964781961431856	0.0253082024189137	-0.009980162407162962
0.1106623783977667	0.025336700023390477	-0.009855104896153113
0.11168632477805618	0.02536578630713553	-0.00974021867623136
0.1127197456175511	0.025395475646638403	-0.009634571065202938
0.11376272858234315	0.025425782754806604	-0.009537341009009617
0.11481536214968835	0.025456722698288928	-0.009447803691296568
0.11587773561551268	0.025488310914639236	-0.00936531757609118
0.11694993910198717	0.02552056322965815	-0.009289313456395826
0.11803206356517304	0.02555349587485232	-0.009219285163729688
0.11912420080273756	0.025587125505092845	-0.009154781658698027
0.12022644346174137	0.02562146921667536	-0.009095400274706737
0.1213388850464978	0.02565654456555138	-0.009040780928106382
0.12246161992650495	0.025692369586296875	-0.008990601141661284
0.12359474334445113	0.02572896281131702	-0.008944571754741785
0.12473835142429439	0.025766343290793244	-0.008902433215671402
0.1258925411794168	0.02580453061313685	-0.008863952369166608
0.12705741052085426	0.025843544926184125	-0.00882891966633726
0.12823305826560225	0.02588340695924038	-0.00879714673657376
0.1294195841449987	0.025924138045754285	-0.00876846427034146
0.13061708881318423	0.025965760146922066	-0.008742720169976346
0.1318256738556408	0.026008295876391908	-0.008719777932386765
0.13304544179780922	0.02605176852565613	-0.008699515232827325
0.13427649611378642	0.026096202090833198	-0.008681822683937995
0.13551894123510363	0.02614162130035733	-0.008666602747769554
0.13677288255958495	0.026188051643985258	-0.008653768782055806
0.13803842646028852	0.02623551940306569	-0.00864324420457256
0.13931568029453034	0.026284051682174025	-0.008634961761885832
0.14060475241299142	0.026333676442187887	-0.008628862890678218
0.14190575216890927	0.026384422534874916	-0.008624897161613592
0.1432187899273544	0.026436319739219633	-0.008623021797086823
0.1445439770745928	0.026489398799287998	-0.00862320125548664
0.1458814260275349	0.026543691464192967	-0.00862540687568258
0.14723125024327194	0.026599230529674972	-0.008629616576323527
0.14859356422870074	0.026656049882091522	-0.008635814605460534
0.1499684835502374	0.0267141845442947	-0.008643991336534639
0.15135612484362088	0.026773670724098697	-0.008654143107707771
0.15275660582380732	0.026834545864998414	-0.008666272101632467
0.154170045294956	0.026896848699646023	-0.008680386263768877
0.1555965631605075	0.026960619306049843	-0.008696499257364581
0.15703628043335532	0.027025899166808955	-0.008714630453992449
0.15848931924611143	0.02709273123138948	-0.00873480495860407
0.15995580286146696	0.02716115998186183	-0.008757053668714977
0.1614358556826487	0.02723123150212169	-0.008781413367509358
0.1629296032639723	0.027302993551042074	-0.008807926851019426
0.16443717232149324	0.027376495639447232	-0.008836643089880157
0.16595869074375613	0.027451789111684995	-0.00886761742653428
0.16749428760264382	0.027528927231585405	-0.008900911808977806
0.1690440931643265	0.0276079652734864	-0.008936595062590305
0.17060823890031243	0.027688960618423394	-0.008974743201893922
0.17218685749860077	0.027771972855919983	-0.009015439784411484
0.17378008287493762	0.027857063891979443	-0.009058776309350865
0.1753880501841762	0.02794429806322465	-0.009104852663969976
0.1770108958317422	0.02803374225811698	-0.009153777621270719
0.17864875748520517	0.028125466045520617	-0.009205669392913991
0.180301774085957	0.028219541811087878	-0.00926065624184638
0.18197008586099844	0.028316044902332037	-0.00931887715983307
0.18365383433483473	0.028415053782585655	-0.009380482615567195
0.18535316234148125	0.02851665019496454	-0.009445635379933913
0.18706821403658017	0.028620919336749547	-0.009514511435644349
0.18879913490962946	0.02872795004517298	-0.009587300979520713
0.19054607179632482	0.02883783499551431	-0.009664209526702489
0.19230917289101596	0.028950670912217556	-0.00974545912698495
0.19408858775927793	0.029066558794428023	-0.009831289705191327
0.19588446735059908	0.029185604156783805	-0.009921960538520513
0.1976969640111862	0.029307917286890053	-0.01001775188570479
0.19952623149688808	0.02943361352089532	-0.010118966784727712
0.20137242498623895	0.029562813538316888	-0.01022593303766475
0.2032357010936223	0.029695643678280884	-0.010339005404076096
0.20511621788255666	0.02983223627857071	-0.010458568026718471
0.20701413487910436	0.029972730039641148	-0.010585037116843216
0.2089296130854041	0.030117270415784894	-0.010718863929617966
0.2108628149933291	0.030266010035828083	-0.010860538064752656
0.21281390459827135	0.0304191091559861	-0.011010591131720815
0.21478304741305343	0.030576736148027212	-0.01116960082486852
0.21677041048196952	0.030739068025611188	-0.01133819545965872
0.2187761623949553	0.030906291012858977	-0.011517059028867923
0.22080047330189004	0.03107860115887282	-0.011706936845863103
0.22284351492703042	0.031256205002740386	-0.011908641851895467
0.22490546058357816	0.03143932029410514	-0.012123061675919368
0.22698648518838224	0.03162817677457619	-0.012351166548446363
0.22908676527677735	0.03182301702659096	-0.012594018186853448
0.23120647901755953	0.03202409739611524	-0.012852779787482982
0.23334580622810033	0.03223168899760333	-0.01312872728132972
0.23550492838960102	0.0324460788092839	-0.013423262035367705
0.23768402866248772	0.03266757086920705	-0.013737925211056861
0.2398832919019491	0.03289648758260922	-0.014074414026850912
0.2421029046736179	0.03313317115358611	-0.01443460021316553
0.24434305526939726	0.03337798515502244	-0.014820550997816127
0.246603933723434	0.033631316252952376	-0.015234553019315002
0.24888573182823917	0.03389357610352777	-0.01567913963601831
0.25118864315095807	0.03416520344397202	-0.016157122184919596
0.2535128630497908	0.034446666401053136	-0.01667162584617891
0.25585858869056466	0.034738465044553454	-0.017226130894039415
0.2582260190634597	0.03504113421753421	-0.01782452026635653
0.26061535499988964	0.03535524667984108	-0.018471134569085258
0.2630267991895383	0.0356814166063792	-0.019170835858156657
0.26546055619755404	0.03602030349042145	-0.019929081820251493
0.2679168324819033	0.036372616507406585	-0.020752012317221402
0.2703958364108845	0.03673911940727994	-0.021646550688328103
0.2728977782808042	0.037120636012952075	-0.02262052273897822
0.27542287033381674	0.0375180564179149	-0.023682797019272082
0.277971326775929	0.03793234399185561	-0.024843450847392225
0.2805433637951715	0.03836454332576246	-0.026113967621684945
0.28313919957993805	0.038815789271382836	-0.027507472360521493
0.2857590543374948	0.03928731726505682	-0.029039014220905834
0.2884031503126607	0.0397804751627552	-0.03072590711063681
0.29107171180666064	0.040296736865974125	-0.03258814263563883
0.2937649651961532	0.04083771808204338	-0.03464889379825514
0.2964831389524344	0.04140519464641421	-0.03693513351236165
0.29922646366081906	0.04200112394347462	-0.03947839975601017
0.30199517204020176	0.04262767010913644	-0.042315750006808185
0.30478949896279844	0.043287233898781106	-0.04549096299986931
0.307609681474071	0.043982488377028194	-0.04905606821659216
0.3104559588128357	0.044716421983525365	-0.053073316850210474
0.3133285724315587	0.045492391106442674	-0.05761775912307588
0.3162277660168381	0.04631418517870315	-0.06278067393454004
0.31915378551007634	0.04718610871997584	-0.06867423058333591
0.3221068791283436	0.04811308708736683	-0.07543799310003785
0.32508729738543457	0.04910080684344151	-0.08324829738997884
0.3280952931131192	0.050155909442472335	-0.09233234233464806
0.3311311214825913	0.051286272741256966	-0.10299051850951967
0.33419504002611444	0.05250144974207379	-0.11563429423579702
0.3372873086588691	0.05381341923731832	-0.13085645156913897
0.34040818970100106	0.05523803849708736	-0.1495772461098193
0.34355794789987465	0.056798348705863894	-0.17339905177808682
0.34673685045253166	0.05853392522224709	-0.2056717397661517
0.3499451670283573	0.060537279909769974	-0.2559381730974341
0.353183169791957	0.06320901071736225	-0.37515327640082746
0.35645113342624424	0.04221561498736991	-48.919381654676805
0.3597493351557423	0.06473895268005567	-0.17588774440362676
0.36307805477010135	0.0680522786016741	-0.27603902979546574
0.36643757464783333	0.07121490689045494	-0.36187783987347055
0.3698281797802663	0.07464789481170647	-0.4579450491553045
0.3732501577957206	0.07851683442554967	-0.5766836447123086
0.37670379898390893	0.08297606711049185	-0.73118035914446
0.38018939632056126	0.08822239004251857	-0.9399448606280661
0.38370724549227886	0.09453864190644239	-1.2324063125793525
0.3872576449216173	0.1023620794489373	-1.65898405827883
0.3908408957924021	0.1124175772994732	-2.313248479285285
0.39445730207527846	0.12600183785439234	-3.401637131378828
0.3981071705534973	0.1455053241088539	-5.215334711337558
0.40179081084894	0.17699521385585912	-8.937748638550929
0.40550853544838394	0.23452335202703922	-17.888290793185195
0.40926065973001097	0.3327981906159375	-45.112002874584704
0.41304750199016144	0.25255639033626476	-96.36250108752539
0.4168693834703355	0.11126762834369272	-111.11225806792565
0.4207266283844442	0.05241648423757742	-94.25503929612866
0.424619563946313	0.041887556358387	-52.17822872324615
0.4285485203974396	0.05457526083325477	-26.710987278313358
0.43251383103500884	0.07197401890369239	-16.375322183354886
0.4365158322401661	0.09098599880170187	-11.594195845285423
0.44055486350655343	0.11246964666942781	-9.087454342005165
0.4446312674691088	0.13844321404800047	-7.708466501162223
0.4487453899331323	0.1723175247748791	-7.010673227334715
0.4528975799036209	0.22052380372461047	-6.844807066227085
0.4570881896148752	0.2974055510740301	-7.279606220277537
0.46131757456037953	0.44369214416711283	-8.796183867601295
0.4655860935229591	0.8388654171403405	-13.820908042395887
0.4698941086052156	3.778238407229134	-65.12225597056165
0.4742419852602448	1.0618958008623078	-166.31634884716954
0.47863009232263853	0.5151305223988527	-174.856245697489
0.48305880203977286	0.33777871095912093	-177.0749344071414
0.4875284901033865	0.25106940720447773	-178.09597858467507
0.4920395356814511	0.1995346519897745	-178.6657533005856
0.49659232145033627	0.16531209965137375	-179.01991489094374
0.5011872336272725	0.14089079060259507	-179.25611464697369
0.5058246620031143	0.12256083578387712	-179.42176791670755
0.5105049999754064	0.10827823719984031	-179.54248085804088
0.5152286445817567	0.09682365084788778	-179.6331878936947
0.5199959965335162	0.08742421016777738	-179.70312574509055
0.5248074602497729	0.07956602075966375	-179.75827972518954
0.5296634438916581	0.07289385359596456	-179.802679248955
0.5345643593969719	0.0671541186223551	-179.839124638064
0.5395106225151278	0.06216078207030509	-179.86961274901137
0.5445026528424215	0.05777412291769161	-179.89559188628797
0.5495408738576248	0.053887005985701036	-179.91811083798967
0.5546257129579107	0.05041572630466457	-179.93789106923893
0.5597576014951101	0.04729372498619858	-179.9553264445071
0.5649369748123025	0.04446716201841327	-179.9703913677464
0.5701642722807475	0.04189173033624833	-179.98241143953777
0.5754399373371569	0.0395303502083088	-179.98962926141218
0.580764417521312	0.03735156511609548	-179.9885319719319
0.5861381645140288	0.035328555165001704	-179.97313021832517
0.591561634175474	0.03343849294568243	-179.93489782698114
0.5970352865838369	0.0316611784513546	-179.8642288161056
0.6025595860743578	0.029975051994476438	-179.75179283762645
0.6081350012787179	0.028349677040561308	-179.58263182193298
0.6137620051647943	0.026734684306105528	-179.31100728138554
0.6194410750767815	0.025037607674093316	-178.77899179131873
0.6251726927756859	0.023071302702792777	-177.3180180325528
0.6309573444801934	0.021002863768509517	-170.84596275348085
0.6367955209079159	0.02425848977101687	-166.09837682784533
0.6426877173170198	0.02565466725016107	-165.3243780656238
0.6486344335482385	0.026189511001872227	-175.59159032958647
0.654636174067275	0.023579997784628492	-178.77942400097723
0.6606934480075961	0.02290794400131084	-178.68318394782884
0.6668067692136223	0.02136280214727043	-179.3760724687224
0.6729766562843178	0.0202911769568572	-179.60114940079035
0.6792036326171846	0.019376443063932845	-179.72206773496688
0.6854882264526617	0.018557750878254488	-179.79622246149455
0.6918309709189366	0.01780855038749468	-179.84411779911642
0.6982324040771715	0.017114107328174245	-179.87547889510745
0.7046930689671471	0.016465052033211455	-179.89589460371576
0.7112135136533292	0.01585482680185567	-179.908969119257
0.7177942912713619	0.015278522823705471	-179.91712843507833
0.7244359600749902	0.0147322956338731	-179.92200699055556
0.7311390834834176	0.014213039545269994	-179.9246910553962
0.7379042301291011	0.01371818700657633	-179.9258921806095
0.7447319739059892	0.01324557488173662	-179.9260712226014
0.7516228940182057	0.012793350781790273	-179.9255240871561
0.758577575029184	0.012359905461906696	-179.9244390663657
0.7655966069112565	0.011943823039234212	-179.9229342715406
0.7726805850957026	0.011543843716885499	-179.92108170650565
0.7798301105232589	0.01115883541571414	-179.9189226105483
0.7870457896950989	0.010787771819498101	-179.91647717345498
0.7943282347242817	0.010429715082319938	-179.91375063411118
0.8016780633876793	0.010083801956732126	-179.9107370391777
0.8090958991783825	0.009749232451321447	-179.90742144774956
0.8165823713585927	0.009425260343108723	-179.90378087909397
0.8241381150130026	0.009111186263139389	-179.8997911040637
0.8317637711026713	0.00880634623504463	-179.89540209922131
0.8394599865193977	0.008510113230155611	-179.89057882153273
0.8472274141405968	0.008221884761411955	-179.88526488084216
0.8550667128846836	0.007941080549179193	-179.8793959208804
0.8629785477669706	0.007667137067489344	-179.87289557874956
0.870963589956081	0.0073995026132537165	-179.86567294407882
0.8790225168308847	0.007137632341601259	-179.85761935519994
0.8871560120379608	0.006880983116503777	-179.8486042636579
0.8953647655495938	0.006629008022584219	-179.83846986049713
0.9036494737223014	0.006381150363552671	-179.82702404041595
0.9120108393559097	0.0061368369402822415	-179.81403110276048
0.9204495717531712	0.005895470354777886	-179.79919932527267
0.9289663867799363	0.005656420020976732	-179.7821641497606
0.9375620069258802	0.005419011472667867	-179.76246510874296
0.946237161365793	0.005182513433184057	-179.73951366367302
0.9549925860214359	0.004946121936367255	-179.71254758412903
0.9638290236239705	0.004708940542111147	-179.6805649540229
0.9727472237769651	0.004469955339967731	-179.64222657050678
0.9817479430199844	0.004228002931216006	-179.59570791821056
0.9908319448927676	0.003981728846071288	-179.5384680863067
1.	0.00372953276710801	-179.46687672288456
1.0092528860766845	0.0034694952986027315	-179.37558759334848
1.0185913880541169	0.0031992785329008106	-179.25643589508272
1.0280162981264735	0.0029159888188907863	-179.0963827597765
1.0375284158180127	0.0026159841599585785	-178.87339990104866
1.0471285480508996	0.002294599536222839	-178.54743828756037
1.0568175092136585	0.001945750867021838	-178.03801919666307
1.066596121230258	0.0015613704172858802	-177.1580528563848
1.076465213629835	0.0011307038732961683	-175.3574782021401
1.0864256236170655	0.0006406763068206973	-170.0756901758959
1.096478196143185	0.00014474962518949908	-109.36652546168374
1.1066237839776665	0.0006813009548812419	-14.81028946689592
1.1168632477805611	0.0015648648905431245	-8.488247908632374
1.1271974561755105	0.002739851944626185	-6.764514077761621
1.1376272858234309	0.004396349217549876	-6.331446998845034
1.1481536214968828	0.00694996488373679	-6.707465455076162
1.1587773561551262	0.011474391152354447	-8.146738634483665
1.1694993910198712	0.0217048616828833	-12.221364972362407
1.1803206356517297	0.05901898816483604	-24.4575762212121
1.191242008027375	0.057503732975299114	-169.378366998215
1.2022644346174132	0.025810784635406977	-173.6494256252353
1.2133888504649775	0.017418713078701253	-175.97205845028662
1.224616199265049	0.013507334662167745	-177.12516765549768
1.2359474334445106	0.011229509429576765	-177.78705286700307
1.2473835142429432	0.009725800823787779	-178.20445984804138
1.2589254117941675	0.008649121396713358	-178.48391772791786
1.270574105208542	0.007832728739080908	-178.67793304360416
1.2823305826560218	0.007186568222091933	-178.81486626708167
1.2941958414499863	0.006657669642975915	-178.9109494547275
1.3061708881318417	0.006212744675344656	-178.9756708279228
1.3182567385564075	0.0058296987653142455	-179.01434248859022
1.3304544179780915	0.00549313079499258	-179.02929830109053
1.3427649611378643	0.0051917634904759214	-179.0202807190949
1.3551894123510364	0.004916854200333978	-178.98415262856633
1.3677288255958495	0.00466109470828637	-178.91373572938144
1.3803842646028852	0.004417692183252924	-178.79504922963136
1.3931568029453034	0.004179348384381511	-178.60093912592745
1.4060475241299142	0.003936702559126412	-178.275210801504
1.4190575216890926	0.0036752633634801767	-177.68732467472532
1.432187899273544	0.0033681814713425904	-176.47376309163613
1.4454397707459279	0.0029579732423338796	-173.27742588374232
1.4588142602753489	0.0023646168186477897	-159.76725293717453
1.4723125024327193	0.004108144496306649	-116.55272910229702
1.4859356422870074	0.006467058554199791	-163.94390896996475
1.499684835502374	0.004982319500277687	-176.08289055600292
1.5135612484362087	0.004358195497442654	-178.4457997786749
1.5275660582380732	0.004007480171755623	-179.22651079678633
1.54170045294956	0.003766999583683581	-179.56253697927627
1.555965631605075	0.00358218994673437	-179.73135994910473
1.5703628043335531	0.0034300049584670917	-179.8252466809187
1.584893192461114	0.003299037266364666	-179.8813514298061
1.5995580286146696	0.00318296572639769	-179.91672494867333
1.6143585568264869	0.0030779782468238082	-179.93997387290878
1.629296032639723	0.0029816188946816652	-179.95576950673575
1.6443717232149324	0.0028922191398106406	-179.9667964188641
1.6595869074375613	0.0028085948216299075	-179.97467040970784
1.6749428760264382	0.002729874315614324	-179.98040182712884
1.690440931643265	0.002655395938095464	-179.98464299332142
1.7060823890031243	0.002584643966024086	-179.9878267133118
1.7218685749860079	0.002517207221930588	-179.99024696921725
1.7378008287493762	0.002452751383858078	-179.99210757096
1.753880501841762	0.00239099993874809	-179.99355237303104
1.770108958317422	0.002331720747902339	-179.99468453716784
1.7864875748520517	0.00227471635623251	-179.99557909766477
1.803017740859568	0.0022198168600718726	-179.99629132729314
1.8197008586099825	0.002166874561970592	-179.99686241022144
1.8365383433483455	0.002115759898375611	-179.9973233527551
1.8535316234148105	0.0020663582903566948	-179.99769771979808
1.8706821403657996	0.0020185676747174024	-179.9980035757779
1.8879913490962925	0.001972296544193038	-179.99825487845723
1.9054607179632463	0.0019274623738506516	-179.9984624912721
1.9230917289101574	0.0018839903442182772	-179.99863492631118
1.9408858775927773	0.0018418122950954866	-179.99877889487888
1.958844673505989	0.001800865860666244	-179.99889971912194
1.97696964011186	0.0017610937485531147	-179.99900164233287
1.9952623149688788	0.0017224431342349844	-179.99908806467525
2.0137242498623875	0.0016848651487376756	-179.99916172354136
2.032357010936221	0.001648314442359722	-179.99922483247414
2.0511621788255647	0.0016127488108552321	-179.9992791888441
2.0701413487910414	0.0015781288732912456	-179.99932625780121
2.0892961308540388	0.0015444177929468225	-179.9993672380906
2.108628149933289	0.0015115810342882187	-179.99940311391907
2.1281390459827114	0.0014795861503626446	-179.99943469602937
2.147830474130533	0.0014484025959829432	-179.99946265437794
2.167704104819694	0.001418001562894154	-179.9994875442471
2.1877616239495516	0.0013883558337684512	-179.99950982719628
2.208004733018899	0.0013594396524025014	-179.99952988793888
2.228435149270303	0.001331228607918993	-179.99954804798725
2.2490546058357803	0.0013036995311229353	-179.99956457672377
2.2698648518838214	0.0012768304014481784	-179.9995797004137
2.2908676527677723	0.0012506002631678624	-179.99959360956552
2.312064790175594	0.0012249891497344689	-179.99960646496058
2.333458062281002	0.0011999780152795398	-179.99961840260602
2.355049283896009	0.0011755486724399616	-179.99962953781565
2.376840286624876	0.0011516837357894508	-179.99963996857977
2.39883291901949	0.0011283665702522538	-179.9996497783561
2.4210290467361775	0.0011055812439573836	-179.99965903838597
2.4434305526939712	0.0010833124850601688	-179.99966780962112
2.4660393372343385	0.0010615456421186615	-179.99967614433038
2.48885731828239	0.0010402666476614728	-179.99968408744192
2.5118864315095797	0.001019461984629043	-179.99969167766676
2.535128630497907	0.0009991186554065671	-179.99969894844153
2.5585858869056453	0.0009792241531995957	-179.99970592872037
2.582260190634596	0.0009597664355326089	-179.9997126436417
2.6061535499988953	0.000940733899673716	-179.9997191150905
2.6302679918953813	0.0009221153598112672	-179.9997253621732
2.654605561975539	0.0009039000258266898	-179.99973140161958
2.6791683248190314	0.0008860774835237898	-179.99973724812295
2.703958364108843	0.0008686376761897904	-179.99974291462917
2.7289777828080406	0.0008515708873758132	-179.99974841258205
2.7542287033381663	0.0008348677247955347	-179.99975375213216
2.7797132677592886	0.0008185191052513362	-179.9997589423149
2.805433637951713	0.0008025162405052327	-179.99976399120214
2.831391995799379	0.0007868506240206541	-179.99976890603205
2.8575905433749464	0.0007715140185069624	-179.99977369331995
2.8840315031266055	0.0007564984442060946	-179.99977835895336
2.910717118066605	0.000741796167865426	-179.99978290827343
2.9376496519615305	0.0007273996923458533	-179.9997873461447
2.9648313895243423	0.0007133017468195497	-179.99979167701537
2.992264636608189	0.0006994952775144453	-179.99979590496892
3.019951720402016	0.0006859734389673955	-179.99980003376854
3.047894989627983	0.0006727295857504796	-179.99980406689556
3.076096814740708	0.0006597572646379028	-179.99980800758277
3.1045595881283554	0.0006470502071840722	-179.9998118588428
3.1332857243155856	0.000634602322685175	-179.99981562349308
3.162277660168379	0.0006224076914993811	-179.9998193041773
3.1915378551007616	0.0006104605587022268	-179.99982290338406
3.2210687912834346	0.0005987553280561674	-179.99982642346308
3.250872973854344	0.0005872865562740904	-179.99982986663917
3.2809529311311905	0.0005760489475589217	-179.99983323502482
3.311311214825911	0.0005650373484022815	-179.99983653063055
3.3419504002611427	0.0005542467426265722	-179.99983975537452
3.372873086588689	0.0005436722466559814	-179.99984291109058
3.404081897010009	0.0005333091050029531	-179.9998459995357
3.4355794789987466	0.0005231526859576674	-179.99984902239598
3.4673685045253166	0.0005131984774687626	-179.9998519812925
3.499451670283573	0.0005034420832046648	-179.999854877786
3.53183169791957	0.0004938792187853106	-179.99985771338143
3.5645113342624426	0.0004845057081748557	-179.99986048953173
3.5974933515574232	0.0004753174802266992	-179.99986320764114
3.630780547701014	0.000466310565372548	-179.9998658690684
3.664375746478333	0.0004574810924478544	-179.99986847512946
3.6982817978026628	0.00044882528564655304	-179.99987102709989
3.732501577957206	0.0004403394615982163	-179.99987352621704
3.767037989839089	0.0004320200265616099	-179.9998759736822
3.801893963205613	0.00042386347372843665	-179.9998783706621
3.8370724549227884	0.0004158663806320166	-179.9998807182908
3.8725764492161727	0.0004080254066555381	-179.99988301767112
3.908408957924021	0.000400337290635085	-179.99988526987593
3.944573020752785	0.0003927988485527866	-179.99988747594938
3.981071705534973	0.00038540697131585796	-179.9998896369082
4.0179081084894	0.0003781586226173951	-179.99989175374256
4.055085354483839	0.00037105083687509987	-179.99989382741722
4.09260659730011	0.0003640807172443702	-179.9998958588724
4.130475019901614	0.0003572454337023187	-179.9998978490245
4.168693834703355	0.0003505422211994752	-179.99989979876716
4.207266283844442	0.00034396837787617967	-179.9999017089717
4.24619563946313	0.00033752126334081	-179.99990358048808
4.285485203974396	0.00033119829700703853	-179.9999054141455
4.325138310350088	0.0003249969564876531	-179.99990721075292
4.365158322401661	0.0003189147760424401	-179.9999089710998
4.405548635065534	0.000312949345077877	-179.99991069595666
4.446312674691089	0.0003070983066963796	-179.9999123860755
4.487453899331323	0.000301359356293116	-179.99991404219043
4.528975799036209	0.00029573024019835965	-179.99991566501816
4.570881896148752	0.00029020875436354783	-179.99991725525842
4.613175745603791	0.00028479274308924543	-179.99991881359455
4.655860935229586	0.00027948009779338	-179.99992034069373
4.698941086052151	0.00027426875581808497	-179.9999218372076
4.742419852602444	0.00026915669927367195	-179.9999233037726
4.7863009232263805	0.00026414195391826964	-179.9999247410103
4.830588020397723	0.00025922258807174644	-179.99992614952788
4.875284901033861	0.0002543967115626069	-179.99992752991852
4.920395356814506	0.00024966247470660936	-179.9999288827616
4.965923214503357	0.0002450180673159064	-179.9999302086232
5.01187233627272	0.00024046171773757746	-179.99993150805636
5.058246620031137	0.00023599169192045264	-179.99993278160144
5.105049999754059	0.0002316062925092143	-179.99993402978646
5.152286445817562	0.00022730385796475592	-179.99993525312735
5.1999599653351565	0.0002230827617098798	-179.99993645212817
5.248074602497723	0.00021894141129940147	-179.99993762728164
5.296634438916575	0.00021487824761382465	-179.99993877906925
5.345643593969713	0.00021089174407573776	-179.99993990796145
5.395106225151273	0.00020698040588814555	-179.99994101441817
5.445026528424209	0.00020314276929398462	-179.99994209888882
5.495408738576242	0.0001993774008560838	-179.99994316181275
5.5462571295791046	0.00019568289675690062	-179.99994420361932
5.597576014951099	0.000192057882117323	-179.99994522472824
5.649369748123022	0.00018850101033394108	-179.99994622554982
5.701642722807472	0.00018501096243416252	-179.99994720648505
5.754399373371567	0.00018158644644856108	-179.99994816792602
5.807644175213118	0.0001782261967999298	-179.99994911025593
5.861381645140285	0.00017492897370847957	-179.99995003384953
5.9156163417547365	0.00017169356261265262	-179.99995093907307
5.9703528658383656	0.0001685187736050773	-179.99995182628464
6.025595860743575	0.00016540344088316432	-179.9999526958344
6.081350012787176	0.0001623464222138848	-179.99995354806458
6.137620051647939	0.00015934659841229776	-179.9999543833099
6.194410750767812	0.00015640287283339086	-179.99995520189754
6.251726927756856	0.00015351417087682584	-179.99995600414744
6.30957344480193	0.00015067943950419343	-179.99995679037238
6.367955209079155	0.00014789764676839917	-179.99995756087824
6.426877173170194	0.00014516778135481345	-179.9999583159641
6.486344335482381	0.0001424888521338331	-179.99995905592235
6.546361740672747	0.0001398598877245101	-179.99995978103888
6.6069344800759575	0.00013727993606892758	-179.99996049159327
6.668067692136219	0.0001347480640170045	-179.9999611878589
6.729766562843175	0.000132263356921417	-179.99996187010302
6.792036326171843	0.00012982491824235713	-179.999962538587
6.854882264526613	0.00012743186916183247	-179.99996319356634
6.918309709189362	0.00012508334820723825	-179.99996383529097
6.9823240407717115	0.0001227785108839434	-179.99996446400516
7.046930689671467	0.00012051652931662255	-179.99996507994774
7.112135136533288	0.00011829659189910095	-179.99996568335231
7.177942912713615	0.00011611790295246752	-179.99996627444722
7.244359600749899	0.0001139796823912284	-179.99996685345567
7.311390834834173	0.00011188116539727565	-179.999967420596
7.379042301291007	0.00010982160210146304	-179.9999679760815
7.447319739059888	0.00010780025727257487	-179.99996852012086
7.516228940182053	0.00010581641001348968	-179.99996905291795
7.585775750291836	0.00010386935346434679	-179.99996957467215
7.655966069112561	0.00010195839451252153	-179.9999700855783
7.726805850957022	0.00010008285350923579	-179.99997058582684
7.798301105232586	0.0000982420639926185	-179.99997107560392
7.870457896950985	0.00009643537241705699	-179.99997155509152
7.943282347242813	0.00009466213788865992	-179.99997202446738
8.01678063387679	0.00009292173190668523	-179.99997248390525
8.090958991783822	0.00009121353811077119	-179.99997293357487
8.165823713585922	0.00008953695203382103	-179.99997337364218
8.241381150130021	0.00008789138086039592	-179.9999738042691
8.317637711026709	0.0000862762431904791	-179.999974225614
8.394599865193973	0.00008469096880846847	-179.99997463783154
8.472274141405963	0.00008313499845726738	-179.99997504107264
8.550667128846833	0.00008160778361734821	-179.9999754354848
8.629785477669701	0.00008010878629065925	-179.99997582121202
8.709635899560805	0.00007863747878925652	-179.99997619839488
8.790225168308842	0.00007719334352854172	-179.99997656717056
8.871560120379607	0.00007577587282499425	-179.9999769276731
8.953647655495937	0.00007438456869828417	-179.99997728003308
9.036494737223014	0.00007301894267766082	-179.99997762437815
9.120108393559097	0.00007167851561251071	-179.9999779608327
9.204495717531712	0.00007036281748698453	-179.99997828951803
9.289663867799362	0.00006907138723859573	-179.9999786105525
9.375620069258803	0.00006780377258069178	-179.99997892405145
9.462371613657929	0.00006655952982870913	-179.99997923012737
9.549925860214358	0.00006533822373011805	-179.9999795288898
9.638290236239705	0.00006413942729797195	-179.99997982044553
9.727472237769652	0.0000629627216479741	-179.99998010489847
9.817479430199844	0.00006180769583898024	-179.99998038234995
9.908319448927676	0.00006067394671685421	-179.99998065289842
10.	0.00005956107876160043	-179.9999809166398
10.092528860766844	0.000058468703937695044	-179.99998117366738
10.18591388054117	0.00005739644154754195	-179.9999814240718
10.280162981264736	0.00005634391808798207	-179.9999816679412
10.375284158180126	0.00005531076710978327	-179.9999819053612
10.471285480508996	0.00005429662908004605	-179.99998213641499
10.568175092136585	0.0000533011512474535	-179.99998236118327
10.665961212302578	0.000052323987510305455	-179.99998257974428
10.76465213629835	0.00005136479828726975	-179.99998279217394
10.864256236170656	0.00005042325039079139	-179.99998299854585
10.964781961431852	0.00004949901690309812	-179.99998319893115
11.066237839776663	0.00004859177705474475	-179.99998339339876
11.168632477805613	0.00004770121610563919	-179.99998358201535
11.271974561755105	0.000046827025228494746	-179.9999837648453
11.37627285823431	0.000045968901394653794	-179.9999839419507
11.481536214968829	0.00004512654726223152	-179.9999841133915
11.587773561551263	0.00004429967106652735	-179.9999842792254
11.694993910198711	0.000043487986512654226	-179.999984439508
11.803206356517286	0.00004269121267033702	-179.99998459429273
11.912420080273739	0.000041909073870832284	-179.9999847436308
12.022644346174118	0.00004114129960592361	-179.99998488757132
12.133888504649763	0.000040387624428946116	-179.99998502616137
12.246161992650476	0.000039647787857796935	-179.99998515944588
12.359474334445094	0.00003892153427988812	-179.99998528746764
12.47383514242942	0.00003820861285900049	-179.99998541026744
12.589254117941662	0.00003750877744399649	-179.999985527884
12.705741052085406	0.00003682178647935292	-179.99998564035394
12.823305826560205	0.00003614740291747426	-179.99998574771186
12.941958414499851	0.00003548539413274827	-179.9999858499903
13.061708881318404	0.00003483553183730681	-179.99998594721976
13.182567385564061	0.000034197591998455904	-179.99998603942873
13.304544179780901	0.000033571354757738676	-179.99998612664365
13.427649611378628	0.00003295660435159801	-179.99998620888894
13.551894123510351	0.0000323531290336037	-179.99998628618692
13.67728825595848	0.00003176072099821206	-179.999986358558
13.803842646028839	0.00003117917630602523	-179.99998642602043
13.931568029453022	0.000030608294810519315	-179.9999864885905
14.060475241299129	0.00003004788008620968	-179.99998654628249
14.190575216890911	0.000029497739358224586	-179.99998659910847
14.321878992735424	0.000028957683433256664	-179.9999866470786
14.454397707459265	0.00002842752663186434	-179.99998669020096
14.588142602753473	0.000027907086722095012	-179.99998672848147
14.723125024327178	0.000027396184854402483	-179.999986761924
14.859356422870059	0.000026894645497831988	-179.9999867905304
14.996848355023726	0.000026402296377446852	-179.99998681430017
15.135612484362072	0.000025918968412970764	-179.99998683323096
15.275660582380716	0.0000254444956586211	-179.99998684731807
15.417004529495584	0.000024978715244105855	-179.99998685655427
15.559656316050734	0.000024521467316845205	-179.99998686092437
15.703628043335515	0.000024072594984925372	-179.99998686043847
15.848931924611126	0.00002363194426198238	-179.9999868550611
15.995580286146678	0.000023199364012181887	-179.99998684478368
16.143585568264854	0.000022774705896895806	-179.99998682958838
16.292960326397214	0.000022357824322190598	-179.99998680945478
16.443717232149307	0.00002194857638735312	-179.9999867843602
16.595869074375596	0.00002154682183440748	-179.99998675427955
16.749428760264365	0.000021152422998601705	-179.9999867191853
16.90440931643263	0.0000207652447598451	-179.9999866790474
17.060823890031227	0.000020385154495076755	-179.99998663383334
17.21868574986006	0.000020012022031546832	-179.9999865835081
17.378008287493746	0.00001964571960099216	-179.99998652803393
17.5388050184176	0.000019286121794688326	-179.99998646737058
17.701089583174202	0.000018933105519360834	-179.999986401475
17.864875748520497	0.000018586549953937917	-179.99998633030145
18.03017740859568	0.000018246336507128807	-179.99998625380135
18.197008586099827	0.000017912348775810303	-179.99998617192327
18.365383433483455	0.00001758447250420633	-179.99998608461283
18.535316234148105	0.0000172625955438443	-179.99998599181268
18.706821403657997	0.000016946607814273013	-179.99998589346245
18.879913490962927	0.000016636401264527158	-179.99998578949854
19.054607179632463	0.00001633186983532357	-179.9999856798542
19.230917289101576	0.000016032909421974777	-179.99998556445945
19.408858775927772	0.00001573941783800587	-179.99998544324083
19.58844673505989	0.000015451294779460724	-179.99998531612144
19.769696401118598	0.00001516844178988409	-179.99998518302098
19.952623149688787	0.000014890762225966304	-179.99998504385536
20.137242498623873	0.000014618161223837582	-179.99998489853675
20.32357010936221	0.000014350545665999283	-179.99998474697358
20.511621788255646	0.000014087824148879586	-179.99998458907024
20.701413487910415	0.000013829906951001425	-179.99998442472707
20.892961308540386	0.000013576706001750773	-179.99998425384027
21.086281499332888	0.000013328134850733558	-179.99998407630164
21.28139045982711	0.000013084108637709753	-179.99998389199862
21.47830474130533	0.000012844544063093318	-179.99998370081406
21.67704104819694	0.000012609359359007182	-179.99998350262604
21.87761623949552	0.000012378474260882464	-179.99998329730778
22.080047330188993	0.000012151809979591143	-179.9999830847275
22.28435149270303	0.000011929289174102131	-179.99998286474815
22.490546058357804	0.000011710835924650566	-179.99998263722742
22.698648518838212	0.000011496375706410208	-179.99998240201737
22.908676527677724	0.000011285835363659402	-179.99998215896431
23.12064790175594	0.000011079143084431077	-179.99998190790865
23.33458062281002	0.00001087622837563734	-179.99998164868464
23.55049283896009	0.000010677022038659549	-179.99998138112014
23.76840286624876	0.000010481456145394999	-179.99998110503648
23.9883291901949	0.000010289464014751223	-179.99998082024803
24.210290467361776	0.000010100980189579552	-179.9999805265622
24.434305526939713	9.915940414039246e-6	-179.99998022377898
24.660393372343385	9.734281611384093e-6	-179.99997991169073
24.888573182823905	9.555941862163319e-6	-179.99997959008192
25.118864315095795	9.380860382828706e-6	-179.99997925872879
25.351286304979073	9.208977504740458e-6	-179.99997891739898
25.58585886905645	9.040234653563775e-6	-179.99997856585134
25.82260190634596	8.874574329048929e-6	-179.9999782038354
26.06153549998895	8.711940085187386e-6	-179.99997783109112
26.302679918953814	8.552276510736722e-6	-179.9999774473485
26.54605561975539	8.395529210107406e-6	-179.99997705232704
26.791683248190314	8.241644784604332e-6	-179.99997664573547
27.039583641088434	8.090570814016507e-6	-179.99997622727125
27.289777828080403	7.942255838548056e-6	-179.99997579662
27.542287033381662	7.796649341084106e-6	-179.9999753534551
27.797132677592884	7.653701729785119e-6	-179.99997489743723
28.05433637951713	7.513364321003334e-6	-179.99997442821348
28.31391995799379	7.375589322515232e-6	-179.99997394541722
28.575905433749465	7.2403298170638705e-6	-179.99997344866716
28.84031503126606	7.107539746205237e-6	-179.99997293756684
29.10717118066605	6.977173894452703e-6	-179.99997241170382
29.376496519615305	6.849187873713924e-6	-179.99997187064912
29.648313895243422	6.7235381080145485e-6	-179.99997131395634
29.92264636608189	6.600181818503182e-6	-179.99997074116087
30.19951720402016	6.479077008732246e-6	-179.99997015177905
30.4789498962798	6.3601824502094215e-6	-179.99996954530732
30.76096814740705	6.243457668214305e-6	-179.99996892122113
31.045595881283525	6.128862927875498e-6	-179.99996827897402
31.332857243155825	6.016359220502624e-6	-179.99996761799665
31.62277660168376	5.905908250168742e-6	-179.99996693769546
31.91537855100758	5.797472420538042e-6	-179.99996623745162
32.21068791283432	5.691014821934122e-6	-179.9999655166197
32.50872973854341	5.5864992186441865e-6	-179.99996477452646
32.80952931131187	5.483890036454468e-6	-179.9999640104692
33.11311214825908	5.3831523504123625e-6	-179.9999632237144
33.41950400261139	5.284251872810866e-6	-179.99996241349612
33.72873086588685	5.187154941390746e-6	-179.99996157901427
34.040818970100055	5.091828507756348e-6	-179.99996071943278
34.35579478998743	4.998240126000541e-6	-179.99995983387765
34.67368504525313	4.9063579415347505e-6	-179.99995892143508
34.994516702835696	4.816150680119868e-6	-179.99995798114898
35.318316979195664	4.727587637093989e-6	-179.99995701201905
35.64511334262439	4.640638666792858e-6	-179.9999560129979
35.9749335155742	4.555274172159189e-6	-179.99995498298878
36.3078054770101	4.471465094536759e-6	-179.99995392084253
36.64375746478329	4.389182903645515e-6	-179.9999528253547
36.98281797802659	4.308399587733772e-6	-179.99995169526235
37.32501577957203	4.229087643903725e-6	-179.99995052924055
37.670379898390856	4.151220068606495e-6	-179.9999493258988
38.01893963205609	4.074770348302927e-6	-179.99994808377716
38.370724549227845	3.9997124502864785e-6	-179.999946801342
38.72576449216169	3.926020813664455e-6	-179.99994547698148
39.08408957924017	3.853670340493913e-6	-179.99994410900092
39.44573020752781	3.782636387068579e-6	-179.99994269561742
39.81071705534969	3.7128947553530905e-6	-179.99994123495455
40.17908108489396	3.6444216845609074e-6	-179.99993972503617
40.55085354483835	3.5771938428722188e-6	-179.99993816378034
40.92606597300105	3.51118831928816e-6	-179.9999365489922
41.304750199016105	3.4463826156175966e-6	-179.99993487835664
41.68693834703351	3.382754638592792e-6	-179.99993314943038
42.07266283844438	3.3202826921101174e-6	-179.9999313596334
42.46195639463126	3.2589454695920327e-6	-179.9999295062395
42.85485203974392	3.1987220464663993e-6	-179.9999275863665
43.251383103500835	3.1395918727591903e-6	-179.9999255969653
43.65158322401656	3.0815347657965492e-6	-179.99992353480812
44.0554863506553	3.0245309030120406e-6	-179.99992139647577
44.46312674691084	2.9685608148548314e-6	-179.9999191783442
44.87453899331318	2.913605377794394e-6	-179.99991687656916
45.28975799036204	2.8596458074171916e-6	-179.99991448707024
45.708818961487474	2.8066636516105923e-6	-179.99991200551318
46.13175745603791	2.754640783829083e-6	-179.99990942729073
46.55860935229586	2.7035593964376047e-6	-179.99990674750168
46.98941086052151	2.6534019941265714e-6	-179.99990396092815
47.42419852602443	2.6041513873928496e-6	-179.9999010620107
47.8630092322638	2.5557906860806045e-6	-179.99989804482118
48.30588020397723	2.5083032929755463e-6	-179.99989490303287
48.7528490103386	2.461672897445684e-6	-179.99989162988808
49.20395356814506	2.4158834691211927e-6	-179.99988821816234
49.65923214503358	2.370919251605398e-6	-179.99988466012513
50.118723362727195	2.3267647562083125e-6	-179.99988094749688
50.58246620031137	2.2834047556933723e-6	-179.99987707140124
51.0504999975406	2.2408242780272245e-6	-179.99987302231304
51.52286445817562	2.199008600121484e-6	-179.9998687900004
51.99959965335157	2.157943241554291e-6	-179.99986436346072
52.48074602497723	2.1176139582583504e-6	-179.99985973084952
52.966344389165755	2.0780067361605967e-6	-179.99985487940373
53.45643593969714	2.0391077847572716e-6	-179.99984979535262
53.95106225151273	2.00090353060621e-6	-179.99984446382194
54.450265284242086	1.9633806107161493e-6	-179.99983886872587
54.95408738576243	1.926525865810445e-6	-179.9998329926467
55.462571295791044	1.890326333439922e-6	-179.99982681670005
55.97576014951099	1.854769240916366e-6	-179.99982032038423
56.49369748123023	1.8198419980345865e-6	-179.99981348141122
57.01642722807472	1.7855321895467484e-6	-179.99980627551628
57.543993733715666	1.7518275673478098e-6	-179.99979867624393
58.07644175213118	1.7187160423252963e-6	-179.99979065470617
58.61381645140285	1.6861856758199824e-6	-179.99978217930902
59.15616341754737	1.6542246706364306e-6	-179.99977321544242
59.70352865838366	1.622821361533323e-6	-179.99976372512796
60.255958607435744	1.5919642051129754e-6	-179.99975366661775
60.81350012787176	1.5616417690169879e-6	-179.9997429939361
61.37620051647939	1.5318427203203532e-6	-179.99973165635512
61.94410750767812	1.502555812998967e-6	-179.99971959779276
62.51726927756855	1.4737698743248602e-6	-179.99970675611982
63.0957344480193	1.4454737900192172e-6	-179.9996930623603
63.67955209079155	1.4176564879624319e-6	-179.9996784397651
64.26877173170195	1.3903069202287454e-6	-179.9996628027366
64.86344335482381	1.3634140431652364e-6	-179.9996460555753
65.46361740672747	1.3369667951886425e-6	-179.99962809101436
66.06934480075958	1.3109540719080839e-6	-179.99960878849964
66.68067692136219	1.2853646981067923e-6	-179.99958801216437
67.29766562843174	1.2601873960226014e-6	-179.99956560843341
67.92036326171844	1.235410749252298e-6	-179.99954140317902
68.54882264526613	1.2110231614631466e-6	-179.9995151983285
69.18309709189363	1.187012808918539e-6	-179.99948676780022
69.82324040771712	1.1633675856044524e-6	-179.99945585261094
70.46930689671467	1.1400750394662794e-6	-179.99942215495628
71.12135136533288	1.117122297915345e-6	-179.99938533100936
71.77942912713615	1.0944959803185624e-6	-179.99934498211132
72.44359600749898	1.0721820946134729e-6	-179.9993006439283
73.11390834834172	1.0501659144539863e-6	-179.99925177302123
73.79042301291008	1.0284318323341564e-6	-179.99919773009677
74.47319739059888	1.0069631828821466e-6	-179.99913775896783
75.16228940182053	9.8574202885816e-7	-179.9990709599195
75.85775750291836	9.64748900179045e-7	-179.99899625571146
76.55966069112561	9.439624733162891e-7	-179.99891234779452
77.26805850957021	9.233591743671956e-7	-179.99881765938076
77.98301105232578	9.029126835353114e-7	-179.99871026065213
78.70457896950977	8.82593311016334e-7	-179.998587769397
79.43282347242805	8.623672033814308e-7	-179.99844721738765
80.16780633876782	8.421953239746905e-7	-179.99828486828707
80.90958991783813	8.22032128261701e-7	-179.99809596587463
81.65823713585914	8.01823821797231e-7	-179.99787438032007
82.41381150130013	7.815060385873245e-7	-179.99761210237162
83.176377110267	7.610007013327779e-7	-179.99729850573274
83.94599865193965	7.402117058717181e-7	-179.99691924751505
84.72274141405954	7.190188815237967e-7	-179.99645458814985
85.50667128846823	6.972693659870456e-7	-179.99587675113415
86.29785477669692	6.747650038536275e-7	-179.99514563816624
87.09635899560797	6.51243451423484e-7	-179.99420161102475
87.90225168308834	6.263489869590136e-7	-179.99295278816763
88.71560120379598	5.995858285751845e-7	-179.99125149014364
89.53647655495928	5.70240372212796e-7	-179.98884770606708
90.36494737223005	5.372451944382289e-7	-179.98528961241223
91.20108393559087	4.989266820925425e-7	-179.97968817631346
92.04495717531702	4.525007848769609e-7	-179.97007868998008
92.89663867799354	3.9296509039453496e-7	-179.95131347783644
93.75620069258792	3.1033390527463294e-7	-179.90551531077648
94.6237161365792	1.8136570533610593e-7	-179.71831619324237
95.4992586021435	6.342503587077127e-8	-1.772925046297833
96.38290236239695	7.679937018241099e-7	-0.5683373006041098
97.2747223776964	0.0001091434576219486	-25.12661556937646
98.17479430199833	2.0289982832913643e-6	-179.78277045481488
99.08319448927665	1.3004247717304442e-6	-179.9177895575569
99.9999999999999	1.05216752146297e-6	-179.95584357645367