0.01000000000000001	0.023900431993058354	-0.005732470071921798
0.010092528860766855	0.023900641932573893	-0.005732527501839709
0.01018591388054118	0.02390085577972315	-0.005732586141615048
0.010280162981264745	0.023901073607322184	-0.005732646019352895
0.010375284158180138	0.02390129548953034	-0.00573270716390645
0.010471285480509006	0.023901521501937046	-0.005732769604906424
0.010568175092136596	0.02390175172151988	-0.005732833372774074
0.01066596121230259	0.023901986226677316	-0.005732898498753461
0.010764652136298361	0.023902225097315606	-0.005732965014950614
0.010864256236170667	0.0239024684148026	-0.0057330329543159135
0.010964781961431863	0.02390271626201304	-0.005733102350739613
0.011066237839776675	0.02390296872340708	-0.005733173239020045
0.011168632477805623	0.023903225885013184	-0.005733245654923903
0.011271974561755117	0.023903487834456855	-0.005733319635214173
0.011376272858234322	0.023903754661009993	-0.0057333952176821905
0.01148153621496884	0.02390402645561542	-0.0057334724411718324
0.011587773561551273	0.023904303310923854	-0.005733551345635005
0.011694993910198724	0.023904585321289303	-0.005733631972131379
0.01180320635651731	0.023904872582855903	-0.005733714362912513
0.011912420080273762	0.023905165193569968	-0.005733798561426805
0.012022644346174144	0.023905463253204508	-0.005733884612375985
0.012133888504649786	0.023905766863391992	-0.005733972561750686
0.012246161992650502	0.023906076127669703	-0.005734062456874594
0.01235947433444512	0.023906391151525007	-0.00573415434645289
0.012473835142429446	0.02390671204239495	-0.005734248280621351
0.012589254117941687	0.02390703890975727	-0.005734344310986764
0.012705741052085433	0.02390737186513418	-0.005734442490694274
0.012823305826560232	0.02390771102212101	-0.005734542874461839
0.01294195841449987	0.023908056496439893	-0.005734645518643724
0.013061708881318424	0.023908408405997554	-0.005734750481300555
0.013182567385564082	0.02390876687090156	-0.0057348578222281045
0.01330454417978092	0.02390913201351816	-0.005734967603064842
0.013427649611378649	0.023909503958488513	-0.005735079887310875
0.01355189412351037	0.023909882832811535	-0.005735194740423953
0.013677288255958502	0.02391026876584764	-0.00573531222988655
0.013803842646028859	0.02391066188940166	-0.005735432425272314
0.013931568029453043	0.023911062337739042	-0.005735555398319492
0.01406047524129915	0.023911470247635517	-0.005735681223029766
0.014190575216890933	0.023911885758434972	-0.005735809975723752
0.014321878992735446	0.02391230901214903	-0.005735941735162848
0.014454397707459286	0.023912740153381892	-0.005736076582594679
0.014588142602753497	0.023913179329458956	-0.005736214601888723
0.014723125024327202	0.02391362669051404	-0.0057363558796204904
0.014859356422870082	0.023914082389480777	-0.005736500505159039
0.014996848355023748	0.02391454658214235	-0.005736648570792587
0.015135612484362095	0.02391501942725614	-0.005736800171838902
0.015275660582380739	0.02391550108651195	-0.005736955406753116
0.015417004529495607	0.02391599172466501	-0.0057371143772521165
0.015559656316050758	0.023916491509577514	-0.005737277188450968
0.01570362804333554	0.02391700061221436	-0.005737443948981453
0.015848931924611148	0.023917519206830398	-0.005737614771140695
0.015995580286146702	0.023918047470916262	-0.00573778977104032
0.016143585568264878	0.023918585585294153	-0.005737969068742128
0.016292960326397238	0.023919133734205303	-0.005738152788434538
0.01644371723214933	0.02391969210534333	-0.005738341058586332
0.016595869074375623	0.023920260889970964	-0.005738534012125583
0.01674942876026439	0.023920840282899383	-0.005738731786629967
0.016904409316432657	0.02392143048265079	-0.005738934524495835
0.017060823890031253	0.02392203169147532	-0.005739142373156976
0.017218685749860088	0.023922644115430537	-0.0057393554852807815
0.017378008287493772	0.02392326796446497	-0.005739574019003821
0.01753880501841763	0.02392390345245191	-0.005739798138135472
0.01770108958317423	0.023924550797339805	-0.005740028012418411
0.017864875748520526	0.023925210221202763	-0.005740263817775839
0.018030177408595707	0.02392588195024534	-0.005740505736565559
0.018197008586099853	0.0239265662149698	-0.005740753957868581
0.018365383433483484	0.023927263250256032	-0.0057410086777833795
0.018535316234148135	0.02392797329539566	-0.005741270099703564
0.018706821403658026	0.023928696594193	-0.0057415384346727405
0.018879913490962956	0.02392943339507427	-0.005741813901694477
0.019054607179632494	0.023930183951151252	-0.005742096728101695
0.019230917289101597	0.02393094852035159	-0.005742387149906474
0.019408858775927792	0.023931727365436743	-0.005742685412214658
0.01958844673505991	0.0239325207541742	-0.005742991769615724
0.01976969640111862	0.023933328959380665	-0.005743306486623123
0.01995262314968881	0.02393415225905698	-0.005743629838114136
0.020137242498623895	0.02393499093645242	-0.005743962109826685
0.02032357010936223	0.023935845280179033	-0.0057443035988434706
0.020511621788255666	0.023936715584363746	-0.005744654614124338
0.020701413487910436	0.02393760214867125	-0.005745015477065958
0.02089296130854041	0.02393850527843978	-0.005745386522066378
0.02108628149933291	0.023939425284850244	-0.0057457680971802014
0.021281390459827135	0.023940362484966313	-0.005746160564724028
0.021478304741305354	0.02394131720185824	-0.005746564301996209
0.02167704104819696	0.023942289764755768	-0.005746979701985318
0.02187761623949554	0.023943280509147256	-0.005747407174126797
0.022080047330189013	0.023944289776903997	-0.005747847145111165
0.022284351492703053	0.02394531791639214	-0.005748300059753688
0.022490546058357826	0.023946365282609933	-0.005748766381846172
0.022698648518838235	0.023947432237346116	-0.005749246595159458
0.022908676527677748	0.0239485191492425	-0.005749741204407198
0.023120647901755963	0.0239496263940029	-0.005750250736312625
0.023334580622810044	0.02395075435447722	-0.005750775740736509
0.023550492838960112	0.02395190342082497	-0.005751316791868742
0.023768402866248782	0.023953073990675058	-0.005751874489461221
0.02398832919019492	0.023954266469223245	-0.005752449460174715
0.0242102904673618	0.02395548126944259	-0.005753042358983984
0.02443430552693974	0.023956718812194123	-0.005753653870669525
0.024660393372343412	0.02395797952638382	-0.00575428471138519
0.02488857318282393	0.023959263849144926	-0.005754935630362054
0.025118864315095822	0.023960572226004128	-0.0057556074116810255
0.025351286304979098	0.02396190511096449	-0.00575630087613036
0.02558585886905648	0.02396326296682698	-0.005757016883258546
0.025822601906345985	0.023964646265253544	-0.005757756333489015
0.026061535499988978	0.023966055486918287	-0.0057585201703732524
0.026302679918953843	0.023967491121776232	-0.005759309383008261
0.026546055619755416	0.023968953669223997	-0.005760125008618376
0.026791683248190343	0.02397044363826939	-0.00576096813525032
0.027039583641088463	0.023971961547689068	-0.005761839904709546
0.027289777828080432	0.023973507926308084	-0.005762741515641218
0.02754228703338169	0.023975083313150514	-0.005763674226818186
0.02779713267759291	0.02397668825764088	-0.005764639360695641
0.02805433637951716	0.023978323319827397	-0.005765638307126623
0.028313919957993816	0.023979989070584917	-0.005766672527373066
0.028575905433749497	0.02398168609187741	-0.005767743558424013
0.028840315031266085	0.023983414976933386	-0.005768853017521991
0.02910717118066608	0.023985176330468285	-0.005770002607082133
0.029376496519615335	0.023986970768958032	-0.005771194119907219
0.029648313895243455	0.023988798920871836	-0.005772429444799473
0.02992264636608192	0.02399066142689764	-0.005773710572544338
0.030199517204020192	0.02399255894018966	-0.005775039602335916
0.03047894989627986	0.023994492126667395	-0.005776418748700296
0.03076096814740711	0.023996461665248943	-0.005777850348815978
0.031045595881283587	0.023998468248077193	-0.0057793368705207114
0.03133285724315589	0.024000512580894164	-0.0057808809208095766
0.031622776601683826	0.02400259538321157	-0.005782485254952725
0.03191537855100765	0.024004717388725925	-0.005784152786433837
0.03221068791283438	0.02400687934546304	-0.005785886597458809
0.03250872973854347	0.02400908201621352	-0.005787689950463295
0.03280952931131194	0.02401132617877317	-0.005789566300357633
0.03311311214825915	0.02401361262625238	-0.005791519307818214
0.03341950400261146	0.02401594216746757	-0.005793552853630447
0.03372873086588692	0.02401831562720476	-0.005795671054139198
0.034040818970100126	0.024020733846590505	-0.005797878277959441
0.0343557947899875	0.02402319768345286	-0.005800179164096393
0.0346736850452532	0.02402570801263051	-0.005802578641478187
0.034994516702835765	0.02402826572642768	-0.0058050819502088805
0.035318316979195734	0.024030871734908348	-0.005807694664509104
0.03564511334262446	0.02403352696637035	-0.005810422717713982
0.03597493351557427	0.024036232367612903	-0.0058132724293192784
0.03630780547701017	0.024038988904502224	-0.005816250534467088
0.03664375746478335	0.024041797562284896	-0.0058193642159449
0.03698281797802665	0.02404465934606119	-0.005822621139100902
0.037325015779572084	0.024047575281221076	-0.005826029489824625
0.037670379898390914	0.024050546413919092	-0.005829598016030299
0.038018939632056145	0.024053573811516748	-0.005833336072933394
0.0383707245492279	0.024056658563085587	-0.005837253672533189
0.038725764492161745	0.02405980177992508	-0.005841361537774421
0.03908408957924023	0.02406300459602002	-0.005845671161812096
0.03944573020752787	0.024066268168673764	-0.005850194873067107
0.039810717055349755	0.024069593678930638	-0.00585494590654669
0.04017908108489402	0.024072982332234337	-0.005859938482279232
0.040550853544838415	0.024076435359007515	-0.005865187891546239
0.040926065973001115	0.0240799540152289	-0.005870710591878254
0.041304750199016166	0.024083539583021465	-0.005876524311782595
0.04168693834703357	0.02408719337141743	-0.005882648166381848
0.04207266283844444	0.024090916716921203	-0.005889102785224016
0.04246195639463132	0.024094710984251467	-0.005895910453764271
0.042854852039743985	0.02409857756710323	-0.005903095270135517
0.04325138310350091	0.024102517888800516	-0.005910683319172211
0.04365158322401663	0.024106533403191997	-0.005918702865815296
0.044055486350655364	0.024110625595419488	-0.005927184570323045
0.04446312674691091	0.024114795982722134	-0.005936161728248855
0.04487453899331325	0.024119046115443417	-0.005945670538239347
0.04528975799036211	0.024123377577841946	-0.005955750401549605
0.04570881896148754	0.024127791989174252	-0.005966444257469961
0.04613175745603798	0.02413229100459583	-0.005977798959568143
0.04655860935229591	0.024136876316371094	-0.005989865698590878
0.04698941086052156	0.024141549654930653	-0.006002700478489123
0.04742419852602448	0.024146312790055868	-0.006016364653347996
0.04786300923226385	0.02415116753223036	-0.006030925534099039
0.04830588020397728	0.024156115733816395	-0.006046457075444065
0.04875284901033865	0.024161159290670312	-0.006063040655264208
0.04920395356814511	0.0241663001435002	-0.006080765960608353
0.04965923214503363	0.024171540279594738	-0.0060997319972853235
0.05011872336272725	0.024176881734411373	-0.006120048242674537
0.05058246620031143	0.024182326593549703	-0.006141835965263912
0.051050499997540646	0.02418787699469044	-0.006165229738578719
0.05152286445817567	0.024193535129698452	-0.006190379182609483
0.05199959965335162	0.024199303247014418	-0.0062174509718790905
0.052480746024977286	0.024205183654100987	-0.0062466311575108775
0.05296634438916581	0.024211178720176172	-0.006278127859604497
0.05345643593969719	0.0242172908792156	-0.006312174398226267
0.05395106225151279	0.024223522633269344	-0.0063490329453234585
0.05445026528424214	0.02422987655590125	-0.006388998797665436
0.05495408738576248	0.02423635529631589	-0.006432405392655594
0.0554625712957911	0.0242429615835939	-0.006479630216257185
0.05597576014951104	0.02424969823162624	-0.006531101786257114
0.05649369748123028	0.02425656814458856	-0.006587307937116962
0.05701642722807478	0.02426357432283031	-0.0066488056868348475
0.05754399373371572	0.024270719869854775	-0.006716233035149331
0.05807644175213124	0.024278007999894727	-0.006790323130314986
0.05861381645140291	0.024285442046579443	-0.00687192135459849
0.05915616341754743	0.024293025472806408	-0.006962006024297525
0.05970352865838372	0.02430076188185503	-0.007061713589178608
0.06025595860743581	0.02430865503014521	-0.007172369463278852
0.060813500127871824	0.02431670884183824	-0.007295525943455501
0.061376200516479455	0.024324927425479904	-0.007433009101293925
0.06194410750767818	0.024333315093133693	-0.007586977105006145
0.06251726927756862	0.024341876382360954	-0.0077599931933385845
0.06309573444801936	0.02435061608129653	-0.007955117555582076
0.06367955209079162	0.024359539257389755	-0.008176023773801309
0.064268771731702	0.024368651290019864	-0.008427147399974523
0.06486344335482389	0.024377957907110562	-0.008713876878961406
0.06546361740672754	0.024387465225667544	-0.009042800681863276
0.06606934480075964	0.024397179795444136	-0.009422029602920493
0.06668067692136226	0.024407108643506092	-0.00986162029276146
0.06729766562843183	0.024417259315878063	-0.010374136090192077
0.0679203632617185	0.024427639908026856	-0.010975395231602124
0.0685488226452662	0.02443825906966417	-0.011685476095994893
0.0691830970918937	0.024449125957479338	-0.0125300761565417
0.06982324040771719	0.024460250088421932	-0.01354235759917868
0.07046930689671474	0.024471641009898303	-0.014765458689252487
0.07112135136533296	0.024483307638073545	-0.016255901589449444
0.07177942912713622	0.024495257001645863	-0.018088165864567126
0.07244359600749906	0.024507491929068093	-0.020360666151043278
0.0731139083483418	0.024520006876803887	-0.023203122862948098
0.07379042301291015	0.024532780547454305	-0.02678447711753738
0.07447319739059896	0.024545763167186745	-0.031318226212253275
0.07516228940182061	0.02455885556336907	-0.03705658893487348
0.07585775750291844	0.024571877868681764	-0.04425337316734195
0.07655966069112569	0.024584532097875346	-0.053056087792548216
0.07726805850957029	0.024596384396081288	-0.06327263108706557
0.07798301105232593	0.02460693669928803	-0.07400586209886717
0.07870457896950993	0.02461588442670017	-0.08337877946219276
0.07943282347242822	0.024623518915683144	-0.08892224155237205
0.08016780633876798	0.024630880670869198	-0.08892972192639166
0.0809095899178383	0.024639271226324328	-0.08370907053619475
0.0816582371358593	0.02464951535261506	-0.07524916807884333
0.0824138115013003	0.024661722408701486	-0.06578098042858097
0.08317637711026717	0.024675565849645524	-0.05680018983016534
0.08394599865193982	0.024690622599381706	-0.04897509407096781
0.08472274141405972	0.02470654398229895	-0.04244393411475687
0.08550667128846841	0.024723091301726143	-0.03709876911856333
0.0862978547766971	0.024740116846354132	-0.032752505260894
0.08709635899560814	0.02475753543629776	-0.02921546484131522
0.08790225168308852	0.024775301427025543	-0.026323056783454667
0.08871560120379617	0.024793393154784436	-0.02394151440937977
0.08953647655495947	0.02481180318470558	-0.021965305797843518
0.09036494737223023	0.024830532410570358	-0.020312203590313768
0.09120108393559107	0.024849586546529554	-0.018918348947519856
0.09204495717531722	0.02486897405966144	-0.017734059627578784
0.09289663867799372	0.024888704960383357	-0.01672050327639165
0.09375620069258811	0.024908790101016744	-0.0158471390867059
0.09462371613657934	0.024929240775031496	-0.01508977828014054
0.09549925860214364	0.024950068495096712	-0.01442912132627844
0.0963829023623971	0.02497128487613637	-0.013849654728438725
0.09727472237769656	0.02499290158097536	-0.013338816475596727
0.09817479430199849	0.025014930302121475	-0.012886361686296479
0.09908319448927681	0.02503738276450581	-0.012483877590119308
0.10000000000000005	0.02506027073968752	-0.012124410296979844
0.10092528860766849	0.02508360606630878	-0.011802175655600041
0.10185913880541175	0.025107400673138942	-0.011512333728641064
0.10280162981264741	0.025131666603257125	-0.011250811695686367
0.10375284158180131	0.02515641603803865	-0.011014163859497847
0.10471285480509002	0.02518166132044975	-0.010799460264878137
0.1056817509213659	0.025207414977620732	-0.01060419752607093
0.10665961212302584	0.025233689742241532	-0.010426227002138607
0.10764652136298355	0.025260498573204084	-0.010263696608630956
0.10864256236170661	0.025287854675322102	-0.010115003413054487
0.10964781961431856	0.025315771518370483	-0.009978754808747024
0.1106623783977667	0.025344262855500507	-0.009853736551606573
0.11168632477805618	0.025373342741256442	-0.009738886317505614
0.1127197456175511	0.02540302554910863	-0.00963327172408012
0.11376272858234315	0.02543332598886441	-0.009536071981257365
0.11481536214968835	0.02546425912398868	-0.00944656250577298
0.11587773561551268	0.02549584038876482	-0.00936410196801943
0.11694993910198717	0.025528085605633626	-0.009288121344160401
0.11803206356517304	0.025561011002649306	-0.00921811462866373
0.11912420080273756	0.025594633231134988	-0.009153630927414395
0.12022644346174137	0.025628969383739417	-0.009094267703603798
0.1213388850464978	0.025664037012664846	-0.009039664989738374
0.12246161992650495	0.025699854148632142	-0.008989500412709668
0.12359474334445113	0.025736439320081784	-0.00894348490536942
0.12473835142429439	0.025773811573117113	-0.008901359000071662
0.1258925411794168	0.025811990491953835	-0.008862889617147936
0.12705741052085426	0.02585099622011105	-0.008827867275808421
0.12823305826560225	0.025890849482450795	-0.008796103666813397
0.1294195841449987	0.025931571607847956	-0.00876742953595242
0.13061708881318423	0.025973184552789557	-0.008741692835438911
0.1318256738556408	0.02601571092607427	-0.008718757107136734
0.13304544179780922	0.02605917401419942	-0.008698500066794648
0.13427649611378642	0.02610359780813742	-0.008680812363490107
0.13551894123510363	0.026149007031019883	-0.008665596492010737
0.13677288255958495	0.02619542716713822	-0.008652765839439917
0.13803842646028852	0.026242884492207134	-0.008642243849791745
0.13931568029453034	0.02629140610499256	-0.00863396329300236
0.14060475241299142	0.026341019960380595	-0.008627865626470207
0.14190575216890927	0.026391754903958006	-0.008623900439108994
0.1432187899273544	0.02644364070833169	-0.008622024969262463
0.1445439770745928	0.02649670811098534	-0.00862220368911213
0.1458814260275349	0.02655098885423675	-0.008624407949290248
0.14723125024327194	0.0266065157268097	-0.008628615678288093
0.14859356422870074	0.02666332260781446	-0.008634811132173254
0.1499684835502374	0.026721444512615787	-0.008642984690658205
0.15135612484362088	0.026780917641290418	-0.008653132696499519
0.15275660582380732	0.026841779429335147	-0.008665257335323992
0.154170045294956	0.026904068601132394	-0.008679366553991414
0.1555965631605075	0.026967825226137304	-0.008695474015610013
0.15703628043335532	0.02703309077810032	-0.00871359909010029
0.15848931924611143	0.027099908197330325	-0.008733766879265296
0.15995580286146696	0.0271683219564185	-0.008756008275984072
0.1614358556826487	0.027238378129444824	-0.00878036005731594
0.1629296032639723	0.02731012446511513	-0.008806865011671149
0.16443717232149324	0.027383610463719087	-0.008835572100548746
0.16595869074375613	0.02745888745868558	-0.0088665366557164
0.16749428760264382	0.027536008702523703	-0.008899820612922545
0.1690440931643265	0.02761502945782959	-0.008935492783684837
0.17060823890031243	0.027696007093456137	-0.00897362916699885
0.17218685749860077	0.027779001186282747	-0.009014313303136843
0.17378008287493762	0.027864073629184537	-0.009057636672263657
0.1753880501841762	0.02795128874514867	-0.00910369914072354
0.1770108958317422	0.02804071340846836	-0.00915260945864573
0.17864875748520517	0.0281324171732807	-0.009204485812760269
0.180301774085957	0.028226472409923743	-0.009259456438914102
0.18197008586099844	0.028322954449979756	-0.009317660299480947
0.18365383433483473	0.028421941740201635	-0.009379247831334514
0.18535316234148125	0.028523516006443244	-0.009444381770962062
0.18706821403658017	0.028627762428005438	-0.009513238063932544
0.18879913490962946	0.02873476982338413	-0.009586006866999047
0.19054607179632482	0.02884463084832558	-0.009662893652104135
0.19230917289101596	0.028957442206900233	-0.009744120422497657
0.19408858775927793	0.02907330487699339	-0.00982992705286638
0.19588446735059908	0.02919232435104715	-0.009920572766415468
0.1976969640111862	0.029314610893482102	-0.010016337763733662
0.19952623149688808	0.02944027981621717	-0.010117525020189937
0.20137242498623895	0.029569451773434553	-0.010224462270421111
0.2032357010936223	0.029702253077755203	-0.010337504201336683
0.20511621788255666	0.02983881603921789	-0.010457034877403832
0.20701413487910436	0.02997927932921895	-0.010583470425475815
0.2089296130854041	0.030123788371598962	-0.010717262009696383
0.2108628149933291	0.03027249576325233	-0.01085889913155564
0.21281390459827135	0.030425561726890635	-0.011008913294482146
0.21478304741305343	0.03058315459910697	-0.011167882078257302
0.21677041048196952	0.03074545135660707	-0.011336433674491588
0.2187761623949553	0.03091263818466318	-0.011515251941971396
0.22080047330189004	0.03108491109150927	-0.011705082048994094
0.22284351492703042	0.03126247657320973	-0.01190673677961719
0.22490546058357816	0.03144555233408319	-0.012121103592316588
0.22698648518838224	0.03163436806795378	-0.012349152532549954
0.22908676527677735	0.03182916630684118	-0.012591945116627024
0.23120647901755953	0.03203020334347355	-0.012850644322205462
0.23334580622810033	0.03223775023604381	-0.013126525842185932
0.23550492838960102	0.03245209390327345	-0.013420990784033419
0.23768402866248772	0.03267353832021728	-0.013735580026035801
0.2398832919019491	0.03290240582536377	-0.014071990477287319
0.2421029046736179	0.033139038552018114	-0.014432093529816987
0.24434305526939726	0.03338379999791481	-0.014817956040825319
0.246603933723434	0.033637076749229465	-0.015231864242366604
0.24888573182823917	0.033899280377164165	-0.015676351046404614
0.25118864315095807	0.034170849528479215	-0.01615422729896577
0.2535128630497908	0.034452252233500964	-0.016668617639393372
0.25585858869056466	0.03474398845907678	-0.017223001745253107
0.2582260190634597	0.03504659293826968	-0.017821261894995503
0.26061535499988964	0.03536063831323166	-0.01846773796457765
0.2630267991895383	0.03568673863277472	-0.019167291200305726
0.26546055619755404	0.03602555325489528	-0.019925378389201144
0.2679168324819033	0.036377791209695955	-0.020748138391395252
0.2703958364108845	0.03674421609074439	-0.021642493428424874
0.2728977782808042	0.037125651552429674	-0.022616268055743547
0.27542287033381674	0.037522987506336355	-0.023678329422323403
0.277971326775929	0.037937187125455976	-0.02483875327182629
0.2805433637951715	0.038369294787702554	-0.02610902122852094
0.28313919957993805	0.03882044511356347	-0.027502256306185264
0.2857590543374948	0.03929187328786954	-0.02903350538989674
0.2884031503126607	0.03978492689246932	-0.030720079804164795
0.29107171180666064	0.04030107952940344	-0.032581968207283304
0.2937649651961532	0.04084194657806808	-0.03464234022544548
0.2964831389524344	0.041409303513847584	-0.0369281648895204
0.29922646366081906	0.042005107324657724	-0.03947097569125823
0.30199517204020176	0.042631521708505996	-0.042307824898795504
0.30478949896279844	0.04329094693547929	-0.045482485163935826
0.307609681474071	0.043986055530388785	-0.049046978819102784
0.3104559588128357	0.04471983532995652	-0.053063548594962824
0.3133285724315587	0.04549564204579164	-0.05760723461151899
0.3162277660168381	0.04631726434757037	-0.06276930358761733
0.31915378551007634	0.047189005888532524	-0.06866190995889426
0.3221068791283436	0.0481157910348228	-0.07542459935050222
0.32508729738543457	0.04910330520502208	-0.08323368444975857
0.3280952931131192	0.05015818851681046	-0.09231633414099111
0.3311311214825913	0.051288317239758845	-0.1029728989985381
0.33419504002611444	0.052503242446945764	-0.11561479165993414
0.3372873086588691	0.05381494050164431	-0.13083471188627485
0.34040818970100106	0.05523926543604839	-0.1495527828317416
0.34355794789987465	0.05679925367900696	-0.1733711370347769
0.34673685045253166	0.058534472297666694	-0.20563911500354154
0.3499451670283573	0.060537413442094644	-0.25589799687216075
0.353183169791957	0.06320858853768957	-0.37509398626078216
0.35645113342624424	0.04221505070425582	-48.90580809451463
0.3597493351557423	0.0647382573503362	-0.17586608689566408
0.36307805477010135	0.06805090131110483	-0.2760040634539123
0.36643757464783333	0.07121288647187282	-0.3618327334724138
0.3698281797802663	0.07464518045789799	-0.4578896471029928
0.3732501577957206	0.07851334160442829	-0.5766164732323257
0.37670379898390893	0.08297168087123949	-0.7310989248656413
0.38018939632056126	0.08821695716392033	-0.9398454863572381
0.38370724549227886	0.09453195443071086	-1.2322836757023068
0.3872576449216173	0.10235384491185572	-1.658830335009343
0.3908408957924021	0.11240736302382238	-2.313051743296938
0.39445730207527846	0.12598895918793432	-3.401377012854536
0.3981071705534973	0.14548862757135647	-5.214986809928797
0.40179081084894	0.1769723440000089	-8.937255741897784
0.40550853544838394	0.23448901779370512	-17.88754905644184
0.40926065973001097	0.33274230835458285	-45.110786592577114
0.41304750199016144	0.2525068943743917	-96.36023225767732
0.4168693834703355	0.11124238212440624	-111.10737796310771
0.4207266283844442	0.05240542888077794	-94.2438550199775
0.424619563946313	0.04188558873844301	-52.16702868740778
0.4285485203974396	0.05457365403793023	-26.706042020896337
0.43251383103500884	0.07196957138947607	-16.372942868271217
0.4365158322401661	0.09097784695821216	-11.59283762199583
0.44055486350655343	0.11245709779335268	-9.086579615975209
0.4446312674691088	0.13842523608187243	-7.707854680261723
0.4487453899331323	0.17229238827279098	-7.010219385438864
0.4528975799036209	0.22048841676040032	-6.844455382646835
0.4570881896148752	0.2973537572047898	-7.279324363001002
0.46131757456037953	0.4436090637377037	-8.795951816900441
0.4655860935229591	0.8386976721208684	-13.82071266997131
0.4698941086052156	3.7774356823969417	-65.12208789209228
0.4742419852602448	1.0616571385942086	-166.31618952380074
0.47863009232263853	0.5150084523320568	-174.8561182948031
0.48305880203977286	0.33769451565666486	-177.074821025576
0.4875284901033865	0.2510037355233917	-178.0958765596331
0.4920395356814511	0.19947999248764858	-178.66566067715777
0.49659232145033627	0.1652647556117446	-179.01983013233425
0.5011872336272725	0.14084866977003715	-179.25603652558507
0.5058246620031143	0.12252263850979962	-179.42169544114694
0.5105049999754064	0.10824310058120183	-179.54241322140066
0.5152286445817567	0.0967909725627727	-179.63312443686894
0.5199959965335162	0.08739355310725873	-179.70306593143474
0.5248074602497729	0.07953705772649204	-179.75822312441915
0.5296634438916581	0.07286633344251695	-179.80262552944797
0.5345643593969719	0.06712784458291537	-179.83907356796757
0.5395106225151278	0.062135597388412275	-179.86956420802375
0.5445026528424215	0.05774990102926691	-179.895545892024
0.5495408738576248	0.053863643657059604	-179.91806759391355
0.5546257129579107	0.05039313875475954	-179.93785104588272
0.5597576014951101	0.04727184238522093	-179.9552905127001
0.5649369748123025	0.044445926967359634	-179.97036101156547
0.5701642722807475	0.04187109605016855	-179.982389083356
0.5754399373371569	0.03951027917300551	-179.98961873317978
0.580764417521312	0.03733202798169266	-179.98853904994226
0.5861381645140288	0.035309529660283716	-179.97316300362925
0.591561634175474	0.03341996292654562	-179.93496639621327
0.5970352865838369	0.031643134271948196	-179.864343814905
0.6025595860743578	0.029957494839711652	-179.7519644228322
0.6081350012787179	0.02833262989518112	-179.58287305617827
0.6137620051647943	0.026718212152536676	-179.31134791981782
0.6194410750767815	0.025021857608344217	-178.77951963541645
0.6251726927756859	0.02305658981787983	-177.31905843693605
0.6309573444801934	0.02098923780676698	-170.84918927176
0.6367955209079159	0.02424077290501943	-166.1018687222478
0.6426877173170198	0.0256349516565196	-165.32724256883597
0.6486344335482385	0.02616886147847104	-175.59226839214998
0.654636174067275	0.023561324050566986	-178.77955322197545
0.6606934480075961	0.022889138767204487	-178.68339959591222
0.6668067692136223	0.02134501037879393	-179.37614616427868
0.6729766562843178	0.02027390957213697	-179.60118481192518
0.6792036326171846	0.01935956843311588	-179.72208475555934
0.6854882264526617	0.018541199720656643	-179.79622929334883
0.6918309709189366	0.017792278824473873	-179.84411861043213
0.6982324040771715	0.017098084718687817	-179.87547598460122
0.7046930689671471	0.016449255626449708	-179.8958892618616
0.7112135136533292	0.015839239019861534	-179.908962056883
0.7177942912713619	0.015263129723576827	-179.91712002623552
0.7244359600749902	0.01471708595430083	-179.92199741595692
0.7311390834834176	0.014198004072539919	-179.92468038635735
0.7379042301291011	0.013703318133005701	-179.92588042684613
0.7447319739059892	0.013230866289302244	-179.92605835860064
0.7516228940182057	0.012778797211430503	-179.92551006621912
0.758577575029184	0.012345502543306068	-179.9244238277159
0.7655966069112565	0.011929567164215515	-179.92291774357992
0.7726805850957026	0.011529731944802507	-179.92106380792498
0.7798301105232589	0.011144865402751452	-179.9189032502146
0.7870457896950989	0.010773941766192188	-179.91645624955413
0.7943282347242817	0.010416023695291838	-179.91372803278244
0.8016780633876793	0.010070248421805723	-179.9107126327355
0.8090958991783825	0.00973581641605122	-179.90739509250415
0.8165823713585927	0.009411981907396597	-179.90375241268887
0.8241381150130026	0.009098045975617657	-179.89976034362107
0.8317637711026713	0.008793345101570075	-179.89536883379094
0.8394599865193977	0.00849725271913908	-179.89054281236145
0.8472274141405968	0.008209166823829953	-179.88522585334366
0.8550667128846836	0.007928507641600805	-179.87935355847145
0.8629785477669706	0.007654712182690383	-179.87284951470798
0.870963589956081	0.00738722931857705	-179.8656227514252
0.8790225168308847	0.007125514825998489	-179.8575645340436
0.8871560120379608	0.006869026247506899	-179.84854422523586
0.8953647655495938	0.006617217414817807	-179.83840390685506
0.9036494737223014	0.006369532460840061	-179.82695133827832
0.9120108393559097	0.006125399113953869	-179.81395064955805
0.9204495717531712	0.005884221021496373	-179.799109904442
0.9289663867799363	0.005645368784305233	-179.7820642711488
0.9375620069258802	0.005408169293800086	-179.7623529279916
0.946237161365793	0.005171892837830547	-179.7393868713927
0.9549925860214359	0.004935737266901681	-179.7124032507708
0.9638290236239705	0.004698808266936187	-179.68039930828175
0.9727472237769651	0.0044600944359769095	-179.6420346754045
0.9817479430199844	0.004218435360670891	-179.5954831849712
0.9908319448927676	0.0039724801568881175	-179.53820152224466
1.	0.0037206328565373837	-179.46655572561107
1.0092528860766845	0.0034609793962918135	-179.37519393436742
1.0185913880541169	0.003191188483073809	-179.2559421721695
1.0280162981264735	0.0029083747773422943	-179.09574575363575
1.0375284158180127	0.0026089068772712715	-178.8725471185375
1.0471285480508996	0.0022881334873251532	-178.54623777429057
1.0568175092136585	0.0019399886337937188	-178.03620175384316
1.066596121230258	0.0015564289925667281	-177.154967162457
1.076465213629835	0.0011267341731114513	-175.35102817944755
1.0864256236170655	0.0006378816482026682	-170.05368258079955
1.096478196143185	0.0001440191804300392	-108.89876327299586
1.1066237839776665	0.0006807471313437209	-14.78814972929148
1.1168632477805611	0.0015619718072693498	-8.484183613023575
1.1271974561755105	0.002733721672892361	-6.763581668158507
1.1376272858234309	0.004385528752316489	-6.331666644845317
1.1481536214968828	0.006931756587444779	-6.708405157211701
1.1587773561551262	0.011442873169345448	-8.14846253226162
1.1694993910198712	0.021642826082750564	-12.224596241727685
1.1803206356517297	0.058840757460608975	-24.46628154025255
1.191242008027375	0.05732251863852723	-169.37287937433663
1.2022644346174132	0.025728950591087315	-173.64664554766327
1.2133888504649775	0.017362181798456913	-175.9702662113664
1.224616199265049	0.013462409051794924	-177.12384233172264
1.2359474334445106	0.011191240880509263	-177.78599461099904
1.2473835142429432	0.009691855519613617	-178.20357129411687
1.2589254117941675	0.008618217200240292	-178.48314379598028
1.270574105208542	0.007804087693542936	-178.67723911637202
1.2823305826560218	0.0071596844086012305	-178.8142286803994
1.2941958414499863	0.006632197169292425	-178.9103507479476
1.3061708881318417	0.006188438372520818	-178.97509707102245
1.3182567385564075	0.005806380590400758	-179.01378156677322
1.3304544179780915	0.005470669897416117	-179.0287386044595
1.3427649611378643	0.0051700641477207005	-179.0197098842891
1.3551894123510364	0.0048958487344687935	-178.98355599167547
1.3677288255958495	0.00464074003893011	-178.9130939825062
1.3803842646028852	0.004397969723194837	-178.79433427264237
1.3931568029453034	0.004160268103062974	-178.60010572905142
1.4060475241299142	0.003918313984173269	-178.27417754878684
1.4190575216890926	0.0036576809086621537	-177.68592296160264
1.432187899273544	0.00335164446582962	-176.47156695756124
1.4454397707459279	0.0029429980756577588	-173.2729533084235
1.4588142602753489	0.002352202977645477	-159.75174628504251
1.4723125024327193	0.004088323159654361	-116.5310887783873
1.4859356422870074	0.006434743096122295	-163.93991552813367
1.499684835502374	0.00495650494765136	-176.08168027928423
1.5135612484362087	0.00433498241927333	-178.44527484702385
1.5275660582380732	0.003985611125657983	-179.22623450949206
1.54170045294956	0.003745971670376992	-179.56237123629785
1.555965631605075	0.0035617532836085992	-179.73124972807915
1.5703628043335531	0.0034100163982650044	-179.82516661495612
1.584893192461114	0.003279406297988616	-179.8812885899754
1.5995580286146696	0.003163630833747042	-179.916672247479
1.6143585568264869	0.0030588952588179942	-179.93992720562747
1.629296032639723	0.0029627547011162616	-179.955726392671
1.6443717232149324	0.0028735480536305237	-179.96675530740995
1.6595869074375613	0.0027900963501092326	-179.97463030500225
1.6749428760264382	0.002711531729407347	-179.98036207530006
1.690440931643265	0.002637195315784622	-179.9846031571243
1.7060823890031243	0.0025665735344806476	-179.98778649581354
1.7218685749860079	0.002499256887583202	-179.99020616604196
1.7378008287493762	0.0024349123911431877	-179.99206603969276
1.753880501841762	0.002373264615675541	-179.99351001321608
1.770108958317422	0.002314082312773776	-179.9946412770035
1.7864875748520517	0.0022571687682348966	-179.9955348850201
1.803017740859568	0.0022023547019714433	-179.99624612356476
1.8197008586099825	0.0021494929467098865	-179.9968161860868
1.8365383433483455	0.0020984543937556006	-179.99727608520973
1.8535316234148105	0.002049124857602001	-179.99764939007363
1.8706821403657996	0.0020014026178408594	-179.99795416787043
1.8879913490962925	0.0019551964678632275	-179.99820437808265
1.9054607179632463	0.0019104241480292512	-179.99841088512252
1.9230917289101574	0.0018670110742428246	-179.99858220152586
1.9408858775927773	0.001824889296183873	-179.99872503866766
1.958844673505989	0.0017839966360431979	-179.99884471849853
1.97696964011186	0.0017442759705677395	-179.9989454839271
1.9952623149688788	0.00170567462796694	-179.9990307346023
2.0137242498623875	0.001668143877688541	-179.99910320731212
2.032357010936221	0.0016316384959028647	-179.9991651149351
2.0511621788255647	0.0015961163931777617	-179.9992182541385
2.0701413487910414	0.0015615382936091762	-179.99926408934522
2.0892961308540388	0.0015278674568124568	-179.99930381856024
2.108628149933289	0.0014950694358391878	-179.99933842524456
2.1281390459827114	0.0014631118653865608	-179.99936871939428
2.147830474130533	0.0014319642756916281	-179.99939537022183
2.167704104819694	0.0014015979283177118	-179.99941893226978
2.1877616239495516	0.0013719856706929316	-179.99943986636345
2.208004733018899	0.0013431018067860236	-179.99945855648792
2.228435149270303	0.0013149219817304495	-179.999475323433
2.2490546058357803	0.0012874230785551546	-179.9994904358637
2.2698648518838214	0.0012605831254639502	-179.99950411933256
2.2908676527677723	0.0012343812123426774	-179.9995165636391
2.312064790175594	0.0012087974153645188	-179.9995279288584
2.333458062281002	0.0011838127287274874	-179.99953835029336
2.355049283896009	0.0011594090026943497	-179.99954794255407
2.376840286624876	0.0011355688872165537	-179.9995568029271
2.39883291901949	0.0011122757805216632	-179.999565014165
2.4210290467361775	0.0010895137821247695	-179.99957264680177
2.4434305526939712	0.0010672676497925583	-179.99957976107854
2.4660393372343385	0.0010455227600491698	-179.99958640854936
2.48885731828239	0.0010242650718618649	-179.99959263342245
2.5118864315095797	0.0010034810931897331	-179.99959847368297
2.535128630497907	0.0009831578501147522	-179.99960396203485
2.5585858869056453	0.0009632828583071753	-179.99960912669175
2.582260190634596	0.0009438440966063861	-179.99961399204327
2.6061535499988953	0.0009248299825211145	-179.99961857921625
2.6302679918953813	0.000906229349475471	-179.9996229065491
2.654605561975539	0.0008880314256456711	-179.9996269899927
2.6791683248190314	0.0008702258142482423	-179.99963084345015
2.703958364108843	0.0008528024751554227	-179.999634479065
2.7289777828080406	0.0008357517077258783	-179.99963790746597
2.7542287033381663	0.0008190641347498534	-179.99964113797515
2.7797132677592886	0.0008027306874183847	-179.99964417878516
2.805433637951713	0.0007867425912341752	-179.9996470371106
2.831391995799379	0.0007710913527904624	-179.99964971931692
2.8575905433749464	0.000755768747350015	-179.99965223103075
2.8840315031266055	0.0007407668071638514	-179.99965457723422
2.910717118066605	0.0007260778104739859	-179.99965676234586
2.9376496519615305	0.0007116942711493696	-179.9996587902898
2.9648313895243423	0.0006976089289096436	-179.99966066455528
2.992264636608189	0.0006838147400939083	-179.9996623882476
3.019951720402016	0.0006703048689365972	-179.99966396413217
3.047894989627983	0.0006570726793150216	-179.99966539467206
3.076096814740708	0.0006441117269361743	-179.99966668206068
3.1045595881283554	0.0006314157519334573	-179.9996678282497
3.1332857243155856	0.0006189786718457572	-179.99966883497308
3.162277660168379	0.0006067945749540763	-179.9996697037681
3.1915378551007616	0.0005948577139523487	-179.99967043599312
3.2210687912834346	0.000583162499931502	-179.99967103284325
3.250872973854344	0.000571703496656626	-179.99967149536354
3.2809529311311905	0.0005604754151194317	-179.99967182446073
3.311311214825911	0.0005494731083490203	-179.99967202091307
3.3419504002611427	0.0005386915664653885	-179.99967208537896
3.372873086588689	0.0005281259119612056	-179.99967201840445
3.404081897010009	0.0005177713951984545	-179.99967182042954
3.4355794789987466	0.0005076233901075164	-179.99967149179372
3.4673685045253166	0.0004976773900769734	-179.99967103274068
3.499451670283573	0.00048792900402352593	-179.9996704434223
3.53183169791957	0.0004783739526318373	-179.99966972390231
3.5645113342624426	0.00046900806475493756	-179.99966887415897
3.5974933515574232	0.00045982727396653473	-179.99966789408765
3.630780547701014	0.00045082761525698495	-179.999666783503
3.664375746478333	0.00044200522186528003	-179.9996655421405
3.6982817978026628	0.0004333563222399978	-179.99966416965805
3.732501577957206	0.00042487723712235657	-179.99966266563703
3.767037989839089	0.00041656437674537114	-179.9996610295831
3.801893963205613	0.0004084142381429189	-179.99965926092705
3.8370724549227884	0.0004004234025634796	-179.99965735902506
3.8725764492161727	0.0003925885329831947	-179.99965532315915
3.908408957924021	0.0003849063717134732	-179.99965315253712
3.944573020752785	0.000377373738098497	-179.99965084629267
3.981071705534973	0.000369987526298409	-179.9996484034851
4.0179081084894	0.00036274470315405714	-179.99964582309914
4.055085354483839	0.00035564230612948584	-179.99964310404422
4.09260659730011	0.00034867744132861404	-179.99964024515427
4.130475019901614	0.00034184728158267476	-179.9996372451867
4.168693834703355	0.0003351490646051831	-179.99963410282197
4.207266283844442	0.0003285800912114436	-179.99963081666237
4.24619563946313	0.00032213772359975093	-179.9996273852313
4.285485203974396	0.00031581938369148614	-179.999623806972
4.325138310350088	0.0003096225515276493	-179.99962008024653
4.365158322401661	0.0003035447637193338	-179.99961620333426
4.405548635065534	0.0002975836119498942	-179.9996121744307
4.446312674691089	0.0002917367415265616	-179.99960799164595
4.487453899331323	0.0002860018499795204	-179.99960365300305
4.528975799036209	0.0002803766857064267	-179.99959915643646
4.570881896148752	0.0002748590466605374	-179.9995944997901
4.613175745603791	0.00026944677908065655	-179.99958968081552
4.655860935229586	0.0002641377762612659	-179.99958469716998
4.698941086052151	0.00025892997736118463	-179.99957954641425
4.742419852602444	0.0002538213662492805	-179.9995742260104
4.7863009232263805	0.0002488099703857723	-179.99956873331948
4.830588020397723	0.00024389385973774748	-179.99956306559912
4.875284901033861	0.0002390711457275864	-179.99955722000084
4.920395356814506	0.00023433998021304189	-179.99955119356733
4.965923214503357	0.00022969855449778262	-179.99954498322978
5.01187233627272	0.00022514509837126851	-179.9995385858046
5.058246620031137	0.0002206778791768616	-179.99953199799054
5.105049999754059	0.0002162952009071619	-179.99952521636524
5.152286445817562	0.00021199540332554788	-179.9995182373819
5.1999599653351565	0.00020777686111300703	-179.99951105736548
5.248074602497723	0.00020363798303932724	-179.99950367250912
5.296634438916575	0.0001995772111578113	-179.9994960788701
5.345643593969713	0.00019559302002267155	-179.99948827236554
5.395106225151273	0.00019168391592831702	-179.99948024876826
5.445026528424209	0.00018784843616978446	-179.99947200370204
5.495408738576242	0.00018408514832357677	-179.99946353263692
5.5462571295791046	0.0001803926495482389	-179.9994548308842
5.597576014951099	0.0001767695659039657	-179.9994458935911
5.649369748123022	0.00017321455169064384	-179.99943671573527
5.701642722807472	0.0001697262888037049	-179.99942729211915
5.754399373371567	0.00016630348610718066	-179.99941761736372
5.807644175213118	0.0001629448788234319	-179.9994076859023
5.861381645140285	0.0001596492279389929	-179.99939749197387
5.9156163417547365	0.00015641531962600302	-179.99938702961603
5.9703528658383656	0.00015324196467875157	-179.99937629265773
6.025595860743575	0.00015012799796483854	-179.99936527471158
6.081350012787176	0.00014707227789048993	-179.99935396916587
6.137620051647939	0.00014407368587959958	-179.9993423691759
6.194410750767812	0.000141131125866059	-179.99933046765534
6.251726927756856	0.00013824352379896877	-179.9993182572668
6.30957344480193	0.00013540982716033756	-179.99930573041198
6.367955209079155	0.00013262900449488953	-179.99929287922137
6.426877173170194	0.0001299000449516153	-179.99927969554355
6.486344335482381	0.00012722195783671306	-179.99926617093368
6.546361740672747	0.000124593772177578	-179.99925229664154
6.6069344800759575	0.00012201453629751848	-179.99923806359897
6.668067692136219	0.00011948331740088244	-179.99922346240658
6.729766562843175	0.00011699920116828217	-179.9992084833197
6.792036326171843	0.00011456129136163786	-179.99919311623384
6.854882264526613	0.00011216870943874548	-179.99917735066902
6.918309709189362	0.00010982059417709922	-179.99916117575336
6.9823240407717115	0.00010751610130671106	-179.99914458020615
7.046930689671467	0.00010525440315166111	-179.9991275523192
7.112135136533288	0.00010303468828014324	-179.99911007993802
7.177942912713615	0.00010085616116276435	-179.9990921504413
7.244359600749899	0.00009871804183886827	-179.9990737507195
7.311390834834173	0.00009661956559065996	-179.99905486715224
7.379042301291007	0.00009455998262492168	-179.9990354855843
7.447319739059888	0.00009253855776210797	-179.99901559130024
7.516228940182053	0.00009055457013262105	-179.99899516899757
7.585775750291836	0.00008860731288007473	-179.99897420275832
7.655966069112561	0.00008669609287135363	-179.9989526760188
7.726805850957022	0.00008482023041329346	-179.9989305715378
7.798301105232586	0.00008297905897579822	-179.99890787136255
7.870457896950985	0.00008117192492123414	-179.99888455679272
7.943282347242813	0.00007939818723992283	-179.99886060834234
8.01678063387679	0.0000776572172915857	-179.99883600569896
8.090958991783822	0.00007594839855257886	-179.99881072768065
8.165823713585922	0.00007427112636876825	-179.99878475218986
8.241381150130021	0.00007262480771390089	-179.99875805616455
8.317637711026709	0.00007100886095333404	-179.99873061552606
8.394599865193973	0.00006942271561298026	-179.9987024051234
8.472274141405963	0.00006786581215333853	-179.9986733986741
8.550667128846833	0.00006633760174848468	-179.99864356870077
8.629785477669701	0.00006483754606989329	-179.99861288646343
8.709635899560805	0.00006336511707497161	-179.99858132188737
8.790225168308842	0.00006191979680018736	-179.99854884348542
8.871560120379607	0.00006050107715867769	-179.9985154182755
8.953647655495937	0.00005910845974222679	-179.99848101169155
9.036494737223014	0.000057741455627506124	-179.99844558748845
9.120108393559097	0.000056399585186472006	-179.99840910763984
9.204495717531712	0.000055082377900818906	-179.99837153222825
9.289663867799362	0.00005378937218039168	-179.99833281932723
9.375620069258803	0.00005252011518545789	-179.99829292487436
9.462371613657929	0.000051274162652750776	-179.99825180253447
9.549925860214358	0.00005005107872518867	-179.9982094035521
9.638290236239705	0.00004885043578518629	-179.99816567659275
9.727472237769652	0.00004767181429146983	-179.99812056757082
9.817479430199844	0.00004651480261931437	-179.99807401946396
9.908319448927676	0.000045378996904121155	-179.9980259721121
10.	0.000044264000888257575	-179.9979763619997
10.092528860766844	0.00004316942577108202	-179.99792512201952
10.18591388054117	0.00004209489006207976	-179.9978721812164
10.280162981264736	0.00004104001943703717	-179.99781746450816
10.375284158180126	0.00004000444659718294	-179.99776089238276
10.471285480508996	0.00003898781113122927	-179.99770238056743
10.568175092136585	0.00003798975938024361	-179.99764183966846
10.665961212302578	0.00003700994430528804	-179.99757917477712
10.76465213629835	0.00003604802535776146	-179.99751428503924
10.864256236170656	0.000035103668352382904	-179.9974470631832
10.964781961431852	0.00003417654534275604	-179.99737739500273
11.066237839776663	0.000033266334499455434	-179.9973051587887
11.168632477805613	0.0000323727199905783	-179.99723022470374
11.271974561755105	0.000031495391864704886	-179.99715245409405
11.37627285823431	0.00003063404593621364	-179.9970716987292
11.481536214968829	0.000029788383672897933	-179.99698779996262
11.587773561551263	0.000028958112085832785	-179.99690058780166
11.694993910198711	0.00002814294362144061	-179.9968098798765
11.803206356517286	0.0000273425960557074	-179.99671548029468
11.912420080273739	0.000026556792390500536	-179.99661717836554
12.022644346174118	0.00002578526075194241	-179.99651474717814
12.133888504649763	0.000025027734290792957	-179.99640794201142
12.246161992650476	0.000024283951084797094	-179.99629649855413
12.359474334445094	0.00002355365404295339	-179.99618013090677
12.47383514242942	0.0000228365908116614	-179.99605852933354
12.589254117941662	0.00002213251368270601	-179.99593135772824
12.705741052085406	0.000021441179503038024	-179.99579825074923
12.823305826560205	0.000020762349586312052	-179.99565881057288
12.941958414499851	0.000020095789626141952	-179.99551260320465
13.061708881318404	0.000019441269611036807	-179.99535915427592
13.182567385564061	0.000018798563740980074	-179.99519794424043
13.304544179780901	0.000018167450345615546	-179.99502840286888
13.427649611378628	0.000017547711804005423	-179.9948499029181
13.551894123510351	0.00001693913446592526	-179.99466175282703
13.67728825595848	0.0000163415085746623	-179.99446318826065
13.803842646028839	0.000015754628191284078	-179.994253362284
13.931568029453022	0.000015178291120345096	-179.99403133389987
14.060475241299129	0.000014612298836999588	-179.9937960546237
14.190575216890911	0.00001405645641548973	-179.9935463526916
14.321878992735424	0.000013510572458978774	-179.99328091440057
14.454397707459265	0.000012974459030699512	-179.99299826195332
14.588142602753473	0.000012447931586388991	-179.99269672702042
14.723125024327178	0.000011930808907980984	-179.99237441902102
14.859356422870059	0.00001142291303852833	-179.99202918684887
14.996848355023726	0.000010924069218327878	-179.99165857240766
15.135612484362072	0.000010434105822221046	-179.99125975383419
15.275660582380716	9.952854298043738e-6	-179.99082947563778
15.417004529495584	9.480149106197333e-6	-179.99036396209618
15.559656316050734	9.015827660403854e-6	-179.98985880901836
15.703628043335515	8.559730269128728e-6	-179.98930884743157
15.848931924611126	8.111700078928575e-6	-179.9887079698287
15.995580286146678	7.671583017796967e-6	-179.98804890732563
16.143585568264854	7.239227740190124e-6	-179.98732293971347
16.292960326397214	6.814485572801648e-6	-179.98651951427914
16.443717232149307	6.3972104613238335e-6	-179.9856257377956
16.595869074375596	5.987258918146232e-6	-179.98462568959602
16.749428760264365	5.584489970969584e-6	-179.98349947763361
16.90440931643263	5.18876511231537e-6	-179.9822219178775
17.060823890031227	4.799948249912195e-6	-179.98076064919894
17.21868574986006	4.41790565794266e-6	-179.9790733806286
17.378008287493746	4.042505929136999e-6	-179.97710376639486
17.5388050184176	3.6736199277058946e-6	-179.97477503838647
17.701089583174202	3.3111207431146352e-6	-179.97197983191703
17.864875748520497	2.9548836447211243e-6	-179.9685632559256
18.03017740859568	2.6047860373424534e-6	-179.96429332320955
18.197008586099827	2.2607074179108424e-6	-179.95880616596529
18.365383433483455	1.9225293336186722e-6	-179.95149679649813
18.535316234148105	1.5901353426178094e-6	-179.9412797261512
18.706821403657997	1.2634109804873265e-6	-179.9259937438564
18.879913490962927	9.422437442015978e-7	-179.90063049342803
19.054607179632463	6.265231514944659e-7	-179.8503435896568
19.230917289101576	3.161413805847411e-7	-179.70298313603976
19.408858775927772	1.1105576663289075e-8	-171.5012571443015
19.58844673505989	2.8904946921525764e-7	-0.3258269715957963
19.769696401118598	5.840540274001455e-7	-0.1615000624703598
19.952623149688787	8.741405492951369e-7	-0.10807522057028211
20.137242498623873	1.159408071383324e-6	-0.08161442722227702
20.32357010936221	1.4399549883178635e-6	-0.06582100197692439
20.511621788255646	1.7158782769566307e-6	-0.05532884409278907
20.701413487910415	1.987273419814756e-6	-0.04785418164514343
20.892961308540386	2.25423441275687e-6	-0.04226033503737824
21.086281499332888	2.5168537908055473e-6	-0.03791786265020727
21.28139045982711	2.7752226590483574e-6	-0.03445001781055422
21.47830474130533	3.0294307251375854e-6	-0.03161750713859471
21.67704104819694	3.279566332233152e-6	-0.02926104457087533
21.87761623949552	3.525716491959719e-6	-0.02727049316233484
22.080047330188993	3.7679669172054838e-6	-0.0255672662155625
22.28435149270303	4.006402054692057e-6	-0.02409378503893389
22.490546058357804	4.241105117289684e-6	-0.022806899037369075
22.698648518838212	4.472158116073362e-6	-0.021673633095194583
22.908676527677724	4.699641892125829e-6	-0.02066835536391348
23.12064790175594	4.923636148099217e-6	-0.01977084114596512
23.33458062281002	5.144219479550733e-6	-0.018964918670526455
23.55049283896009	5.361469406069427e-6	-0.018237502461450318
23.76840286624876	5.575462402212832e-6	-0.017577890768741045
23.9883291901949	5.786273928273036e-6	-0.016977246569371954
24.210290467361776	5.9939784608928624e-6	-0.016428208515300798
24.434305526939713	6.198649523553391e-6	-0.015924595390583673
24.660393372343385	6.400359716954737e-6	-0.015461178866891334
24.888573182823905	6.599180749312994e-6	-0.015033506826627071
25.118864315095795	6.795183466596593e-6	-0.014637764595369088
25.351286304979073	6.988437882726385e-6	-0.014270664921677221
25.58585886905645	7.179013209764357e-6	-0.01392935998845634
25.82260190634596	7.366977888116876e-6	-0.013611370475214385
26.06153549998895	7.552399616779138e-6	-0.013314527937135279
26.302679918953814	7.735345383648559e-6	-0.013036927673117633
26.54605561975539	7.915881495935817e-6	-0.012776889921019977
26.791683248190314	8.094073610703425e-6	-0.01253292771298516
27.039583641088434	8.269986765562834e-6	-0.012303720094565837
27.289777828080403	8.443685409562438e-6	-0.012088089691926956
27.542287033381662	8.615233434300159e-6	-0.011884983825445195
27.797132677592884	8.784694205295739e-6	-0.011693458532628266
28.05433637951713	8.952130593659627e-6	-0.011512664990811064
28.31391995799379	9.117605008096763e-6	-0.011341837929599809
28.575905433749465	9.281179427285737e-6	-0.01118028570120662
28.84031503126606	9.442915432675429e-6	-0.011027381738613371
29.10717118066605	9.602874241743552e-6	-0.01088255718064954
29.376496519615305	9.761116741763824e-6	-0.010745294482377842
29.648313895243422	9.917703524130669e-6	-0.010615121860793775
29.92264636608189	0.000010072694919293282	-0.010491608451399626
30.19951720402016	0.000010226151032353465	-0.010374360071973019
30.4789498962798	0.00001037813177938479	-0.0102630155067945
30.76096814740705	0.000010528696924533879	-0.010157243238490415
31.045595881283525	0.000010677906117967882	-0.010056738566087155
31.332857243155825	0.000010825818934736473	-0.009961221057330565
31.62277660168376	0.000010972494914620097	-0.00987043229117621
31.91537855100758	0.000011117993603041112	-0.009784133852898388
32.21068791283432	0.000011262374593118771	-0.00970210554973726
32.50872973854341	0.000011405697568954267	-0.009624143819595523
32.80952931131187	0.000011548022350237409	-0.009550060309162941
33.11311214825908	0.000011689408938272433	-0.009479680601114171
33.41950400261139	0.000011829917563526605	-0.009412843072794054
33.72873086588685	0.000011969608734812512	-0.009349397871158472
34.040818970100055	0.000012108543290221777	-0.00928920599074584
34.35579478998743	0.000012246782449936463	-0.009232138443170232
34.67368504525313	0.000012384387871052668	-0.0091780755080988
34.994516702835696	0.000012521421704560333	-0.009126906056941182
35.318316979195664	0.00001265794665463341	-0.00907852694156924
35.64511334262439	0.000012794026040395441	-0.009032842441328305
35.9749335155742	0.000012929723860337421	-0.00898976376241784
36.3078054770101	0.000013065104859577899	-0.008949208584429344
36.64375746478329	0.000013200234600169043	-0.008911100649447298
36.98281797802659	0.000013335179534667659	-0.008875369389658862
37.32501577957203	0.000013470007083206768	-0.00884194958989049
37.670379898390856	0.000013604785714321141	-0.008810781081904485
38.01893963205609	0.000013739585029799873	-0.00878180846765355
38.370724549227845	0.000013874475853860337	-0.008754980869013662
38.72576449216169	0.000014009530326961049	-0.008730251701800694
39.08408957924017	0.000014144822004596405	-0.008707578472129699
39.44573020752781	0.000014280425961443852	-0.008686922593401246
39.81071705534969	0.000014416418901264385	-0.008668249222401178
40.17908108489396	0.00001455287927299027	-0.008651527113181227
40.55085354483835	0.000014689887393470188	-0.008636728487551423
40.92606597300105	0.000014827525577381775	-0.008623828921163281
41.304750199016105	0.000014965878274864883	-0.008612807244297725
41.68693834703351	0.000015105032217477028	-0.008603645456595366
42.07266283844438	0.000015245076573124749	-0.008596328655080995
42.46195639463126	0.000015386103110682632	-0.008590844974940353
42.85485203974392	0.000015528206375075396	-0.008587185542606804
43.251383103500835	0.000015671483873668583	-0.008585344440809831
43.65158322401656	0.00001581603627489091	-0.008585318685327335
44.0554863506553	0.000015961967620096883	-0.008587108213270783
44.46312674691084	0.000016109385549773034	-0.008590715882817263
44.87453899331318	0.000016258401545295684	-0.008596147484386365
45.28975799036204	0.000016409131187564635	-0.00860341176334399
45.708818961487474	0.000016561694433965755	-0.008612520454399877
46.13175745603791	0.000016716215915258936	-0.008623488327952768
46.55860935229586	0.000016872825254147073	-0.008636333248726839
46.98941086052151	0.00001703165740745938	-0.00865107624713731
47.42419852602443	0.000017192853034080124	-0.008667741603922143
47.8630092322638	0.000017356558890975293	-0.008686356948682989
48.30588020397723	0.00001752292825991682	-0.008706953373091946
48.7528490103386	0.00001769212140778105	-0.008729565559644135
49.20395356814506	0.00001786430608360895	-0.008754231926970463
49.65923214503358	0.000018039658055964247	-0.008780994792872261
50.118723362727195	0.000018218361694518843	-0.008809900556402114
50.58246620031137	0.000018400610600236625	-0.008840999900495543
51.0504999975406	0.000018586608289026586	-0.00887434801685829
51.52286445817562	0.000018776568934300175	-0.008910004855034164
51.99959965335157	0.000018970718174507124	-0.00894803539784939
52.48074602497723	0.000019169293992448708	-0.008988509965826046
52.966344389165755	0.000019372547673991444	-0.00903150455269735
53.45643593969714	0.000019580744854741564	-0.009077101196482223
53.95106225151273	0.00001979416666431069	-0.009125388388284052
54.450265284242086	0.000020013110979025218	-0.009176461523664288
54.95408738576243	0.000020237893795332196	-0.009230423400921974
55.462571295791044	0.000020468850737760245	-0.009287384771476774
55.97576014951099	0.000020706338717141965	-0.009347464948244129
56.49369748123023	0.000020950737756932644	-0.009410792478700398
57.01642722807472	0.00002120245300792001	-0.009477505890271536
57.543993733715666	0.000021461916974466848	-0.009547754516762104
58.07644175213118	0.000021729591978733372	-0.009621699415797335
58.61381645140285	0.00002200597289317256	-0.009699514388712051
59.15616341754737	0.000022291590176077558	-0.009781387116023485
59.70352865838366	0.000022587013250209282	-0.009867520423617028
60.255958607435744	0.000022892854270688325	-0.009958133697109831
60.81350012787176	0.000023209772335578573	-0.010053464464604495
61.37620051647939	0.000023538478201135344	-0.010153770171286181
61.94410750767812	0.000023879739573807082	-0.010259330173152437
62.51726927756855	0.000024234387063090698	-0.010370447981723338
63.0957344480193	0.000024603320893651333	-0.010487453796967458
63.67955209079155	0.000024987518492231723	-0.010610707372295834
64.26877173170195	0.000025388043085397864	-0.010740601263015888
64.86344335482381	0.000025806053468913416	-0.010877564519275422
65.46361740672747	0.000026242815139425265	-0.011022066895701173
66.06934480075958	0.000026699713015463298	-0.01117462366373702
66.68067692136219	0.000027178266019033627	-0.011335801129481977
67.29766562843174	0.00002768014384332577	-0.011506222980375933
67.92036326171844	0.000028207186298806815	-0.01168657760938207
68.54882264526613	0.000028761425712534134	-0.011877626596604322
69.18309709189363	0.000029345112958152083	-0.012080214567176046
69.82324040771712	0.00002996074782232172	-0.012295280692874357
70.46930689671467	0.000030611114574592925	-0.012523872166031024
71.12135136533288	0.000031299323811660414	-0.012767160051598643
71.77942912713615	0.000032028861906475	-0.013026458021589846
72.44359600749898	0.000032803649725178665	-0.013303244602119454
73.11390834834172	0.000033628112703823214	-0.01359918972586178
73.79042301291008	0.00003450726493447116	-0.013916186594072956
74.47319739059888	0.000035446810640908125	-0.014256390129227288
75.16228940182053	0.00003645326738957324	-0.01462226366518129
75.85775750291836	0.000037534116668345066	-0.01501663600954602
76.55966069112561	0.000038697989198164264	-0.015442771669482243
77.26805850957021	0.00003995489469816855	-0.015904457924907807
77.98301105232578	0.00004131650906366796	-0.016406113660510615
78.70457896950977	0.00004279653642159961	-0.016952926575408953
79.43282347242805	0.00004441116987551136	-0.01755102779488018
80.16780633876782	0.00004617968381835593	-0.01820771634455156
80.90958991783813	0.00004812520383502335	-0.01893175092870296
81.65823713585914	0.00005027571958231781	-0.01973373379368595
82.41381150130013	0.000052665435076479765	-0.02062662246412057
83.176377110267	0.00005533659522560342	-0.02162642196924927
83.94599865193965	0.000058341996812438726	-0.022753136466372115
84.72274141405954	0.00006174850308977038	-0.02403210121931202
85.50667128846823	0.00006564206337723963	-0.025495884951201715
86.29785477669692	0.00007013504731903326	-0.02718706942109602
87.09635899560797	0.00007537724271095532	-0.029162417441766217
87.90225168308834	0.00008157284579112759	-0.03149931195695372
88.71560120379598	0.00008900763383429435	-0.03430605406894993
89.53647655495928	0.00009809422937317258	-0.03773901754026138
90.36494737223005	0.00010945126318189763	-0.04203265045554736
91.20108393559087	0.00012405027840714053	-0.04755514984551983
92.04495717531702	0.0001435092538681583	-0.05491970297886271
92.89663867799354	0.00017073753562214672	-0.06522890767965352
93.75620069258792	0.00021154535283236767	-0.08068475751909496
94.6237161365792	0.00027945989321266846	-0.10641387328898559
95.4992586021435	0.0004149057569292652	-0.15773667470743363
96.38290236239695	0.0008181386832678223	-0.31054828014457786
97.2747223776964	0.06386198706306666	-24.987822242876756
98.17479430199833	0.0008233960324991006	-179.6884093055389
99.08319448927665	0.00040582212074781785	-179.84665649486297
99.9999999999999	0.00026772168035708914	-179.8989861951252