0.01000000000000001	0.01310974571519843	-0.19897338638570117
0.010092528860766855	0.01310980245936919	-0.20076170708637311
0.01018591388054118	0.013109860260075849	-0.2025665821132232
0.010280162981264745	0.013109919137010104	-0.20438816484471084
0.010375284158180138	0.01310997911023152	-0.2062266100842897
0.010471285480509006	0.013110040200174445	-0.20808207407376092
0.010568175092136596	0.013110102427655064	-0.20995471450675532
0.01066596121230259	0.013110165813878537	-0.2118446905423449
0.010764652136298361	0.013110230380446355	-0.21375216281878676
0.010864256236170667	0.013110296149363735	-0.2156772934673982
0.010964781961431863	0.013110363143047251	-0.2176202461265664
0.011066237839776675	0.013110431384332549	-0.21958118595589493
0.011168632477805623	0.01311050089648222	-0.22156027965048447
0.011271974561755117	0.013110571703193852	-0.22355769545535412
0.011376272858234322	0.013110643828608187	-0.22557360318000105
0.01148153621496884	0.013110717297317482	-0.22760817421310275
0.011587773561551273	0.013110792134374005	-0.2296615815373611
0.011694993910198724	0.01311086836529866	-0.2317339997444912
0.01180320635651731	0.013110946016089888	-0.23382560505035602
0.011912420080273762	0.013111025113232587	-0.23593657531024848
0.012022644346174144	0.01311110568370729	-0.23806709003432294
0.012133888504649786	0.013111187754999554	-0.24021733040317642
0.012246161992650502	0.013111271355109432	-0.24238747928358398
0.01235947433444512	0.0131113565125612	-0.24457772124438654
0.012473835142429446	0.01311144325641323	-0.2467882425725348
0.012589254117941687	0.013111531616268067	-0.2490192312892907
0.012705741052085433	0.013111621622282724	-0.25127087716658897
0.012823305826560232	0.013111713305179119	-0.2535433717435581
0.01294195841449987	0.013111806696254766	-0.2558369083432047
0.013061708881318424	0.01311190182739364	-0.2581516820892642
0.013182567385564082	0.013111998731077257	-0.2604878899232135
0.01330454417978092	0.01311209744039598	-0.2628457306214584
0.013427649611378649	0.01311219798906053	-0.2652254048126851
0.01355189412351037	0.013112300411413706	-0.26762711499538794
0.013677288255958502	0.013112404742442393	-0.27005106555557057
0.013803842646028859	0.013112511017789687	-0.27249746278462156
0.013931568029453043	0.013112619273767386	-0.2749665148973706
0.01406047524129915	0.01311272954736863	-0.2774584320503243
0.014190575216890933	0.01311284187628083	-0.279973426360083
0.014321878992735446	0.013112956298898809	-0.28251171192194524
0.014454397707459286	0.01311307285433824	-0.2850735048286959
0.014588142602753497	0.013113191582449338	-0.2876590231895863
0.014723125024327202	0.013113312523830781	-0.2902684871495025
0.014859356422870082	0.013113435719843957	-0.292902118908331
0.014996848355023748	0.013113561212627418	-0.29556014274051695
0.015135612484362095	0.01311368904511171	-0.2982427850148233
0.015275660582380739	0.013113819261034403	-0.3009502742142896
0.015417004529495607	0.013113951904955444	-0.30368284095639503
0.015559656316050758	0.013114087022272847	-0.30644071801342576
0.01570362804333554	0.01311422465923866	-0.3092241403330537
0.015848931924611148	0.013114364862975207	-0.3120333450591234
0.015995580286146702	0.013114507681491727	-0.31486857155265546
0.016143585568264878	0.013114653163701277	-0.31773006141306454
0.016292960326397238	0.013114801359438003	-0.32061805849959896
0.01644371723214933	0.013114952319474753	-0.3235328089530006
0.016595869074375623	0.013115106095540981	-0.3264745612173918
0.01674942876026439	0.013115262740341084	-0.3294435660623902
0.016904409316432657	0.013115422307573066	-0.33244007660545555
0.017060823890031253	0.013115584851947543	-0.33546434833446925
0.017218685749860088	0.01311575042920719	-0.3385166391305549
0.017378008287493772	0.013115919096146494	-0.34159720929113757
0.01753880501841763	0.01311609091063199	-0.34470632155324926
0.01770108958317423	0.013116265931622845	-0.3478442411170814
0.017864875748520526	0.013116444219191826	-0.35101123566978965
0.018030177408595707	0.013116625834546768	-0.3542075754095554
0.018197008586099853	0.013116810840052437	-0.3574335330699034
0.018365383433483484	0.01311699929925276	-0.36068938394428546
0.018535316234148135	0.013117191276893635	-0.36397540591092997
0.018706821403658026	0.013117386838946133	-0.3672918794579633
0.018879913490962956	0.013117586052630116	-0.37063908770880427
0.019054607179632494	0.013117788986438426	-0.3740173164478422
0.019230917289101597	0.013117995710161524	-0.37742685414639726
0.019408858775927792	0.013118206294912617	-0.38086799198896953
0.01958844673505991	0.013118420813153352	-0.3843410238997813
0.01976969640111862	0.01311863933871993	-0.3878462465696196
0.01995262314968881	0.013118861946849898	-0.39138395948298255
0.020137242498623895	0.013119088714209349	-0.39495446494553216
0.02032357010936223	0.013119319718920785	-0.3985580681118661
0.020511621788255666	0.01311955504059153	-0.4021950770136036
0.020701413487910436	0.013119794760342666	-0.40586580258780436
0.02089296130854041	0.013120038960838687	-0.4095705587057139
0.02108628149933291	0.013120287726317674	-0.41330966220185
0.021281390459827135	0.013120541142622151	-0.41708343290343447
0.021478304741305354	0.013120799297230548	-0.4208921936601756
0.02167704104819696	0.013121062279289374	-0.42473627037441075
0.02187761623949554	0.013121330179646055	-0.42861599203161377
0.022080047330189013	0.01312160309088241	-0.4325316907312777
0.022284351492703053	0.013121881107348948	-0.4364837017181814
0.022490546058357826	0.013122164325199786	-0.4404723634140426
0.022698648518838235	0.013122452842428401	-0.44449801744957446
0.022908676527677748	0.01312274675890408	-0.4485610086969486
0.023120647901755963	0.013123046176409218	-0.45266168530267725
0.023334580622810044	0.0131233511986774	-0.45680039872092465
0.023550492838960112	0.013123661931432284	-0.46097750374725555
0.023768402866248782	0.0131239784824274	-0.46519335855283694
0.02398832919019492	0.013124300961486757	-0.4694483247190996
0.0242102904673618	0.01312462948054639	-0.4737427672728758
0.02443430552693974	0.01312496415369682	-0.4780770547220228
0.024660393372343412	0.013125305097226448	-0.48245155909155174
0.02488857318282393	0.013125652429665943	-0.4868666559602682
0.025118864315095822	0.013126006271833638	-0.49132272449794545
0.025351286304979098	0.013126366746881906	-0.4958201475030495
0.02558585886905648	0.013126733980344649	-0.5003593114410223
0.025822601906345985	0.013127108100185891	-0.5049406064831571
0.026061535499988978	0.013127489236849423	-0.5095644265460676
0.026302679918953843	0.01312787752330966	-0.5142311693317901
0.026546055619755416	0.013128273095123702	-0.5189412363685255
0.026791683248190343	0.013128676090484574	-0.5236950330520538
0.027039583641088463	0.013129086650275776	-0.5284929686878421
0.027289777828080432	0.013129504918127106	-0.5333354565338762
0.02754228703338169	0.013129931040471898	-0.538222913844241
0.02779713267759291	0.01313036516660555	-0.5431557619134834
0.02805433637951716	0.013130807448745611	-0.5481344261217885
0.028313919957993816	0.013131258042093254	-0.5531593359810079
0.028575905433749497	0.013131717104896362	-0.5582309251815721
0.028840315031266085	0.013132184798514173	-0.563349631640336
0.02910717118066608	0.013132661287483565	-0.5685158975493947
0.029376496519615335	0.013133146739587116	-0.5737301694259207
0.029648313895243455	0.013133641325922823	-0.5789928981630746
0.02992264636608192	0.013134145220975786	-0.5843045390820382
0.030199517204020192	0.01313465860269171	-0.5896655519852423
0.03047894989627986	0.013135181652552426	-0.5950764012108385
0.03076096814740711	0.013135714555653493	-0.6005375556885036
0.031045595881283587	0.01313625750078387	-0.606049488996632
0.03133285724315589	0.013136810680507918	-0.6116126794210205
0.031622776601683826	0.013137374291249655	-0.6172276100151173
0.03191537855100765	0.013137948533379462	-0.6228947686619495
0.03221068791283438	0.01313853361130333	-0.6286146481378215
0.03250872973854347	0.013139129733554722	-0.6343877461779168
0.03280952931131194	0.013139737112889243	-0.6402145655439141
0.03311311214825915	0.013140355966382133	-0.6460956140937746
0.03341950400261146	0.013140986515528882	-0.6520314048538409
0.03372873086588692	0.01314162898634891	-0.6580224560934249
0.034040818970100126	0.013142283609492704	-0.6640692914020578
0.0343557947899875	0.013142950620352346	-0.6701724397696236
0.0346736850452532	0.013143630259175794	-0.676332435669576
0.034994516702835765	0.01314432277118502	-0.682549819145506
0.035318316979195734	0.01314502840669822	-0.6888251359013174
0.03564511334262446	0.013145747421256371	-0.6951589373953168
0.03597493351557427	0.013146480075754361	-0.7015517809385479
0.03630780547701017	0.013147226636576845	-0.7080042297977328
0.03664375746478335	0.013147987375739368	-0.7145168533032382
0.03698281797802665	0.013148762571034756	-0.7210902269625015
0.037325015779572084	0.013149552506185389	-0.7277249325794344
0.037670379898390914	0.013150357471001519	-0.734421558380352
0.038018939632056145	0.01315117776154612	-0.741180699147052
0.0383707245492279	0.013152013680306756	-0.7480029563577432
0.038725764492161745	0.013152865536374809	-0.7548889383365877
0.03908408957924023	0.013153733645632685	-0.7618392604127379
0.03944573020752787	0.01315461833094954	-0.7688545450898269
0.039810717055349755	0.013155519922386155	-0.7759354222270182
0.04017908108489402	0.013156438757409575	-0.7830825292328222
0.040550853544838415	0.01315737518111842	-0.7902965112730799
0.040926065973001115	0.013158329546479457	-0.7975780214946471
0.041304750199016166	0.013159302214576639	-0.8049277212665549
0.04168693834703357	0.01316029355487326	-0.8123462804406131
0.04207266283844444	0.013161303945488735	-0.8198343776337156
0.04246195639463132	0.013162333773490867	-0.8273927005343954
0.042854852039743985	0.013163383435205235	-0.8350219462365189
0.04325138310350091	0.013164453336543057	-0.842722821603431
0.04365158322401663	0.013165543893349306	-0.8504960436662956
0.044055486350655364	0.013166655531772932	-0.8583423400609397
0.04446312674691091	0.01316778868866128	-0.8662624495081206
0.04487453899331325	0.013168943811981056	-0.8742571223428343
0.04528975799036211	0.013170121361268517	-0.8823271210991802
0.04570881896148754	0.013171321808111782	-0.8904732211582103
0.04613175745603798	0.013172545636668623	-0.8986962114673921
0.04655860935229591	0.013173793344223464	-0.9069968953416357
0.04698941086052156	0.013175065441787835	-0.9153760913574197
0.04742419852602448	0.013176362454749034	-0.923834634353418
0.04786300923226385	0.013177684923572384	-0.9323733765532324
0.04830588020397728	0.013179033404563318	-0.9409931888284396
0.04875284901033865	0.013180408470696098	-0.9496949621232578
0.04920395356814511	0.013181810712517325	-0.9584796090658262
0.04965923214503363	0.013183240739133142	-0.9673480657954969
0.05011872336272725	0.013184699179290564	-0.9763012940408069
0.05058246620031143	0.013186186682564865	-0.9853402834891392
0.051050499997540646	0.013187703920666616	-0.994466054496725
0.05152286445817567	0.013189251588884092	-1.003679661196863
0.05199959965335162	0.013190830407679223	-1.0129821950754518
0.052480746024977286	0.013192441124457912	-1.022374789096576
0.05296634438916581	0.013194084515539115	-1.0318586224775583
0.05345643593969719	0.013195761388350597	-1.0414349262333544
0.05395106225151279	0.013197472583884267	-1.0511049896353566
0.05445026528424214	0.01319921897944908	-1.060870167760822
0.05495408738576248	0.013201001491765908	-1.0707318903478231
0.0554625712957911	0.013202821080456558	-1.0806916722188298
0.05597576014951104	0.013204678751987586	-1.090751125596467
0.05649369748123028	0.013206575564140564	-1.1009119747109886
0.05701642722807478	0.013208512631092604	-1.111176073195182
0.05754399373371572	0.01321049112920581	-1.1215454248845707
0.05807644175213124	0.013212512303641774	-1.1320222087969032
0.05861381645140291	0.013214577475937616	-1.1426088092654043
0.05915616341754743	0.013216688052704071	-1.1533078524592388
0.05970352865838372	0.013218845535633883	-1.1641222508610942
0.06025595860743581	0.0132210515330405	-1.1750552577114646
0.060813500127871824	0.013223307773183049	-1.1861105340074622
0.061376200516479455	0.013225616119672205	-1.1972922314091916
0.06194410750767818	0.01322797858929221	-1.2086050954260485
0.06251726927756862	0.013230397372611627	-1.2200545946222987
0.06309573444801936	0.013232874857783513	-1.2316470834268596
0.06367955209079162	0.013235413657939298	-1.2433900086412948
0.064268771731702	0.013238016642537216	-1.2552921731743276
0.06486344335482389	0.013240686972891987	-1.2673640752634916
0.06546361740672754	0.013243428141814931	-1.2796183480071281
0.06606934480075964	0.013246244016704675	-1.2920703331831296
0.06668067692136226	0.013249138884326283	-1.3047388361583256
0.06729766562843183	0.013252117493515457	-1.3176471267252008
0.0679203632617185	0.013255185088467828	-1.3308242760644442
0.0685488226452662	0.013258347418932517	-1.3443069555613465
0.0691830970918937	0.013261610702418207	-1.3581418724134964
0.06982324040771719	0.01326498149369623	-1.3723890834478454
0.07046930689671474	0.01326846638177934	-1.387126513830134
0.07112135136533296	0.013272071372331554	-1.4024561045909238
0.07177942912713622	0.013275800703402929	-1.4185120905006965
0.07244359600749906	0.013279654649448575	-1.4354718700971651
0.0731139083483418	0.013283625538124849	-1.4535695095825147
0.07379042301291015	0.013287690667558172	-1.473110467366217
0.07447319739059896	0.013291800042980771	-1.4944821207719048
0.07516228940182061	0.013295856107854508	-1.518144963659644
0.07585775750291844	0.01329968322468031	-1.5445686749853251
0.07655966069112569	0.013302990723719127	-1.5740422065039776
0.07726805850957029	0.01330535405142493	-1.6062581057639613
0.07798301105232593	0.013306281361089084	-1.6396533282033032
0.07870457896950993	0.01330546057310984	-1.6708963326510857
0.07943282347242822	0.013303151314656926	-1.695546169302575
0.08016780633876798	0.013300343297660963	-1.7104626773047622
0.0809095899178383	0.013298293729193477	-1.7160893783753413
0.0816582371358593	0.013297811086490792	-1.7159216098064456
0.0824138115013003	0.013299013279194558	-1.7139498930566806
0.08317637711026717	0.013301590759230816	-1.712883938125063
0.08394599865193982	0.013305134322049538	-1.7139582301487424
0.08472274141405972	0.013309302789416187	-1.7174506720578664
0.08550667128846841	0.013313859544457816	-1.723188741574542
0.0862978547766971	0.013318655361170295	-1.7308506512318447
0.08709635899560814	0.013323601408703823	-1.7401050079587161
0.08790225168308852	0.013328647183652155	-1.75066229795943
0.08871560120379617	0.013333765488848084	-1.7622864204014554
0.08953647655495947	0.01333894297006994	-1.7747908162293442
0.09036494737223023	0.013344174365299343	-1.7880300915198544
0.09120108393559107	0.013349459069290897	-1.8018914410664926
0.09204495717531722	0.013354799098565623	-1.8162872932089547
0.09289663867799372	0.013360197892639406	-1.8311494392496188
0.09375620069258811	0.01336565961249579	-1.846424501218681
0.09462371613657934	0.013371188734628442	-1.8620704859800057
0.09549925860214364	0.013376789820885629	-1.8780541804103106
0.0963829023623971	0.013382467392833261	-1.8943491831748933
0.09727472237769656	0.013388225868049657	-1.9109344134437818
0.09817479430199849	0.013394069532811663	-1.9277929757604646
0.09908319448927681	0.013400002535813985	-1.9449112910686233
0.10000000000000005	0.013406028893681194	-1.9622784272817748
0.10092528860766849	0.013412152502729507	-1.9798855801564912
0.10185913880541175	0.013418377153678517	-1.9977256680137385
0.10280162981264741	0.013424706547379732	-2.0157930132208324
0.10375284158180131	0.013431144310460085	-2.0340830902121514
0.10471285480509002	0.013437694010284133	-2.0525923248690074
0.1056817509213659	0.013444359168942837	-2.0713179337971335
0.10665961212302584	0.013451143276158211	-2.0902577947946828
0.10764652136298355	0.013458049801097221	-2.109410341854892
0.10864256236170661	0.013465082203147589	-2.1287744795844783
0.10964781961431856	0.013472243941736862	-2.148349513076356
0.1106623783977667	0.013479538485289292	-2.168135090153128
0.11168632477805618	0.01348696931941757	-2.188131153566602
0.1127197456175511	0.013494539954443198	-2.2083379012519524
0.11376272858234315	0.013502253932333386	-2.228755753130854
0.11481536214968835	0.01351011483313481	-2.2493853232649776
0.11587773561551268	0.013518126280976976	-2.2702273964007467
0.11694993910198717	0.013526291949709973	-2.291282908133991
0.11803206356517304	0.01353461556823476	-2.3125529280711863
0.11912420080273756	0.013543100925577313	-2.3340386454812423
0.12022644346174137	0.01355175187575228	-2.3557413570249985
0.1213388850464978	0.013560572342456879	-2.3776624562244444
0.12246161992650495	0.013569566323630888	-2.3998034243934026
0.12359474334445113	0.013578737895915323	-2.4221658227999927
0.12473835142429439	0.013588091219038359	-2.4447512858702174
0.1258925411794168	0.013597630540154932	-2.4675615152740846
0.12705741052085426	0.013607360198163488	-2.490598274761489
0.12823305826560225	0.013617284628021553	-2.513863385636715
0.1294195841449987	0.013627408365080062	-2.537358722777668
0.13061708881318423	0.013637736049454896	-2.5610862111207253
0.1318256738556408	0.013648272430452883	-2.5850478225439084
0.13304544179780922	0.013659022371068811	-2.6092455730911444
0.13427649611378642	0.013669990852568816	-2.633681520488719
0.13551894123510363	0.013681182979175395	-2.6583577619119
0.13677288255958495	0.013692603982868574	-2.6832764319655915
0.13803842646028852	0.013704259228317636	-2.7084397008477725
0.13931568029453034	0.013716154217957644	-2.733849772668566
0.14060475241299142	0.013728294597224956	-2.7595088839013004
0.14190575216890927	0.013740686159966053	-2.785419301944844
0.1432187899273544	0.013753334854034328	-2.811583323778992
0.1445439770745928	0.013766246787089409	-2.8380032746968418
0.1458814260275349	0.013779428232614582	-2.8646815070998395
0.14723125024327194	0.013792885636167741	-2.8916203993427647
0.14859356422870074	0.013806625621882437	-2.9188223546172094
0.1499684835502374	0.013820654999235927	-2.946289799863245
0.15135612484362088	0.013834980770102168	-2.9740251846999226
0.15275660582380732	0.01384961013610829	-3.0020309803660683
0.154170045294956	0.013864550506314452	-3.0303096786635795
0.1555965631605075	0.013879809505237789	-3.0588637908960012
0.15703628043335532	0.013895394981242527	-3.087695846795709
0.15848931924611143	0.013911315015319583	-3.1168083934334865
0.15995580286146696	0.013927577930280733	-3.1462039941046984
0.1614358556826487	0.013944192300393359	-3.175885227186602
0.1629296032639723	0.013961166961484542	-3.205854684961662
0.16443717232149324	0.013978511021544274	-3.236114972402046
0.16595869074375613	0.01399623387186018	-3.26666870591069
0.16749428760264382	0.014014345198718157	-3.297518512014697
0.1690440931643265	0.014032854995706303	-3.3286670260069084
0.17060823890031243	0.014051773576661422	-3.36011689053192
0.17218685749860077	0.014071111589301194	-3.391870754112903
0.17378008287493762	0.01409088002958791	-3.4239312696160242
0.1753880501841762	0.014111090256873184	-3.456301092649354
0.1770108958317422	0.01413175400987711	-3.4889828798937104
0.17864875748520517	0.014152883423559625	-3.521979287363009
0.180301774085957	0.01417449104694613	-3.55529296859223
0.18197008586099844	0.014196589861974876	-3.588926572751572
0.18365383433483473	0.014219193303439005	-3.6228827426858183
0.18535316234148125	0.014242315280102355	-3.6571641128785934
0.18706821403658017	0.014265970197074616	-3.6917733073418817
0.18879913490962946	0.014290172979539256	-3.726712937431981
0.19054607179632482	0.014314939097935275	-3.7619855995940017
0.19230917289101596	0.014340284594703188	-3.7975938730380787
0.19408858775927793	0.014366226112715388	-3.8335403173517273
0.19588446735059908	0.01439278092552197	-3.8698274700541893
0.1976969640111862	0.014419966969555291	-3.9064578441003355
0.19952623149688808	0.014447802878449812	-3.94343392534345
0.20137242498623895	0.014476308019648835	-3.9807581699686283
0.2032357010936223	0.01450550253348631	-4.018433001910856
0.20511621788255666	0.014535407374949887	-4.056460810274883
0.20701413487910436	0.014566044358352646	-4.094843946777356
0.2089296130854041	0.014597436205163065	-4.133584723235405
0.2108628149933291	0.014629606595269065	-4.172685409130509
0.21281390459827135	0.014662580221980234	-4.212148229281404
0.21478304741305343	0.014696382851104837	-4.2519753616658
0.21677041048196952	0.014731041384474175	-4.292168935437348
0.2187761623949553	0.014766583928327987	-4.332731029192037
0.22080047330189004	0.014803039867020302	-4.373663669547321
0.22284351492703042	0.0148404399425575	-4.414968830107338
0.22490546058357816	0.014878816340539256	-4.4566484308996595
0.22698648518838224	0.014918202783140095	-4.498704338382566
0.22908676527677735	0.014958634629845834	-4.541138366137755
0.23120647901755953	0.0150001489867461	-4.583952276381531
0.23334580622810033	0.015042784825284058	-4.6271477824487945
0.23550492838960102	0.015086583111478976	-4.670726552428505
0.23768402866248772	0.015131586946768695	-4.714690214157771
0.2398832919019491	0.015177841721771234	-4.759040361814681
0.2421029046736179	0.015225395284440621	-4.803778564388382
0.24434305526939726	0.015274298124295725	-4.848906376349759
0.246603933723434	0.015324603574639464	-4.8944253508984215
0.24888573182823917	0.01537636803496273	-4.940337056222848
0.25118864315095807	0.015429651216054444	-4.986643095282884
0.2535128630497908	0.015484516410722422	-5.033345129707978
0.25585858869056466	0.01554103079348455	-5.080444908505143
0.2582260190634597	0.01559926575312911	-5.1279443023883235
0.26061535499988964	0.015659297262687322	-5.1758453446818375
0.2630267991895383	0.015721206292133232	-5.224150279917401
0.26546055619755404	0.01578507927005796	-5.272861621444401
0.2679168324819033	0.015851008601694232	-5.32198221961243
0.2703958364108845	0.015919093252045862	-5.371515342373469
0.2728977782808042	0.015989439404568997	-5.421464770499245
0.27542287033381674	0.016062161207946946	-5.471834910031327
0.277971326775929	0.01613738162611122	-5.522630925095257
0.2805433637951715	0.016215233409946267	-5.5738588948376355
0.28313919957993805	0.016295860213284327	-5.625525999015062
0.2857590543374948	0.016379417881146024	-5.677640737712194
0.2884031503126607	0.01646607594512133	-5.730213191838153
0.29107171180666064	0.01655601936990529	-5.783255332504894
0.2937649651961532	0.016649450607156707	-5.8367813892003975
0.2964831389524344	0.016746592029302797	-5.890808288926803
0.29922646366081906	0.01684768883858825	-5.945356181293458
0.30199517204020176	0.016953012578532548	-6.0004490680774865
0.30478949896279844	0.017062865420745248	-6.056115560153738
0.307609681474071	0.0171775854674788	-6.112389790132728
0.3104559588128357	0.01729755341240799	-6.16931251569158
0.3133285724315587	0.01742320106163501	-6.226932456517498
0.3162277660168381	0.01755502247495343	-6.285307916823131
0.31915378551007634	0.01769358892153662	-6.344508754714963
0.3221068791283436	0.01783956960760015	-6.404618767019834
0.32508729738543457	0.017993761544868345	-6.465738557936436
0.3280952931131192	0.018157134691207485	-6.527988939373501
0.3311311214825913	0.018330904272113237	-6.5915148421362275
0.33419504002611444	0.018516655252776112	-6.656489542455532
0.3372873086588691	0.018716576367608158	-6.723118629301455
0.34040818970100106	0.01893395167694931	-6.791642545608775
0.34355794789987465	0.019174352057837976	-6.862337338896484
0.34673685045253166	0.019449150933860487	-6.935534274927982
0.3499451670283573	0.019789539107111932	-7.0119634224668435
0.353183169791957	0.02034590114357655	-7.100383154114371
0.35645113342624424	0.016053553667709334	-67.60820304775301
0.3597493351557423	0.01981557600269537	-7.3786068415610995
0.36307805477010135	0.02043619884573935	-7.434463202299147
0.36643757464783333	0.020914454114775844	-7.540335037647798
0.3698281797802663	0.021394402930195046	-7.670075383087844
0.3732501577957206	0.0219156601475915	-7.825310648280252
0.37670379898390893	0.022504430075187272	-8.014267591064613
0.38018939632056126	0.023189327481232813	-8.251631396318151
0.38370724549227886	0.024009698049178005	-8.562644198842552
0.3872576449216173	0.02502655203357314	-8.993332837896713
0.3908408957924021	0.02634515032276629	-9.641256664781913
0.39445730207527846	0.028164115977837696	-10.906032565133547
0.3981071705534973	0.030389021360110884	-12.108865511017601
0.40179081084894	0.034596709125276764	-15.345758232892784
0.40550853544838394	0.042000718571758515	-23.349684602267423
0.40926065973001097	0.05294360572439035	-48.367849075963456
0.41304750199016144	0.03397098693544176	-93.60869913797114
0.4168693834703355	0.01258419544925992	-88.1667592300715
0.4207266283844442	0.009531201056053424	-45.61610777851477
0.424619563946313	0.011708284960772395	-25.04070384822437
0.4285485203974396	0.013893034519970138	-17.765326432321643
0.43251383103500884	0.015665448278455382	-14.609549446673565
0.4365158322401661	0.017149903453996366	-13.014923416545924
0.44055486350655343	0.018471322668312376	-12.139982614719989
0.4446312674691088	0.019728690872414356	-11.651986192816825
0.4487453899331323	0.021015638920669277	-11.405632033453657
0.4528975799036209	0.02245389032601428	-11.345818328858838
0.4570881896148752	0.02426833707430861	-11.496676498913388
0.46131757456037953	0.02704980973163995	-12.078818282728445
0.4655860935229591	0.033301121543777686	-14.542969825746876
0.4698941086052156	0.06758614735145575	-55.51248498071767
0.4742419852602448	0.009510612819513384	-39.680828818624235
0.47863009232263853	0.01643680001535566	-15.878316998533764
0.48305880203977286	0.01963210391255858	-13.731045494408075
0.4875284901033865	0.02165715881231069	-13.301679557415108
0.4920395356814511	0.02324356799419203	-13.325695768244577
0.49659232145033627	0.02464318729396684	-13.549985613520345
0.5011872336272725	0.025969097680728127	-13.899169560415725
0.5058246620031143	0.02728316645995017	-14.347823565783994
0.5105049999754064	0.02862545937551919	-14.889433063384727
0.5152286445817567	0.030026177280145512	-15.526749357691896
0.5199959965335162	0.031511286402110594	-16.26845826927496
0.5248074602497729	0.0331055618200501	-17.128177355129665
0.5296634438916581	0.03483446073051412	-18.12454167438913
0.5345643593969719	0.036725400109515124	-19.281975462810696
0.5395106225151278	0.038808634049471415	-20.632055482730532
0.5445026528424215	0.04111767382638217	-22.215508578684066
0.5495408738576248	0.04368890539096138	-24.084948245917257
0.5546257129579107	0.04655958884458819	-26.308443239087165
0.5597576014951101	0.04976257310358668	-28.973842876093578
0.5649369748123025	0.05331455238011419	-32.193232818011396
0.5701642722807475	0.057192342669485016	-36.10545982778161
0.5754399373371569	0.06128922621677013	-40.87142463004048
0.580764417521312	0.06534541870742538	-46.65079742284205
0.5861381645140288	0.06886694063460153	-53.541512818703076
0.591561634175474	0.07110649701669924	-61.46691879752664
0.5970352865838369	0.0712535715969704	-70.0383849366124
0.6025595860743578	0.06889616984514978	-78.50738246723553
0.6081350012787179	0.06444691656741573	-85.93285831316688
0.6137620051647943	0.05908951315236923	-91.51152646816743
0.6194410750767815	0.05443020100339268	-94.94317450648443
0.6251726927756859	0.05268833644132659	-97.44495917085085
0.6309573444801934	0.0568652658150021	-109.3388375470104
0.6367955209079159	0.023999622006023534	-161.96032610524537
0.6426877173170198	0.04405338316027347	-37.59830294013678
0.6486344335482385	0.055561940557741905	-85.96517226096013
0.654636174067275	0.0482627861649949	-94.56806695494666
0.6606934480075961	0.046780013322862905	-95.69798231676135
0.6668067692136223	0.04679819677980165	-98.48267412019183
0.6729766562843178	0.04753064830975876	-101.76760952951342
0.6792036326171846	0.04807416757649204	-105.9615241533819
0.6854882264526617	0.0480401906567689	-110.74425657485945
0.6918309709189366	0.04731569222886762	-115.74170223173942
0.6982324040771715	0.04597092069149352	-120.64505372216546
0.7046930689671471	0.044169206538771925	-125.24803498887059
0.7112135136533292	0.042091800670678005	-129.4421354272598
0.7177942912713619	0.03989351992437933	-133.19225026847965
0.7244359600749902	0.03768728100773913	-136.509311930857
0.7311390834834176	0.03554608573680604	-139.42836775242574
0.7379042301291011	0.03351184388593115	-141.99403692340258
0.7447319739059892	0.0316048846044272	-144.25211549095204
0.7516228940182057	0.029831712924996024	-146.2453489578981
0.758577575029184	0.028190566647361325	-148.0116949836599
0.7655966069112565	0.026675107352347998	-149.58393407563028
0.7726805850957026	0.025276748612493512	-150.98993748373795
0.7798301105232589	0.023986063577139196	-152.253206951715
0.7870457896950989	0.022793599198347177	-153.3934860416281
0.7943282347242817	0.021690319859958687	-154.4273473152363
0.8016780633876793	0.020667824074882667	-155.36871549377355
0.8090958991783825	0.01971841758328146	-156.22931383488358
0.8165823713585927	0.01883500526305687	-157.01901300070764
0.8241381150130026	0.018014284323538826	-157.7460944603712
0.8317637711026713	0.017243979783989585	-158.41835375685977
0.8394599865193977	0.016524527275658615	-159.04107889862664
0.8472274141405968	0.01585016504787447	-159.61979003626848
0.8550667128846836	0.015216862203957826	-160.15897098095618
0.8629785477669706	0.014621060955876992	-160.6624849136326
0.870963589956081	0.01405958575561065	-161.13366943041956
0.8790225168308847	0.01352959220504729	-161.5754137036674
0.8871560120379608	0.013028526065237073	-161.99022187056812
0.8953647655495938	0.012554088099010288	-162.38026507616468
0.9036494737223014	0.01210420344662834	-162.74742407201438
0.9120108393559097	0.011676994816984488	-163.0933238593871
0.9204495717531712	0.01127075894841791	-163.41936151829734
0.9289663867799363	0.010883945871935892	-163.7267280632002
0.9375620069258802	0.010515140561351125	-164.01642489570534
0.946237161365793	0.010163046594372779	-164.2892751660973
0.9549925860214359	0.009826471478758434	-164.5459300883547
0.9638290236239705	0.0095043133176006	-164.78686995245934
0.9727472237769651	0.009195548495663014	-165.01239920890873
0.9817479430199844	0.008899220061092622	-165.22263451387664
0.9908319448927676	0.008614426448599404	-165.41748394330378
1.	0.008340310132975953	-165.59661458875755
1.0092528860766845	0.008076045702044662	-165.75940423617885
1.0185913880541169	0.007820826673321098	-165.90487045802124
1.0280162981264735	0.007573850111063903	-166.03156661757413
1.0375284158180127	0.007334297664938339	-166.13742789843488
1.0471285480508996	0.007101310933733068	-166.219539477553
1.0568175092136585	0.0068739578501666255	-166.27377934174558
1.066596121230258	0.006651184699348848	-166.2942518064503
1.076465213629835	0.006431744680259354	-166.2723569339466
1.0864256236170655	0.006214087118708824	-166.19519575642283
1.096478196143185	0.005996178516298183	-166.0426942085316
1.1066237839776665	0.005775201268892725	-165.78208392723323
1.1168632477805611	0.005547025271163523	-165.35646440644595
1.1271974561755105	0.005305250299322399	-164.65867834498334
1.1376272858234309	0.005039484320842786	-163.46360559266347
1.1481536214968828	0.00473294692506395	-161.2204712447406
1.1587773561551262	0.00436859899455222	-156.25662928541806
1.1694993910198712	0.0041057964888293694	-142.18957120089053
1.1803206356517297	0.006935804982999945	-120.57650269294558
1.191242008027375	0.009329440061398143	-161.34038152339238
1.2022644346174132	0.006986226166912809	-171.78966660921802
1.2133888504649775	0.006056800285860273	-172.8483305397067
1.224616199265049	0.005557974364809187	-172.83524955484012
1.2359474334445106	0.00522380164733945	-172.66824405144445
1.2473835142429432	0.004968986064337866	-172.50062789932076
1.2589254117941675	0.004758663601921788	-172.35833151931337
1.270574105208542	0.004576010594035208	-172.2406956121186
1.2823305826560218	0.00441186671316931	-172.1414600877886
1.2941958414499863	0.0042607410982967095	-172.0535995228192
1.3061708881318417	0.004119050023680531	-171.97023677212454
1.3182567385564075	0.003984247099182987	-171.88446412839065
1.3304544179780915	0.003854344475128116	-171.78875441361518
1.3427649611378643	0.003727610783764404	-171.67403591966848
1.3551894123510364	0.003602338349397138	-171.52822359321272
1.3677288255958495	0.003476608310009004	-171.33366976254501
1.3803842646028852	0.0033479793788978086	-171.06230037960782
1.3931568029453034	0.003212981469171482	-170.6653870839391
1.4060475241299142	0.0030661716118493354	-170.0495003181454
1.4190575216890926	0.0028982009572925097	-169.0113911474858
1.432187899273544	0.0026916948529632024	-167.02416184043562
1.4454397707459279	0.0024149626581020916	-162.31016405782484
1.4588142602753489	0.002091602762308675	-146.18774956577604
1.4723125024327193	0.003877920304809057	-112.27426633597908
1.4859356422870074	0.005841198098536582	-161.00499579792645
1.499684835502374	0.0043271956636859055	-172.90067452919217
1.5135612484362087	0.003746927751846909	-174.64220699053428
1.5275660582380732	0.0034396193941261437	-175.02012618449268
1.54170045294956	0.0032372613044537885	-175.0988719071621
1.555965631605075	0.003085906341625703	-175.09919709826923
1.5703628043335531	0.0029633970872016777	-175.08108914195878
1.584893192461114	0.0028590223891559424	-175.0629665068612
1.5995580286146696	0.0027669788653799615	-175.05044813803335
1.6143585568264869	0.0026838452999105532	-175.04481856862344
1.629296032639723	0.0026074687839736724	-175.04585666602415
1.6443717232149324	0.0025364218648861268	-175.05285807466188
1.6595869074375613	0.0024697165132941505	-175.06501809933937
1.6749428760264382	0.0024066436600060264	-175.08157243664672
1.690440931643265	0.002346678417255908	-175.10184267048356
1.7060823890031243	0.002289421628982445	-175.1252441250027
1.7218685749860079	0.002234562478073762	-175.1512795231045
1.7378008287493762	0.0021818537962854222	-175.17952814668956
1.753880501841762	0.0021310953061586943	-175.20963444983624
1.770108958317422	0.0020821219674190612	-175.24129762621024
1.7864875748520517	0.0020347956965834	-175.2742625865204
1.803017740859568	0.0019889993688422115	-175.30831236870014
1.8197008586099825	0.0019446323969948712	-175.3432618397276
1.8365383433483455	0.0019016074210052953	-175.37895250151817
1.8535316234148105	0.0018598477932547572	-175.41524821578017
1.8706821403657996	0.0018192856428556844	-175.45203168340478
1.8879913490962925	0.0017798603674459177	-175.48920153932673
1.9054607179632463	0.0017415174447398868	-175.5266699481904
1.9230917289101574	0.0017042074861793681	-175.56436060753938
1.9408858775927773	0.001667885475958695	-175.60220708315444
1.958844673505989	0.001632510153481366	-175.64015141580938
1.97696964011186	0.0015980435078819448	-175.678142950529
1.9952623149688788	0.0015644503609085953	-175.71613734890337
2.0137242498623875	0.0015316980200745206	-175.75409575257694
2.032357010936221	0.0014997559881426074	-175.79198407207147
2.0511621788255647	0.0014685957181157728	-175.82977237992657
2.0701413487910414	0.0014381904052516267	-175.86743439100607
2.0892961308540388	0.001408514809406746	-175.90494701591828
2.108628149933289	0.001379545102387597	-175.94228997599595
2.1281390459827114	0.001351258736046727	-175.97944547029738
2.147830474130533	0.0013236343276903466	-176.01639788672634
2.167704104819694	0.0012966515600130765	-176.05313355069646
2.1877616239495516	0.0012702910932889785	-176.08964050585467
2.208004733018899	0.0012445344879562625	-176.12590832226618
2.228435149270303	0.0012193641360596752	-176.1619279281971
2.2490546058357803	0.0011947632002773686	-176.197691462235
2.2698648518838214	0.0011707155594716954	-176.23319214298877
2.2908676527677723	0.0011472057598762566	-176.26842415402524
2.312064790175594	0.001124218971172904	-176.30338254204807
2.333458062281002	0.001101740946828464	-176.33806312661451
2.355049283896009	0.0010797579881567053	-176.37246241993037
2.376840286624876	0.0010582569116504934	-176.40657755546883
2.39883291901949	0.001037225019195089	-176.44040622433266
2.4210290467361775	0.001016650070828786	-176.47394661842685
2.4434305526939712	0.0009965202597634047	-176.50719737963306
2.4660393372343385	0.00097682418941615	-176.54015755428514
2.48885731828239	0.0009575508522373516	-176.57282655233487
2.5118864315095797	0.0009386896101465672	-176.60520411067588
2.535128630497907	0.0009202301764133481	-176.63729026016068
2.5585858869056453	0.0009021625988393204	-176.6690852959034
2.582260190634596	0.0008844772441156767	-176.7005897505103
2.6061535499988953	0.0008671647832451376	-176.73180436992385
2.6302679918953813	0.000850216177930391	-176.7627300916036
2.654605561975539	0.0008336226678421795	-176.7933680247982
2.6791683248190314	0.0008173757586899182	-176.82371943269362
2.703958364108843	0.0008014672110261285	-176.85378571624472
2.7289777828080406	0.0007858890297233554	-176.8835683995208
2.7542287033381663	0.000770633454068655	-176.91306911641382
2.7797132677592886	0.0007556929484263792	-176.94228959857438
2.805433637951713	0.000741060193424934	-176.97123166445607
2.831391995799379	0.0007267280776275717	-176.99989720936043
2.8575905433749464	0.0007126896896511169	-177.02828819638717
2.8840315031266055	0.0006989383106999475	-177.05640664820365
2.910717118066605	0.0006854674074855894	-177.08425463955666
2.9376496519615305	0.0006722706255049642	-177.1118342904574
2.9648313895243423	0.0006593417826527448	-177.13914775997804
2.992264636608189	0.0006466748631454091	-177.16619724060317
3.019951720402016	0.000634264011736507	-177.19298495308627
3.047894989627983	0.0006221035282043786	-177.21951314176627
3.076096814740708	0.0006101878620951037	-177.2457840703019
3.1045595881283554	0.00059851160770486	-177.27180001778785
3.1332857243155856	0.0005870694992871215	-177.29756327521898
3.162277660168379	0.0005758564064712732	-177.32307614227147
3.1915378551007616	0.0005648673298802214	-177.34834092437453
3.2210687912834346	0.0005540973969355475	-177.37335993004638
3.250872973854344	0.0005435418578395679	-177.39813546847293
3.2809529311311905	0.0005331960817244509	-177.42266984730733
3.311311214825911	0.000523055552959236	-177.4469653706728
3.3419504002611427	0.0005131158676062492	-177.47102433735063
3.372873086588689	0.0005033727300189868	-177.4948490391381
3.404081897010009	0.0004938219495740795	-177.5184417593623
3.4355794789987466	0.00048445943753044527	-177.5418047715366
3.4673685045253166	0.0004752812040091818	-177.56494033814766
3.499451670283573	0.00046628335508817637	-177.58785070956276
3.53183169791957	0.0004574620900057844	-177.610538123047
3.5645113342624426	0.000448813698468284	-177.63300480188138
3.5974933515574232	0.0004403345580561436	-177.65525295457368
3.630780547701014	0.00043202113172443284	-177.6772847741543
3.664375746478333	0.0004238699653929959	-177.69910243754993
3.6982817978026628	0.0004158776856222513	-177.72070810502908
3.732501577957206	0.00040804099737073735	-177.74210391971323
3.767037989839089	0.00040035668183073064	-177.76329200714827
3.801893963205613	0.0003928215943384861	-177.78427447493127
3.8370724549227884	0.0003854326623558225	-177.8050534123882
3.8725764492161727	0.0003781868835199741	-177.82563089029793
3.908408957924021	0.0003710813237587862	-177.8460089606594
3.944573020752785	0.00036411311546849013	-177.86618965649754
3.981071705534973	0.0003572794557514423	-177.8861749917055
4.0179081084894	0.0003505776047113444	-177.90596696091933
4.055085354483839	0.00034400488380359446	-177.9255675394234
4.09260659730011	0.0003375586742385325	-177.94497868308284
4.130475019901614	0.0003312364154354652	-177.96420232830147
4.168693834703355	0.00032503560352544776	-177.9832403920028
4.207266283844442	0.0003189537899009126	-178.00209477163222
4.24619563946313	0.00031298857981032014	-178.02076734517786
4.285485203974396	0.0003071376309960948	-178.03925997120973
4.325138310350088	0.0003013986523741969	-178.05757448893425
4.365158322401661	0.00029576940275375367	-178.0757127182634
4.405548635065534	0.000290247689595247	-178.09367645989735
4.446312674691089	0.00028483136780582734	-178.11146749541842
4.487453899331323	0.00027951833857038763	-178.12908758739653
4.528975799036209	0.0002743065482170888	-178.14653847950376
4.570881896148752	0.00026919398711609365	-178.1638218966382
4.613175745603791	0.0002641786886103157	-178.18093954505534
4.655860935229586	0.0002592587279770409	-178.1978931125066
4.698941086052151	0.00025443222141934203	-178.21468426838433
4.742419852602444	0.00024969732508622986	-178.2313146638723
4.7863009232263805	0.0002450522341205529	-178.24778593210092
4.830588020397723	0.00024049518173368043	-178.26409968830717
4.875284901033861	0.00023602443830614126	-178.28025752999858
4.920395356814506	0.00023163831051289076	-178.2962610371189
4.965923214503357	0.00022733514047349368	-178.3121117722193
5.01187233627272	0.00022311330492478149	-178.3278112806297
5.058246620031137	0.00021897121441663903	-178.34336109063298
5.105049999754059	0.00021490731252943367	-178.3587627136409
5.152286445817562	0.000210920075112581	-178.37401764437115
5.1999599653351565	0.00020700800954353806	-178.3891273610254
5.248074602497723	0.00020316965400656506	-178.40409332546818
5.296634438916575	0.00019940357679062404	-178.41891698340626
5.345643593969713	0.0001957083756058031	-178.43359976456796
5.395106225151273	0.0001920826769176831	-178.44814308288295
5.445026528424209	0.00018852513529908163	-178.46254833666129
5.495408738576242	0.00018503443279863516	-178.47681690877272
5.5462571295791046	0.0001816092783256937	-178.49095016682483
5.597576014951099	0.00017824840705103005	-178.50494946334106
5.649369748123022	0.0001749505798228771	-178.51881613593747
5.701642722807472	0.00017171458259782827	-178.53255150749874
5.754399373371567	0.00016853922588615312	-178.54615688635326
5.807644175213118	0.00016542334421109305	-178.55963356644673
5.861381645140285	0.00016236579558172223	-178.57298282751472
5.9156163417547365	0.00015936546097897067	-178.58620593525393
5.9703528658383656	0.00015642124385442115	-178.59930414149193
6.025595860743575	0.00015353206964150592	-178.61227868435543
6.081350012787176	0.00015069688527874207	-178.6251307884371
6.137620051647939	0.00014791465874465628	-178.63786166496075
6.194410750767812	0.00014518437860406306	-178.65047251194486
6.251726927756856	0.00014250505356537107	-178.6629645143645
6.30957344480193	0.00013987571204860245	-178.67533884431145
6.367955209079155	0.000137295401763824	-178.68759666115287
6.426877173170194	0.00013476318929969472	-178.6997391116876
6.486344335482381	0.00013227815972184743	-178.7117673303014
6.546361740672747	0.00012983941618083041	-178.72368243912
6.6069344800759575	0.00012744607952934445	-178.7354855481604
6.668067692136219	0.0001250972879485175	-178.74717775548018
6.729766562843175	0.0001227921965829717	-178.7587601473255
6.792036326171843	0.00012052997718444061	-178.77023379827665
6.854882264526613	0.00011830981776370552	-178.78159977139217
6.918309709189362	0.00011613092225062633	-178.79285911835115
6.9823240407717115	0.00011399251016204968	-178.80401287959324
7.046930689671467	0.00011189381627738257	-178.8150620844576
7.112135136533288	0.00010983409032162907	-178.82600775131922
7.177942912713615	0.0001078125966556917	-178.83685088772415
7.244359600749899	0.00010582861397374602	-178.84759249052237
7.311390834834173	0.00010388143500750383	-178.85823354599933
7.379042301291007	0.0001019703662371838	-178.86877503000517
7.447319739059888	0.0001000947276090167	-178.8792179080829
7.516228940182053	0.00009825385225911575	-178.88956313559422
7.585775750291836	0.00009644708624354801	-178.89981165784388
7.655966069112561	0.00009467378827444823	-178.90996441020226
7.726805850957022	0.00009293332946202162	-178.9200223182263
7.798301105232586	0.00009122509306228457	-178.92998629777878
7.870457896950985	0.00008954847423040034	-178.93985725514574
7.943282347242813	0.00008790287977946658	-178.94963608715253
8.01678063387679	0.00008628772794462032	-178.95932368127805
8.090958991783822	0.00008470244815232629	-178.96892091576757
8.165823713585922	0.00008314648079472027	-178.97842865974354
8.241381150130021	0.00008161927700888239	-178.98784777331548
8.317637711026709	0.00008012029846091893	-178.99717910768774
8.394599865193973	0.00007864901713473501	-179.00642350526616
8.472274141405963	0.00007720491512538242	-179.01558179976283
8.550667128846833	0.00007578748443687268	-179.02465481629972
8.629785477669701	0.00007439622678434626	-179.0336433715107
8.709635899560805	0.0000730306534004925	-179.04254827364207
8.790225168308842	0.00007169028484611906	-179.05137032265176
8.871560120379607	0.00007037465082477042	-179.06011031030704
8.953647655495937	0.0000690832900012994	-179.06876902028097
9.036494737223014	0.0000678157498242973	-179.0773472282473
9.120108393559097	0.000066571586352292	-179.0858457019743
9.204495717531712	0.00006535036408362375	-179.09426520141696
9.289663867799362	0.00006415165578991402	-179.10260647880813
9.375620069258803	0.00006297504235304098	-179.1108702787483
9.462371613657929	0.00006182011260554238	-179.11905733829403
9.549925860214358	0.00006068646317436312	-179.12716838704532
9.638290236239705	0.00005957369832787297	-179.13520414723155
9.727472237769652	0.00005848142982607632	-179.14316533379647
9.817479430199844	0.000057409276773942387	-179.1510526544817
9.908319448927676	0.00005635686547778282	-179.15886680990937
10.	0.0000553238293046081	-179.1666084936633
10.092528860766844	0.00005430980854439433	-179.17427839236933
10.18591388054117	0.000053314450275194156	-179.1818771857745
10.280162981264736	0.000052337408231027836	-179.18940554682493
10.375284158180126	0.00005137834267249123	-179.19686414174276
10.471285480508996	0.00005043692026001994	-179.20425363010213
10.568175092136585	0.00004951281392974991	-179.21157466490396
10.665961212302578	0.000048605702771916236	-179.21882789264976
10.76465213629835	0.00004771527191173374	-179.22601395341448
10.864256236170656	0.00004684121239270423	-179.23313348091827
10.964781961431852	0.00004598322106229645	-179.24018710259742
11.066237839776663	0.00004514100045994628	-179.2471754396741
11.168632477805613	0.000044314258707326317	-179.25409910722547
11.271974561755105	0.00004350270940083484	-179.26095871425156
11.37627285823431	0.0000427060715062551	-179.26775486374243
11.481536214968829	0.00004192406925553843	-179.27448815274442
11.587773561551263	0.000041156432045663857	-179.28115917242528
11.694993910198711	0.00004040289433953	-179.28776850813887
11.803206356517286	0.00003966319556883455	-179.2943167394886
11.912420080273739	0.00003893708003889835	-179.30080444039027
12.022644346174118	0.00003822429683539326	-179.30723217913388
12.133888504649763	0.00003752459973293101	-179.31360051844482
12.246161992650476	0.00003683774710547478	-179.31991001554428
12.359474334445094	0.00003616350183853345	-179.32616122220858
12.47383514242942	0.00003550163124310116	-179.33235468482806
12.589254117941662	0.00003485190697130458	-179.33849094446504
12.705741052085406	0.00003421410493372168	-179.344570536911
12.823305826560205	0.00003358800521833681	-179.3505939927432
12.941958414499851	0.00003297339201109727	-179.3565618373803
13.061708881318404	0.00003237005351803767	-179.36247459113767
13.182567385564061	0.00003177778188893904	-179.36833276928144
13.304544179780901	0.000031196373142490584	-179.37413688208238
13.427649611378628	0.00003062562709292249	-179.3798874348688
13.551894123510351	0.000030065347278079033	-179.38558492807897
13.67728825595848	0.00002951534088890205	-179.39122985731262
13.803842646028839	0.000028975418700295243	-179.39682271338214
13.931568029453022	0.00002844539500334092	-179.4023639823628
14.060475241299129	0.000027925087538840673	-179.40785414564255
14.190575216890911	0.000027414317432153227	-179.41329367997113
14.321878992735424	0.000026912909129302004	-179.41868305750876
14.454397707459265	0.00002642069033432696	-179.42402274587366
14.588142602753473	0.00002593749194785435	-179.42931320818988
14.723125024327178	0.000025463148006860067	-179.43455490313372
14.859356422870059	0.00002499749562560179	-179.43974828497997
14.996848355023726	0.000024540374937696056	-179.44489380364763
15.135612484362072	0.00002409162903931693	-179.4499919047449
15.275660582380716	0.000023651103933493554	-179.45504302961368
15.417004529495584	0.000023218648475483943	-179.4600476153737
15.559656316050734	0.000022794114319203422	-179.46500609496567
15.703628043335515	0.00002237735586468634	-179.46991889719467
15.848931924611126	0.000021968230206559938	-179.4747864467722
15.995580286146678	0.00002156659708351013	-179.47960916435824
16.143585568264854	0.000021172318828719173	-179.4843874666027
16.292960326397214	0.00002078526032125567	-179.48912176618632
16.443717232149307	0.000020405288938397516	-179.49381247186122
16.595869074375596	0.00002003227450886963	-179.49845998849065
16.749428760264365	0.000019666089266977485	-179.50306471708888
16.90440931643263	0.000019306607807619096	-179.50762705485988
17.060823890031227	0.00001895370704215744	-179.51214739523618
17.21868574986006	0.000018607266155136606	-179.5166261279169
17.378008287493746	0.000018267166561824442	-179.52106363890562
17.5388050184176	0.000017933291866565624	-179.52546031054746
17.701089583174202	0.000017605527821928852	-179.52981652156618
17.864875748520497	0.000017283762288632533	-179.53413264710042
18.03017740859568	0.000016967885196233363	-179.53840905873983
18.197008586099827	0.000016657788504563034	-179.54264612456075
18.365383433483455	0.000016353366165898015	-179.5468442091614
18.535316234148105	0.00001605451408784801	-179.5510036736966
18.706821403657997	0.000015761130096949137	-179.55512487591244
18.879913490962927	0.000015473113902947674	-179.55920817018017
19.054607179632463	0.000015190367063760995	-179.56325390752986
19.230917289101576	0.00001491279295110244	-179.567262435684
19.408858775927772	0.000014640296716756922	-179.57123409909008
19.58844673505989	0.000014372785259494742	-179.57516923895346
19.769696401118598	0.000014110167192611014	-179.57906819326956
19.952623149688787	0.000013852352812078512	-179.58293129685563
20.137242498623873	0.000013599254065302037	-179.58675888138245
20.32357010936221	0.000013350784520462475	-179.59055127540552
20.511621788255646	0.000013106859336439175	-179.59430880439592
20.701413487910415	0.000012867395233299368	-179.59803179077088
20.892961308540386	0.000012632310463343558	-179.60172055392405
21.086281499332888	0.00001240152478269629	-179.60537541025548
21.28139045982711	0.000012174959423431476	-179.6089966732011
21.47830474130533	0.000011952537066222116	-179.61258465326222
21.67704104819694	0.00001173418181350419	-179.61613965803443
21.87761623949552	0.000011519819163144901	-179.61966199223644
22.080047330188993	0.000011309375982605382	-179.62315195773851
22.28435149270303	0.000011102780483588374	-179.6266098535906
22.490546058357804	0.000010899962197161716	-179.63003597605024
22.698648518838212	0.00001070085194934822	-179.63343061861028
22.908676527677724	0.000010505381837173139	-179.6367940720262
23.12064790175594	0.000010313485205160426	-179.6401266243433
23.33458062281002	0.000010125096622269133	-179.6434285609235
23.55049283896009	9.940151859261483e-6	-179.6467001644721
23.76840286624876	9.758587866494466e-6	-179.64994171506405
23.9883291901949	9.580342752126743e-6	-179.65315349017033
24.210290467361776	9.405355760732955e-6	-179.65633576468375
24.434305526939713	9.233567252317675e-6	-179.65948881094494
24.660393372343385	9.064918681721345e-6	-179.6626128987677
24.888573182823905	8.899352578410773e-6	-179.66570829546458
25.118864315095795	8.736812526646764e-6	-179.66877526587203
25.351286304979073	8.577243146021837e-6	-179.67181407237544
25.58585886905645	8.420590072360908e-6	-179.67482497493413
25.82260190634596	8.266799938978017e-6	-179.67780823110596
26.06153549998895	8.115820358282454e-6	-179.68076409607224
26.302679918953814	7.967599903727504e-6	-179.68369282266204
26.54605561975539	7.822088092095451e-6	-179.68659466137677
26.791683248190314	7.679235366112388e-6	-179.68946986041453
27.039583641088434	7.538993077386655e-6	-179.69231866569444
27.289777828080403	7.401313469664699e-6	-179.69514132088102
27.542287033381662	7.266149662398478e-6	-179.69793806740844
27.797132677592884	7.133455634618442e-6	-179.70070914450494
28.05433637951713	7.003186209106363e-6	-179.70345478921718
28.31391995799379	6.875297036862372e-6	-179.70617523643486
28.575905433749465	6.749744581860656e-6	-179.70887071891534
28.84031503126606	6.626486106088422e-6	-179.71154146730848
29.10717118066605	6.505479654862792e-6	-179.71418771018187
29.376496519615305	6.386684042420396e-6	-179.71680967404615
29.648313895243422	6.270058837774645e-6	-179.71940758338093
29.92264636608189	6.155564350835582e-6	-179.72198166066102
30.19951720402016	6.043161618787534e-6	-179.72453212638317
30.4789498962798	5.932812392719609e-6	-179.72705919909382
30.76096814740705	5.824479124504527e-6	-179.72956309541715
31.045595881283525	5.718124953921099e-6	-179.73204403008444
31.332857243155825	5.613713696015817e-6	-179.7345022159644
31.62277660168376	5.511209828699249e-6	-179.73693786409473
31.91537855100758	5.4105784805728604e-6	-179.73935118371529
32.21068791283432	5.3117854189821414e-6	-179.74174238230302
32.50872973854341	5.214797038291871e-6	-179.744111665609
32.80952931131187	5.119580348379547e-6	-179.746459237698
33.11311214825908	5.026102963343073e-6	-179.7487853009907
33.41950400261139	4.934333090418954e-6	-179.7510900563099
33.72873086588685	4.844239519107245e-6	-179.75337370292993
34.040818970100055	4.755791610499746e-6	-179.7556364386318
34.35579478998743	4.6689592868079835e-6	-179.75787845976333
34.67368504525313	4.5837130210876285e-6	-179.76009996130628
34.994516702835696	4.500023827156212e-6	-179.7623011369517
35.318316979195664	4.417863249701115e-6	-179.76448217918463
35.64511334262439	4.337203354574931e-6	-179.7666432793806
35.9749335155742	4.258016719275588e-6	-179.76878462791598
36.3078054770101	4.180276423608772e-6	-179.7709064142954
36.64375746478329	4.103956040530433e-6	-179.7730088272993
36.98281797802659	4.029029627167549e-6	-179.7750920551569
37.32501577957203	3.955471716015554e-6	-179.77715628574973
37.670379898390856	3.883257306311362e-6	-179.77920170685297
38.01893963205609	3.8123618555814343e-6	-179.7812285064238
38.370724549227845	3.7427612713649545e-6	-179.78323687294792
38.72576449216169	3.6744319031130502e-6	-179.78522699586006
39.08408957924017	3.6073505342660606e-6	-179.78719906605622
39.44573020752781	3.5414943745120856e-6	-179.78915327652425
39.81071705534969	3.476841052232e-6	-179.79108982312488
40.17908108489396	3.413368607138186e-6	-179.79300890556735
40.55085354483835	3.351055483117441e-6	-179.79491072863843
40.92606597300105	3.2898805212925233e-6	-179.7967955037638
41.304750199016105	3.2298229533222703e-6	-179.79866345101115
41.68693834703351	3.170862394967918e-6	-179.80051480168453
42.07266283844438	3.112978839963553e-6	-179.80234980172008
42.46195639463126	3.0561526542436156e-6	-179.80416871618198
42.85485203974392	3.0003645706012766e-6	-179.80597183528667
43.251383103500835	2.945595683882108e-6	-179.80775948258284
43.65158322401656	2.891827446862368e-6	-179.80953202621882
44.0554863506553	2.8390416670285047e-6	-179.81128989470744
44.46312674691084	2.7872205045772763e-6	-179.81303359936905
44.87453899331318	2.7363464721161883e-6	-179.81476376689557
45.28975799036204	2.686402436799976e-6	-179.81648118761655
45.708818961487474	2.6373716260583937e-6	-179.81818688876146
46.13175745603791	2.5892376387782425e-6	-179.8198822486942
46.55860935229586	2.54198446503596e-6	-179.8215691805668
46.98941086052151	2.495596519707318e-6	-179.8232504381451
47.42419852602443	2.4500586994875965e-6	-179.82493014630882
47.8630092322638	2.4053564811862696e-6	-179.82661476658384
48.30588020397723	2.361476096621043e-6	-179.8283149582777
48.7528490103386	2.3184048585653866e-6	-179.83004942547134
49.20395356814506	2.2761318071800288e-6	-179.8318535910199
49.65923214503358	2.2346491001470025e-6	-179.83380145882722
50.118723362727195	2.1939553306724946e-6	-179.83606952390159
50.58246620031137	2.1540645502655196e-6	-179.83916676484864
51.0504999975406	2.115034020859903e-6	-179.8450654388323
51.52286445817562	2.076995195744279e-6	-179.86615633993713
51.99959965335157	2.036983886749749e-6	-179.9257003662463
52.48074602497723	1.999136993694392e-6	-179.860606498132
52.966344389165755	1.9631156461436785e-6	-179.84923048051394
53.45643593969714	1.9275063301509214e-6	-179.84739052759608
53.95106225151273	1.8924443357243598e-6	-179.84755506963225
54.450265284242086	1.857975031205344e-6	-179.84835926975646
54.95408738576243	1.8241098613816043e-6	-179.84942129906068
55.462571295791044	1.790848165459381e-6	-179.85060218633754
55.97576014951099	1.758184342636589e-6	-179.85184185998204
56.49369748123023	1.7261105634932148e-6	-179.85311102154824
57.01642722807472	1.6946179347976718e-6	-179.8543940503613
57.543993733715666	1.6636970525503429e-6	-179.85568203255224
58.07644175213118	1.6333382859196713e-6	-179.85696960477935
58.61381645140285	1.6035319322275514e-6	-179.8582534025134
59.15616341754737	1.5742683056847448e-6	-179.8595312446929
59.70352865838366	1.5455377900721756e-6	-179.86080168110976
60.255958607435744	1.5173308708322518e-6	-179.86206372928396
60.81350012787176	1.4896381549122047e-6	-179.86331671535768
61.37620051647939	1.4624503830641321e-6	-179.8645601745643
61.94410750767812	1.4357584373589793e-6	-179.86579378709436
62.51726927756855	1.4095533455855792e-6	-179.8670173356794
63.0957344480193	1.3838262835778672e-6	-179.86823067688405
63.67955209079155	1.358568576138703e-6	-179.86943372127132
64.26877173170195	1.333771696998648e-6	-179.87062641944266
64.86344335482381	1.309427268103286e-6	-179.8718087520469
65.46361740672747	1.2855270584293692e-6	-179.87298072252094
66.06934480075958	1.262062982468787e-6	-179.8741423517417
66.68067692136219	1.239027098478266e-6	-179.8752936740363
67.29766562843174	1.2164116065647142e-6	-179.87643473417072
67.92036326171844	1.1942088466567722e-6	-179.87756558505308
68.54882264526613	1.1724112963995136e-6	-179.87868628596425
69.18309709189363	1.1510115689995515e-6	-179.8797969011828
69.82324040771712	1.130002411040849e-6	-179.88089749890713
70.46930689671467	1.1093767002864402e-6	-179.8819881504042
71.12135136533288	1.089127443477524e-6	-179.88306892933224
71.77942912713615	1.0692477741386251e-6	-179.8841399111987
72.44359600749898	1.049730950395417e-6	-179.88520117292308
73.11390834834172	1.0305703528102175e-6	-179.88625279248328
73.79042301291008	1.0117594822389905e-6	-179.88729484862714
74.47319739059888	9.9329195771273e-7	-179.8883274206367
75.16228940182053	9.751615143454047e-7	-179.88935058813448
75.85775750291836	9.573620012701006e-7	-179.89036443092328
76.55966069112561	9.398873796045228e-7	-179.8913690288543
77.26805850957021	9.227317204467203e-7	-179.89236446171697
77.98301105232578	9.058892029016068e-7	-179.8933508091474
78.70457896950977	8.893541121386311e-7	-179.89432815055224
79.43282347242805	8.731208374808062e-7	-179.89529656504487
80.16780633876782	8.571838705251397e-7	-179.896256131392
80.90958991783813	8.415378032944204e-7	-179.89720692796882
81.65823713585914	8.261773264202349e-7	-179.8981490327219
82.41381150130013	8.110972273569988e-7	-179.89908252313765
83.176377110267	7.962923886267459e-7	-179.90000747621613
83.94599865193965	7.817577860943788e-7	-179.9009239684495
84.72274141405954	7.674884872730407e-7	-179.90183207580344
85.50667128846823	7.534796496592389e-7	-179.9027318737027
86.29785477669692	7.397265190973478e-7	-179.90362343701833
87.09635899560797	7.262244281730784e-7	-179.90450684005796
87.90225168308834	7.129687946355093e-7	-179.90538215655766
88.71560120379598	6.999551198472492e-7	-179.90624945967542
89.53647655495928	6.871789872623132e-7	-179.90710882198653
90.36494737223005	6.746360609312707e-7	-179.9079603154796
91.20108393559087	6.623220840332373e-7	-179.90880401155417
92.04495717531702	6.502328774342719e-7	-179.909639981019
92.89663867799354	6.383643382717436e-7	-179.91046829409126
93.75620069258792	6.267124385642467e-7	-179.91128902039623
94.6237161365792	6.152732238466138e-7	-179.91210222896797
95.4992586021435	6.040428118296167e-7	-179.91290798825025
96.38290236239695	5.930173910838879e-7	-179.9137063660978
97.2747223776964	5.821932197309853e-7	-179.9144974289764
98.17479430199833	5.715666242597842e-7	-179.91528124597653
99.08319448927665	5.611339981085786e-7	-179.91605788079139
99.9999999999999	5.508918006157342e-7	-179.91682739974482