0.001
0.0010115794542598982
0.0010232929922807535
0.0010351421666793441
0.0010471285480508996
0.0010592537251772887
0.001071519305237606
0.0010839269140212038
0.0010964781961431851
0.0011091748152624009
0.001122018454301963
0.0011350108156723154
0.0011481536214968829
0.0011614486138403425
0.001174897554939529
0.001188502227437019
0.001202264434617413
0.001216186000646368
0.0012302687708123812
0.0012445146117713857
0.0012589254117941675
0.0012735030810166615
0.0012882495516931337
0.0013031667784523
0.0013182567385564075
0.001333521432163324
0.0013489628825916532
0.001364583136588924
0.0013803842646028853
0.0013963683610559376
0.001412537544622754
0.0014288939585111022
0.001445439770745928
0.0014621771744567182
0.0014791083881682072
0.0014962356560944327
0.0015135612484362087
0.0015310874616820303
0.0015488166189124811
0.0015667510701081486
0.001584893192461114
0.0016032453906900418
0.0016218100973589297
0.0016405897731995387
0.0016595869074375613
0.0016788040181225606
0.0016982436524617442
0.0017179083871575877
0.0017378008287493763
0.0017579236139586931
0.0017782794100389228
0.0017988709151287874
0.0018197008586099826
0.0018407720014689563
0.0018620871366628676
0.0018836490894898002
0.0019054607179632482
0.0019275249131909366
0.0019498445997580456
0.0019724227361148533
0.001995262314968879
0.0020183663636815616
0.0020417379446695297
0.0020653801558105293
0.0020892961308540386
0.0021134890398366475
0.0021379620895022326
0.00216271852372702
0.002187761623949552
0.0022130947096056387
0.00223872113856834
0.0022646443075930596
0.0022908676527677724
0.0023173946499684796
0.0023442288153199225
0.0023713737056616554
0.00239883291901949
0.002426610095082414
0.002454708915685031
0.0024831331052955702
0.0025118864315095794
0.0025409727055493063
0.0025703957827688645
0.002600159563165272
0.0026302679918953813
0.0026607250597988083
0.0026915348039269166
0.0027227013080779127
0.002754228703338166
0.0027861211686297693
0.002818382931264455
0.00285101826750391
0.0028840315031266055
0.002917427014001166
0.002951209226666387
0.0029853826189179603
0.003019951720402016
0.0030549211132155124
0.003090295432513592
0.0031260793671239557
0.0031622776601683794
0.0031988951096913972
0.003235936569296281
0.003273406948788383
0.003311311214825911
0.003349654391578276
0.0033884415613920273
0.003427677865464505
0.0034673685045253167
0.0035075187395256797
0.0035481338923357532
0.0035892193464500534
0.003630780547701014
0.003672823004980846
0.003715352290971728
0.003758374042884443
0.0038018939632056127
0.0038459178204535353
0.003890451449942805
0.003935500754557773
0.003981071705534973
0.004027170343254591
0.004073802778041126
0.004120975190973304
0.004168693834703355
0.004216965034285823
0.004265795188015926
0.00431519076827765
0.004365158322401661
0.004415704473533125
0.0044668359215096305
0.004518559443749226
0.004570881896148752
0.004623810213992603
0.004677351412871981
0.0047315125896148025
0.004786300923226385
0.004841723675840994
0.004897788193684461
0.004954501908047905
0.005011872336272725
0.005069907082747045
0.005128613839913648
0.005188000389289609
0.005248074602497723
0.005308844442309885
0.005370317963702527
0.0054325033149243305
0.005495408738576248
0.005559042572704037
0.005623413251903491
0.005688529308438413
0.005754399373371567
0.005821032177708716
0.00588843655355589
0.005956621435290103
0.0060255958607435805
0.006095368972401693
0.006165950018614822
0.006237348354824191
0.00630957344480193
0.0063826348619054896
0.006456542290346556
0.006531305526474723
0.006606934480075964
0.006683439175686149
0.006760829753919818
0.006839116472814293
0.006918309709189363
0.006998419960022731
0.00707945784384138
0.00716143410212902
0.007244359600749898
0.007328245331389044
0.007413102413009177
0.007498942093324558
0.007585775750291836
0.007673614893618186
0.00776247116628692
0.007852356346100719
0.007943282347242814
0.008035261221856178
0.008128305161640995
0.008222426499470713
0.008317637711026709
0.008413951416451947
0.008511380382023767
0.008609937521846007
0.008709635899560805
0.008810488730080147
0.008912509381337459
0.00901571137605957
0.009120108393559097
0.00922571427154763
0.009332543007969905
0.009440608762859235
0.009549925860214359
0.009660508789898131
0.009772372209558112
0.00988553094656939
0.01
0.010115794542598987
0.010232929922807542
0.010351421666793441
0.010471285480508996
0.010592537251772886
0.010715193052376065
0.010839269140212033
0.01096478196143185
0.01109174815262401
0.011220184543019636
0.01135010815672315
0.01148153621496883
0.011614486138403426
0.011748975549395297
0.011885022274370183
0.012022644346174132
0.012161860006463679
0.012302687708123818
0.01244514611771385
0.012589254117941675
0.012735030810166616
0.012882495516931342
0.013031667784522994
0.013182567385564075
0.01333521432163324
0.01348962882591654
0.013645831365889245
0.013803842646028852
0.013963683610559377
0.014125375446227547
0.01428893958511103
0.014454397707459272
0.014621771744567183
0.014791083881682071
0.014962356560944336
0.01513561248436208
0.015310874616820304
0.01548816618912481
0.015667510701081494
0.015848931924611134
0.016032453906900418
0.0162181009735893
0.016405897731995397
0.016595869074375606
0.016788040181225608
0.016982436524617443
0.017179083871575886
0.017378008287493755
0.01757923613958693
0.01778279410038923
0.017988709151287884
0.018197008586099836
0.018407720014689564
0.018620871366628676
0.01883649089489801
0.019054607179632473
0.019275249131909356
0.019498445997580455
0.019724227361148535
0.0199526231496888
0.020183663636815608
0.020417379446695295
0.02065380155810529
0.020892961308540396
0.021134890398366465
0.021379620895022326
0.0216271852372702
0.02187761623949553
0.022130947096056376
0.0223872113856834
0.022646443075930594
0.022908676527677734
0.023173946499684784
0.023442288153199226
0.023713737056616554
0.02398832919019491
0.024266100950824154
0.02454708915685031
0.024831331052955704
0.025118864315095808
0.02540972705549305
0.025703957827688632
0.026001595631652722
0.026302679918953815
0.0266072505979881
0.026915348039269153
0.027227013080779128
0.02754228703338166
0.027861211686297706
0.028183829312644536
0.028510182675039096
0.028840315031266057
0.029174270140011675
0.029512092266663854
0.029853826189179603
0.03019951720402016
0.030549211132155137
0.030902954325135904
0.03126079367123956
0.03162277660168379
0.031988951096913985
0.03235936569296283
0.03273406948788383
0.03311311214825911
0.03349654391578278
0.033884415613920256
0.03427677865464505
0.034673685045253165
0.03507518739525679
0.03548133892335755
0.03589219346450052
0.03630780547701014
0.036728230049808464
0.03715352290971726
0.037583740428844416
0.038018939632056124
0.03845917820453535
0.03890451449942807
0.03935500754557775
0.039810717055349734
0.04027170343254591
0.04073802778041128
0.04120975190973302
0.04168693834703355
0.042169650342858224
0.04265795188015928
0.043151907682776526
0.04365158322401661
0.044157044735331254
0.04466835921509633
0.04518559443749224
0.04570881896148752
0.04623810213992603
0.046773514128719815
0.04731512589614805
0.047863009232263824
0.04841723675840994
0.04897788193684462
0.04954501908047903
0.05011872336272722
0.050699070827470445
0.05128613839913648
0.05188000389289612
0.05248074602497726
0.053088444423098846
0.05370317963702527
0.054325033149243335
0.054954087385762455
0.05559042572704037
0.05623413251903491
0.05688529308438416
0.057543993733715694
0.05821032177708716
0.0588843655355589
0.05956621435290106
0.06025595860743578
0.060953689724016935
0.06165950018614822
0.06237348354824192
0.06309573444801933
0.06382634861905485
0.06456542290346556
0.06531305526474723
0.06606934480075961
0.06683439175686146
0.06760829753919818
0.06839116472814293
0.06918309709189366
0.06998419960022735
0.0707945784384138
0.0716143410212902
0.07244359600749903
0.07328245331389041
0.07413102413009177
0.07498942093324558
0.0758577575029184
0.0767361489361819
0.07762471166286919
0.07852356346100718
0.07943282347242818
0.08035261221856173
0.08128305161640995
0.08222426499470713
0.08317637711026708
0.08413951416451952
0.08511380382023763
0.08609937521846008
0.08709635899560805
0.08810488730080142
0.08912509381337455
0.09015711376059571
0.09120108393559097
0.09225714271547633
0.0933254300796991
0.09440608762859236
0.09549925860214359
0.09660508789898135
0.09772372209558107
0.0988553094656939
0.1
0.10115794542598983
0.10232929922807547
0.10351421666793441
0.10471285480508996
0.10592537251772886
0.10715193052376071
0.10839269140212039
0.1096478196143185
0.11091748152624009
0.1122018454301963
0.11350108156723154
0.1148153621496883
0.11614486138403426
0.11748975549395291
0.1188502227437019
0.12022644346174131
0.12161860006463679
0.1230268770812381
0.12445146117713857
0.12589254117941676
0.12735030810166617
0.12882495516931336
0.13031667784523
0.13182567385564073
0.1333521432163324
0.13489628825916533
0.13645831365889252
0.13803842646028852
0.13963683610559377
0.1412537544622754
0.14288939585111038
0.1445439770745928
0.14621771744567183
0.1479108388168207
0.14962356560944343
0.15135612484362088
0.15310874616820302
0.1548816618912481
0.15667510701081486
0.15848931924611143
0.16032453906900418
0.16218100973589297
0.16405897731995386
0.16595869074375613
0.16788040181225605
0.16982436524617442
0.17179083871575876
0.17378008287493762
0.17579236139586932
0.1778279410038923
0.17988709151287874
0.18197008586099844
0.18407720014689563
0.18620871366628675
0.18836490894898
0.19054607179632482
0.19275249131909367
0.19498445997580455
0.19724227361148533
0.19952623149688808
0.20183663636815619
0.20417379446695297
0.20653801558105292
0.20892961308540386
0.21134890398366477
0.21379620895022325
0.21627185237270202
0.21877616239495518
0.22130947096056386
0.223872113856834
0.22646443075930595
0.22908676527677724
0.23173946499684797
0.23442288153199228
0.23713737056616552
0.239883291901949
0.24266100950824168
0.2454708915685031
0.24831331052955705
0.25118864315095796
0.25409727055493064
0.25703957827688645
0.2600159563165272
0.26302679918953814
0.26607250597988114
0.26915348039269166
0.2722701308077913
0.2754228703338166
0.27861211686297693
0.2818382931264455
0.285101826750391
0.28840315031266056
0.2917427014001166
0.2951209226666387
0.298538261891796
0.3019951720402016
0.30549211132155124
0.30902954325135923
0.31260793671239556
0.31622776601683794
0.3198895109691397
0.32359365692962844
0.32734069487883827
0.3311311214825911
0.3349654391578276
0.33884415613920277
0.34276778654645046
0.34673685045253166
0.35075187395256796
0.3548133892335757
0.3589219346450053
0.3630780547701014
0.36728230049808464
0.3715352290971724
0.3758374042884443
0.38018939632056126
0.38459178204535355
0.3890451449942805
0.39355007545577764
0.3981071705534973
0.4027170343254591
0.4073802778041126
0.4120975190973304
0.41686938347033553
0.4216965034285822
0.42657951880159256
0.43151907682776547
0.4365158322401661
0.4415704473533125
0.44668359215096304
0.4518559443749226
0.4570881896148752
0.46238102139926035
0.4677351412871981
0.47315125896148075
0.47863009232263853
0.48417236758409943
0.48977881936844614
0.49545019080479
0.5011872336272725
0.5069907082747045
0.5128613839913648
0.518800038928961
0.5248074602497729
0.5308844442309885
0.5370317963702527
0.5432503314924331
0.5495408738576248
0.5559042572704037
0.5623413251903491
0.5688529308438414
0.5754399373371573
0.5821032177708716
0.588843655355589
0.5956621435290104
0.6025595860743581
0.6095368972401694
0.6165950018614822
0.6237348354824191
0.6309573444801936
0.638263486190549
0.6456542290346556
0.6531305526474723
0.6606934480075958
0.6683439175686149
0.6760829753919819
0.6839116472814293
0.6918309709189363
0.6998419960022738
0.707945784384138
0.716143410212902
0.7244359600749899
0.7328245331389045
0.7413102413009177
0.7498942093324559
0.7585775750291835
0.7673614893618194
0.776247116628692
0.7852356346100718
0.7943282347242814
0.8035261221856177
0.8128305161640995
0.8222426499470712
0.8317637711026709
0.8413951416451956
0.8511380382023768
0.8609937521846007
0.8709635899560806
0.8810488730080137
0.8912509381337459
0.9015711376059571
0.9120108393559097
0.9225714271547628
0.9332543007969915
0.9440608762859236
0.9549925860214359
0.9660508789898131
0.9772372209558111
0.9885530946569391
1.
1.0115794542598984
1.0232929922807548
1.0351421666793441
1.0471285480508996
1.0592537251772887
1.071519305237607
1.0839269140212038
1.096478196143185
1.1091748152624008
1.1220184543019642
1.1350108156723155
1.1481536214968828
1.1614486138403426
1.1748975549395304
1.188502227437019
1.2022644346174132
1.2161860006463678
1.2302687708123812
1.2445146117713857
1.2589254117941675
1.2735030810166617
1.2882495516931336
1.3031667784523
1.3182567385564075
1.333521432163324
1.3489628825916533
1.3645831365889252
1.3803842646028852
1.3963683610559376
1.412537544622754
1.4288939585111036
1.4454397707459279
1.4621771744567182
1.4791083881682072
1.4962356560944343
1.5135612484362087
1.5310874616820302
1.5488166189124812
1.5667510701081502
1.584893192461114
1.6032453906900417
1.6218100973589298
1.6405897731995387
1.6595869074375613
1.6788040181225607
1.6982436524617444
1.7179083871575875
1.7378008287493762
1.7579236139586931
1.7782794100389228
1.7988709151287874
1.8197008586099843
1.8407720014689564
1.8620871366628675
1.8836490894898001
1.9054607179632483
1.9275249131909367
1.9498445997580456
1.9724227361148534
1.9952623149688808
2.0183663636815616
2.0417379446695296
2.065380155810529
2.089296130854041
2.1134890398366477
2.1379620895022327
2.16271852372702
2.1877616239495516
2.2130947096056386
2.23872113856834
2.2646443075930596
2.2908676527677723
2.3173946499684797
2.344228815319923
2.371373705661655
2.39883291901949
2.4266100950824168
2.454708915685031
2.4831331052955705
2.5118864315095797
2.5409727055493065
2.570395782768865
2.6001595631652723
2.6302679918953813
2.6607250597988115
2.691534803926917
2.7227013080779128
2.7542287033381663
2.786121168629772
2.818382931264455
2.85101826750391
2.8840315031266055
2.917427014001166
2.951209226666387
2.9853826189179604
3.019951720402016
3.0549211132155123
3.090295432513592
3.126079367123956
3.1622776601683795
3.198895109691397
3.2359365692962845
3.273406948788383
3.311311214825911
3.3496543915782757
3.3884415613920273
3.4276778654645046
3.4673685045253166
3.5075187395256795
3.548133892335757
3.5892193464500535
3.630780547701014
3.672823004980846
3.715352290971728
3.758374042884443
3.801893963205613
3.8459178204535354
3.890451449942805
3.9355007545577765
3.981071705534973
4.027170343254591
4.073802778041126
4.120975190973304
4.168693834703355
4.216965034285822
4.265795188015925
4.315190768277654
4.365158322401661
4.4157044735331255
4.46683592150963
4.5185594437492265
4.570881896148752
4.623810213992603
4.677351412871981
4.731512589614808
4.786300923226385
4.841723675840994
4.897788193684462
4.954501908047906
5.011872336272725
5.0699070827470445
5.1286138399136485
5.188000389289609
5.248074602497728
5.308844442309884
5.370317963702527
5.432503314924331
5.4954087385762485
5.559042572704037
5.623413251903491
5.688529308438413
5.754399373371572
5.821032177708716
5.88843655355589
5.956621435290104
6.025595860743581
6.095368972401694
6.165950018614822
6.237348354824191
6.309573444801936
6.38263486190549
6.456542290346556
6.531305526474723
6.606934480075965
6.683439175686149
6.760829753919819
6.839116472814292
6.918309709189363
6.998419960022738
7.07945784384138
7.16143410212902
7.244359600749899
7.328245331389044
7.413102413009177
7.498942093324558
7.585775750291836
7.673614893618193
7.76247116628692
7.852356346100718
7.943282347242813
8.035261221856176
8.128305161640995
8.222426499470712
8.317637711026709
8.413951416451956
8.511380382023768
8.609937521846007
8.709635899560805
8.810488730080147
8.91250938133746
9.01571137605957
9.120108393559097
9.225714271547638
9.332543007969914
9.440608762859236
9.549925860214358
9.660508789898131
9.772372209558112
9.885530946569391
10.
10.115794542598982
10.232929922807536
10.351421666793431
10.471285480509007
10.592537251772898
10.71519305237607
10.83926914021204
10.964781961431852
11.091748152624008
11.220184543019629
11.350108156723143
11.481536214968841
11.614486138403437
11.748975549395302
11.88502227437019
12.02264434617413
12.161860006463678
12.30268770812381
12.445146117713843
12.589254117941662
12.735030810166629
12.88249551693135
13.031667784523
13.182567385564074
13.33521432163324
13.489628825916533
13.645831365889238
13.803842646028839
13.963683610559391
14.125375446227554
14.288939585111036
14.45439770745928
14.621771744567184
14.791083881682072
14.962356560944327
15.135612484362072
15.31087461682032
15.488166189124827
15.6675107010815
15.848931924611142
16.032453906900418
16.218100973589298
16.40589773199539
16.595869074375596
16.78804018122559
16.98243652461746
17.179083871575894
17.378008287493763
17.579236139586932
17.78279410038923
17.988709151287875
18.197008586099827
18.407720014689545
18.620871366628695
18.83649089489802
19.054607179632484
19.275249131909366
19.498445997580454
19.724227361148536
19.952623149688787
20.183663636815595
20.417379446695318
20.65380155810531
20.892961308540407
21.134890398366476
21.379620895022324
21.6271852372702
21.87761623949552
22.130947096056364
22.387211385683422
22.64644307593062
22.90867652767775
23.173946499684796
23.442288153199225
23.71373705661655
23.9883291901949
24.266100950824143
24.547089156850287
24.83133105295573
25.11886431509582
25.409727055493065
25.703957827688647
26.001595631652723
26.302679918953814
26.607250597988084
26.91534803926914
27.227013080779155
27.54228703338169
27.86121168629772
28.18382931264455
28.510182675039097
28.84031503126606
29.17427014001166
29.51209226666384
29.85382618917963
30.199517204020193
30.549211132155154
30.90295432513592
31.260793671239558
31.622776601683793
31.988951096913972
32.35936569296281
32.734069487883794
33.11311214825915
33.496543915782794
33.884415613920275
34.27677865464505
34.673685045253166
35.0751873952568
35.481338923357534
35.8921934645005
36.30780547701018
36.7282300498085
37.15352290971728
37.58374042884443
38.018939632056124
38.459178204535355
38.904514499428046
39.35500754557772
39.81071705534978
40.27170343254595
40.7380277804113
41.20975190973304
41.68693834703355
42.169650342858226
42.65795188015925
43.1519076827765
43.65158322401656
44.1570447353313
44.668359215096345
45.18559443749226
45.708818961487516
46.238102139926035
46.77351412871981
47.315125896148025
47.863009232263806
48.41723675840999
48.97788193684466
49.54501908047905
50.11872336272725
50.69907082747044
51.28613839913648
51.88000389289609
52.48074602497723
53.0884444230989
53.70317963702533
54.32503314924336
54.954087385762485
55.59042572704037
56.23413251903491
56.88529308438413
57.543993733715666
58.210321777087096
58.884365535558956
59.56621435290109
60.25595860743581
60.95368972401694
61.65950018614822
62.373483548241914
63.0957344480193
63.826348619054826
64.56542290346563
65.31305526474729
66.06934480075964
66.83439175686149
67.60829753919819
68.39116472814293
69.18309709189363
69.98419960022731
70.79457843841388
71.61434102129027
72.44359600749905
73.28245331389044
74.13102413009177
74.98942093324558
75.85775750291836
76.73614893618186
77.62471166286912
78.52356346100726
79.43282347242821
80.35261221856177
81.28305161640995
82.22426499470713
83.17637711026708
84.13951416451947
85.11380382023759
86.09937521846017
87.09635899560814
88.10488730080147
89.12509381337459
90.1571137605957
91.20108393559097
92.25714271547629
93.32543007969905
94.40608762859246
95.49925860214368
96.60508789898141
97.72372209558111
98.8553094656939
100.