0.001
0.0010023052380778994
0.0010046157902783945
0.0010069316688518044
0.0010092528860766844
0.0010115794542598982
0.0010139113857366789
0.001016248692870696
0.001018591388054117
0.0010209394837076798
0.0010232929922807535
0.0010256519262514079
0.0010280162981264735
0.001030386120441616
0.001032761405761397
0.0010351421666793441
0.0010375284158180126
0.001039920165829059
0.0010423174293933035
0.0010447202192208004
0.0010471285480508996
0.001049542428652322
0.0010519618738232225
0.0010543868963912592
0.0010568175092136585
0.0010592537251772887
0.001061695557198724
0.0010641430182243164
0.001066596121230258
0.0010690548792226576
0.001071519305237606
0.0010739894123412452
0.001076465213629835
0.0010789467222298286
0.0010814339512979375
0.0010839269140212038
0.0010864256236170656
0.0010889300933334333
0.001091440336448756
0.0010939563662720941
0.0010964781961431851
0.0010990058394325208
0.0011015393095414145
0.0011040786199020736
0.0011066237839776664
0.0011091748152624009
0.0011117317272815908
0.0011142945335917303
0.001116863247780561
0.0011194378834671515
0.001122018454301963
0.0011246049739669268
0.0011271974561755105
0.0011297959146727976
0.0011324003632355566
0.0011350108156723154
0.0011376272858234309
0.0011402497875611685
0.0011428783347897712
0.0011455129414455361
0.0011481536214968829
0.0011508003889444357
0.0011534532578210918
0.0011561122421920992
0.0011587773561551262
0.0011614486138403425
0.0011641260294104909
0.001166809617060963
0.001169499391019871
0.0011721953655481304
0.001174897554939529
0.0011776059735208078
0.0011803206356517297
0.0011830415557251646
0.0011857687481671595
0.001188502227437019
0.0011912420080273751
0.0011939881044642732
0.0011967405313072432
0.0011994993031493794
0.001202264434617413
0.0012050359403717973
0.0012078138351067798
0.001210598133550483
0.0012133888504649774
0.001216186000646368
0.001218989598924866
0.0012217996601648724
0.001224616199265049
0.0012274392311584072
0.0012302687708123812
0.0012331048332289095
0.0012359474334445108
0.001238796586530369
0.0012416523075924107
0.0012445146117713857
0.0012473835142429433
0.0012502590302177201
0.0012531411749414157
0.0012560299636948755
0.0012589254117941675
0.0012618275345906706
0.0012647363474711508
0.0012676518658578462
0.001270574105208542
0.0012735030810166615
0.0012764388088113434
0.0012793813041575253
0.0012823305826560219
0.0012852866599436154
0.0012882495516931337
0.0012912192736135347
0.0012941958414499862
0.0012971792709839558
0.00130016957803329
0.0013031667784523
0.0013061708881318419
0.001309181922999407
0.0013121998990192028
0.001315224832192239
0.0013182567385564075
0.001321295634186575
0.0013243415351946643
0.0013273944577297401
0.0013304544179780914
0.001333521432163324
0.0013365955165464418
0.0013396766874259345
0.0013427649611378642
0.0013458603540559483
0.0013489628825916532
0.0013520725631942778
0.0013551894123510365
0.001358313446587154
0.0013614446824659497
0.001364583136588924
0.0013677288255958494
0.0013708817661648536
0.0013740419750125148
0.0013772094688939472
0.0013803842646028853
0.001383566378971781
0.0013867558288718882
0.0013899526312133527
0.0013931568029453036
0.0013963683610559376
0.0013995873225726178
0.0014028137045619575
0.0014060475241299143
0.0014092887984218747
0.001412537544622754
0.001415793779957081
0.0014190575216890926
0.0014223287871228199
0.001425607593602188
0.0014288939585111022
0.001432187899273544
0.001435489433353656
0.0014387985782558451
0.0014421153515248681
0.001445439770745928
0.0014487718535447617
0.001452111617587742
0.0014554590805819655
0.001458814260275349
0.0014621771744567182
0.0014655478409559112
0.0014689262776438662
0.0014723125024327193
0.0014757065332758946
0.0014791083881682072
0.001482518085145953
0.0014859356422870075
0.0014893610777109154
0.001492794409578996
0.0014962356560944327
0.0014996848355023741
0.0015031419660900224
0.0015066070661867417
0.0015100801541641478
0.0015135612484362087
0.0015170503674593369
0.0015205475297324954
0.0015240527537972906
0.0015275660582380732
0.0015310874616820303
0.0015346169827992941
0.0015381546403030342
0.00154170045294956
0.0015452544395384142
0.0015488166189124811
0.0015523870099580816
0.001555965631605075
0.0015595525028269538
0.0015631476426409539
0.0015667510701081486
0.0015703628043335532
0.0015739828644662198
0.0015776112696993484
0.0015812480392703827
0.001584893192461114
0.001588546748597779
0.00159220872705117
0.001595879147236732
0.0015995580286146695
0.0016032453906900418
0.0016069412530128771
0.00161064563517827
0.001614358556826487
0.0016180800376430662
0.0016218100973589297
0.0016255487557504833
0.001629296032639723
0.0016330519478943346
0.0016368165214278084
0.0016405897731995387
0.0016443717232149323
0.0016481623915255085
0.001651961798229015
0.0016557699634695275
0.0016595869074375613
0.0016634126503701698
0.0016672472125510626
0.001671090614310707
0.0016749428760264382
0.0016788040181225606
0.0016826740610704674
0.0016865530253887405
0.001690440931643265
0.0016943378004473288
0.0016982436524617442
0.0017021585083949501
0.0017060823890031242
0.001710015315090288
0.0017139573075084253
0.0017179083871575877
0.001721868574986008
0.001725837891990204
0.0017298163592151016
0.0017338039977541375
0.0017378008287493763
0.0017418068733916145
0.001745822152920504
0.0017498466886246564
0.0017538805018417602
0.0017579236139586931
0.0017619760464116293
0.001766037820686164
0.001770108958317422
0.0017741894808901662
0.0017782794100389228
0.001782378767448089
0.0017864875748520499
0.0017906058540352948
0.0017947336268325266
0.0017988709151287874
0.00180301774085957
0.0018071741260109275
0.0018113400926196026
0.0018155156627731352
0.0018197008586099826
0.0018238957023196385
0.0018281002161427428
0.0018323144223712112
0.0018365383433483473
0.0018407720014689563
0.0018450154191794737
0.0018492686189780778
0.0018535316234148105
0.001857804455091699
0.0018620871366628676
0.0018663796908346695
0.0018706821403658017
0.0018749945080674191
0.0018793168168032685
0.0018836490894898002
0.0018879913490962926
0.001892343618644976
0.0018967059212111465
0.0019010782799232997
0.0019054607179632482
0.0019098532585662387
0.001914255925021086
0.001918668740670289
0.0019230917289101575
0.0019275249131909366
0.001931968317016924
0.0019364219639466068
0.0019408858775927793
0.0019453600816226634
0.0019498445997580456
0.0019543394557753942
0.0019588446735059888
0.0019633602768360475
0.001967886289706845
0.0019724227361148533
0.00197696964011186
0.001981527025805099
0.001986094917357372
0.0019906733389871865
0.001995262314968879
0.0019998618696327446
0.0020044720273651616
0.002009092812608728
0.0020137242498623874
0.0020183663636815616
0.002023019178678272
0.002027682719521282
0.002032357010936221
0.0020370420777057192
0.0020417379446695297
0.002046444636724674
0.0020511621788255646
0.0020558905959841426
0.0020606299132700004
0.0020653801558105293
0.0020701413487910414
0.002074913517454911
0.002079696687103696
0.0020844908830972885
0.0020892961308540386
0.0020941124558508935
0.0020989398836235244
0.002103778439766475
0.002108628149933289
0.0021134890398366475
0.002118361135248502
0.002123244462000219
0.0021281390459827114
0.002133044913146577
0.0021379620895022326
0.0021428906011200584
0.0021478304741305333
0.0021527817347243737
0.0021577444091526667
0.00216271852372702
0.002167704104819694
0.0021727011788637454
0.002177709772353159
0.0021827299118430013
0.002187761623949552
0.0021928049353504495
0.0021978598727848252
0.002202926463053456
0.002208004733018899
0.0022130947096056387
0.0022181964198002193
0.002223309890651403
0.002228435149270303
0.0022335722228305327
0.00223872113856834
0.002243881923782766
0.0022490546058357803
0.002254239212152428
0.0022594357702209783
0.0022646443075930596
0.002269864851883821
0.0022750974307720715
0.0022803420720004185
0.00228559880337543
0.0022908676527677724
0.0022961486481123607
0.002301441817408509
0.002306747188720069
0.002312064790175594
0.0023173946499684796
0.0023227367963571076
0.002328091257665008
0.002333458062281002
0.0023388372386593534
0.0023442288153199225
0.0023496328208483072
0.002355049283896009
0.002360478233180578
0.002365919697485759
0.0023713737056616554
0.002376840286624876
0.002382319469358689
0.0023878112829131782
0.0023933157564053876
0.00239883291901949
0.0024043628000069346
0.0024099054286865957
0.0024154608344449406
0.0024210290467361778
0.002426610095082414
0.002432204009073816
0.0024378108183687524
0.0024434305526939712
0.002449063241844747
0.002454708915685031
0.0024603676041476275
0.0024660393372343387
0.002471724145016129
0.002477422057633286
0.0024831331052955702
0.00248885731828239
0.002494594726942956
0.002500345361696432
0.0025061092530321138
0.0025118864315095794
0.0025176769277588545
0.0025234807724805754
0.0025292979964461446
0.002535128630497907
0.0025409727055493063
0.002546830252585042
0.002552701302661247
0.0025585858869056452
0.002564484036517716
0.0025703957827688645
0.0025763211570025753
0.0025822601906345956
0.002588212915153093
0.002594179362118815
0.002600159563165272
0.002606153549998895
0.0026121613543992053
0.0026181830082189863
0.002624218543384442
0.0026302679918953813
0.0026363313858253786
0.0026424087573219475
0.002648500138606701
0.002654605561975539
0.0026607250597988083
0.0026668586645214806
0.0026730064086633114
0.0026791683248190315
0.0026853444456585063
0.0026915348039269166
0.0026977394324449204
0.0027039583641088436
0.0027101916318908416
0.0027164392688390836
0.0027227013080779127
0.0027289777828080407
0.0027352687263067113
0.0027415741719278835
0.0027478941531023974
0.002754228703338166
0.002760577856220345
0.0027669416454115126
0.002773320104651841
0.0027797132677592883
0.0027861211686297693
0.002792543841237339
0.002798981319634363
0.002805433637951713
0.0028119008303989393
0.002818382931264455
0.0028248799749157074
0.0028313919957993787
0.002837919028441555
0.002844461107447917
0.00285101826750391
0.0028575905433749467
0.00286417796990658
0.002870780582024692
0.0028773984147356696
0.0028840315031266055
0.0028906798823654747
0.0028973435877013244
0.002904022654464451
0.0029107171180666053
0.002917427014001166
0.0029241523778433367
0.0029308932452503213
0.0029376496519615304
0.0029444216337987605
0.002951209226666387
0.0029580124665515464
0.0029648313895243423
0.0029716660317380254
0.002978516429429191
0.0029853826189179603
0.002992264636608189
0.0029991625189876503
0.0030060763026282323
0.003013006024186122
0.003019951720402016
0.003026913428101305
0.0030338911841942717
0.00304088502567628
0.003047894989627983
0.0030549211132155124
0.0030619634336906754
0.0030690219883911583
0.003076096814740708
0.0030831879502493534
0.003090295432513592
0.003097419299216581
0.0031045595881283557
0.0031117163371060168
0.0031188895840939352
0.0031260793671239557
0.003133285724315586
0.0031405086938762167
0.0031477483141013176
0.0031550046233746274
0.0031622776601683794
0.00316956746304349
0.003176874070649769
0.0031841975217261256
0.0031915378551007614
0.0031988951096913972
0.0032062693245054675
0.0032136605386403182
0.0032210687912834347
0.0032284941217126345
0.003235936569296281
0.0032433961734934934
0.0032508729738543437
0.003258367010020087
0.00326587832172336
0.003273406948788383
0.0032809529311311906
0.0032885163087598298
0.003296097121774576
0.003303695410368149
0.003311311214825911
0.0033189445755261032
0.003326595532940047
0.0033342641276323504
0.0033419504002611426
0.003349654391578276
0.003357376142429545
0.0033651156937549082
0.003372873086588689
0.0033806483620598153
0.0033884415613920273
0.0033962527259040853
0.003404081897010009
0.003411929116219285
0.003419794425137087
0.003427677865464505
0.0034355794789987463
0.003443499307633384
0.0034514373933585644
0.0034593937782612205
0.0034673685045253167
0.0034753616144320575
0.0034833731503601164
0.0034914031547858626
0.003499451670283573
0.0035075187395256797
0.0035156044052829833
0.0035237087104248725
0.00353183169791957
0.0035399734108343462
0.0035481338923357532
0.0035563131856898547
0.0035645113342624426
0.0035727283815192887
0.0035809643710263623
0.0035892193464500534
0.0035974933515574236
0.0036057864302164234
0.0036140986263961316
0.0036224299841669874
0.003630780547701014
0.0036391503612720707
0.00364753946925608
0.0036559479161312504
0.0036643757464783332
0.003672823004980846
0.003681289736425313
0.0036897759857015045
0.003698281797802663
0.0037068072178257595
0.003715352290971728
0.0037239170625456867
0.0037325015779572064
0.003741105882720533
0.0037497300224548337
0.003758374042884443
0.003767037989839089
0.00377572190925416
0.0037844258471709316
0.003793149849736817
0.0038018939632056127
0.00381065823393773
0.0038194427084004643
0.003828247433168228
0.003837072454922788
0.0038459178204535353
0.003854783576657717
0.0038636697705406895
0.003872576449216173
0.0038815036599064824
0.003890451449942805
0.003899419866765436
0.003908408957924021
0.003917418771077831
0.003926449353995997
0.003935500754557773
0.003944573020752785
0.003953666200681279
0.003962780342554394
0.003971915494694405
0.003981071705534973
0.00399024902362142
0.003999447497610974
0.004008667176273026
0.0040179081084894
0.004027170343254591
0.0040364539296760486
0.004045758916974429
0.004055085354483839
0.004064433291652128
0.004073802778041126
0.004083193863326919
0.00409260659730011
0.004102041029866068
0.004111497211045221
0.004120975190973304
0.004130475019901615
0.004139996748197304
0.004149540426343628
0.004159106104940219
0.004168693834703355
0.004178303666466218
0.004187935651179182
0.004197589839910077
0.004207266283844442
0.004216965034285823
0.004226686142656029
0.004236429660495409
0.00424619563946313
0.0042559841313374305
0.004265795188015926
0.004275628861515864
0.004285485203974397
0.004295364267648873
0.004305266104917106
0.00431519076827765
0.004325138310350089
0.004335108783875289
0.004345102241715714
0.004355118736855688
0.004365158322401661
0.004375221051582521
0.004385306977749856
0.004395416154378243
0.0044055486350655345
0.004415704473533125
0.004425883723626264
0.004436086439314328
0.004446312674691089
0.004456562483975033
0.0044668359215096305
0.004477133041763623
0.004487453899331323
0.00449779854893288
0.0045081670454146005
0.004518559443749226
0.004528975799036209
0.004539416166502032
0.004549880601500485
0.00456036915951296
0.004570881896148752
0.004581418867145335
0.004591980128368685
0.004602565735813563
0.0046131757456037955
0.004623810213992603
0.004634469197362879
0.004645152752227493
0.004655860935229591
0.0046665938031428865
0.004677351412871981
0.004688133821452655
0.004698941086052156
0.004709773263969529
0.004720630412635905
0.0047315125896148025
0.004742419852602448
0.0047533522594280534
0.004764309868054156
0.004775292736576912
0.004786300923226385
0.0047973344863668915
0.0048083934844972845
0.004819477976251272
0.004830588020397728
0.004841723675840994
0.00485288500162121
0.004864072056914619
0.004875284901033865
0.004886523593428336
0.004897788193684461
0.004909078761526029
0.004920395356814511
0.004931738039549359
0.004943106869868354
0.004954501908047905
0.004965923214503363
0.0049773708497893605
0.004988844874600122
0.005000345349769783
0.005011872336272725
0.005023425895223871
0.005035006087879048
0.005046612975635287
0.005058246620031137
0.005069907082747045
0.005081594425605605
0.005093308710571952
0.005105049999754065
0.005116818355403078
0.005128613839913648
0.005140436515824259
0.0051522864458175615
0.005164163692720711
0.005176068319505676
0.005188000389289609
0.005199959965335162
0.0052119471110508055
0.005223961889991197
0.0052360043658575
0.005248074602497723
0.005260172663907063
0.005272298614228227
0.005284452517751803
0.005296634438916581
0.005308844442309885
0.005321082592667942
0.0053333489548762075
0.0053456435939697134
0.005357966575133417
0.005370317963702527
0.005382697825162881
0.005395106225151279
0.005407543229455809
0.005420008904016238
0.0054325033149243305
0.005445026528424209
0.00545757861091271
0.005470159628939716
0.005482769649208536
0.005495408738576248
0.005508076964054035
0.005520774392807574
0.005533501092157366
0.005546257129579105
0.005559042572704037
0.005571857489319298
0.005584701947368306
0.0055975760149511045
0.005610479760324707
0.005623413251903491
0.005636376558259543
0.005649369748123022
0.005662392890382535
0.005675446054085471
0.005688529308438413
0.005701642722807478
0.005714786366718672
0.0057279603098582925
0.005741164622073274
0.005754399373371567
0.005767664633922509
0.0057809604740571814
0.005794286964268809
0.005807644175213123
0.005821032177708716
0.005834451042737447
0.005847900841444806
0.005861381645140285
0.005874893525297769
0.00588843655355589
0.005902010801718442
0.005915616341754743
0.0059292532458
0.005942921586155727
0.005956621435290103
0.005970352865838366
0.0059841159506031985
0.005997910762555094
0.006011737374832779
0.0060255958607435805
0.0060394862937638
0.006053408747539136
0.006067363295885053
0.006081350012787176
0.006095368972401693
0.0061094202490557204
0.006123503917247733
0.006137620051647945
0.0061517687270986835
0.006165950018614822
0.006180164001384158
0.006194410750767812
0.006208690342300638
0.006223002851691595
0.006237348354824191
0.006251726927756862
0.006266138646723356
0.0062805835881331795
0.006295061828571974
0.00630957344480193
0.006324118513762197
0.00633869711256927
0.006353309318517436
0.006367955209079162
0.0063826348619054896
0.006397348354826482
0.006412095765851615
0.006426877173170194
0.0064416926551517754
0.006456542290346556
0.0064714261574858305
0.006486344335482388
0.006501296903430909
0.006516283940608427
0.006531305526474723
0.006546361740672747
0.006561452663029057
0.006576578373554205
0.006591738952443213
0.006606934480075964
0.006622165037017622
0.006637430704019089
0.006652731562017413
0.006668067692136219
0.006683439175686149
0.0066988460941652655
0.006714288529259523
0.006729766562843182
0.006745280276979223
0.006760829753919818
0.00677641507610675
0.0067920363261718434
0.006807693586937417
0.006823386941416697
0.006839116472814293
0.006854882264526613
0.006870684400142318
0.006886522963442762
0.006902398038402419
0.006918309709189363
0.006934258060165694
0.006950243175887969
0.006966265141107686
0.006982324040771711
0.006998419960022731
0.007014552984199714
0.007030723198838334
0.007046930689671467
0.007063175542629623
0.00707945784384138
0.0070957776796338875
0.0071121351365332885
0.007128530301265191
0.007144963260755135
0.00716143410212902
0.007177942912713615
0.007194489780036998
0.007211074791828998
0.007227698036021702
0.007244359600749898
0.007261059574351543
0.007277798045368242
0.007294575102545687
0.007311390834834172
0.007328245331389044
0.007345138681571151
0.007362070974947361
0.0073790423012910075
0.007396052750582374
0.007413102413009177
0.007430191378967014
0.007447319739059889
0.0074644875841006686
0.007481695005111545
0.007498942093324558
0.007516228940182053
0.00753355563733717
0.007550922276654342
0.007568328950209743
0.007585775750291836
0.007603262769401822
0.007620790100254122
0.007638357835776907
0.007655966069112561
0.007673614893618186
0.0076913044028660985
0.0077090346906443005
0.007726805850957022
0.007744617978025192
0.00776247116628692
0.007780365510398041
0.007798301105232585
0.007816278045883293
0.00783429642766212
0.007852356346100719
0.007870457896950985
0.007888601176185549
0.007906786279998253
0.007925013304804718
0.007943282347242814
0.007961593504173184
0.007979946872679769
0.007998342550070285
0.008016780633876789
0.008035261221856178
0.008053784411990669
0.008072350302488382
0.008090958991783822
0.008109610578538404
0.008128305161640995
0.008147042840208396
0.008165823713585922
0.008184647881347902
0.008203515443298184
0.008222426499470713
0.008241381150130022
0.008260379495771783
0.008279421637123344
0.008298507675144225
0.008317637711026709
0.008336811846196349
0.008356030182312483
0.008375292821268827
0.008394599865193973
0.008413951416451947
0.008433347577642757
0.0084527884516029
0.008472274141405963
0.008491804750363144
0.008511380382023767
0.008531001140175895
0.008550667128846832
0.008570378452303693
0.008590135215053961
0.008609937521846007
0.008629785477669702
0.008649679187756939
0.00866961875758217
0.008689604292863019
0.008709635899560805
0.008729713683881113
0.008749837752274364
0.008770008211436349
0.008790225168308843
0.008810488730080147
0.008830799004185631
0.008851156098308357
0.008871560120379608
0.008892011178579481
0.008912509381337459
0.008933054837332954
0.008953647655495937
0.00897428794500749
0.008994975815300356
0.00901571137605957
0.009036494737223014
0.009057326008981998
0.00907820530178186
0.009099132726322517
0.009120108393559097
0.0091411324147025
0.009162204901219993
0.009183325964835811
0.009204495717531713
0.00922571427154763
0.00924698173938223
0.009268298233793494
0.009289663867799364
0.009311078754678301
0.009332543007969905
0.009354056741475521
0.009375620069258801
0.009397233105646375
0.009418895965228418
0.009440608762859235
0.009462371613657929
0.009484184633008968
0.00950604793656281
0.009527961640236522
0.009549925860214359
0.009571940712948441
0.009594006315159337
0.009616122783836648
0.009638290236239706
0.009660508789898131
0.009682778562612486
0.009705099672454899
0.00972747223776965
0.009749896377173866
0.009772372209558112
0.009794899854086991
0.009817479430199843
0.009840111057611334
0.009862794856312099
0.00988553094656939
0.009908319448927675
0.009931160484209335
0.009954054173515275
0.009977000638225536
0.01
0.010023052380779
0.010046157902783952
0.010069316688518045
0.010092528860766845
0.010115794542598987
0.010139113857366794
0.010162486928706959
0.010185913880541169
0.010209394837076802
0.010232929922807542
0.010256519262514079
0.010280162981264735
0.010303861204416164
0.010327614057613975
0.010351421666793441
0.010375284158180127
0.010399201658290596
0.010423174293933041
0.010447202192208004
0.010471285480508996
0.010495424286523225
0.01051961873823223
0.010543868963912592
0.010568175092136586
0.010592537251772886
0.010616955571987247
0.010641430182243158
0.010665961212302578
0.010690548792226577
0.010715193052376065
0.010739894123412445
0.010764652136298349
0.010789467222298286
0.01081433951297938
0.010839269140212033
0.010864256236170655
0.010889300933334333
0.010914403364487566
0.010939563662720937
0.01096478196143185
0.010990058394325208
0.01101539309541415
0.011040786199020729
0.011066237839776664
0.01109174815262401
0.011117317272815914
0.011142945335917299
0.011168632477805612
0.011194378834671514
0.011220184543019636
0.011246049739669263
0.011271974561755105
0.011297959146727977
0.011324003632355572
0.01135010815672315
0.01137627285823431
0.011402497875611685
0.011428783347897719
0.011455129414455355
0.01148153621496883
0.011508003889444356
0.011534532578210924
0.011561122421920988
0.011587773561551261
0.011614486138403426
0.011641260294104915
0.011668096170609623
0.011694993910198712
0.011721953655481303
0.011748975549395297
0.011776059735208072
0.011803206356517298
0.011830415557251646
0.011857687481671602
0.011885022274370183
0.01191242008027375
0.011939881044642732
0.011967405313072436
0.011994993031493787
0.012022644346174132
0.012050359403717974
0.012078138351067804
0.012105981335504822
0.012133888504649774
0.012161860006463679
0.012189895989248667
0.012217996601648717
0.01224616199265049
0.012274392311584071
0.012302687708123818
0.01233104833228909
0.012359474334445108
0.01238796586530369
0.012416523075924113
0.01244514611771385
0.012473835142429432
0.0125025903021772
0.012531411749414162
0.012560299636948748
0.012589254117941675
0.012618275345906706
0.012647363474711517
0.012676518658578455
0.012705741052085419
0.012735030810166616
0.012764388088113442
0.012793813041575246
0.012823305826560218
0.012852866599436154
0.012882495516931342
0.012912192736135341
0.012941958414499863
0.01297179270983956
0.013001695780332907
0.013031667784522994
0.013061708881318418
0.01309181922999407
0.013121998990192035
0.013152248321922383
0.013182567385564075
0.013212956341865752
0.01324341535194665
0.013273944577297395
0.013304544179780914
0.01333521432163324
0.013365955165464426
0.01339676687425935
0.013427649611378642
0.013458603540559484
0.01348962882591654
0.013520725631942771
0.013551894123510363
0.013583134465871541
0.013614446824659504
0.013645831365889245
0.013677288255958495
0.013708817661648536
0.013740419750125157
0.013772094688939465
0.013803842646028852
0.01383566378971781
0.01386755828871889
0.013899526312133533
0.013931568029453036
0.013963683610559377
0.013995873225726185
0.014028137045619582
0.014060475241299143
0.014092887984218748
0.014125375446227547
0.014157937799570816
0.014190575216890926
0.014223287871228198
0.014256075936021878
0.01428893958511103
0.014321878992735432
0.014354894333536561
0.014387985782558451
0.014421153515248688
0.014454397707459272
0.014487718535447617
0.01452111617587742
0.014554590805819662
0.014588142602753481
0.014621771744567183
0.014655478409559114
0.014689262776438668
0.014723125024327186
0.014757065332758947
0.014791083881682071
0.014825180851459537
0.014859356422870068
0.014893610777109155
0.01492794409578996
0.014962356560944336
0.014996848355023733
0.015031419660900224
0.015066070661867418
0.015100801541641486
0.01513561248436208
0.015170503674593369
0.015205475297324954
0.015240527537972915
0.015275660582380723
0.015310874616820304
0.015346169827992941
0.01538154640303035
0.015417004529495591
0.01545254439538414
0.01548816618912481
0.015523870099580825
0.015559656316050743
0.015595525028269538
0.015631476426409538
0.015667510701081494
0.015703628043335523
0.015739828644662196
0.015776112696993486
0.015812480392703835
0.015848931924611134
0.01588546748597779
0.0159220872705117
0.01595879147236733
0.01599558028614669
0.016032453906900418
0.016069412530128772
0.016106456351782705
0.01614358556826486
0.01618080037643066
0.0162181009735893
0.016255487557504843
0.016292960326397224
0.016330519478943345
0.016368165214278085
0.016405897731995397
0.016443717232149314
0.016481623915255084
0.01651961798229015
0.016557699634695285
0.016595869074375606
0.016634126503701697
0.016672472125510627
0.01671090614310708
0.016749428760264373
0.016788040181225608
0.016826740610704674
0.016865530253887415
0.01690440931643264
0.01694337800447329
0.016982436524617443
0.01702158508394951
0.017060823890031235
0.01710015315090288
0.017139573075084253
0.017179083871575886
0.01721868574986007
0.01725837891990204
0.017298163592151014
0.017338039977541384
0.017378008287493755
0.017418068733916145
0.017458221529205037
0.017498466886246573
0.017538805018417612
0.01757923613958693
0.017619760464116292
0.017660378206861647
0.01770108958317421
0.017741894808901662
0.01778279410038923
0.0178237876744809
0.01786487574852051
0.01790605854035295
0.017947336268325266
0.017988709151287884
0.01803017740859569
0.018071741260109277
0.018113400926196024
0.018155156627731362
0.018197008586099836
0.018238957023196382
0.018281002161427428
0.01832314422371212
0.018365383433483463
0.018407720014689564
0.018450154191794736
0.018492686189780786
0.018535316234148114
0.01857804455091699
0.018620871366628676
0.018663796908346703
0.018706821403658005
0.018749945080674194
0.018793168168032684
0.01883649089489801
0.018879913490962935
0.01892343618644976
0.018967059212111465
0.019010782799233007
0.019054607179632473
0.019098532585662378
0.01914255925021086
0.01918668740670289
0.019230917289101587
0.019275249131909356
0.01931968317016924
0.01936421963946607
0.01940885877592778
0.019453600816226622
0.019498445997580455
0.019543394557753942
0.0195884467350599
0.019633602768360466
0.01967886289706845
0.019724227361148535
0.01976969640111861
0.01981527025805098
0.019860949173573717
0.019906733389871863
0.0199526231496888
0.01999861869632744
0.020044720273651614
0.020090928126087277
0.020137242498623885
0.020183663636815608
0.020230191786782717
0.02027682719521282
0.02032357010936222
0.02037042077705718
0.020417379446695295
0.020464446367246737
0.020511621788255656
0.020558905959841414
0.020606299132700005
0.02065380155810529
0.020701413487910426
0.020749135174549096
0.020796966871036958
0.020844908830972887
0.020892961308540396
0.020941124558508925
0.020989398836235244
0.021037784397664752
0.021086281499332896
0.021134890398366465
0.021183611352485022
0.02123244462000219
0.02128139045982712
0.021330449131465763
0.021379620895022326
0.021428906011200583
0.021478304741305344
0.021527817347243728
0.02157744409152667
0.0216271852372702
0.02167704104819695
0.021727011788637444
0.02177709772353159
0.021827299118430014
0.02187761623949553
0.021928049353504484
0.021978598727848252
0.022029264630534562
0.022080047330189003
0.022130947096056376
0.022181964198002193
0.02223309890651403
0.022284351492703042
0.022335722228305314
0.0223872113856834
0.022438819237827663
0.022490546058357815
0.022542392121524292
0.022594357702209782
0.022646443075930594
0.022698648518838224
0.022750974307720707
0.022803420720004186
0.0228559880337543
0.022908676527677734
0.02296148648112362
0.02301441817408509
0.02306747188720069
0.023120647901755952
0.023173946499684784
0.023227367963571076
0.02328091257665008
0.023334580622810033
0.02338837238659355
0.023442288153199226
0.02349632820848307
0.023550492838960102
0.02360478233180577
0.023659196974857587
0.023713737056616554
0.02376840286624877
0.023823194693586902
0.02387811282913178
0.023933157564053877
0.02398832919019491
0.024043628000069334
0.024099054286865956
0.024154608344449404
0.024210290467361787
0.024266100950824154
0.02432204009073816
0.024378108183687526
0.024434305526939724
0.024490632418447456
0.02454708915685031
0.024603676041476275
0.0246603933723434
0.024717241450161305
0.024774220576332863
0.024831331052955704
0.024888573182823916
0.024945947269429548
0.025003453616964322
0.025061092530321138
0.025118864315095808
0.025176769277588558
0.025234807724805755
0.02529297996446145
0.025351286304979084
0.02540972705549305
0.025468302525850417
0.02552701302661247
0.02558585886905645
0.025644840365177175
0.025703957827688632
0.025763211570025753
0.025822601906345957
0.025882129151530917
0.025941793621188137
0.026001595631652722
0.02606153549998895
0.026121613543992065
0.02618183008218985
0.02624218543384442
0.026302679918953815
0.0263633138582538
0.02642408757321946
0.02648500138606701
0.02654605561975539
0.0266072505979881
0.026668586645214792
0.026730064086633115
0.026791683248190316
0.026853444456585076
0.026915348039269153
0.026977394324449205
0.027039583641088435
0.02710191631890843
0.027164392688390823
0.027227013080779128
0.027289777828080404
0.027352687263067124
0.02741574171927882
0.027478941531023975
0.02754228703338166
0.027605778562203462
0.027669416454115112
0.02773320104651841
0.027797132677592883
0.027861211686297706
0.02792543841237338
0.02798981319634363
0.028054336379517132
0.028119008303989407
0.028183829312644536
0.028248799749157075
0.02831391995799379
0.028379190284415566
0.028444611074479154
0.028510182675039096
0.028575905433749466
0.02864177969906581
0.028707805820246905
0.028773984147356695
0.028840315031266057
0.02890679882365476
0.028973435877013228
0.029040226544644512
0.029107171180666053
0.029174270140011675
0.029241523778433354
0.029308932452503215
0.029376496519615308
0.02944421633798762
0.029512092266663854
0.029580124665515465
0.029648313895243424
0.029716660317380267
0.029785164294291896
0.029853826189179603
0.02992264636608189
0.029991625189876515
0.030060763026282307
0.03013006024186122
0.03019951720402016
0.030269134281013063
0.030338911841942703
0.0304088502567628
0.03047894989627983
0.030549211132155137
0.030619634336906773
0.03069021988391158
0.03076096814740708
0.03083187950249355
0.030902954325135904
0.03097419299216581
0.031045595881283555
0.031117163371060186
0.031188895840939368
0.03126079367123956
0.031332857243155855
0.031405086938762185
0.03147748314101316
0.03155004623374628
0.03162277660168379
0.03169567463043492
0.031768740706497704
0.03184197521726125
0.031915378551007616
0.031988951096913985
0.03206269324505466
0.03213660538640318
0.032210687912834345
0.03228494121712636
0.03235936569296283
0.03243396173493494
0.032508729738543435
0.032583670100200884
0.03265878321723358
0.03273406948788383
0.032809529311311904
0.03288516308759831
0.03296097121774578
0.03303695410368149
0.03311311214825911
0.033189445755261046
0.03326595532940045
0.033342641276323505
0.03341950400261143
0.03349654391578278
0.03357376142429547
0.03365115693754908
0.03372873086588689
0.03380648362059817
0.033884415613920256
0.03396252725904085
0.03404081897010009
0.034119291162192866
0.03419794425137089
0.03427677865464505
0.034355794789987466
0.03443499307633384
0.034514373933585626
0.03459393778261219
0.034673685045253165
0.03475361614432058
0.03483373150360118
0.03491403154785861
0.03499451670283573
0.03507518739525679
0.035156044052829814
0.03523708710424871
0.0353183169791957
0.03539973410834346
0.03548133892335755
0.03556313185689853
0.03564511334262443
0.035727283815192884
0.03580964371026361
0.03589219346450052
0.03597493351557424
0.03605786430216423
0.03614098626396133
0.03622429984166986
0.03630780547701014
0.036391503612720706
0.03647539469256078
0.03655947916131248
0.03664375746478333
0.036728230049808464
0.036812897364253146
0.03689775985701503
0.036982817978026626
0.0370680721782576
0.03715352290971726
0.03723917062545685
0.03732501577957206
0.03741105882720533
0.037497300224548356
0.037583740428844416
0.03767037989839089
0.0377572190925416
0.03784425847170934
0.03793149849736819
0.038018939632056124
0.038106582339377304
0.03819442708400466
0.03828247433168226
0.03837072454922788
0.03845917820453535
0.038547835766577186
0.03863669770540691
0.038725764492161724
0.03881503659906482
0.03890451449942807
0.03899419866765434
0.039084089579240214
0.039174187710778303
0.03926449353995999
0.03935500754557775
0.03944573020752785
0.03953666200681279
0.03962780342554395
0.03971915494694403
0.039810717055349734
0.03990249023621421
0.03999447497610976
0.04008667176273028
0.040179081084894
0.04027170343254591
0.0403645392967605
0.04045758916974426
0.040550853544838394
0.040644332916521274
0.04073802778041128
0.04083193863326921
0.040926065973001094
0.04102041029866068
0.04111497211045223
0.04120975190973302
0.041304750199016145
0.04139996748197304
0.04149540426343631
0.04159106104940221
0.04168693834703355
0.041783036664662175
0.041879356511791845
0.04197589839910075
0.04207266283844442
0.042169650342858224
0.04226686142656031
0.04236429660495411
0.0424619563946313
0.04255984131337431
0.04265795188015928
0.04275628861515862
0.042854852039743964
0.042953642676488726
0.043052661049171076
0.043151907682776526
0.04325138310350088
0.04335108783875289
0.04345102241715717
0.04355118736855686
0.04365158322401661
0.04375221051582521
0.04385306977749858
0.043954161543782455
0.04405548635065534
0.044157044735331254
0.04425883723626267
0.044360864393143254
0.044463126746910886
0.04456562483975033
0.04466835921509633
0.04477133041763626
0.04487453899331323
0.0449779854893288
0.04508167045414603
0.04518559443749224
0.04528975799036209
0.04539416166502032
0.045498806015004875
0.04560369159512962
0.04570881896148752
0.04581418867145335
0.045919801283686876
0.0460256573581356
0.04613175745603795
0.04623810213992603
0.046344691973628796
0.046451527522274945
0.04655860935229589
0.04666593803142887
0.046773514128719815
0.04688133821452653
0.04698941086052153
0.04709773263969529
0.047206304126359046
0.04731512589614805
0.04742419852602446
0.047533522594280536
0.04764309868054156
0.04775292736576909
0.047863009232263824
0.047973344863668915
0.04808393484497285
0.04819477976251274
0.04830588020397726
0.04841723675840994
0.0485288500162121
0.048640720569146166
0.04875284901033863
0.048865235934283366
0.04897788193684462
0.04909078761526031
0.04920395356814509
0.0493173803954936
0.049431068698683536
0.04954501908047903
0.0496592321450336
0.04977370849789361
0.049888448746001214
0.05000345349769786
0.05011872336272722
0.050234258952238715
0.05035006087879047
0.05046612975635284
0.0505824662003114
0.050699070827470445
0.050815944256056046
0.050933087105719546
0.05105049999754062
0.051168183554030786
0.05128613839913648
0.051404365158242614
0.051522864458175645
0.05164163692720711
0.051760683195056764
0.05188000389289612
0.051999599653351596
0.052119471110508055
0.05223961889991197
0.05236004365857504
0.05248074602497726
0.05260172663907063
0.05272298614228227
0.05284452517751805
0.05296634438916578
0.053088444423098846
0.053210825926679424
0.05333348954876211
0.053456435939697164
0.053579665751334174
0.05370317963702527
0.05382697825162884
0.05395106225151276
0.0540754322945581
0.05420008904016239
0.054325033149243335
0.05445026528424212
0.054575786109127104
0.05470159628939716
0.05482769649208539
0.054954087385762455
0.05508076964054035
0.05520774392807573
0.05533501092157368
0.055462571295791074
0.05559042572704037
0.055718574893192985
0.05584701947368309
0.055975760149511014
0.05610479760324706
0.05623413251903491
0.05636376558259546
0.05649369748123025
0.056623928903825345
0.056754460540854715
0.05688529308438416
0.05701642722807475
0.057147863667186716
0.057279603098582925
0.05741164622073277
0.057543993733715694
0.05767664633922509
0.05780960474057181
0.05794286964268812
0.05807644175213121
0.05821032177708716
0.05834451042737448
0.05847900841444809
0.05861381645140288
0.05874893525297769
0.0588843655355589
0.05902010801718445
0.0591561634175474
0.059292532458
0.05942921586155727
0.05956621435290106
0.059703528658383694
0.059841159506031985
0.05997910762555094
0.060117373748327825
0.06025595860743578
0.060394862937638
0.06053408747539136
0.06067363295885056
0.060813500127871796
0.060953689724016935
0.061094202490557206
0.06123503917247737
0.06137620051647943
0.06151768727098683
0.06165950018614822
0.061801640013841606
0.06194410750767815
0.062086903423006344
0.062230028516915954
0.06237348354824192
0.06251726927756858
0.06266138646723353
0.0628058358813318
0.06295061828571975
0.06309573444801933
0.06324118513762193
0.0633869711256927
0.06353309318517436
0.06367955209079158
0.06382634861905485
0.06397348354826482
0.06412095765851615
0.06426877173170198
0.06441692655151772
0.06456542290346556
0.06471426157485831
0.06486344335482384
0.06501296903430906
0.06516283940608428
0.06531305526474723
0.0654636174067275
0.06561452663029053
0.06576578373554205
0.06591738952443213
0.06606934480075961
0.06622165037017619
0.0663743070401909
0.06652731562017412
0.06668067692136222
0.06683439175686146
0.06698846094165266
0.06714288529259523
0.06729766562843179
0.0674528027697922
0.06760829753919818
0.0677641507610675
0.06792036326171846
0.06807693586937413
0.06823386941416697
0.06839116472814293
0.06854882264526617
0.06870684400142321
0.06886522963442762
0.06902398038402419
0.06918309709189366
0.0693425806016569
0.0695024317588797
0.06966265141107687
0.06982324040771715
0.06998419960022735
0.07014552984199714
0.07030723198838335
0.07046930689671471
0.0706317554262962
0.0707945784384138
0.07095777679633887
0.07112135136533292
0.07128530301265194
0.07144963260755134
0.0716143410212902
0.07177942912713618
0.07194489780036994
0.07211074791828997
0.07227698036021703
0.07244359600749903
0.07261059574351547
0.07277798045368242
0.07294575102545688
0.07311390834834176
0.07328245331389041
0.0734513868157115
0.07362070974947361
0.07379042301291011
0.07396052750582378
0.07413102413009177
0.07430191378967013
0.07447319739059892
0.07464487584100665
0.07481695005111545
0.07498942093324558
0.07516228940182057
0.07533555637337173
0.07550922276654341
0.07568328950209743
0.0758577575029184
0.07603262769401818
0.07620790100254123
0.07638357835776907
0.07655966069112566
0.0767361489361819
0.07691304402866098
0.07709034690644301
0.07726805850957025
0.07744617978025188
0.07762471166286919
0.07780365510398041
0.0779830110523259
0.07816278045883297
0.0783429642766212
0.07852356346100718
0.07870457896950989
0.07888601176185545
0.07906786279998253
0.07925013304804718
0.07943282347242818
0.07961593504173188
0.07979946872679769
0.07998342550070285
0.08016780633876794
0.08035261221856173
0.08053784411990669
0.08072350302488382
0.08090958991783825
0.08109610578538408
0.08128305161640995
0.08147042840208396
0.08165823713585926
0.08184647881347899
0.08203515443298186
0.08222426499470713
0.08241381150130025
0.08260379495771787
0.08279421637123345
0.08298507675144226
0.08317637711026708
0.08336811846196344
0.08356030182312478
0.08375292821268826
0.08394599865193973
0.08413951416451952
0.08433347577642752
0.084527884516029
0.08472274141405964
0.0849180475036314
0.08511380382023763
0.08531001140175895
0.08550667128846832
0.08570378452303697
0.08590135215053957
0.08609937521846008
0.08629785477669702
0.08649679187756934
0.08669618757582165
0.0868960429286302
0.08709635899560805
0.08729713683881117
0.0874983775227436
0.08770008211436349
0.08790225168308842
0.08810488730080142
0.08830799004185627
0.08851156098308356
0.08871560120379608
0.08892011178579486
0.08912509381337455
0.08933054837332954
0.08953647655495937
0.08974287945007486
0.0899497581530035
0.09015711376059571
0.09036494737223014
0.09057326008982003
0.09078205301781857
0.09099132726322517
0.09120108393559097
0.09141132414702503
0.09162204901219997
0.0918332596483581
0.09204495717531712
0.09225714271547633
0.09246981739382225
0.09268298233793494
0.09289663867799362
0.09311078754678305
0.0933254300796991
0.09354056741475521
0.09375620069258803
0.0939723310564638
0.09418895965228413
0.09440608762859236
0.0946237161365793
0.09484184633008974
0.09506047936562814
0.09527961640236521
0.09549925860214359
0.09571940712948447
0.09594006315159331
0.09616122783836649
0.09638290236239705
0.09660508789898135
0.09682778562612492
0.09705099672454899
0.09727472237769651
0.09749896377173872
0.09772372209558107
0.09794899854086991
0.09817479430199844
0.0984011105761134
0.09862794856312104
0.0988553094656939
0.09908319448927676
0.0993116048420934
0.0995405417351527
0.09977000638225536
0.1
0.10023052380778995
0.10046157902783956
0.10069316688518044
0.10092528860766845
0.10115794542598983
0.101391138573668
0.1016248692870696
0.1018591388054117
0.10209394837076798
0.10232929922807547
0.10256519262514079
0.10280162981264736
0.10303861204416159
0.1032761405761398
0.10351421666793441
0.10375284158180126
0.1039920165829059
0.10423174293933046
0.10447202192208004
0.10471285480508996
0.10495424286523221
0.10519618738232235
0.10543868963912592
0.10568175092136585
0.10592537251772886
0.10616955571987252
0.10641430182243164
0.10665961212302578
0.10690548792226577
0.10715193052376071
0.10739894123412451
0.1076465213629835
0.10789467222298285
0.10814339512979386
0.10839269140212039
0.10864256236170655
0.10889300933334332
0.10914403364487571
0.10939563662720941
0.1096478196143185
0.10990058394325208
0.11015393095414157
0.11040786199020736
0.11066237839776664
0.11091748152624009
0.1111731727281592
0.11142945335917304
0.11168632477805612
0.11194378834671513
0.1122018454301963
0.11246049739669269
0.11271974561755105
0.11297959146727976
0.11324003632355566
0.11350108156723154
0.1137627285823431
0.11402497875611685
0.11428783347897713
0.1145512941445536
0.1148153621496883
0.11508003889444356
0.11534532578210918
0.11561122421920993
0.11587773561551262
0.11614486138403426
0.11641260294104909
0.11668096170609629
0.11694993910198712
0.11721953655481303
0.11748975549395291
0.11776059735208079
0.11803206356517298
0.11830415557251646
0.11857687481671597
0.1188502227437019
0.1191242008027375
0.1193988104464273
0.11967405313072431
0.11994993031493793
0.12022644346174131
0.12050359403717974
0.12078138351067798
0.12105981335504828
0.12133888504649774
0.12161860006463679
0.12189895989248661
0.12217996601648723
0.1224616199265049
0.12274392311584072
0.1230268770812381
0.12331048332289096
0.12359474334445107
0.1238796586530369
0.12416523075924106
0.12445146117713857
0.12473835142429432
0.125025903021772
0.12531411749414156
0.12560299636948755
0.12589254117941676
0.12618275345906707
0.1264736347471151
0.12676518658578462
0.1270574105208542
0.12735030810166617
0.12764388088113435
0.12793813041575253
0.1282330582656022
0.12852866599436155
0.12882495516931336
0.12912192736135347
0.12941958414499863
0.12971792709839558
0.130016957803329
0.13031667784523
0.13061708881318418
0.1309181922999407
0.13121998990192027
0.1315224832192239
0.13182567385564073
0.1321295634186575
0.13243415351946644
0.13273944577297403
0.13304544179780914
0.1333521432163324
0.1336595516546442
0.13396766874259358
0.13427649611378642
0.13458603540559483
0.13489628825916533
0.1352072563194278
0.13551894123510363
0.1358313446587154
0.13614446824659496
0.13645831365889252
0.13677288255958495
0.13708817661648537
0.1374041975012515
0.13772094688939474
0.13803842646028852
0.1383566378971781
0.13867558288718881
0.1389952631213354
0.13931568029453034
0.13963683610559377
0.13995873225726177
0.1402813704561959
0.14060475241299142
0.14092887984218747
0.1412537544622754
0.14157937799570824
0.14190575216890927
0.142232878712282
0.14256075936021878
0.14288939585111038
0.1432187899273544
0.1435489433353656
0.14387985782558452
0.14421153515248694
0.1445439770745928
0.14487718535447616
0.1452111617587742
0.1455459080581967
0.1458814260275349
0.14621771744567183
0.14655478409559114
0.14689262776438677
0.14723125024327194
0.14757065332758945
0.1479108388168207
0.14825180851459543
0.14859356422870074
0.14893610777109154
0.14927944095789958
0.14962356560944343
0.1499684835502374
0.15031419660900225
0.15066070661867417
0.1510080154164148
0.15135612484362088
0.1517050367459337
0.15205475297324955
0.15240527537972906
0.15275660582380732
0.15310874616820302
0.15346169827992942
0.1538154640303034
0.154170045294956
0.1545254439538414
0.1548816618912481
0.15523870099580817
0.1555965631605075
0.15595525028269538
0.15631476426409538
0.15667510701081486
0.1570362804333553
0.15739828644662196
0.15776112696993486
0.15812480392703826
0.15848931924611143
0.15885467485977792
0.159220872705117
0.1595879147236732
0.15995580286146696
0.16032453906900418
0.1606941253012877
0.161064563517827
0.1614358556826487
0.16180800376430662
0.16218100973589297
0.16255487557504833
0.16292960326397232
0.16330519478943348
0.16368165214278085
0.16405897731995386
0.16443717232149324
0.16481623915255086
0.1651961798229015
0.16557699634695275
0.16595869074375613
0.166341265037017
0.16672472125510626
0.1671090614310707
0.16749428760264382
0.16788040181225605
0.16826740610704674
0.16865530253887406
0.1690440931643265
0.16943378004473286
0.16982436524617442
0.170215850839495
0.17060823890031243
0.1710015315090288
0.17139573075084252
0.17179083871575876
0.1721868574986008
0.1725837891990204
0.17298163592151014
0.17338039977541375
0.17378008287493762
0.17418068733916145
0.17458221529205037
0.17498466886246566
0.17538805018417622
0.17579236139586932
0.1761976046411629
0.1766037820686164
0.1770108958317422
0.17741894808901662
0.1778279410038923
0.1782378767448089
0.17864875748520517
0.17906058540352948
0.17947336268325265
0.17988709151287874
0.180301774085957
0.18071741260109275
0.18113400926196024
0.1815515662773135
0.18197008586099844
0.18238957023196384
0.1828100216142743
0.18323144223712112
0.18365383433483473
0.18407720014689563
0.18450154191794738
0.18492686189780777
0.18535316234148125
0.1857804455091699
0.18620871366628675
0.18663796908346694
0.18706821403658017
0.18749945080674194
0.18793168168032684
0.18836490894898
0.18879913490962946
0.1892343618644976
0.18967059212111465
0.19010782799232995
0.19054607179632482
0.19098532585662387
0.19142559250210858
0.1918668740670289
0.19230917289101596
0.19275249131909367
0.1931968317016924
0.19364219639466068
0.19408858775927793
0.19453600816226635
0.19498445997580455
0.19543394557753943
0.19588446735059908
0.19633602768360475
0.1967886289706845
0.19724227361148533
0.1976969640111862
0.1981527025805099
0.19860949173573716
0.19906733389871864
0.19952623149688808
0.19998618696327447
0.20044720273651614
0.2009092812608728
0.20137242498623895
0.20183663636815619
0.2023019178678272
0.20276827195212818
0.2032357010936221
0.2037042077705719
0.20417379446695297
0.20464446367246739
0.20511621788255646
0.20558905959841425
0.20606299132700007
0.20653801558105292
0.20701413487910414
0.20749135174549108
0.2079696687103696
0.20844908830972886
0.20892961308540386
0.20941124558508936
0.20989398836235246
0.21037784397664752
0.21086281499332887
0.21134890398366477
0.2118361135248502
0.21232444620002192
0.21281390459827113
0.21330449131465773
0.21379620895022325
0.21428906011200585
0.21478304741305332
0.21527817347243738
0.21577444091526668
0.21627185237270202
0.2167704104819694
0.21727011788637454
0.2177709772353159
0.21827299118430013
0.21877616239495518
0.21928049353504497
0.21978598727848253
0.2202926463053456
0.22080047330188993
0.22130947096056386
0.22181964198002194
0.2223309890651403
0.2228435149270303
0.22335722228305327
0.223872113856834
0.22438819237827662
0.22490546058357805
0.22542392121524304
0.2259435770220978
0.22646443075930595
0.22698648518838213
0.22750974307720717
0.22803420720004186
0.228559880337543
0.22908676527677724
0.2296148648112363
0.23014418174085088
0.2306747188720069
0.2312064790175594
0.23173946499684797
0.23227367963571074
0.23280912576650079
0.2333458062281002
0.2338837238659356
0.23442288153199228
0.23496328208483072
0.2355049283896009
0.23604782331805782
0.23659196974857588
0.23713737056616552
0.23768402866248758
0.23823194693586913
0.2387811282913178
0.23933157564053875
0.239883291901949
0.24043628000069348
0.24099054286865956
0.24154608344449405
0.24210290467361775
0.24266100950824168
0.2432204009073816
0.24378108183687525
0.24434305526939712
0.24490632418447467
0.2454708915685031
0.24603676041476275
0.24660393372343387
0.24717241450161317
0.24774220576332862
0.24831331052955705
0.24888573182823903
0.2494594726942956
0.2500345361696432
0.2506109253032114
0.25118864315095796
0.2517676927758857
0.2523480772480575
0.2529297996446145
0.2535128630497907
0.25409727055493064
0.25468302525850417
0.2552701302661247
0.25585858869056455
0.2564484036517719
0.25703957827688645
0.25763211570025757
0.2582260190634596
0.2588212915153093
0.25941793621188153
0.2600159563165272
0.2606153549998895
0.2612161354399208
0.2618183008218986
0.26242185433844417
0.26302679918953814
0.2636331385825381
0.26424087573219474
0.2648500138606701
0.2654605561975539
0.26607250597988114
0.2666858664521481
0.26730064086633115
0.2679168324819031
0.2685344445658509
0.26915348039269166
0.26977394324449205
0.2703958364108843
0.27101916318908414
0.27164392688390837
0.2722701308077913
0.272897778280804
0.2735268726306711
0.27415741719278836
0.2747894153102397
0.2754228703338166
0.2760577856220345
0.27669416454115126
0.2773320104651841
0.27797132677592884
0.27861211686297693
0.27925438412373393
0.2798981319634363
0.2805433637951713
0.28119008303989396
0.2818382931264455
0.2824879974915708
0.2831391995799379
0.2837919028441555
0.2844461107447917
0.285101826750391
0.28575905433749466
0.286417796990658
0.2870780582024692
0.28773984147356696
0.28840315031266056
0.28906798823654745
0.2897343587701324
0.2904022654464451
0.2910717118066605
0.2917427014001166
0.2924152377843337
0.2930893245250321
0.2937649651961531
0.29444216337987605
0.2951209226666387
0.29580124665515467
0.2964831389524342
0.2971666031738025
0.2978516429429191
0.298538261891796
0.2992264636608189
0.29991625189876503
0.3006076302628232
0.3013006024186122
0.3019951720402016
0.3026913428101305
0.3033891184194272
0.304088502567628
0.3047894989627983
0.30549211132155124
0.30619634336906787
0.3069021988391158
0.3076096814740708
0.30831879502493537
0.30902954325135923
0.3097419299216581
0.31045595881283555
0.3111716337106017
0.31188895840939385
0.31260793671239556
0.31332857243155854
0.31405086938762167
0.31477483141013174
0.31550046233746276
0.31622776601683794
0.316956746304349
0.3176874070649772
0.31841975217261254
0.31915378551007617
0.3198895109691397
0.32062693245054674
0.32136605386403183
0.32210687912834346
0.32284941217126345
0.32359365692962844
0.32433961734934935
0.3250872973854344
0.3258367010020087
0.326587832172336
0.32734069487883827
0.328095293113119
0.32885163087598296
0.32960971217745794
0.3303695410368149
0.3311311214825911
0.3318944575526103
0.3326595532940047
0.33342641276323504
0.3341950400261143
0.3349654391578276
0.33573761424295484
0.3365115693754908
0.3372873086588689
0.33806483620598154
0.33884415613920277
0.33962527259040853
0.3404081897010009
0.34119291162192844
0.34197944251370904
0.34276778654645046
0.34355794789987465
0.3443499307633384
0.34514373933585646
0.34593937782612205
0.34673685045253166
0.34753616144320576
0.348337315036012
0.34914031547858626
0.3499451670283573
0.35075187395256796
0.3515604405282983
0.35237087104248727
0.353183169791957
0.3539973410834346
0.3548133892335757
0.35563131856898544
0.3564511334262443
0.35727283815192884
0.3580964371026362
0.3589219346450053
0.35974933515574237
0.36057864302164233
0.3614098626396135
0.36224299841669877
0.3630780547701014
0.36391503612720705
0.36475394692560764
0.365594791613125
0.36643757464783333
0.36728230049808464
0.3681289736425313
0.36897759857015044
0.3698281797802663
0.370680721782576
0.3715352290971724
0.3723917062545687
0.3732501577957206
0.3741105882720533
0.3749730022454834
0.3758374042884443
0.37670379898390893
0.377572190925416
0.3784425847170932
0.3793149849736821
0.38018939632056126
0.381065823393773
0.38194427084004645
0.3828247433168228
0.38370724549227886
0.38459178204535355
0.38547835766577165
0.38636697705406936
0.3872576449216173
0.3881503659906482
0.3890451449942805
0.38994198667654356
0.3908408957924021
0.3917418771077831
0.3926449353995997
0.39355007545577764
0.39445730207527846
0.3953666200681279
0.39627803425543934
0.3971915494694405
0.3981071705534973
0.39902490236214205
0.39994474976109734
0.400866717627303
0.40179081084894
0.4027170343254591
0.4036453929676049
0.40457589169744285
0.40550853544838394
0.40644332916521275
0.4073802778041126
0.4083193863326923
0.40926065973001097
0.4102041029866068
0.41114972110452214
0.4120975190973304
0.41304750199016144
0.41399967481973043
0.4149540426343628
0.4159106104940223
0.41686938347033553
0.41783036664662176
0.41879356511791827
0.41975898399100775
0.4207266283844442
0.4216965034285822
0.42266861426560287
0.4236429660495413
0.424619563946313
0.4255984131337431
0.42657951880159256
0.42756288615158644
0.4285485203974396
0.4295364267648873
0.43052661049171054
0.43151907682776547
0.43251383103500884
0.4335108783875289
0.4345102241715714
0.4355118736855688
0.4365158322401661
0.4375221051582521
0.4385306977749856
0.4395416154378247
0.44055486350655343
0.4415704473533125
0.44258837236262644
0.4436086439314328
0.4446312674691088
0.4456562483975033
0.44668359215096304
0.4477133041763628
0.4487453899331323
0.449779854893288
0.45081670454146006
0.4518559443749226
0.4528975799036209
0.4539416166502032
0.4549880601500485
0.4560369159512964
0.4570881896148752
0.4581418867145335
0.4591980128368685
0.4602565735813563
0.46131757456037953
0.46238102139926035
0.46344691973628793
0.4645152752227497
0.4655860935229591
0.46665938031428866
0.4677351412871981
0.4688133821452655
0.4698941086052156
0.47097732639695294
0.47206304126359044
0.47315125896148075
0.4742419852602448
0.47533522594280536
0.4764309868054156
0.47752927365769116
0.47863009232263853
0.47973344863668915
0.4808393484497285
0.4819477976251276
0.48305880203977286
0.48417236758409943
0.485288500162121
0.4864072056914619
0.4875284901033865
0.48865235934283363
0.48977881936844614
0.4909078761526029
0.4920395356814511
0.49317380395493593
0.4943106869868354
0.49545019080479
0.49659232145033627
0.49773708497893604
0.4988844874600122
0.5000345349769784
0.5011872336272725
0.5023425895223872
0.5035006087879047
0.5046612975635282
0.5058246620031143
0.5069907082747045
0.5081594425605604
0.5093308710571952
0.5105049999754064
0.5116818355403079
0.5128613839913648
0.5140436515824259
0.5152286445817567
0.516416369272071
0.5176068319505677
0.518800038928961
0.5199959965335162
0.5211947111050805
0.5223961889991198
0.5236004365857501
0.5248074602497729
0.5260172663907063
0.5272298614228227
0.5284452517751802
0.5296634438916581
0.5308844442309885
0.5321082592667942
0.5333348954876208
0.5345643593969719
0.5357966575133417
0.5370317963702527
0.5382697825162881
0.5395106225151278
0.540754322945581
0.5420008904016238
0.5432503314924331
0.5445026528424215
0.545757861091271
0.5470159628939716
0.5482769649208535
0.5495408738576248
0.5508076964054035
0.5520774392807574
0.5533501092157366
0.5546257129579111
0.5559042572704037
0.5571857489319298
0.5584701947368307
0.5597576014951104
0.5610479760324706
0.5623413251903491
0.5636376558259543
0.5649369748123029
0.5662392890382535
0.5675446054085471
0.5688529308438414
0.5701642722807478
0.5714786366718672
0.5727960309858292
0.5741164622073274
0.5754399373371573
0.5767664633922509
0.5780960474057181
0.5794286964268809
0.5807644175213124
0.5821032177708716
0.5834451042737447
0.5847900841444806
0.5861381645140291
0.5874893525297769
0.588843655355589
0.5902010801718441
0.5915616341754742
0.59292532458
0.5942921586155727
0.5956621435290104
0.5970352865838372
0.5984115950603198
0.5997910762555094
0.601173737483278
0.6025595860743581
0.60394862937638
0.6053408747539136
0.6067363295885053
0.6081350012787182
0.6095368972401694
0.610942024905572
0.6123503917247733
0.6137620051647945
0.6151768727098683
0.6165950018614822
0.6180164001384157
0.6194410750767818
0.6208690342300638
0.6223002851691596
0.6237348354824191
0.6251726927756862
0.6266138646723356
0.628058358813318
0.6295061828571975
0.6309573444801936
0.6324118513762197
0.633869711256927
0.6353309318517436
0.6367955209079162
0.638263486190549
0.6397348354826482
0.6412095765851615
0.64268771731702
0.6441692655151775
0.6456542290346556
0.6471426157485831
0.6486344335482388
0.6501296903430909
0.6516283940608427
0.6531305526474723
0.6546361740672747
0.6561452663029057
0.6576578373554206
0.6591738952443212
0.6606934480075958
0.6622165037017622
0.6637430704019089
0.6652731562017413
0.6668067692136219
0.6683439175686149
0.6698846094165265
0.6714288529259522
0.6729766562843175
0.6745280276979222
0.6760829753919819
0.677641507610675
0.6792036326171843
0.6807693586937418
0.6823386941416697
0.6839116472814293
0.6854882264526614
0.6870684400142324
0.6886522963442762
0.6902398038402419
0.6918309709189363
0.6934258060165694
0.6950243175887969
0.6966265141107687
0.6982324040771711
0.6998419960022738
0.7014552984199713
0.7030723198838335
0.7046930689671467
0.7063175542629623
0.707945784384138
0.7095777679633888
0.7112135136533289
0.7128530301265198
0.7144963260755135
0.716143410212902
0.7177942912713615
0.7194489780036998
0.7211074791828997
0.7227698036021702
0.7244359600749899
0.726105957435155
0.7277798045368242
0.7294575102545687
0.7311390834834173
0.7328245331389045
0.7345138681571151
0.7362070974947361
0.7379042301291008
0.7396052750582381
0.7413102413009177
0.7430191378967014
0.7447319739059889
0.7464487584100669
0.7481695005111545
0.7498942093324559
0.7516228940182053
0.7533555637337178
0.7550922276654342
0.7568328950209744
0.7585775750291835
0.7603262769401823
0.7620790100254122
0.7638357835776907
0.7655966069112562
0.7673614893618194
0.7691304402866098
0.7709034690644301
0.7726805850957021
0.7744617978025191
0.776247116628692
0.7780365510398041
0.7798301105232586
0.78162780458833
0.783429642766212
0.7852356346100718
0.7870457896950984
0.7888601176185548
0.7906786279998254
0.7925013304804718
0.7943282347242814
0.7961593504173192
0.7979946872679768
0.7998342550070284
0.801678063387679
0.8035261221856177
0.8053784411990669
0.8072350302488382
0.8090958991783821
0.8109610578538412
0.8128305161640995
0.8147042840208396
0.8165823713585922
0.8184647881347903
0.8203515443298185
0.8222426499470712
0.8241381150130022
0.8260379495771791
0.8279421637123344
0.8298507675144225
0.8317637711026709
0.8336811846196348
0.8356030182312483
0.8375292821268826
0.8394599865193973
0.8413951416451956
0.8433347577642757
0.84527884516029
0.8472274141405963
0.8491804750363143
0.8511380382023768
0.8531001140175896
0.8550667128846832
0.8570378452303701
0.859013521505396
0.8609937521846007
0.8629785477669701
0.8649679187756938
0.8669618757582169
0.8689604292863019
0.8709635899560806
0.8729713683881122
0.8749837752274364
0.8770008211436349
0.8790225168308843
0.8810488730080137
0.8830799004185631
0.8851156098308356
0.8871560120379608
0.8892011178579481
0.8912509381337459
0.8933054837332954
0.8953647655495938
0.8974287945007482
0.8994975815300356
0.9015711376059571
0.9036494737223014
0.9057326008981998
0.9078205301781861
0.9099132726322517
0.9120108393559097
0.91411324147025
0.9162204901220001
0.918332596483581
0.9204495717531712
0.9225714271547628
0.924698173938223
0.9268298233793494
0.9289663867799363
0.93110787546783
0.9332543007969915
0.935405674147552
0.9375620069258802
0.9397233105646375
0.9418895965228418
0.9440608762859236
0.946237161365793
0.9484184633008969
0.9506047936562819
0.9527961640236521
0.9549925860214359
0.9571940712948441
0.9594006315159336
0.9616122783836648
0.9638290236239705
0.9660508789898131
0.9682778562612496
0.9705099672454899
0.9727472237769651
0.9749896377173867
0.9772372209558111
0.9794899854086991
0.9817479430199844
0.9840111057611335
0.9862794856312109
0.9885530946569391
0.9908319448927676
0.9931160484209335
0.9954054173515274
0.9977000638225536
1.
1.0023052380778994
1.0046157902783956
1.0069316688518044
1.0092528860766845
1.0115794542598984
1.01391138573668
1.016248692870696
1.0185913880541169
1.0209394837076797
1.0232929922807548
1.0256519262514079
1.0280162981264735
1.0303861204416158
1.032761405761398
1.0351421666793441
1.0375284158180127
1.0399201658290589
1.0423174293933046
1.0447202192208003
1.0471285480508996
1.049542428652322
1.0519618738232235
1.0543868963912593
1.0568175092136585
1.0592537251772887
1.0616955571987252
1.0641430182243163
1.066596121230258
1.0690548792226577
1.071519305237607
1.073989412341245
1.076465213629835
1.0789467222298286
1.0814339512979387
1.0839269140212038
1.0864256236170655
1.0889300933334332
1.0914403364487573
1.0939563662720941
1.096478196143185
1.0990058394325208
1.1015393095414157
1.1040786199020736
1.1066237839776665
1.1091748152624008
1.1117317272815919
1.1142945335917305
1.1168632477805611
1.1194378834671515
1.1220184543019642
1.1246049739669268
1.1271974561755105
1.1297959146727976
1.1324003632355577
1.1350108156723155
1.137627285823431
1.1402497875611686
1.1428783347897724
1.145512941445536
1.1481536214968828
1.1508003889444356
1.153453257821093
1.1561122421920993
1.1587773561551262
1.1614486138403426
1.164126029410492
1.166809617060963
1.1694993910198712
1.1721953655481303
1.1748975549395304
1.1776059735208078
1.1803206356517297
1.1830415557251646
1.1857687481671597
1.188502227437019
1.1912420080273751
1.193988104464273
1.196740531307243
1.1994993031493792
1.2022644346174132
1.2050359403717974
1.2078138351067798
1.210598133550483
1.2133888504649775
1.2161860006463678
1.218989598924866
1.2217996601648724
1.2246161992650488
1.2274392311584073
1.2302687708123812
1.2331048332289096
1.2359474334445106
1.238796586530369
1.2416523075924106
1.2445146117713857
1.2473835142429432
1.2502590302177201
1.2531411749414156
1.2560299636948755
1.2589254117941675
1.2618275345906707
1.264736347471151
1.2676518658578462
1.270574105208542
1.2735030810166617
1.2764388088113434
1.2793813041575253
1.2823305826560218
1.2852866599436155
1.2882495516931336
1.2912192736135348
1.2941958414499863
1.297179270983956
1.30016957803329
1.3031667784523
1.3061708881318417
1.309181922999407
1.3121998990192028
1.315224832192239
1.3182567385564075
1.3212956341865751
1.3243415351946644
1.32739445772974
1.3304544179780915
1.333521432163324
1.3365955165464418
1.3396766874259358
1.3427649611378643
1.3458603540559484
1.3489628825916533
1.3520725631942778
1.3551894123510364
1.3583134465871542
1.3614446824659496
1.3645831365889252
1.3677288255958495
1.3708817661648536
1.3740419750125148
1.3772094688939474
1.3803842646028852
1.383566378971781
1.3867558288718882
1.389952631213354
1.3931568029453036
1.3963683610559376
1.3995873225726179
1.4028137045619589
1.4060475241299144
1.4092887984218747
1.412537544622754
1.4157937799570823
1.4190575216890926
1.4223287871228198
1.425607593602188
1.4288939585111036
1.432187899273544
1.435489433353656
1.4387985782558452
1.4421153515248695
1.4454397707459279
1.4487718535447618
1.452111617587742
1.455459080581967
1.4588142602753489
1.4621771744567182
1.4655478409559113
1.4689262776438676
1.4723125024327193
1.4757065332758947
1.4791083881682072
1.4825180851459545
1.4859356422870074
1.4893610777109154
1.492794409578996
1.4962356560944343
1.499684835502374
1.5031419660900225
1.5066070661867417
1.5100801541641493
1.5135612484362087
1.5170503674593367
1.5205475297324955
1.5240527537972923
1.5275660582380732
1.5310874616820302
1.5346169827992941
1.5381546403030357
1.54170045294956
1.545254439538414
1.5488166189124812
1.5523870099580832
1.555965631605075
1.559552502826954
1.5631476426409538
1.5667510701081502
1.5703628043335531
1.5739828644662197
1.5776112696993485
1.5812480392703843
1.584893192461114
1.5885467485977791
1.59220872705117
1.5958791472367322
1.5995580286146696
1.6032453906900417
1.6069412530128773
1.6106456351782699
1.6143585568264869
1.6180800376430662
1.6218100973589298
1.6255487557504833
1.629296032639723
1.6330519478943346
1.6368165214278085
1.6405897731995387
1.6443717232149324
1.6481623915255086
1.651961798229015
1.6557699634695275
1.6595869074375613
1.6634126503701698
1.6672472125510627
1.6710906143107072
1.6749428760264382
1.6788040181225607
1.6826740610704674
1.6865530253887406
1.690440931643265
1.6943378004473288
1.6982436524617444
1.70215850839495
1.7060823890031243
1.710015315090288
1.7139573075084253
1.7179083871575875
1.7218685749860079
1.725837891990204
1.7298163592151015
1.7338039977541375
1.7378008287493762
1.7418068733916146
1.7458221529205038
1.7498466886246564
1.753880501841762
1.7579236139586931
1.7619760464116292
1.766037820686164
1.770108958317422
1.7741894808901661
1.7782794100389228
1.782378767448089
1.7864875748520517
1.7906058540352947
1.7947336268325265
1.7988709151287874
1.80301774085957
1.8071741260109275
1.8113400926196026
1.815515662773135
1.8197008586099843
1.8238957023196385
1.8281002161427427
1.8323144223712111
1.8365383433483473
1.8407720014689564
1.8450154191794736
1.8492686189780778
1.8535316234148125
1.857804455091699
1.8620871366628675
1.8663796908346695
1.8706821403658016
1.8749945080674193
1.8793168168032686
1.8836490894898001
1.8879913490962945
1.892343618644976
1.8967059212111463
1.9010782799232997
1.9054607179632483
1.9098532585662387
1.914255925021086
1.9186687406702891
1.9230917289101594
1.9275249131909367
1.9319683170169242
1.936421963946607
1.9408858775927793
1.9453600816226635
1.9498445997580456
1.9543394557753944
1.958844673505991
1.9633602768360474
1.967886289706845
1.9724227361148534
1.976969640111862
1.981527025805099
1.9860949173573716
1.9906733389871865
1.9952623149688808
1.9998618696327448
2.0044720273651615
2.0090928126087277
2.0137242498623893
2.0183663636815616
2.023019178678272
2.0276827195212817
2.032357010936223
2.037042077705719
2.0417379446695296
2.046444636724674
2.051162178825567
2.0558905959841427
2.0606299132700006
2.065380155810529
2.0701413487910436
2.0749135174549105
2.079696687103696
2.084490883097289
2.089296130854041
2.0941124558508935
2.0989398836235242
2.1037784397664754
2.1086281499332906
2.1134890398366477
2.1183611352485023
2.123244462000219
2.128139045982713
2.1330449131465774
2.1379620895022327
2.1428906011200586
2.147830474130533
2.152781734724374
2.157744409152667
2.16271852372702
2.167704104819694
2.1727011788637456
2.1777097723531593
2.1827299118430012
2.1877616239495516
2.1928049353504497
2.197859872784825
2.202926463053456
2.208004733018899
2.2130947096056386
2.2181964198002193
2.223309890651403
2.228435149270303
2.233572222830533
2.23872113856834
2.2438819237827663
2.2490546058357803
2.2542392121524304
2.259435770220978
2.2646443075930596
2.2698648518838214
2.2750974307720715
2.2803420720004186
2.28559880337543
2.2908676527677723
2.296148648112363
2.301441817408509
2.306747188720069
2.312064790175594
2.3173946499684797
2.3227367963571073
2.328091257665008
2.333458062281002
2.338837238659356
2.344228815319923
2.3496328208483073
2.355049283896009
2.360478233180578
2.365919697485759
2.371373705661655
2.376840286624876
2.3823194693586913
2.3878112829131783
2.3933157564053875
2.39883291901949
2.404362800006935
2.4099054286865957
2.41546083444494
2.4210290467361775
2.4266100950824168
2.432204009073816
2.4378108183687526
2.4434305526939712
2.4490632418447467
2.454708915685031
2.4603676041476272
2.4660393372343385
2.4717241450161316
2.4774220576332864
2.4831331052955705
2.4888573182823905
2.4945947269429563
2.500345361696432
2.506109253032114
2.5118864315095797
2.517676927758857
2.5234807724805757
2.529297996446145
2.535128630497907
2.5409727055493065
2.5468302525850417
2.552701302661247
2.5585858869056453
2.564484036517719
2.570395782768865
2.5763211570025755
2.582260190634596
2.5882129151530933
2.594179362118815
2.6001595631652723
2.6061535499988953
2.6121613543992077
2.618183008218986
2.624218543384442
2.6302679918953813
2.6363313858253816
2.6424087573219475
2.648500138606701
2.654605561975539
2.6607250597988115
2.666858664521481
2.6730064086633116
2.6791683248190314
2.685344445658509
2.691534803926917
2.6977394324449206
2.703958364108843
2.7101916318908446
2.7164392688390837
2.7227013080779128
2.7289777828080406
2.735268726306714
2.7415741719278834
2.7478941531023975
2.7542287033381663
2.7605778562203476
2.7669416454115128
2.773320104651841
2.7797132677592886
2.786121168629772
2.792543841237339
2.798981319634363
2.805433637951713
2.811900830398942
2.818382931264455
2.8248799749157074
2.831391995799379
2.837919028441558
2.8444611074479167
2.85101826750391
2.8575905433749464
2.8641779699065797
2.870780582024692
2.8773984147356697
2.8840315031266055
2.8906798823654745
2.8973435877013243
2.904022654464451
2.910717118066605
2.917427014001166
2.924152377843337
2.9308932452503216
2.9376496519615305
2.9444216337987603
2.951209226666387
2.9580124665515464
2.9648313895243423
2.9716660317380255
2.9785164294291913
2.9853826189179604
2.992264636608189
2.99916251898765
3.006076302628232
3.013006024186122
3.019951720402016
3.0269134281013046
3.033891184194272
3.04088502567628
3.047894989627983
3.0549211132155123
3.061963433690679
3.069021988391158
3.076096814740708
3.0831879502493535
3.090295432513592
3.097419299216581
3.1045595881283554
3.111716337106017
3.1188895840939383
3.126079367123956
3.1332857243155856
3.1405086938762166
3.1477483141013174
3.1550046233746274
3.1622776601683795
3.16956746304349
3.1768740706497725
3.1841975217261256
3.1915378551007616
3.198895109691397
3.206269324505467
3.213660538640318
3.2210687912834346
3.2284941217126346
3.2359365692962845
3.2433961734934935
3.250872973854344
3.2583670100200868
3.26587832172336
3.273406948788383
3.2809529311311905
3.2885163087598297
3.2960971217745794
3.303695410368149
3.311311214825911
3.3189445755261033
3.326595532940047
3.3342641276323506
3.3419504002611427
3.3496543915782757
3.3573761424295485
3.365115693754908
3.372873086588689
3.3806483620598153
3.3884415613920273
3.3962527259040853
3.404081897010009
3.4119291162192846
3.4197944251370904
3.4276778654645046
3.4355794789987466
3.443499307633384
3.4514373933585647
3.4593937782612207
3.4673685045253166
3.4753616144320576
3.4833731503601197
3.4914031547858624
3.499451670283573
3.5075187395256795
3.5156044052829833
3.5237087104248728
3.53183169791957
3.5399734108343464
3.548133892335757
3.5563131856898544
3.5645113342624426
3.5727283815192883
3.5809643710263623
3.5892193464500535
3.5974933515574232
3.6057864302164235
3.614098626396135
3.6224299841669874
3.630780547701014
3.639150361272071
3.6475394692560803
3.6559479161312503
3.664375746478333
3.672823004980846
3.6812897364253168
3.689775985701505
3.6982817978026628
3.7068072178257596
3.715352290971728
3.7239170625456866
3.732501577957206
3.741105882720533
3.7497300224548376
3.758374042884443
3.767037989839089
3.77572190925416
3.7844258471709358
3.793149849736821
3.801893963205613
3.81065823393773
3.819442708400468
3.828247433168228
3.8370724549227884
3.8459178204535354
3.854783576657717
3.8636697705406933
3.8725764492161727
3.8815036599064823
3.890451449942805
3.899419866765436
3.908408957924021
3.9174187710778305
3.9264493539959973
3.9355007545577765
3.944573020752785
3.953666200681279
3.9627803425543933
3.971915494694405
3.981071705534973
3.9902490236214203
3.9994474976109737
4.00866717627303
4.0179081084894
4.027170343254591
4.036453929676049
4.045758916974429
4.055085354483839
4.0644332916521275
4.073802778041126
4.083193863326923
4.09260659730011
4.1020410298660686
4.111497211045221
4.120975190973304
4.130475019901614
4.139996748197304
4.149540426343628
4.159106104940223
4.168693834703355
4.178303666466218
4.187935651179182
4.197589839910077
4.207266283844442
4.216965034285822
4.226686142656028
4.236429660495413
4.24619563946313
4.2559841313374305
4.265795188015925
4.275628861515864
4.285485203974396
4.295364267648873
4.305266104917106
4.315190768277654
4.325138310350088
4.335108783875289
4.345102241715714
4.355118736855688
4.365158322401661
4.375221051582521
4.385306977749856
4.395416154378247
4.405548635065534
4.4157044735331255
4.4258837236262645
4.436086439314328
4.446312674691089
4.456562483975033
4.46683592150963
4.4771330417636275
4.487453899331323
4.49779854893288
4.5081670454146
4.5185594437492265
4.528975799036209
4.539416166502032
4.549880601500485
4.560369159512964
4.570881896148752
4.581418867145335
4.591980128368685
4.602565735813563
4.613175745603796
4.623810213992603
4.634469197362879
4.645152752227497
4.655860935229591
4.666593803142887
4.677351412871981
4.688133821452655
4.698941086052156
4.709773263969529
4.720630412635905
4.731512589614808
4.742419852602448
4.753352259428054
4.7643098680541565
4.775292736576912
4.786300923226385
4.797334486366892
4.808393484497285
4.819477976251276
4.8305880203977285
4.841723675840994
4.8528850016212095
4.864072056914619
4.875284901033865
4.886523593428336
4.897788193684462
4.909078761526034
4.920395356814511
4.9317380395493595
4.943106869868354
4.954501908047906
4.965923214503363
4.97737084978936
4.9888448746001215
5.0003453497697885
5.011872336272725
5.0234258952238715
5.035006087879047
5.046612975635287
5.0582466200311424
5.0699070827470445
5.081594425605605
5.093308710571957
5.105049999754065
5.116818355403078
5.1286138399136485
5.140436515824264
5.152286445817567
5.16416369272071
5.176068319505676
5.188000389289609
5.199959965335162
5.211947111050805
5.223961889991197
5.236004365857501
5.248074602497728
5.2601726639070625
5.2722986142282275
5.284452517751802
5.2966344389165805
5.308844442309884
5.321082592667942
5.333348954876208
5.3456435939697196
5.357966575133418
5.370317963702527
5.382697825162881
5.395106225151279
5.4075432294558095
5.420008904016238
5.432503314924331
5.445026528424214
5.4575786109127105
5.470159628939716
5.482769649208536
5.4954087385762485
5.508076964054036
5.520774392807573
5.5335010921573655
5.54625712957911
5.559042572704037
5.5718574893192985
5.584701947368306
5.5975760149511045
5.610479760324706
5.623413251903491
5.636376558259543
5.6493697481230285
5.6623928903825345
5.675446054085471
5.688529308438413
5.701642722807478
5.714786366718672
5.727960309858292
5.741164622073274
5.754399373371572
5.767664633922509
5.780960474057181
5.794286964268809
5.807644175213124
5.821032177708716
5.834451042737448
5.847900841444806
5.86138164514029
5.874893525297769
5.88843655355589
5.902010801718442
5.915616341754743
5.9292532458
5.942921586155727
5.956621435290104
5.970352865838372
5.984115950603199
5.997910762555095
6.011737374832779
6.025595860743581
6.0394862937638
6.0534087475391365
6.067363295885053
6.0813500127871825
6.095368972401694
6.109420249055721
6.123503917247733
6.1376200516479456
6.151768727098683
6.165950018614822
6.180164001384158
6.194410750767818
6.208690342300637
6.223002851691596
6.237348354824191
6.251726927756862
6.266138646723356
6.2805835881331795
6.295061828571975
6.309573444801936
6.324118513762197
6.33869711256927
6.353309318517436
6.367955209079162
6.38263486190549
6.397348354826482
6.412095765851615
6.4268771731702
6.441692655151775
6.456542290346556
6.471426157485831
6.486344335482388
6.50129690343091
6.516283940608428
6.531305526474723
6.5463617406727534
6.561452663029057
6.576578373554206
6.591738952443213
6.606934480075965
6.622165037017622
6.637430704019089
6.652731562017413
6.668067692136225
6.683439175686149
6.698846094165265
6.714288529259523
6.729766562843182
6.745280276979222
6.760829753919819
6.77641507610675
6.79203632617185
6.807693586937417
6.823386941416698
6.839116472814292
6.85488226452662
6.870684400142324
6.886522963442762
6.902398038402419
6.918309709189363
6.9342580601656945
6.9502431758879695
6.966265141107686
6.9823240407717115
6.998419960022738
7.014552984199714
7.030723198838334
7.046930689671467
7.063175542629623
7.07945784384138
7.095777679633888
7.112135136533288
7.128530301265198
7.1449632607551345
7.16143410212902
7.177942912713615
7.1944897800369985
7.211074791828998
7.227698036021702
7.244359600749899
7.261059574351551
7.277798045368242
7.294575102545687
7.311390834834173
7.328245331389044
7.345138681571151
7.362070974947361
7.379042301291007
7.396052750582382
7.413102413009177
7.430191378967014
7.447319739059888
7.464487584100669
7.481695005111545
7.498942093324558
7.516228940182053
7.5335556373371775
7.550922276654341
7.568328950209744
7.585775750291836
7.603262769401822
7.620790100254123
7.638357835776907
7.655966069112561
7.673614893618193
7.691304402866098
7.709034690644301
7.726805850957021
7.744617978025191
7.76247116628692
7.78036551039804
7.798301105232586
7.8162780458833
7.83429642766212
7.852356346100718
7.870457896950985
7.888601176185548
7.906786279998253
7.925013304804718
7.943282347242813
7.961593504173192
7.979946872679768
7.9983425500702845
8.01678063387679
8.035261221856176
8.05378441199067
8.072350302488383
8.090958991783822
8.109610578538412
8.128305161640995
8.147042840208396
8.165823713585922
8.184647881347903
8.203515443298185
8.222426499470712
8.241381150130021
8.260379495771792
8.279421637123345
8.298507675144226
8.317637711026709
8.336811846196348
8.356030182312482
8.375292821268827
8.394599865193973
8.413951416451956
8.433347577642756
8.452788451602899
8.472274141405963
8.491804750363144
8.511380382023768
8.531001140175896
8.550667128846833
8.570378452303702
8.59013521505396
8.609937521846007
8.629785477669701
8.649679187756938
8.66961875758217
8.689604292863018
8.709635899560805
8.729713683881121
8.749837752274363
8.770008211436348
8.790225168308842
8.810488730080147
8.83079900418563
8.851156098308357
8.871560120379607
8.89201117857949
8.91250938133746
8.933054837332953
8.953647655495937
8.974287945007491
8.994975815300355
9.01571137605957
9.036494737223014
9.057326008982008
9.07820530178186
9.099132726322518
9.120108393559097
9.141132414702508
9.16220490122
9.183325964835811
9.204495717531712
9.225714271547638
9.24698173938223
9.268298233793494
9.289663867799362
9.3110787546783
9.332543007969914
9.354056741475521
9.375620069258803
9.397233105646375
9.418895965228417
9.440608762859236
9.462371613657929
9.484184633008969
9.506047936562819
9.527961640236521
9.549925860214358
9.571940712948441
9.594006315159335
9.616122783836648
9.638290236239705
9.660508789898131
9.682778562612496
9.7050996724549
9.727472237769652
9.749896377173867
9.772372209558112
9.79489985408699
9.817479430199844
9.840111057611335
9.86279485631211
9.885530946569391
9.908319448927676
9.931160484209336
9.954054173515274
9.977000638225535
10.
10.023052380779005
10.046157902783946
10.069316688518045
10.092528860766855
10.115794542598982
10.1391138573668
10.162486928706949
10.18591388054117
10.209394837076808
10.232929922807536
10.256519262514079
10.280162981264747
10.303861204416158
10.32761405761398
10.351421666793431
10.375284158180126
10.3992016582906
10.423174293933036
10.447202192208003
10.471285480509007
10.495424286523221
10.519618738232236
10.543868963912582
10.568175092136585
10.592537251772898
10.616955571987242
10.641430182243164
10.665961212302589
10.690548792226577
10.71519305237607
10.73989412341244
10.76465213629835
10.789467222298297
10.814339512979375
10.83926914021204
10.864256236170666
10.889300933334333
10.91440336448757
10.93956366272093
10.964781961431852
10.990058394325219
11.015393095414145
11.040786199020735
11.066237839776676
11.091748152624008
11.117317272815919
11.142945335917293
11.168632477805613
11.194378834671525
11.220184543019629
11.24604973966927
11.271974561755117
11.297959146727976
11.324003632355577
11.350108156723143
11.37627285823431
11.402497875611697
11.428783347897712
11.45512941445536
11.481536214968841
11.508003889444357
11.53453257821093
11.561122421920981
11.587773561551263
11.614486138403437
11.641260294104908
11.66809617060963
11.694993910198724
11.721953655481304
11.748975549395302
11.776059735208067
11.803206356517299
11.830415557251658
11.857687481671597
11.88502227437019
11.912420080273762
11.93988104464273
11.967405313072444
11.994993031493781
12.02264434617413
12.050359403717986
12.078138351067798
12.10598133550483
12.133888504649788
12.161860006463678
12.189895989248674
12.21799660164871
12.246161992650489
12.274392311584084
12.30268770812381
12.331048332289097
12.35947433444512
12.387965865303691
12.41652307592412
12.445146117713843
12.473835142429433
12.502590302177214
12.531411749414156
12.560299636948754
12.589254117941662
12.618275345906707
12.647363474711522
12.676518658578448
12.705741052085418
12.735030810166629
12.764388088113435
12.793813041575252
12.823305826560205
12.852866599436155
12.88249551693135
12.912192736135335
12.941958414499863
12.971792709839573
13.001695780332899
13.031667784523
13.061708881318404
13.09181922999407
13.121998990192042
13.152248321922377
13.182567385564074
13.212956341865764
13.243415351946643
13.273944577297401
13.304544179780901
13.33521432163324
13.365955165464433
13.396766874259344
13.427649611378643
13.458603540559498
13.489628825916533
13.52072563194278
13.551894123510351
13.583134465871542
13.614446824659511
13.645831365889238
13.677288255958494
13.70881766164855
13.740419750125149
13.772094688939474
13.803842646028839
13.83566378971781
13.867558288718897
13.899526312133526
13.931568029453036
13.963683610559391
13.995873225726179
14.028137045619589
14.060475241299129
14.092887984218748
14.125375446227554
14.15793779957081
14.190575216890926
14.223287871228214
14.25607593602188
14.288939585111036
14.321878992735424
14.35489433353656
14.387985782558466
14.421153515248681
14.45439770745928
14.487718535447632
14.52111617587742
14.554590805819668
14.588142602753473
14.621771744567184
14.655478409559128
14.689262776438662
14.723125024327194
14.75706533275896
14.791083881682072
14.825180851459544
14.859356422870059
14.893610777109155
14.927944095789975
14.962356560944327
14.99684835502374
15.031419660900239
15.066070661867418
15.100801541641493
15.135612484362072
15.170503674593368
15.20547529732497
15.240527537972907
15.275660582380732
15.31087461682032
15.346169827992941
15.381546403030358
15.417004529495584
15.452544395384141
15.488166189124827
15.523870099580817
15.55965631605075
15.595525028269554
15.631476426409538
15.6675107010815
15.703628043335515
15.739828644662197
15.7761126969935
15.812480392703826
15.848931924611142
15.885467485977808
15.9220872705117
15.958791472367338
15.995580286146678
16.032453906900418
16.069412530128787
16.106456351782697
16.143585568264868
16.18080037643068
16.218100973589298
16.25548755750485
16.292960326397214
16.330519478943348
16.3681652142781
16.40589773199539
16.443717232149325
16.481623915255103
16.51961798229015
16.557699634695293
16.595869074375596
16.634126503701697
16.672472125510645
16.71090614310707
16.749428760264383
16.78804018122559
16.82674061070467
16.865530253887425
16.90440931643263
16.94337800447329
16.98243652461746
17.0215850839495
17.060823890031244
17.100153150902862
17.139573075084254
17.179083871575894
17.21868574986006
17.25837891990204
17.29816359215103
17.338039977541374
17.378008287493763
17.418068733916126
17.458221529205037
17.498466886246582
17.5388050184176
17.579236139586932
17.61976046411631
17.66037820686164
17.70108958317422
17.741894808901645
17.78279410038923
17.823787674480908
17.864875748520497
17.906058540352948
17.947336268325284
17.988709151287875
18.030177408595698
18.071741260109256
18.113400926196025
18.15515662773137
18.197008586099827
18.238957023196384
18.281002161427445
18.323144223712113
18.365383433483473
18.407720014689545
18.450154191794738
18.492686189780798
18.535316234148105
18.57804455091699
18.620871366628695
18.663796908346693
18.706821403658015
18.749945080674173
18.793168168032686
18.83649089489802
18.879913490962927
18.92343618644976
18.967059212111483
19.010782799232995
19.054607179632484
19.09853258566237
19.14255925021086
19.18668740670291
19.230917289101576
19.275249131909366
19.319683170169263
19.364219639466068
19.408858775927794
19.453600816226615
19.498445997580454
19.543394557753963
19.58844673505989
19.633602768360475
19.67886289706847
19.724227361148536
19.76969640111862
19.81527025805097
19.860949173573715
19.906733389871885
19.952623149688787
19.998618696327448
20.044720273651635
20.090928126087277
20.137242498623895
20.183663636815595
20.23019178678272
20.27682719521284
20.32357010936221
20.37042077705719
20.417379446695318
20.46444636724674
20.511621788255667
20.558905959841404
20.606299132700006
20.65380155810531
20.701413487910415
20.749135174549107
20.796966871036982
20.844908830972887
20.892961308540407
20.941124558508914
20.989398836235246
21.037784397664772
21.086281499332888
21.134890398366476
21.183611352485045
21.23244462000219
21.281390459827133
21.330449131465752
21.379620895022324
21.428906011200606
21.47830474130533
21.527817347243737
21.57744409152669
21.6271852372702
21.677041048196962
21.727011788637434
21.77709772353159
21.827299118430034
21.87761623949552
21.9280493535045
21.978598727848276
22.02926463053456
22.080047330189014
22.130947096056364
22.181964198002195
22.23309890651405
22.28435149270303
22.335722228305325
22.387211385683422
22.438819237827662
22.490546058357825
22.54239212152428
22.59435770220978
22.64644307593062
22.698648518838212
22.750974307720718
22.803420720004162
22.8559880337543
22.90867652767775
22.961486481123607
23.01441817408509
23.067471887200714
23.12064790175594
23.173946499684796
23.22736796357105
23.280912576650078
23.334580622810044
23.388372386593538
23.442288153199225
23.496328208483096
23.55049283896009
23.604782331805783
23.659196974857565
23.71373705661655
23.768402866248785
23.82319469358689
23.878112829131783
23.9331575640539
23.9883291901949
24.043628000069347
24.09905428686593
24.154608344449404
24.2102904673618
24.266100950824143
24.32204009073816
24.37810818368755
24.434305526939713
24.49063241844747
24.547089156850287
24.603676041476273
24.66039337234341
24.717241450161293
24.774220576332862
24.83133105295573
24.888573182823905
24.94594726942956
25.003453616964297
25.06109253032114
25.11886431509582
25.176769277588544
25.234807724805755
25.292979964461473
25.35128630497907
25.409727055493065
25.468302525850394
25.527013026612472
25.58585886905648
25.644840365177163
25.703957827688647
25.76321157002578
25.82260190634596
25.88212915153093
25.941793621188122
26.001595631652723
26.061535499988977
26.12161354399205
26.18183008218986
26.242185433844448
26.302679918953814
26.363313858253814
26.42408757321945
26.485001386067008
26.546055619755418
26.607250597988084
26.668586645214805
26.730064086633142
26.791683248190314
26.85344445658509
26.91534803926914
26.977394324449207
27.039583641088463
27.101916318908415
27.164392688390837
27.227013080779155
27.289777828080403
27.35268726306714
27.415741719278806
27.478941531023974
27.54228703338169
27.605778562203447
27.669416454115126
27.733201046518438
27.797132677592884
27.86121168629772
27.925438412373364
27.98981319634363
28.05433637951716
28.119008303989396
28.18382931264455
28.248799749157104
28.31391995799379
28.379190284415582
28.44461107447914
28.510182675039097
28.575905433749494
28.641779699065797
28.70780582024692
28.773984147356725
28.84031503126606
28.906798823654775
28.973435877013213
29.04022654464451
29.107171180666082
29.17427014001166
29.24152377843337
29.308932452503242
29.376496519615305
29.444216337987633
29.51209226666384
29.580124665515466
29.648313895243454
29.716660317380253
29.78516429429191
29.85382618917963
29.92264636608189
29.99162518987653
30.06076302628229
30.13006024186122
30.199517204020193
30.269134281013045
30.338911841942718
30.40885025676277
30.47894989627983
30.549211132155154
30.619634336906756
30.69021988391158
30.760968147407112
30.831879502493535
30.90295432513592
30.97419299216578
31.045595881283557
31.1171633710602
31.188895840939352
31.260793671239558
31.33285724315589
31.405086938762164
31.477483141013174
31.550046233746244
31.622776601683793
31.695674630434933
31.76874070649769
31.841975217261254
31.91537855100765
31.988951096913972
32.062693245054675
32.13660538640315
32.210687912834345
32.28494121712638
32.35936569296281
32.43396173493493
32.50872973854347
32.58367010020087
32.6587832172336
32.734069487883794
32.809529311311906
32.88516308759833
32.96097121774576
33.03695410368149
33.11311214825915
33.18944575526103
33.26595532940047
33.34264127632347
33.419504002611426
33.496543915782794
33.573761424295455
33.65115693754908
33.728730865886924
33.80648362059815
33.884415613920275
33.96252725904082
34.04081897010009
34.11929116219288
34.19794425137087
34.27677865464505
34.3557947899875
34.43499307633384
34.514373933585645
34.59393778261217
34.673685045253166
34.75361614432061
34.833731503601165
34.91403154785863
34.99451670283577
35.0751873952568
35.156044052829834
35.237087104248694
35.3183169791957
35.3997341083435
35.481338923357534
35.56313185689854
35.64511334262446
35.727283815192884
35.80964371026362
35.8921934645005
35.974933515574236
36.057864302164276
36.14098626396132
36.224299841669875
36.30780547701018
36.391503612720705
36.475394692560805
36.55947916131247
36.643757464783334
36.7282300498085
36.81289736425313
36.897759857015046
36.98281797802667
37.068072178257594
37.15352290971728
37.23917062545683
37.32501577957206
37.411058827205366
37.49730022454834
37.58374042884443
37.670379898390934
37.7572190925416
37.84425847170936
37.93149849736817
38.018939632056124
38.10658233937734
38.194427084004644
38.28247433168228
38.37072454922792
38.459178204535355
38.54783576657721
38.636697705406895
38.72576449216173
38.81503659906486
38.904514499428046
38.99419866765436
39.08408957924025
39.174187710778305
39.264493539960014
39.35500754557772
39.44573020752785
39.53666200681283
39.62780342554393
39.71915494694405
39.81071705534978
39.902490236214206
39.99447497610978
40.08667176273026
40.179081084894
40.27170343254595
40.36453929676048
40.45758916974429
40.55085354483843
40.64433291652128
40.7380277804113
40.83193863326919
40.926065973001094
41.02041029866072
41.114972110452214
41.20975190973304
41.304750199016105
41.39996748197304
41.49540426343633
41.591061049402185
41.68693834703355
41.78303666466222
41.879356511791826
41.97589839910078
42.07266283844437
42.169650342858226
42.26686142656033
42.36429660495409
42.4619563946313
42.55984131337435
42.65795188015925
42.756288615158645
42.85485203974392
42.95364267648873
43.0526610491711
43.1519076827765
43.251383103500885
43.35108783875293
43.45102241715714
43.55118736855688
43.65158322401656
43.752210515825205
43.853069777498604
43.954161543782426
44.05548635065534
44.1570447353313
44.25883723626264
44.360864393143274
44.46312674691084
44.56562483975033
44.668359215096345
44.77133041763623
44.87453899331323
44.977985489328844
45.08167045414601
45.18559443749226
45.28975799036204
45.39416166502032
45.498806015004895
45.6036915951296
45.708818961487516
45.814188671453394
45.91980128368685
46.02565735813563
46.13175745603791
46.238102139926035
46.34469197362884
46.45152752227492
46.55860935229591
46.665938031428915
46.77351412871981
46.88133821452655
46.98941086052151
47.097732639695295
47.20630412635909
47.315125896148025
47.42419852602448
47.53352259428058
47.64309868054156
47.75292736576912
47.863009232263806
47.97334486366892
48.083934844972894
48.19477976251272
48.30588020397728
48.41723675840999
48.5288500162121
48.64072056914619
48.7528490103386
48.86523593428336
48.97788193684466
49.09078761526029
49.20395356814511
49.31738039549364
49.43106869868354
49.54501908047905
49.65923214503358
49.77370849789361
49.888448746001266
50.00345349769783
50.11872336272725
50.23425895223877
50.35006087879047
50.46612975635287
50.58246620031137
50.69907082747044
50.8159442560561
50.93308710571952
51.05049999754065
51.16818355403083
51.28613839913648
51.40436515824264
51.52286445817562
51.64163692720711
51.760683195056814
51.88000389289609
51.99959965335162
52.11947111050811
52.239618899911974
52.36004365857506
52.48074602497723
52.60172663907063
52.72298614228232
52.84452517751802
52.966344389165805
53.0884444230989
53.21082592667942
53.33348954876213
53.45643593969714
53.57966575133417
53.70317963702533
53.826978251628816
53.95106225151279
54.075432294558155
54.20008904016238
54.32503314924336
54.450265284242086
54.57578610912711
54.701596289397216
54.82769649208536
54.954087385762485
55.0807696405403
55.207743928075736
55.33501092157371
55.462571295791044
55.59042572704037
55.71857489319304
55.84701947368306
55.975760149511046
56.10479760324701
56.23413251903491
56.363765582595484
56.49369748123023
56.623928903825345
56.75446054085477
56.88529308438413
57.01642722807478
57.14786366718666
57.279603098582925
57.4116462207328
57.543993733715666
57.676646339225094
57.80960474057187
57.942869642688095
58.07644175213124
58.210321777087096
58.34451042737448
58.47900841444812
58.61381645140285
58.74893525297769
58.884365535558956
59.02010801718442
59.156163417547425
59.29253245799994
59.42921586155727
59.56621435290109
59.70352865838366
59.841159506031985
59.979107625551
60.11737374832779
60.25595860743581
60.39486293763794
60.53408747539136
60.67363295885059
60.81350012787176
60.95368972401694
61.09420249055727
61.235039172477336
61.37620051647946
61.51768727098677
61.65950018614822
61.80164001384164
61.94410750767812
62.086903423006376
62.230028516916015
62.373483548241914
62.517269277568616
62.6613864672335
62.8058358813318
62.95061828571981
63.0957344480193
63.24118513762197
63.38697112569277
63.53309318517436
63.67955209079162
63.826348619054826
63.973483548264824
64.12095765851622
64.26877173170195
64.41692655151775
64.56542290346563
64.71426157485831
64.86344335482389
65.01296903430902
65.16283940608427
65.31305526474729
65.46361740672747
65.61452663029057
65.76578373554213
65.91738952443212
66.06934480075964
66.22165037017615
66.3743070401909
66.52731562017419
66.68067692136219
66.83439175686149
66.98846094165272
67.14288529259522
67.29766562843182
67.45280276979216
67.60829753919819
67.76415076106757
67.92036326171844
68.07693586937417
68.23386941416705
68.39116472814293
68.5488226452662
68.70684400142318
68.86522963442762
69.02398038402426
69.18309709189363
69.34258060165695
69.50243175887977
69.66265141107687
69.8232404077172
69.98419960022731
70.14552984199715
70.3072319883834
70.46930689671467
70.63175542629622
70.79457843841388
70.95777679633888
71.12135136533296
71.28530301265191
71.44963260755135
71.61434102129027
71.77942912713615
71.94489780036999
72.11074791829004
72.27698036021702
72.44359600749905
72.61059574351543
72.77798045368242
72.94575102545694
73.11390834834172
73.28245331389044
73.45138681571143
73.6207097494736
73.79042301291015
73.96052750582375
74.13102413009177
74.30191378967021
74.47319739059888
74.6448758410067
74.81695005111537
74.98942093324558
75.1622894018206
75.3355563733717
75.50922276654342
75.68328950209751
75.85775750291836
76.03262769401822
76.20790100254115
76.38357835776907
76.5596606911257
76.73614893618186
76.91304402866098
77.09034690644309
77.26805850957021
77.44617978025191
77.62471166286912
77.8036551039804
77.98301105232593
78.16278045883293
78.3429642766212
78.52356346100726
78.70457896950985
78.88601176185549
79.06786279998245
79.25013304804718
79.43282347242821
79.61593504173184
79.79946872679768
79.98342550070292
80.16780633876789
80.35261221856177
80.53784411990661
80.72350302488383
80.9095899178383
81.09610578538404
81.28305161640995
81.47042840208405
81.65823713585922
81.84647881347904
82.03515443298177
82.22426499470713
82.4138115013003
82.60379495771784
82.79421637123345
82.98507675144234
83.17637711026708
83.36811846196348
83.56030182312475
83.75292821268826
83.94599865193982
84.13951416451947
84.33347577642756
84.52788451602909
84.72274141405963
84.91804750363144
85.11380382023759
85.31001140175896
85.50667128846841
85.70378452303693
85.90135215053961
86.09937521846017
86.29785477669702
86.49679187756938
86.69618757582161
86.8960429286302
87.09635899560814
87.29713683881113
87.49837752274364
87.70008211436358
87.90225168308842
88.10488730080147
88.30799004185621
88.51156098308356
88.71560120379617
88.92011178579482
89.12509381337459
89.33054837332963
89.53647655495938
89.74287945007491
89.94975815300346
90.1571137605957
90.36494737223023
90.57326008981998
90.78205301781861
90.99132726322527
91.20108393559097
91.41132414702508
91.62204901219992
91.83325964835811
92.04495717531722
92.25714271547629
92.4698173938223
92.68298233793503
92.89663867799364
93.1107875467831
93.32543007969905
93.5405674147552
93.75620069258811
93.97233105646376
94.18895965228418
94.40608762859246
94.6237161365793
94.84184633008978
95.0604793656281
95.2796164023652
95.49925860214368
95.71940712948441
95.94006315159336
96.16122783836659
96.38290236239705
96.60508789898141
96.82778562612486
97.05099672454898
97.2747223776966
97.49896377173867
97.72372209558111
97.94899854087001
98.17479430199843
98.40111057611345
98.627948563121
98.8553094656939
99.08319448927686
99.31160484209335
99.54054173515274
99.77000638225526
100.