9.81
0.
0.
0.
4.11e11
1.61e11
0.0005
0.6
0.2015
0.
0.
0.
0.64395
0.
0.
0.
0.6508
0.022
0.
0.
0.022
0.
0.
0.0002
0.0002
0.085
134499.435481813
0.02621115915
34.3769
149.4213
13.249
0.
0.
0.0004071718663728782-1.5557121119486221*^-7*I
0.0005724901147663329-2.150576449821225*^-10*I
-0.00016192508965936012-1.511040255204659*^-11*I
0.2447
0.
0.
0.
0.64745
0.
0.
0.
0.6434
0.022
0.
0.
0.022
0.
0.
0.0002
0.0002
0.085
134499.435481813
0.025971778799999998
33.4084
143.4141
13.128
0.
0.
0.0004107230190878503-1.583786400138632*^-7*I
0.0005809403416247164-2.2294539132367823*^-10*I
-0.00016679456922190646-1.5622056795551395*^-11*I