9.81
0.
0.
0.
4.11e11
1.61e11
0.0005
0.6
0.2015
0.
0.
0.
0.64395
0.
0.
0.
0.6508
0.022
0.
0.
0.022
0.
0.
0.0002
0.0002
0.085
134499.435481813
0.02621115915
34.3769
149.4213
13.249
0.
0.
0.00040716598622051137
0.0005724901113966868
-0.00016192509061198538
0.2447
0.
0.
0.
0.64745
0.
0.
0.
0.6434
0.022
0.
0.
0.022
0.
0.
0.0002
0.0002
0.085
134499.435481813
0.025971778799999998
33.4084
143.4141
13.128
0.
0.
0.0004107169775691737
0.0005809403381114195
-0.00016679457023011319