0.01000000000000001	0.004706564575188685	-5.800645707147108
0.010092528860766855	0.004707940361015988	-5.802347126289081
0.01018591388054118	0.004709342559888798	-5.804081215454221
0.010280162981264745	0.004710771694987645	-5.805848621963384
0.010375284158180138	0.004712228300470497	-5.807650006727485
0.010471285480509006	0.004713712921726528	-5.809486044561908
0.010568175092136596	0.004715226115636506	-5.811357424509209
0.01066596121230259	0.00471676845084006	-5.813264850170341
0.010764652136298361	0.004718340508010379	-5.815209040045059
0.010864256236170667	0.004719942880135916	-5.817190727881068
0.010964781961431863	0.004721576172810092	-5.819210663033092
0.011066237839776675	0.00472324100452848	-5.821269610831201
0.011168632477805623	0.00472493800699461	-5.8233683529598474
0.011271974561755117	0.0047266678254334945	-5.825507687846513
0.011376272858234322	0.004728431118914558	-5.827688431061974
0.01148153621496884	0.00473022856068267	-5.829911415730724
0.011587773561551273	0.004732060838499234	-5.832177492953724
0.011694993910198724	0.004733928654992154	-5.834487532242358
0.01180320635651731	0.004735832728016031	-5.836842421964944
0.011912420080273762	0.004737773791022276	-5.83924306980562
0.012022644346174144	0.004739752593439979	-5.8416904032365755
0.012133888504649786	0.004741769901067313	-5.84418537000341
0.012246161992650502	0.004743826496474613	-5.846728938624884
0.01235947433444512	0.00474592317941862	-5.849322098906659
0.012473835142429446	0.004748060767269008	-5.851965862470187
0.012589254117941687	0.004750240095447171	-5.854661263296911
0.012705741052085433	0.004752462017878072	-5.857409358288626
0.012823305826560232	0.004754727407455016	-5.860211227843961
0.01294195841449987	0.004757037156518707	-5.863067976452527
0.013061708881318424	0.004759392177349946	-5.86598073330609
0.013182567385564082	0.004761793402677546	-5.8689506529285875
0.01330454417978092	0.004764241786201303	-5.871978915824874
0.013427649611378649	0.004766738303130757	-5.87506672914914
0.01355189412351037	0.004769283950740472	-5.878215327393763
0.013677288255958502	0.0047718797489420305	-5.881425973098981
0.013803842646028859	0.004774526740873889	-5.884699957584795
0.013931568029453043	0.0047772259935094045	-5.888038601705406
0.01406047524129915	0.004779978598283496	-5.891443256626833
0.014190575216890933	0.004782785671739154	-5.8949153046291975
0.014321878992735446	0.004785648356194145	-5.898456159934142
0.014454397707459286	0.004788567820429169	-5.902067269558889
0.014588142602753497	0.004791545260397067	-5.90575011419647
0.014723125024327202	0.004794581899955388	-5.909506209125055
0.014859356422870082	0.004797678991622498	-5.913337105146476
0.014996848355023748	0.004800837817357742	-5.917244389554728
0.015135612484362095	0.0048040596893672615	-5.921229687136331
0.015275660582380739	0.004807345950936235	-5.925294661203639
0.015417004529495607	0.004810697977288352	-5.929441014661905
0.015559656316050758	0.004814117176473719	-5.933670491111774
0.01570362804333554	0.004817604990286652	-5.937984875989059
0.015848931924611148	0.004821162895213845	-5.942385997742113
0.015995580286146702	0.004824792403414823	-5.946875729049484
0.016143585568264878	0.004828495063735489	-5.9514559880788145
0.016292960326397238	0.004832272462756179	-5.9561287397885625
0.01644371723214933	0.004836126225876052	-5.96089599727499
0.016595869074375623	0.004840058018434688	-5.965759823165501
0.01674942876026439	0.004844069546872675	-5.970722331060497
0.016904409316432657	0.004848162559932927	-5.9757856870258825
0.017060823890031253	0.004852338849904258	-5.980952111138283
0.017218685749860088	0.004856600253908984	-5.986223879085013
0.017378008287493772	0.0048609486552366596	-5.991603323821475
0.01753880501841763	0.004865385984725233	-5.997092837287741
0.01770108958317423	0.004869914222192622	-6.0026948721877345
0.017864875748520526	0.004874535397919793	-6.008411943832788
0.018030177408595707	0.004879251594188676	-6.014246632053316
0.018197008586099853	0.004884064946876365	-6.0202015831807305
0.018365383433483484	0.00488897764710826	-6.026279512102769
0.018535316234148135	0.004893991942973468	-6.032483204396401
0.018706821403658026	0.004899110141304089	-6.038815518540358
0.018879913490962956	0.004904334609522036	-6.045279388211807
0.019054607179632494	0.004909667777556189	-6.051877824670773
0.019230917289101597	0.004915112139832895	-6.058613919235884
0.019408858775927792	0.004920670257343473	-6.065490845856238
0.01958844673505991	0.004926344759791747	-6.072511863783003
0.01976969640111862	0.004932138347825938	-6.0796803203462035
0.01995262314968881	0.004938053795358278	-6.086999653840982
0.020137242498623895	0.0049440939519762046	-6.094473396528045
0.02032357010936223	0.00495026174545113	-6.102105177755813
0.020511621788255666	0.004956560184346424	-6.109898727206427
0.020701413487910436	0.004962992360732226	-6.117857878274993
0.02089296130854041	0.004969561453010716	-6.12598657158675
0.02108628149933291	0.00497627072885701	-6.134288858658464
0.021281390459827135	0.00498312354828253	-6.142768905712778
0.021478304741305354	0.004990123366825078	-6.15143099765075
0.02167704104819696	0.0049972737388737495	-6.160279542192677
0.02187761623949554	0.005004578321133624	-6.169319074193626
0.022080047330189013	0.005012040876238816	-6.178554260144084
0.022284351492703053	0.005019665276519783	-6.187989902863424
0.022490546058357826	0.005027455507934184	-6.197630946397712
0.022698648518838235	0.005035415674168214	-6.207482481130443
0.022908676527677748	0.005043550000918696	-6.217549749119242
0.023120647901755963	0.0050518628403636604	-6.227838149668176
0.023334580622810044	0.00506035867583305	-6.238353245150185
0.023550492838960112	0.005069042126687953	-6.249100767090257
0.023768402866248782	0.005077917953421603	-6.260086622525995
0.02398832919019492	0.005086991062992407	-6.27131690065831
0.0242102904673618	0.005096266514402025	-6.28279787980871
0.02443430552693974	0.0051057495245316374	-6.294536034699608
0.024660393372343412	0.005115445474251439	-6.306538044076533
0.02488857318282393	0.005125359914816241	-6.318810798688481
0.025118864315095822	0.005135498574565555	-6.331361409649417
0.025351286304979098	0.005145867365943501	-6.344197217200151
0.02558585886905648	0.005156472392857109	-6.357325799894151
0.025822601906345985	0.005167319958392172	-6.3707549842311
0.026061535499988978	0.005178416572907507	-6.384492854764525
0.026302679918953843	0.005189768962528634	-6.398547764710027
0.026546055619755416	0.0052013840780651644	-6.4129283470845015
0.026791683248190343	0.005213269104375629	-6.427643526406287
0.027039583641088463	0.005225431470207319	-6.442702530990998
0.027289777828080432	0.0052378788585388586	-6.45811490587777
0.02754228703338169	0.005250619217456	-6.47389052642448
0.02779713267759291	0.00526366077159273	-6.490039612612374
0.02805433637951716	0.005277012034172611	-6.506572744103884
0.028313919957993816	0.005290681819687785	-6.523500876101079
0.028575905433749497	0.0053046792572540025	-6.540835356052993
0.028840315031266085	0.005319013804686291	-6.558587941268018
0.02910717118066608	0.0053336952633390436	-6.576770817486786
0.029376496519615335	0.005348733793760277	-6.595396618478212
0.029648313895243455	0.005364139932213352	-6.6144784467259035
0.02992264636608192	0.005379924608120736	-6.634029895274091
0.030199517204020192	0.005396099162493328	-6.654065070813102
0.03047894989627986	0.005412675367407597	-6.674598618083188
0.03076096814740711	0.00542966544660374	-6.695645745689247
0.031045595881283587	0.005447082097278513	-6.717222253419586
0.03133285724315589	0.00546493851315582	-6.739344561173821
0.031622776601683826	0.005483248408922437	-6.762029739610587
0.03191537855100765	0.0055020260461242495	-6.785295542635861
0.03221068791283438	0.0055212862606260306	-6.809160441862344
0.03250872973854347	0.005541044491745565	-6.833643663180448
0.03280952931131194	0.005561316813182081	-6.858765225592974
0.03311311214825915	0.005582119965870185	-6.884545982479957
0.03341950400261146	0.00560347139289937	-6.911007665471455
0.03372873086588692	0.005625389276652291	-6.9381729311228835
0.034040818970100126	0.005647892578328293	-6.966065410604442
0.0343557947899875	0.005671001080032153	-6.994709762633384
0.0346736850452532	0.00569473542962392	-7.024131729898401
0.034994516702835765	0.00571911718854396	-7.05435819924856
0.035318316979195734	0.005744168882845122	-7.085417265942171
0.03564511334262446	0.005769914057685213	-7.117338302278328
0.03597493351557427	0.00579637733555618	-7.150152030963397
0.03630780547701017	0.005823584478552859	-7.183890603599028
0.03664375746478335	0.005851562455009573	-7.218587684710905
0.03698281797802665	0.005880339510867383	-7.254278541781522
0.037325015779572084	0.005909945246166115	-7.29100014179124
0.037670379898390914	0.005940410697096229	-7.328791254824127
0.038018939632056145	0.005971768424085456	-7.367692565346766
0.0383707245492279	0.006004052606443852	-7.407746791831286
0.038725764492161745	0.006037299144142706	-7.448998815460388
0.03908408957924023	0.006071545767360812	-7.491495818727844
0.03944573020752787	0.006106832154497536	-7.535287434833085
0.039810717055349755	0.00614320005942207	-7.580425908859306
0.04017908108489402	0.006180693448814142	-7.626966271835867
0.040550853544838415	0.006219358650536208	-7.674966528896528
0.040926065973001115	0.006259244514085223	-7.724487862885123
0.041304750199016166	0.006300402584279882	-7.775594854901295
0.04168693834703357	0.006342887289475061	-7.8283557234559105
0.04207266283844444	0.006386756145732097	-7.882842584085066
0.04246195639463132	0.006432069978543413	-7.93913173149388
0.042854852039743985	0.006478893163890552	-7.9973039465377775
0.04325138310350091	0.006527293890623481	-8.05744483062387
0.04365158322401663	0.006577344446387541	-8.119645170428031
0.044055486350655364	0.0066291215295900706	-8.184001336174003
0.04446312674691091	0.006682706590205075	-8.250615717125212
0.04487453899331325	0.006738186202562551	-8.319597198400148
0.04528975799036211	0.006795652473663212	-8.391061683745832
0.04570881896148754	0.0068552034910161356	-8.465132669508943
0.04613175745603798	0.006916943814512825	-8.541941875732869
0.04655860935229591	0.006980985017451376	-8.621629941108466
0.04698941086052156	0.007047446282505042	-8.704347189417701
0.04742419852602448	0.007116455059227612	-8.790254476178998
0.04786300923226385	0.007188147790592515	-8.879524125420035
0.04830588020397728	0.007262670717128526	-8.972340967940708
0.04875284901033865	0.007340180768433589	-9.068903494078455
0.04920395356814511	0.007420846553283863	-9.169425135934448
0.04965923214503363	0.007504849461209694	-9.27413569627429
0.05011872336272725	0.007592384890364025	-9.38328294398458
0.05058246620031143	0.007683663618777968	-9.497134399081192
0.051050499997540646	0.007778913338785007	-9.615979333963494
0.05152286445817567	0.007878380377539155	-9.74013102195934
0.05199959965335162	0.007982331630286995	-9.86992926939282
0.052480746024977286	0.00809105673746111	-10.00574327356279
0.05296634438916581	0.00820487054190828	-10.147974856383222
0.05345643593969719	0.008324115868820463	-10.297062132264555
0.05395106225151279	0.00844916667840151	-10.453483679417817
0.05445026528424214	0.008580431650273515	-10.617763296584608
0.05495408738576248	0.008718358269404375	-10.790475442710683
0.0554625712957911	0.008863437496365197	-10.972251475974094
0.05597576014951104	0.009016209120493574	-11.163786831637696
0.05649369748123028	0.00917726791372699	-11.36584930650533
0.05701642722807478	0.00934727072626312	-11.579288652617452
0.05754399373371572	0.009526944693869454	-11.805047725987338
0.05807644175213124	0.009717096761882192	-12.044175489843534
0.05861381645140291	0.009918624774397696	-12.297842238928796
0.05915616341754743	0.010132530430970949	-12.567357495666235
0.05970352865838372	0.010359934480022303	-12.85419113541981
0.06025595860743581	0.010602094601589507	-13.159998433211465
0.060813500127871824	0.010860426536493715	-13.486649896833033
0.061376200516479455	0.011136529150139105	-13.836266973007557
0.06194410750767818	0.011432214284324867	-14.21126499981733
0.06251726927756862	0.011749542458928307	-14.614405151338799
0.06309573444801936	0.012090865748897785	-15.048857608351321
0.06367955209079162	0.012458879495324357	-15.518278831886093
0.064268771731702	0.012856684930387122	-16.026906669188236
0.06486344335482389	0.013287865325612179	-16.579678160375174
0.06546361740672754	0.013756578933975899	-17.1823764446128
0.06606934480075964	0.01426767280963421	-17.84181523463217
0.06668067692136226	0.014826822564356768	-18.566072144324547
0.06729766562843183	0.015440704235903983	-19.364786003237686
0.0679203632617185	0.016117205606765387	-20.24953857099999
0.0685488226452662	0.016865685268599023	-21.234348312121245
0.0691830970918937	0.017697287889360095	-22.33631381069854
0.06982324040771719	0.0186253222240325	-23.57645784731465
0.07046930689671474	0.019665701717501045	-24.980840982291983
0.07112135136533296	0.020837430512495068	-26.5820360582582
0.07177942912713622	0.022163078969043782	-28.421080862654666
0.07244359600749906	0.02366910970204952	-30.550048440693537
0.0731139083483418	0.025385743066875903	-33.0353725600917
0.07379042301291015	0.027345706117534375	-35.961985465888986
0.07447319739059896	0.029580547315108854	-39.43803592500504
0.07516228940182061	0.03211202506579496	-43.59916818574058
0.07585775750291844	0.034934324645867494	-48.60949069219014
0.07655966069112569	0.03798138227546381	-54.65261685340209
0.07726805850957029	0.041076438532327064	-61.900336408236264
0.07798301105232593	0.04387848325386169	-70.4428284111945
0.07870457896950993	0.04588230021632388	-80.17870147496821
0.07943282347242822	0.046560890740988826	-90.71687579851232
0.08016780633876798	0.04564507231470916	-101.40374822146993
0.0809095899178383	0.04331490784424217	-111.53076468544975
0.0816582371358593	0.04008532206647015	-120.58593661804886
0.0824138115013003	0.03651303346755131	-128.35759971842478
0.08317637711026717	0.03299843265886522	-134.87261049201587
0.08394599865193982	0.02975518896575984	-140.28057957756076
0.08472274141405972	0.026862979563419397	-144.76591938943815
0.08550667128846841	0.024327041045382837	-148.50266974758438
0.0862978547766971	0.022118774604058356	-151.63829525158266
0.08709635899560814	0.020198096971767453	-154.29170722074124
0.08790225168308852	0.018524144957332865	-156.55670231166405
0.08871560120379617	0.01705970563702811	-158.50669745503743
0.08953647655495947	0.01577259037922176	-160.1991604357737
0.09036494737223023	0.014635648196291933	-161.67926843994485
0.09120108393559107	0.01362624839417113	-162.98277085886946
0.09204495717531722	0.012725615278218513	-164.1381756018126
0.09289663867799372	0.011918178628189663	-165.16840251252148
0.09375620069258811	0.011191000648773156	-166.0920313307552
0.09462371613657934	0.01053329387878426	-166.92424593328363
0.09549925860214364	0.009936025338569469	-167.67755232614317
0.0963829023623971	0.009391595466994297	-168.36232809181533
0.09727472237769656	0.008893579172132855	-168.9872458633377
0.09817479430199849	0.008436517313603818	-169.55960215330433
0.09908319448927681	0.008015748650605068	-170.08557462581564
0.10000000000000005	0.007627274077381284	-170.57042489346705
0.10092528860766849	0.007267646573135441	-171.01865954572006
0.10185913880541175	0.006933881642064935	-171.43415891893753
0.10280162981264741	0.0066233841137815245	-171.82028077380392
0.10375284158180131	0.006333888046019261	-172.1799443165538
0.10471285480509002	0.006063407158500338	-172.51569871713372
0.1056817509213659	0.005810193765408723	-172.82977931894573
0.10665961212302584	0.005572704595341655	-173.1241540141755
0.10764652136298355	0.005349572217384879	-173.40056171328038
0.10864256236170661	0.005139581050412152	-173.6605444216538
0.10964781961431856	0.004941647135765254	-173.90547411781742
0.1106623783977667	0.0047548010134951585	-174.13657538156565
0.11168632477805618	0.004578173168896271	-174.35494452953222
0.1127197456175511	0.004410981616525344	-174.56156586647865
0.11376272858234315	0.0042525212689601705	-174.7573255434059
0.11481536214968835	0.004102154801611864	-174.9430234209931
0.11587773561551268	0.00395930477637576	-175.1193832633125
0.11694993910198717	0.0038234468284189934	-175.28706152803852
0.11803206356517304	0.0036941037540313107	-175.44665497223207
0.11912420080273756	0.00357084036480307	-175.59870725477958
0.12022644346174137	0.0034532589957139283	-175.7437146857731
0.1213388850464978	0.0033409955730012257	-175.8821312480641
0.12246161992650495	0.0032337161627172	-176.0143729957457
0.12359474334445113	0.0031311139332975157	-176.1408219175162
0.12473835142429439	0.0030329064757471914	-176.26182933902854
0.1258925411794168	0.002938833433596575	-176.37771892687954
0.12705741052085426	0.002848654401908407	-176.4887893473857
0.12823305826560225	0.002762147060580611	-176.59531662537037
0.1294195841449987	0.0026791055121950136	-176.69755624156468
0.13061708881318423	0.002599338798876757	-176.79574500166885
0.1318256738556408	0.00252266957618685	-176.89010270544608
0.13304544179780922	0.0024489329250847046	-176.98083364027295
0.13427649611378642	0.0023779752855552496	-177.06812792023078
0.13551894123510363	0.002309653497675566	-177.152162688981
0.13677288255958495	0.002243833937755354	-177.23310320225497
0.13803842646028852	0.0021803917387786128	-177.31110380372087
0.13931568029453034	0.0021192100857399363	-177.3863088062272
0.14060475241299142	0.0020601795776444844	-177.45885328890196
0.14190575216890927	0.0020031976489540432	-177.52886381928485
0.1432187899273544	0.0019481680441370169	-177.59645910854115
0.1445439770745928	0.0018950003397391604	-177.66175060683454
0.1458814260275349	0.0018436095090496067	-177.72484304509155
0.14723125024327194	0.0017939155250096877	-177.78583492865698
0.14859356422870074	0.0017458429975108264	-177.84481898770383
0.1499684835502374	0.0016993208416635906	-177.90188258870234
0.15135612484362088	0.0016542819740012784	-177.95710811076884
0.15275660582380732	0.001610663033915584	-178.01057329028697
0.154170045294956	0.0015684041279153294	-178.06235153682167
0.1555965631605075	0.0015274485945576382	-178.11251222301615
0.15703628043335532	0.0014877427881281665	-178.1611209508732
0.15848931924611143	0.001449235879348149	-178.20823979656555
0.15995580286146696	0.001411879671563453	-178.25392753569415
0.1614358556826487	0.001375628431028158	-178.29823985071155
0.1629296032639723	0.0013404387300347004	-178.3412295220508
0.16443717232149324	0.0013062693017664555	-178.38294660433883
0.16595869074375613	0.0012730809058590818	-178.423438588934
0.16749428760264382	0.00124083620375481	-178.46275055389887
0.1690440931643265	0.0012094996430218037	-178.50092530240545
0.17060823890031243	0.0011790373498888557	-178.53800349046838
0.17218685749860077	0.0011494170293155645	-178.57402374480762
0.17378008287493762	0.0011206078719809673	-178.6090227715594
0.1753880501841762	0.0010925804676298482	-178.6430354564759
0.1770108958317422	0.0010653067242661204	-178.6760949571862
0.17864875748520517	0.001038759792728387	-178.70823278802402
0.180301774085957	0.001012913996223201	-178.73947889786996
0.18197008586099844	0.0009877447644285379	-178.7698617413981
0.18365383433483473	0.0009632285718129129	-178.79940834406585
0.18535316234148125	0.0009393428798454137	-178.82814436113367
0.18706821403658017	0.0009160660827989999	-178.85609413095455
0.18879913490962946	0.0008933774568734747	-178.88328072272432
0.19054607179632482	0.0008712571123867461	-178.90972597883837
0.19230917289101596	0.0008496859488026545	-178.93545055195156
0.19408858775927793	0.0008286456123816608	-178.96047393679262
0.19588446735059908	0.0008081184562568589	-178.98481449673173
0.1976969640111862	0.0007880875027523346	-179.00848948505057
0.19952623149688808	0.0007685364077742099	-179.03151506080684
0.20137242498623895	0.0007494494271164155	-179.053906299125
0.2032357010936223	0.0007308113845339979	-179.07567719568073
0.20511621788255666	0.0007126076414463141	-179.09684066507126
0.20701413487910436	0.0006948240681409415	-179.1174085326838
0.2089296130854041	0.0006774470163567245	-179.13739151958043
0.2108628149933291	0.0006604632931309917	-179.15679921981308
0.21281390459827135	0.0006438601358018218	-179.1756400694598
0.21478304741305343	0.0006276251880611008	-179.1939213065342
0.21677041048196952	0.0006117464769583747	-179.21164892075564
0.2187761623949553	0.0005962123907587974	-179.2288275919755
0.22080047330189004	0.0005810116575610692	-179.24546061583138
0.22284351492703042	0.0005661333245830831	-179.26154981493346
0.22490546058357816	0.0005515667380239275	-179.2770954335701
0.22698648518838224	0.0005373015234110591	-179.2920960135448
0.22908676527677735	0.0005233275663406474	-179.30654824830248
0.23120647901755953	0.0005096349935174179	-179.32044681196186
0.23334580622810033	0.0004962141539974486	-179.33378415921325
0.23550492838960102	0.00048305560053351536	-179.34655029124727
0.23768402866248772	0.0004701500709172911	-179.35873248191135
0.2398832919019491	0.00045748846920602704	-179.3703149571085
0.2421029046736179	0.0004450618467129007	-179.38127851899858
0.24434305526939726	0.00043286138263007296	-179.39160010477133
0.246603933723434	0.0004208783641407733	-179.40125226753847
0.24888573182823917	0.00040910416586181954	-179.41020256412568
0.25118864315095807	0.00039753022843958663	-179.41841283108317
0.2535128630497908	0.00038614803610081884	-179.42583832587385
0.25585858869056466	0.0003749490929334527	-179.4324267046837
0.2582260190634597	0.0003639248976414283	-179.43811680127618
0.26061535499988964	0.0003530669164799657	-179.44283716231652
0.2630267991895383	0.00034236655403307114	-179.44650428299215
0.26546055619755404	0.00033181512144085304	-179.44902047169447
0.2679168324819033	0.000321403801619621	-179.4502712528249
0.2703958364108845	0.00031112361093909636	-179.4501221908168
0.2728977782808042	0.0003009653567263912	-179.44841498394234
0.27542287033381674	0.0002909195898509923	-179.44496263017427
0.277971326775929	0.00028097655150446536	-179.4395434046945
0.2805433637951715	0.0002711261131166781	-179.43189330292563
0.28313919957993805	0.0002613577081388933	-179.4216964844586
0.2857590543374948	0.0002516602541633224	-179.4085730874995
0.2884031503126607	0.00024202206352590073	-179.39206354867778
0.29107171180666064	0.00023243074013684777	-179.37160822593353
0.2937649651961532	0.00022287305978167224	-179.346520630895
0.2964831389524344	0.00021333483050541287	-179.31595184950592
0.29922646366081906	0.00020380072890033323	-179.27884263276766
0.30199517204020176	0.00019425410711736282	-179.23385795355685
0.30478949896279844	0.00018467676415850152	-179.17929617818487
0.307609681474071	0.00017504867341500507	-179.11296074445545
0.3104559588128357	0.0001653476564207729	-179.0319752087505
0.3133285724315587	0.00015554899032832839	-178.93251056652704
0.3162277660168381	0.0001456249336768804	-178.80937270943332
0.31915378551007634	0.00013554415177307225	-178.65535940550092
0.3221068791283436	0.00012527102010241522	-178.46022263536088
0.32508729738543457	0.00011476478362001907	-178.20892404020333
0.3280952931131192	0.00010397855720777448	-177.87855431538694
0.3311311214825913	0.00009285818441115712	-177.4325572973694
0.33419504002611444	0.00008134107783371481	-176.80905856933404
0.3372873086588691	0.00006935551368204131	-175.8948961467242
0.34040818970100106	0.00005682209882459527	-174.459887031773
0.34355794789987465	0.000043664400919667013	-171.9571559641252
0.34673685045253166	0.000029865673152037122	-166.7204125371647
0.3499451670283573	0.00001589980891758979	-150.73792472664067
0.353183169791957	9.258259854245579e-6	-73.7738023935358
0.35645113342624424	0.00002297713128998854	-26.71741439110655
0.3597493351557423	0.00004232809621066756	-16.491382874935194
0.36307805477010135	0.00006467883565347657	-12.723870261405338
0.36643757464783333	0.00009052758208016259	-10.927772408665984
0.3698281797802663	0.00012096422220613086	-10.035625233208691
0.3732501577957206	0.00015777680577228265	-9.68118064952583
0.37670379898390893	0.00020396411400087236	-9.73600931458521
0.38018939632056126	0.0002649817446864568	-10.19843379996398
0.38370724549227886	0.0003520993799398967	-11.202499251117333
0.3872576449216173	0.0004937261672440904	-13.187851060922798
0.3908408957924021	0.0007916009041646509	-17.850757195220794
0.39445730207527846	0.002051145937771884	-40.39732226609676
0.3981071705534973	0.0011449111883032432	-164.8527291772247
0.40179081084894	0.00017546695561176346	-178.66673929613967
0.40550853544838394	0.00021557773752496525	-11.611220256238603
0.40926065973001097	0.0006423453831951558	-18.32157329065247
0.41304750199016144	0.0014876579204941905	-35.683143945232494
0.4168693834703355	0.00292776877443876	-95.70566974196178
0.4207266283844442	0.0017492165291632098	-147.27621076335166
0.424619563946313	0.0011000926732815635	-161.57730278209172
0.4285485203974396	0.0008076046418837806	-167.38867582115893
0.43251383103500884	0.0006423909475636303	-170.52083100355927
0.4365158322401661	0.0005343165056523236	-172.50312518620663
0.44055486350655343	0.00045615751760124914	-173.90059739837906
0.4446312674691088	0.0003950292530930786	-174.97445482993635
0.4487453899331323	0.00034367772726245655	-175.8699630956602
0.4528975799036209	0.00029705413648357546	-176.68678246526392
0.4570881896148752	0.0002502830682406533	-177.51467026222093
0.46131757456037953	0.00019596818967989864	-178.45073074906097
0.4655860935229591	0.00011585363733557492	-179.30589603261612
0.4698941086052156	0.00007206279143074809	-15.055037019127324
0.4742419852602448	0.0016562557171294894	-70.2620551521879
0.47863009232263853	0.0006310999118748518	-164.7564013442241
0.48305880203977286	0.0004250682551974505	-170.96395516354036
0.4875284901033865	0.0003490290895464898	-172.9999925082899
0.4920395356814511	0.0003061345498701171	-174.0244652798114
0.49659232145033627	0.00027684199213687987	-174.64591702779063
0.5011872336272725	0.00025459981843205313	-175.062733890868
0.5058246620031143	0.00023656357014078288	-175.35887074654786
0.5105049999754064	0.00022128064127315044	-175.5760092591901
0.5152286445817567	0.0002079197220107671	-175.73719941678968
0.5199959965335162	0.00019596226755031577	-175.85620690616145
0.5248074602497729	0.00018506162270021155	-175.9417409666829
0.5296634438916581	0.00017497190483938013	-175.99958480646967
0.5345643593969719	0.00016550901264161938	-176.033788034894
0.5395106225151278	0.00015652757778449603	-176.04742995739687
0.5445026528424215	0.0001479062012751927	-176.0432159839555
0.5495408738576248	0.0001395369684746437	-176.02407922227272
0.5546257129579107	0.0001313168245080661	-175.99393940265608
0.5597576014951101	0.00012313895559317462	-175.9587796971879
0.5649369748123025	0.00011488223190167434	-175.9281794081182
0.5701642722807475	0.00010639614987680404	-175.91721663821826
0.5754399373371569	0.00009747782726093848	-175.94773729660324
0.580764417521312	0.00008783762743524579	-176.04515843902442
0.5861381645140288	0.00007705409308049212	-176.21985600150862
0.591561634175474	0.00006452954911118292	-176.40617134645075
0.5970352865838369	0.00004945888311439388	-176.2767812932041
0.6025595860743578	0.000030771935685212505	-174.34156630284045
0.6081350012787179	7.654456266512922e-6	-146.96432745028278
0.6137620051647943	0.000027957675251805334	-16.349877945810977
0.6194410750767815	0.00007940654211591942	-13.05680501805288
0.6251726927756859	0.00017445149344346786	-17.240212910546056
0.6309573444801934	0.0003995705114409472	-35.42271566834851
0.6367955209079159	0.0005457148948136695	-86.03217227088943
0.6426877173170198	0.0006793533688785472	-105.9130321749559
0.6486344335482385	0.0005207182053449756	-150.63917524122584
0.654636174067275	0.00031794565424852366	-164.11634376711007
0.6606934480075961	0.0003464275919706387	-164.15913298451002
0.6668067692136223	0.0002717677029096245	-167.65424837916024
0.6729766562843178	0.00023810259703530804	-169.44415193938207
0.6792036326171846	0.0002159713175171847	-170.84809356730608
0.6854882264526617	0.00019944014239540488	-172.10676651838102
0.6918309709189366	0.00018608555446601632	-173.26844927940564
0.6982324040771715	0.00017474723457255975	-174.32211660205408
0.7046930689671471	0.00016484078838304225	-175.2485254143516
0.7112135136533292	0.0001560533265637027	-176.03924833571995
0.7177942912713619	0.00014819516885705022	-176.69892394250914
0.7244359600749902	0.0001411313654668176	-177.24092643432155
0.7311390834834176	0.0001347534133145419	-177.68235132455163
0.7379042301291011	0.00012896890519170003	-178.0404973691507
0.7447319739059892	0.00012369796811397132	-178.33100728081516
0.7516228940182057	0.00011887175104348343	-178.56717103182183
0.758577575029184	0.0001144313035766821	-178.75987791566172
0.7655966069112565	0.00011032642535378025	-178.91786434461412
0.7726805850957026	0.00010651446320938345	-179.04805713988796
0.7798301105232589	0.00010295910284868943	-179.15591357841532
0.7870457896950989	0.00009962914843454073	-179.2457155259836
0.7943282347242817	0.00009649711751779445	-179.32079805325682
0.8016780633876793	0.000093536878299286	-179.38367854978958
0.8090958991783825	0.00009071605814705709	-179.4358740759879
0.8165823713585927	0.00008793567194085492	-179.4743743412101
0.8241381150130026	0.00008665426607911438	-179.50693716268518
0.8317637711026713	0.00008347888444830508	-179.56226027494242
0.8394599865193977	0.00008112719961335044	-179.58983297910282
0.8472274141405968	0.00007892282402659708	-179.61408180726036
0.8550667128846836	0.00007682377836774127	-179.63521738599295
0.8629785477669706	0.00007481505587665865	-179.65357862643117
0.870963589956081	0.00007288753052724778	-179.66949931937017
0.8790225168308847	0.0000710343166474304	-179.68327265224883
0.8871560120379608	0.0000692497218892849	-179.69514654237392
0.8953647655495938	0.00006752883392615205	-179.70532673589992
0.9036494737223014	0.00006586731415173927	-179.71398148278217
0.9120108393559097	0.00006426127459490779	-179.72124598390184
0.9204495717531712	0.00006270719423104587	-179.72722608019072
0.9289663867799363	0.00006120185655160215	-179.7320010485467
0.9375620069258802	0.00005974229979151487	-179.73562548254338
0.946237161365793	0.00005832577517901798	-179.73813024727528
0.9549925860214359	0.000056949710363675644	-179.73952246506627
0.9638290236239705	0.0000556116760214883	-179.7397844291578
0.9727472237769651	0.00005430935400882359	-179.73887125604176
0.9817479430199844	0.00005304050553130561	-179.73670696393674
0.9908319448927676	0.00005180293767517051	-179.73317848498263
1.	0.00005059446631292344	-179.72812684730604
1.0092528860766845	0.00004941287278218883	-179.72133434067845
1.0185913880541169	0.00004825585071822945	-179.71250580226922
1.0280162981264735	0.00004712093776296627	-179.7012410409883
1.0375284158180127	0.00004600542415892896	-179.68699351602567
1.0471285480508996	0.00004490622570829135	-179.66900703794357
1.0568175092136585	0.00004381970082255639	-179.64621615390303
1.066596121230258	0.00004274137767672054	-179.61708426929366
1.076465213629835	0.00004166553230835436	-179.57933042446024
1.0864256236170655	0.00004058451022854524	-179.52944696280588
1.096478196143185	0.00003948758674500431	-179.46180109358227
1.1066237839776665	0.00003835895291260293	-179.3668487382172
1.1168632477805611	0.00003717393672712791	-179.22728528694455
1.1271974561755105	0.00003589138393955238	-179.00885462692997
1.1376272858234309	0.000034436899288310906	-178.63523134451637
1.1481536214968828	0.000032662085180391	-177.90530931601438
1.1587773561551262	0.000030237605601962555	-176.13482216015618
1.1694993910198712	0.00002651109965931095	-169.78397489507267
1.1803206356517297	0.00002924907233167714	-140.0031942167241
1.191242008027375	0.000052517679154206376	-163.13427613688404
1.2022644346174132	0.00004359452288249621	-176.21090863684108
1.2133888504649775	0.000039303111384578955	-178.5613475692801
1.224616199265049	0.00003688633857263934	-179.29986912090519
1.2359474334445106	0.000035216444974384816	-179.60934111217892
1.2473835142429432	0.000033913906689697225	-179.7621802472752
1.2589254117941675	0.000032820440481736976	-179.84588376215328
1.270574105208542	0.00003185888077211014	-179.89491671635108
1.2823305826560218	0.00003098709775303018	-179.92484405381654
1.2941958414499863	0.000030179993366828743	-179.94339639450152
1.3061708881318417	0.000029421491700682766	-179.95466158826707
1.3182567385564075	0.000028700589264477907	-179.96085676678894
1.3304544179780915	0.000028009221957212845	-179.9631288711911
1.3427649611378643	0.00002734099436486888	-179.96191039522878
1.3551894123510364	0.000026690311959094272	-179.95702618358388
1.3677288255958495	0.0000260516474130796	-179.94759556821197
1.3803842646028852	0.000025418712743289813	-179.93165185682875
1.3931568029453034	0.00002478321634768757	-179.9051871737281
1.4060475241299142	0.000024132542967749174	-179.85974145824085
1.4190575216890926	0.000023444650578009316	-179.77561376474583
1.432187899273544	0.000022674980887241324	-179.59899436889305
1.4454397707459279	0.000021716643668710742	-179.14055550625642
1.4588142602753489	0.000020267417836175653	-177.36713205609024
1.4723125024327193	0.000019259134027100724	-164.72182714444378
1.4859356422870074	0.00002624345559119621	-172.1184049443856
1.499684835502374	0.00002394811149061015	-178.08892826200838
1.5135612484362087	0.000022683372893661444	-179.16580036441465
1.5275660582380732	0.0000218521755762205	-179.52518118503002
1.54170045294956	0.00002120095918758566	-179.68814131242814
1.555965631605075	0.000020642451434418357	-179.776153434468
1.5703628043335531	0.000020139638343420808	-179.8293549863372
1.584893192461114	0.000019674227895485803	-179.8641430988582
1.5995580286146696	0.00001923612061530363	-179.88824735481631
1.6143585568264869	0.000018819251811524266	-179.90570848798066
1.629296032639723	0.00001841973001936536	-179.91881103066282
1.6443717232149324	0.00001803491935025452	-179.9289285158684
1.6595869074375613	0.00001766295150193262	-179.93692871357118
1.6749428760264382	0.00001730244984772994	-179.943382694447
1.690440931643265	0.000016952365334242987	-179.94867933920034
1.7060823890031243	0.0000166118746340965	-179.95309126420648
1.7218685749860079	0.00001628031459671554	-179.9568144123889
1.7378008287493762	0.00001595713871337847	-179.95999270551565
1.753880501841762	0.000015641887397018472	-179.9627338843194
1.770108958317422	0.000015334167193944547	-179.96511997028793
1.7864875748520517	0.000015033635924717007	-179.9672143452085
1.803017740859568	0.00001473999185431919	-179.9690666466159
1.8197008586099825	0.000014452965658733887	-179.97071621911792
1.8365383433483455	0.000014172314369460384	-179.97219459038973
1.8535316234148105	0.000013897816741364953	-179.97352727571064
1.8706821403657996	0.000013629269660991847	-179.97473511213894
1.8879913490962925	0.000013366485326490254	-179.97583525793533
1.9054607179632463	0.000013109289007422026	-179.97684195026858
1.9230917289101574	0.000012857517245736697	-179.97776708604496
1.9408858775927773	0.000012611016396224708	-179.9786206717097
1.958844673505989	0.000012369641430983679	-179.9794111748791
1.97696964011186	0.000012133254951252108	-179.98014580164426
1.9952623149688788	0.000011901726363638237	-179.98083071704437
2.0137242498623875	0.00001167493118781897	-179.98147122169235
2.032357010936221	0.000011452750470246407	-179.98207189427862
2.0511621788255647	0.000011235070283997796	-179.98263670731228
2.0701413487910414	0.000011021781299143942	-179.9831691217118
2.0892961308540388	0.000010812778411249921	-179.98367216456492
2.108628149933289	0.000010607960418116862	-179.98414849340537
2.1281390459827114	0.000010407229736810734	-179.98460044962144
2.147830474130533	0.00001021049215453947	-179.98503010305248
2.167704104819694	0.000010017656608133656	-179.98543928940035
2.1877616239495516	9.828634987832524e-6	-179.9858296417522
2.208004733018899	9.643341961832966e-6	-179.98620261725236
2.228435149270303	9.461694818665898e-6	-179.98655951975954
2.2490546058357803	9.283613324954501e-6	-179.98690151916642
2.2698648518838214	9.109019596507006e-6	-179.98722966793238
2.2908676527677723	8.93783798102152e-6	-179.98754491528027
2.312064790175594	8.76999495094729e-6	-179.9878481194267
2.333458062281002	8.605419005266576e-6	-179.98814005815188
2.355049283896009	8.444040579143633e-6	-179.98842143796088
2.376840286624876	8.285791960538864e-6	-179.98869290204783
2.39883291901949	8.130607213012907e-6	-179.9889550372375
2.4210290467361775	7.9784221040519e-6	-179.98920838005225
2.4434305526939712	7.829174038334619e-6	-179.98945342202762
2.4660393372343385	7.682801995438119e-6	-179.98969061438112
2.48885731828239	7.539246471542807e-6	-179.98992037212233
2.5118864315095797	7.398449424752703e-6	-179.9901430776794
2.535128630497907	7.260354223693617e-6	-179.9903590841062
2.5585858869056453	7.124905599091997e-6	-179.99056871792388
2.582260190634596	6.9920495980721366e-6	-179.99077228164418
2.6061535499988953	6.861733540939011e-6	-179.99097005601416
2.6302679918953813	6.733905980240126e-6	-179.9911623020174
2.654605561975539	6.608516661922071e-6	-179.99134926266052
2.6791683248190314	6.485516488417345e-6	-179.99153116457188
2.703958364108843	6.3648574835137245e-6	-179.99170821943386
2.7289777828080406	6.246492758873861e-6	-179.99188062526878
2.7542287033381663	6.130376482085693e-6	-179.9920485675949
2.7797132677592886	6.016463846135973e-6	-179.99221222046737
2.805433637951713	5.904711040209379e-6	-179.99237174741725
2.831391995799379	5.795075221724846e-6	-179.99252730229964
2.8575905433749464	5.687514489528684e-6	-179.99267903006057
2.8840315031266055	5.581987858171252e-6	-179.99282706743233
2.910717118066605	5.478455233200359e-6	-179.9929715435635
2.9376496519615305	5.376877387410136e-6	-179.9931125805919
2.9648313895243423	5.277215937989398e-6	-179.99325029416528
2.992264636608189	5.1794333245178955e-6	-179.99338479391565
3.019951720402016	5.083492787763114e-6	-179.993516183892
3.047894989627983	4.989358349233864e-6	-179.9936445629553
3.076096814740708	4.896994791450331e-6	-179.99377002513936
3.1045595881283554	4.8063676388932386e-6	-179.99389265998155
3.1332857243155856	4.717443139597466e-6	-179.9940125528255
3.162277660168379	4.630188247358047e-6	-179.99412978509903
3.1915378551007616	4.544570604518622e-6	-179.99424443456917
3.2210687912834346	4.460558525314567e-6	-179.99435657557697
3.250872973854344	4.378120979744805e-6	-179.99446627925323
3.2809529311311905	4.2972275779481286e-6	-179.9945736137178
3.311311214825911	4.217848555061297e-6	-179.99467864426285
3.3419504002611427	4.139954756537751e-6	-179.9947814335227
3.372873086588689	4.063517623906964e-6	-179.99488204163023
3.404081897010009	3.988509180955836e-6	-179.99498052636216
3.4355794789987466	3.914902020314436e-6	-179.99507694327315
3.4673685045253166	3.842669290429652e-6	-179.99517134582052
3.499451670283573	3.7717846829111095e-6	-179.99526378547966
3.53183169791957	3.702222420234652e-6	-179.99535431185154
3.5645113342624426	3.633957243789491e-6	-179.99544297276262
3.5974933515574232	3.5669644022559066e-6	-179.99552981435752
3.630780547701014	3.5012196403010433e-6	-179.99561488118593
3.664375746478333	3.4366991875810326e-6	-179.99569821628327
3.6982817978026628	3.3733797480382545e-6	-179.9957798612459
3.732501577957206	3.3112384894831738e-6	-179.99585985630173
3.767037989839089	3.2502530334505955e-6	-179.9959382403761
3.801893963205613	3.1904014453208705e-6	-179.99601505115314
3.8370724549227884	3.131662224696815e-6	-179.9960903251338
3.8725764492161727	3.074014296027739e-6	-179.99616409768979
3.908408957924021	3.017436999472264e-6	-179.99623640311458
3.944573020752785	2.9619100819920403e-6	-179.99630727467076
3.981071705534973	2.90741368866882e-6	-179.99637674463526
4.0179081084894	2.853928354237668e-6	-179.99644484434128
4.055085354483839	2.8014349948294486e-6	-179.9965116042181
4.09260659730011	2.7499148999159417e-6	-179.99657705382862
4.130475019901614	2.6993497244513425e-6	-179.9966412219044
4.168693834703355	2.6497214812040283e-6	-179.99670413637932
4.207266283844442	2.6010125332728545e-6	-179.99676582442072
4.24619563946313	2.553205586782378e-6	-179.99682631245938
4.285485203974396	2.5062836837516886e-6	-179.9968856262177
4.325138310350088	2.4602301951317116e-6	-179.9969437907362
4.365158322401661	2.4150288140060773e-6	-179.9970008303989
4.405548635065534	2.370663548950793e-6	-179.99705676895715
4.446312674691089	2.327118717548187e-6	-179.99711162955265
4.487453899331323	2.284378940050743e-6	-179.99716543473872
4.528975799036209	2.242429133190569e-6	-179.997218206501
4.570881896148752	2.2012545041304983e-6	-179.99726996627697
4.613175745603791	2.1608405445528523e-6	-179.9973207349744
4.655860935229586	2.1211730248820905e-6	-179.9973705329893
4.698941086052151	2.0822379886377683e-6	-179.99741938022245
4.742419852602444	2.044021746914198e-6	-179.9974672960958
4.7863009232263805	2.0065108729834872e-6	-179.99751429956765
4.830588020397723	1.9696921970186342e-6	-179.99756040914733
4.875284901033861	1.9335528009336127e-6	-179.99760564290926
4.920395356814506	1.8980800133370184e-6	-179.99765001850642
4.965923214503357	1.8632614045972014e-6	-179.99769355318296
5.01187233627272	1.8290847820147471e-6	-179.99773626378663
5.058246620031137	1.7955381851006723e-6	-179.99777816678065
5.105049999754059	1.7626098809570461e-6	-179.9978192782547
5.152286445817562	1.7302883597576316e-6	-179.99785961393604
5.1999599653351565	1.698562330326007e-6	-179.99789918919967
5.248074602497723	1.6674207158087278e-6	-179.99793801907842
5.296634438916575	1.636852649441194e-6	-179.99797611827253
5.345643593969713	1.6068474704039047e-6	-179.9980135011588
5.395106225151273	1.5773947197669141e-6	-179.9980501817995
5.445026528424209	1.548484136520327e-6	-179.99808617395095
5.495408738576242	1.5201056536887434e-6	-179.9981214910716
5.5462571295791046	1.4922493945276362e-6	-179.99815614633
5.597576014951099	1.464905668799712e-6	-179.9981901526125
5.649369748123022	1.4380649691293124e-6	-179.99822352253054
5.701642722807472	1.411717967433044e-6	-179.9982562684278
5.754399373371567	1.3858555114248173e-6	-179.9982884023869
5.807644175213118	1.3604686211935465e-6	-179.9983199362362
5.861381645140285	1.335548485851827e-6	-179.9983508815561
5.9156163417547365	1.311086460253929e-6	-179.99838124968525
5.9703528658383656	1.2870740617814988e-6	-179.99841105172652
6.025595860743575	1.2635029671954263e-6	-179.9984402985527
6.081350012787176	1.2403650095523464e-6	-179.99846900081226
6.137620051647939	1.2176521751842962e-6	-179.99849716893465
6.194410750767812	1.1953566007401098e-6	-179.99852481313545
6.251726927756856	1.17347057028713e-6	-179.99855194342172
6.30957344480193	1.151986512471903e-6	-179.99857856959673
6.367955209079155	1.1308969977385008e-6	-179.99860470126472
6.426877173170194	1.1101947356032154e-6	-179.99863034783567
6.486344335482381	1.0898725719843462e-6	-179.99865551852966
6.546361740672747	1.0699234865858611e-6	-179.99868022238127
6.6069344800759575	1.0503405903337528e-6	-179.99870446824394
6.668067692136219	1.0311171228639118e-6	-179.99872826479393
6.729766562843175	1.012246450060403e-6	-179.9987516205343
6.792036326171843	9.937220616430253e-7	-179.99877454379893
6.854882264526613	9.755375688030954e-7	-179.99879704275622
6.918309709189362	9.57686701886401e-7	-179.99881912541275
6.9823240407717115	9.401633081223024e-7	-179.99884079961683
7.046930689671467	9.229613493979857e-7	-179.99886207306213
7.112135136533288	9.06074900076899e-7	-179.9988829532908
7.177942912713615	8.894981448604216e-7	-179.998903447697
7.244359600749899	8.732253766918438e-7	-179.99892356352996
7.311390834834173	8.572509947017555e-7	-179.99894330789712
7.379042301291007	8.415695021939554e-7	-179.99896268776726
7.447319739059888	8.26175504671037e-7	-179.99898170997335
7.516228940182053	8.110637078988002e-7	-179.9990003812155
7.585775750291836	7.96228916008674e-7	-179.9990187080637
7.655966069112561	7.816660296373534e-7	-179.99903669696067
7.726805850957022	7.673700441028675e-7	-179.99905435422446
7.798301105232586	7.533360476163192e-7	-179.99907168605102
7.870457896950985	7.39559219528549e-7	-179.9990886985169
7.943282347242813	7.260348286110037e-7	-179.99910539758156
8.01678063387679	7.127582313700892e-7	-179.99912178908977
8.090958991783822	6.997248703943243e-7	-179.99913787877426
8.165823713585922	6.869302727336131e-7	-179.99915367225765
8.241381150130021	6.743700483099728e-7	-179.99916917505496
8.317637711026709	6.620398883590764e-7	-179.99918439257573
8.394599865193973	6.499355639019703e-7	-179.99919933012612
8.472274141405963	6.380529242463536e-7	-179.9992139929111
8.550667128846833	6.263878955168154e-7	-179.9992283860364
8.629785477669701	6.149364792134412e-7	-179.99924251451068
8.709635899560805	6.036947507982013e-7	-179.99925638324717
8.790225168308842	5.92658858308577e-7	-179.999269997066
8.871560120379607	5.818250209978481e-7	-179.99928336069567
8.953647655495937	5.711895280015261e-7	-179.99929647877516
9.036494737223014	5.607487370293868e-7	-179.99930935585564
9.120108393559097	5.504990730825996e-7	-179.99932199640207
9.204495717531712	5.404370271954401e-7	-179.99933440479512
9.289663867799362	5.305591552011004e-7	-179.99934658533275
9.375620069258803	5.208620765211045e-7	-179.99935854223182
9.462371613657929	5.113424729778677e-7	-179.99937027962963
9.549925860214358	5.019970876299294e-7	-179.99938180158574
9.638290236239705	4.928227236294105e-7	-179.99939311208317
9.727472237769652	4.83816243101255e-7	-179.99940421503013
9.817479430199844	4.749745660438189e-7	-179.99941511426132
9.908319448927676	4.6629466925038524e-7	-179.99942581353957
10.	4.57773585251192e-7	-179.999436316557
10.092528860766844	4.494084012755641e-7	-179.99944662693656
10.18591388054117	4.411962582337544e-7	-179.99945674823337
10.280162981264736	4.331343497181061e-7	-179.9994666839359
10.375284158180126	4.2521992102315187e-7	-179.99947643746748
10.471285480508996	4.1745026818428424e-7	-179.99948601218728
10.568175092136585	4.0982273703462425e-7	-179.9994954113918
10.665961212302578	4.0233472227973894e-7	-179.99950463831595
10.76465213629835	3.9498366658985296e-7	-179.99951369613427
10.864256236170656	3.8776705970921646e-7	-179.99952258796208
10.964781961431852	3.8068243758228887e-7	-179.99953131685658
11.066237839776663	3.737273814964161e-7	-179.9995398858181
11.168632477805613	3.6689951724067497e-7	-179.99954829779097
11.271974561755105	3.6019651428057566e-7	-179.9995565556648
11.37627285823431	3.536160849483064e-7	-179.99956466227542
11.481536214968829	3.471559836482262e-7	-179.99957262040587
11.587773561551263	3.408140060773059e-7	-179.99958043278755
11.694993910198711	3.345879884602279e-7	-179.99958810210106
11.803206356517286	3.2847580679886353e-7	-179.99959563097715
11.912420080273739	3.2247537613584346e-7	-179.99960302199793
12.022644346174118	3.1658464983196304e-7	-179.99961027769734
12.133888504649763	3.108016188571366e-7	-179.99961740056256
12.246161992650476	3.0512431109465656e-7	-179.99962439303448
12.359474334445094	2.995507906584902e-7	-179.9996312575089
12.47383514242942	2.940791572233699e-7	-179.99963799633707
12.589254117941662	2.887075453674281e-7	-179.9996446118268
12.705741052085406	2.8343412392713454e-7	-179.9996511062432
12.823305826560205	2.7825709536430554e-7	-179.99965748180938
12.941958414499851	2.73174695144947e-7	-179.99966374070735
13.061708881318404	2.6818519112971134e-7	-179.9996698850788
13.182567385564061	2.632868829757394e-7	-179.99967591702577
13.304544179780901	2.584781015496764e-7	-179.99968183861148
13.427649611378628	2.537572083516436e-7	-179.99968765186102
13.551894123510351	2.491225949499601e-7	-179.99969335876207
13.67728825595848	2.445726824264064e-7	-179.99969896126564
13.803842646028839	2.4010592083183275e-7	-179.99970446128663
13.931568029453022	2.3572078865191218e-7	-179.9997098607047
14.060475241299129	2.3141579228284786e-7	-179.99971516136478
14.190575216890911	2.2718946551684304e-7	-179.99972036507776
14.321878992735424	2.230403690371504e-7	-179.99972547362117
14.454397707459265	2.1896708992251863e-7	-179.99973048873974
14.588142602753473	2.1496824116085624e-7	-179.999735412146
14.723125024327178	2.1104246117194046e-7	-179.99974024552102
14.859356422870059	2.0718841333899932e-7	-179.99974499051484
14.996848355023726	2.0340478554899617e-7	-179.99974964874707
15.135612484362072	1.9969028974145738e-7	-179.99975422180756
15.275660582380716	1.9604366146567663e-7	-179.99975871125682
15.417004529495584	1.924636594461413e-7	-179.99976311862673
15.559656316050734	1.8894906515602294e-7	-179.99976744542087
15.703628043335515	1.8549868239858223e-7	-179.9997716931152
15.848931924611126	1.8211133689633737e-7	-179.99977586315856
15.995580286146678	1.787858758878503e-7	-179.9997799569731
16.143585568264854	1.7552116773198795e-7	-179.99978397595478
16.292960326397214	1.7231610151951666e-7	-179.999787921474
16.443717232149307	1.6916958669189244e-7	-179.99979179487582
16.595869074375596	1.6608055266711262e-7	-179.9997955974807
16.749428760264365	1.6304794847249397e-7	-179.99979933058472
16.90440931643263	1.6007074238425072e-7	-179.99980299546033
17.060823890031227	1.5714792157374028e-7	-179.99980659335637
17.21868574986006	1.542784917602569e-7	-179.9998101254989
17.378008287493746	1.5146147687024526e-7	-179.9998135930914
17.5388050184176	1.4869591870281825e-7	-179.99981699731526
17.701089583174202	1.4598087660145707e-7	-179.9998203393302
17.864875748520497	1.4331542713178104e-7	-179.99982362027458
18.03017740859568	1.4069866376527116e-7	-179.99982684126596
18.197008586099827	1.3812969656883764e-7	-179.99983000340129
18.365383433483455	1.356076519001211e-7	-179.9998331077574
18.535316234148105	1.3313167210842133e-7	-179.99983615539153
18.706821403657997	1.307009152411469e-7	-179.99983914734128
18.879913490962927	1.2831455475568488e-7	-179.99984208462533
19.054607179632463	1.2597177923658695e-7	-179.9998449682437
19.230917289101576	1.2367179211797479e-7	-179.99984779917804
19.408858775927772	1.2141381141106608e-7	-179.99985057839194
19.58844673505989	1.1919706943672621e-7	-179.99985330683143
19.769696401118598	1.1702081256295238e-7	-179.99985598542509
19.952623149688787	1.1488430094719722e-7	-179.99985861508458
20.137242498623873	1.1278680828344296e-7	-179.99986119670473
20.32357010936221	1.1072762155393702e-7	-179.99986373116408
20.511621788255646	1.0870604078550224e-7	-179.99986621932499
20.701413487910415	1.0672137881033706e-7	-179.99986866203403
20.892961308540386	1.0477296103122216e-7	-179.99987106012233
21.086281499332888	1.0286012519105113e-7	-179.99987341440567
21.28139045982711	1.0098222114660558e-7	-179.99987572568497
21.47830474130533	9.913861064649516e-8	-179.99987799474647
21.67704104819694	9.732866711318529e-8	-179.99988022236195
21.87761623949552	9.55517754290376e-8	-179.9998824092891
22.080047330188993	9.380733172628711e-8	-179.99988455627178
22.28435149270303	9.209474318088404e-8	-179.99988666404013
22.490546058357804	9.041342781012916e-8	-179.999888733311
22.698648518838212	8.876281427403035e-8	-179.999890764788
22.908676527677724	8.714234168031391e-8	-179.999892759162
23.12064790175594	8.555145939302094e-8	-179.99989471711112
23.33458062281002	8.398962684462316e-8	-179.99989663930114
23.55049283896009	8.245631335159326e-8	-179.9998985263856
23.76840286624876	8.095099793336483e-8	-179.99990037900605
23.9883291901949	7.947316913462083e-8	-179.99990219779238
24.210290467361776	7.80223248508467e-8	-179.99990398336288
24.434305526939713	7.65979721570898e-8	-179.99990573632456
24.660393372343385	7.519962713986496e-8	-179.99990745727334
24.888573182823905	7.382681473214769e-8	-179.99990914679418
25.118864315095795	7.247906855139867e-8	-179.99991080546135
25.351286304979073	7.115593074056274e-8	-179.9999124338387
25.58585886905645	6.985695181198852e-8	-179.99991403247958
25.82260190634596	6.85816904942131e-8	-179.9999156019274
26.06153549998895	6.732971358156057e-8	-179.99991714271556
26.302679918953814	6.610059578650116e-8	-179.99991865536768
26.54605561975539	6.489391959472085e-8	-179.9999201403978
26.791683248190314	6.370927512285078e-8	-179.9999215983106
27.039583641088434	6.25462599788079e-8	-179.9999230296015
27.289777828080403	6.140447912469829e-8	-179.99992443475688
27.542287033381662	6.028354474223616e-8	-179.99992581425417
27.797132677592884	5.918307610063194e-8	-179.99992716856212
28.05433637951713	5.810269942690405e-8	-179.99992849814095
28.31391995799379	5.7042047778569604e-8	-179.99992980344234
28.575905433749465	5.60007609186701e-8	-179.99993108490978
28.84031503126606	5.497848519308926e-8	-179.9999323429787
29.10717118066605	5.397487341012078e-8	-179.99993357807645
29.376496519615305	5.298958472224435e-8	-179.99993479062272
29.648313895243422	5.202228451006918e-8	-179.99993598102935
29.92264636608189	5.107264426840569e-8	-179.9999371497008
30.19951720402016	5.014034149442556e-8	-179.99993829703405
30.4789498962798	4.922505957787184e-8	-179.99993942341885
30.76096814740705	4.832648769328141e-8	-179.99994052923785
31.045595881283525	4.744432069418334e-8	-179.99994161486663
31.332857243155825	4.657825900923549e-8	-179.999942680674
31.62277660168376	4.572800854026493e-8	-179.99994372702196
31.91537855100758	4.4893280562176416e-8	-179.9999447542659
32.21068791283432	4.407379162469505e-8	-179.99994576275472
32.50872973854341	4.326926345590897e-8	-179.999946752831
32.80952931131187	4.247942286757905e-8	-179.99994772483095
33.11311214825908	4.1704001662183535e-8	-179.9999486790847
33.41950400261139	4.0942736541665175e-8	-179.9999496159164
33.72873086588685	4.0195369017849776e-8	-179.99995053564413
34.040818970100055	3.946164532450553e-8	-179.99995143858027
34.35579478998743	3.874131633101293e-8	-179.99995232503147
34.67368504525313	3.803413745761551e-8	-179.99995319529876
34.994516702835696	3.733986859222262e-8	-179.99995404967768
35.318316979195664	3.6658274008735614e-8	-179.99995488845832
35.64511334262439	3.5989122286869305e-8	-179.99995571192557
35.9749335155742	3.53321862334415e-8	-179.999956520359
36.3078054770101	3.468724280510369e-8	-179.9999573140331
36.64375746478329	3.405407303248573e-8	-179.99995809321743
36.98281797802659	3.343246194572984e-8	-179.9999588581765
37.32501577957203	3.282219850138705e-8	-179.99995960917005
37.670379898390856	3.222307551065207e-8	-179.99996034645304
38.01893963205609	3.1634889568911465e-8	-179.9999610702758
38.370724549227845	3.105744098658129e-8	-179.99996178088404
38.72576449216169	3.049053372121046e-8	-179.999962478519
39.08408957924017	2.993397531082665e-8	-179.99996316341748
39.44573020752781	2.938757680850181e-8	-179.99996383581203
39.81071705534969	2.885115271811509e-8	-179.99996449593078
40.17908108489396	2.83245209312911e-8	-179.9999651439978
40.55085354483835	2.7807502665491982e-8	-179.99996578023303
40.92606597300105	2.7299922403242182e-8	-179.9999664048523
41.304750199016105	2.6801607832464954e-8	-179.99996701806757
41.68693834703351	2.6312389787910632e-8	-179.99996762008678
42.07266283844438	2.583210219365597e-8	-179.99996821111415
42.46195639463126	2.536058200665566e-8	-179.99996879134997
42.85485203974392	2.489766916132628e-8	-179.9999693609909
43.251383103500835	2.4443206515143782e-8	-179.99996992022986
43.65158322401656	2.399703979523608e-8	-179.99997046925614
44.0554863506553	2.3559017545952467e-8	-179.99997100825536
44.46312674691084	2.312899107739182e-8	-179.99997153740952
44.87453899331318	2.2706814414872155e-8	-179.99997205689706
45.28975799036204	2.2292344249324217e-8	-179.99997256689252
45.708818961487474	2.1885439888592144e-8	-179.99997306756677
46.13175745603791	2.1485963209624587e-8	-179.99997355908644
46.55860935229586	2.1093778611539794e-8	-179.99997404161377
46.98941086052151	2.070875296954862e-8	-179.9999745153057
47.42419852602443	2.0330755589719657e-8	-179.99997498031266
47.8630092322638	1.9959658164570496e-8	-179.999975436776
48.30588020397723	1.9595334729469233e-8	-179.99997588482339
48.7528490103386	1.9237661619830045e-8	-179.99997632455907
49.20395356814506	1.8886517429084584e-8	-179.99997675604163
49.65923214503358	1.854178296740629e-8	-179.9999771792288
50.118723362727195	1.820334122114934e-8	-179.99997759381552
50.58246620031137	1.78710773129117e-8	-179.99997799865497
51.0504999975406	1.7544878461946805e-8	-179.99997838892324
51.52286445817562	1.7224633945293857e-8	-179.99997873381824
51.99959965335157	1.6910235125544202e-8	-179.99997897831125
52.48074602497723	1.6601575201789664e-8	-179.99997952404087
52.966344389165755	1.6298549417063146e-8	-179.99997992838448
53.45643593969714	1.6001054947285457e-8	-179.99998030242358
53.95106225151273	1.5708990814713223e-8	-179.99998066485824
54.450265284242086	1.5422257887121835e-8	-179.99998101915244
54.95408738576243	1.5140758842932393e-8	-179.9999813663553
55.462571295791044	1.486439813769904e-8	-179.99998170692092
55.97576014951099	1.4593081971507476e-8	-179.99998204110943
56.49369748123023	1.4326718257059485e-8	-179.9999823691046
57.01642722807472	1.4065216588371796e-8	-179.99998269105504
57.543993733715666	1.3808488210059182e-8	-179.99998300709134
58.07644175213118	1.355644598718429e-8	-179.99998331733366
58.61381645140285	1.3309004375660947e-8	-179.99998362189535
59.15616341754737	1.3066079393199594e-8	-179.99998392088514
59.70352865838366	1.2827588590784373e-8	-179.99998421440807
60.255958607435744	1.2593451024671746e-8	-179.99998450256626
60.81350012787176	1.2363587228900996e-8	-179.99998478545933
61.37620051647939	1.2137919188307213e-8	-179.99998506318454
61.94410750767812	1.1916370312027403e-8	-179.99998533583712
62.51726927756855	1.169886540749067e-8	-179.99998560351034
63.0957344480193	1.1485330654883767e-8	-179.99998586629562
63.67955209079155	1.1275693582083115e-8	-179.99998612428251
64.26877173170195	1.1069883040044834e-8	-179.999986377559
64.86344335482381	1.0867829178644417e-8	-179.99998662621118
65.46361740672747	1.066946342295777e-8	-179.99998687032377
66.06934480075958	1.0474718449975615e-8	-179.99998710997974
66.68067692136219	1.0283528165743283e-8	-179.9999873452606
67.29766562843174	1.0095827682918086e-8	-179.99998757624624
67.92036326171844	9.911553298736696e-9	-179.99998780301522
68.54882264526613	9.730642473385067e-9	-179.99998802564457
69.18309709189363	9.553033808763342e-9	-179.99998824420987
69.82324040771712	9.378667027638831e-9	-179.99998845878542
70.46930689671467	9.207482953179673e-9	-179.999988669444
71.12135136533288	9.039423488862379e-9	-179.99998887625725
71.77942912713615	8.874431598746433e-9	-179.99998907929532
72.44359600749898	8.71245128810915e-9	-179.99998927862714
73.11390834834172	8.553427584434249e-9	-179.99998947432042
73.79042301291008	8.397306518747723e-9	-179.99998966644156
74.47319739059888	8.244035107294572e-9	-179.99998985505584
75.16228940182053	8.093561333550218e-9	-179.99999004022726
75.85775750291836	7.945834130560496e-9	-179.99999022201865
76.55966069112561	7.800803363604195e-9	-179.99999040049175
77.26805850957021	7.658419813172206e-9	-179.9999905757071
77.98301105232578	7.518635158257631e-9	-179.9999907477242
78.70457896950977	7.38140195995095e-9	-179.99999091660146
79.43282347242805	7.246673645334969e-9	-179.99999108239618
80.16780633876782	7.11440449167375e-9	-179.9999912451646
80.90958991783813	6.98454961089037e-9	-179.99999140496203
81.65823713585914	6.857064934328155e-9	-179.99999156184265
82.41381150130013	6.731907197790218e-9	-179.99999171585975
83.176377110267	6.609033926852212e-9	-179.99999186706555
83.94599865193965	6.488403422443286e-9	-179.99999201551142
84.72274141405954	6.3699747466904234e-9	-179.9999921612477
85.50667128846823	6.2537077090212115e-9	-179.99999230432388
86.29785477669692	6.139562852520472e-9	-179.99999244478852
87.09635899560797	6.0275014405359886e-9	-179.9999925826893
87.90225168308834	5.917485443528886e-9	-179.99999271807295
88.71560120379598	5.809477526164082e-9	-179.9999928509855
89.53647655495928	5.703441034636527e-9	-179.99999298147205
90.36494737223005	5.5993399842288514e-9	-179.99999310957682
91.20108393559087	5.497139047096251e-9	-179.99999323534334
92.04495717531702	5.396803540274395e-9	-179.99999335881427
92.89663867799354	5.298299413906319e-9	-179.99999348003155
93.75620069258792	5.201593239684342e-9	-179.99999359903626
94.6237161365792	5.106652199502982e-9	-179.9999937158688
95.4992586021435	5.0134440743191035e-9	-179.99999383056888
96.38290236239695	4.921937233215443e-9	-179.99999394317535
97.2747223776964	4.8321006226639014e-9	-179.99999405372645
98.17479430199833	4.7439037559847966e-9	-179.99999416225972
99.08319448927665	4.657316702998647e-9	-179.99999426881197
99.9999999999999	4.57231007986689e-9	-179.99999437341938