0.01000000000000001	0.00516696603807925	-5.294810540324632
0.010092528860766855	0.005168434650188546	-5.296567835841216
0.01018591388054118	0.00516993145221173	-5.298358186964548
0.010280162981264745	0.005171457002474621	-5.3001822416630935
0.010375284158180138	0.005173011871017376	-5.3020406614335425
0.010471285480509006	0.005174596639865277	-5.303934121613013
0.010568175092136596	0.005176211903306611	-5.305863311699478
0.01066596121230259	0.005177858268177841	-5.307828935680615
0.010764652136298361	0.005179536354156772	-5.309831712371842
0.010864256236170667	0.00518124679406311	-5.3118723757629525
0.010964781961431863	0.00518299023416766	-5.313951675374642
0.011066237839776675	0.005184767334509393	-5.31607037662424
0.011168632477805623	0.005186578769221817	-5.318229261202021
0.011271974561755117	0.005188425226867493	-5.320429127457104
0.011376272858234322	0.005190307410782677	-5.322670790794872
0.01148153621496884	0.005192226039430514	-5.324955084084454
0.011587773561551273	0.005194181846765056	-5.327282858078497
0.011694993910198724	0.00519617558260466	-5.329654981844009
0.01180320635651731	0.005198208013016408	-5.3320723432057004
0.011912420080273762	0.005200279920710995	-5.334535849201623
0.012022644346174144	0.005202392105449167	-5.337046426552035
0.012133888504649786	0.005204545384459399	-5.3396050221413125
0.012246161992650502	0.005206740592868001	-5.342212603514151
0.01235947433444512	0.005208978584141134	-5.344870159385695
0.012473835142429446	0.00521126023054	-5.347578700166652
0.012589254117941687	0.0052135864235889895	-5.3503392585036735
0.012705741052085433	0.005215958074557918	-5.353152889835756
0.012823305826560232	0.005218376114957911	-5.356020672966663
0.01294195841449987	0.005220841497052637	-5.358943710654901
0.013061708881318424	0.005223355194384038	-5.361923130220607
0.013182567385564082	0.005225918202314315	-5.364960084171163
0.01330454417978092	0.005228531538583966	-5.3680557508454205
0.013427649611378649	0.005231196243886724	-5.37121133507744
0.01355189412351037	0.005233913382462024	-5.374428068880589
0.013677288255958502	0.005236684042705404	-5.37770721215231
0.013803842646028859	0.005239509337797891	-5.381050053400941
0.013931568029453043	0.005242390406354862	-5.384457910494987
0.01406047524129915	0.005245328413094672	-5.387932131435417
0.014190575216890933	0.005248324549528547	-5.391474095152467
0.014321878992735446	0.005251380034671988	-5.395085212327419
0.014454397707459286	0.005254496115779142	-5.398766926240878
0.014588142602753497	0.005257674069099483	-5.402520713647097
0.014723125024327202	0.005260915200659551	-5.40634808567713
0.014859356422870082	0.005264220847069766	-5.41025058877117
0.014996848355023748	0.005267592376356917	-5.414229805640514
0.015135612484362095	0.005271031188823969	-5.418287356261384
0.015275660582380739	0.005274538717938172	-5.422424898901369
0.015417004529495607	0.005278116431248131	-5.4266441311795175
0.015559656316050758	0.005281765831331227	-5.43094679116167
0.01570362804333554	0.00528548845677302	-5.435334658492801
0.015848931924611148	0.00528928588317893	-5.4398095555668355
0.015995580286146702	0.0052931597242204505	-5.444373348736506
0.016143585568264878	0.005297111632716656	-5.449027949564247
0.016292960326397238	0.0053011433017525166	-5.453775316115636
0.01644371723214933	0.005305256465835985	-5.4586174542979995
0.016595869074375623	0.005309452902094813	-5.463556419244998
0.01674942876026439	0.005313734431514942	-5.468594316749557
0.016904409316432657	0.0053181029202223245	-5.4737333047472365
0.017060823890031253	0.005322560280809908	-5.478975594851956
0.017218685749860088	0.0053271084737115245	-5.4843234539463115
0.017378008287493772	0.005331749508625036	-5.489779205829015
0.01753880501841763	0.005336485445986112	-5.4953452329211965
0.01770108958317423	0.005341318398495712	-5.501023978035143
0.017864875748520526	0.005346250532702609	-5.506817946206961
0.018030177408595707	0.005351284070644375	-5.51272970659721
0.018197008586099853	0.005356421291548464	-5.518761894461374
0.018365383433483484	0.0053616645335960835	-5.524917213193459
0.018535316234148135	0.005367016195752658	-5.531198436446846
0.018706821403658026	0.005372478739666308	-5.537608410334438
0.018879913490962956	0.005378054691638461	-5.544150055712592
0.019054607179632494	0.005383746644669477	-5.5508263705524525
0.019230917289101597	0.005389557260582552	-5.55764043240226
0.019408858775927792	0.005395489272229765	-5.564595400945394
0.01958844673505991	0.00540154548578354	-5.571694520657743
0.01976969640111862	0.0054077287831180675	-5.578941123569939
0.01995262314968881	0.005414042124284391	-5.586338632138553
0.020137242498623895	0.005420488550083089	-5.5938905622311585
0.02032357010936223	0.005427071184741253	-5.601600526232615
0.020511621788255666	0.005433793238695096	-5.609472236274764
0.020701413487910436	0.005440658011486715	-5.617509507598973
0.02089296130854041	0.005447668894778648	-5.625716262056013
0.02108628149933291	0.00545482937549176	-5.634096531749813
0.021281390459827135	0.0054621430390738674	-5.642654462833605
0.021478304741305354	0.005469613572903491	-5.65139431946374
0.02167704104819696	0.005477244769837515	-5.660320487921324
0.02187761623949554	0.005485040531907953	-5.669437480907939
0.022080047330189013	0.00549300487417701	-5.678749942026034
0.022284351492703053	0.005501141928756728	-5.6882626504514695
0.022490546058357826	0.005509455949003135	-5.697980525809866
0.022698648518838235	0.00551795131389224	-5.70790863326525
0.022908676527677748	0.005526632532588951	-5.7180521888340845
0.023120647901755963	0.0055355042492169935	-5.728416564934247
0.023334580622810044	0.0055445712478424955	-5.73900729618342
0.023550492838960112	0.005553838457679823	-5.749830085457686
0.023768402866248782	0.005563310958534279	-5.76089081022665
0.02398832919019492	0.005572993986492162	-5.772195529178118
0.0242102904673618	0.005582892939872358	-5.783750489148505
0.02443430552693974	0.005593013385453344	-5.7955621323756406
0.024660393372343412	0.00560336106499177	-5.807637104092558
0.02488857318282393	0.005613941902046163	-5.819982260478738
0.025118864315095822	0.005624762009125596	-5.832604676991584
0.025351286304979098	0.005635827695179531	-5.845511657097468
0.02558585886905648	0.005647145473448614	-5.858710741425873
0.025822601906345985	0.0056587220696970785	-5.872209717370236
0.026061535499988978	0.005670564430848689	-5.886016629162119
0.026302679918953843	0.005682679734048977	-5.90013978844488
0.026546055619755416	0.005695075396179372	-5.914587785377413
0.026791683248190343	0.0057077590838487775	-5.929369500297792
0.027039583641088463	0.005720738723891864	-5.9444941159815405
0.027289777828080432	0.005734022514403746	-5.959971130529244
0.02754228703338169	0.005747618936343477	-5.975810370922054
0.02779713267759291	0.0057615367657406925	-5.992022007285378
0.02805433637951716	0.005775785086542502	-6.008616567904703
0.028313919957993816	0.00579037330414083	-6.025604955040717
0.028575905433749497	0.005805311159620783	-6.042998461592141
0.028840315031266085	0.0058206087447779005	-6.060808788662311
0.02910717118066608	0.005836276517950918	-6.079048064084923
0.029376496519615335	0.005852325320723005	-6.097728861971562
0.029648313895243455	0.005868766395548542	-6.1168642233482275
0.02992264636608192	0.005885611404363406	-6.136467677949883
0.030199517204020192	0.005902872448246762	-6.1565532672530665
0.03047894989627986	0.005920562088200557	-6.177135568825365
0.03076096814740711	0.005938693367124979	-6.198229722084116
0.031045595881283587	0.005957279833068324	-6.219851455557542
0.03133285724315589	0.005976335563839974	-6.242017115753374
0.031622776601683826	0.0059958751930796125	-6.264743697745487
0.03191537855100765	0.00601591393788453	-6.288048877599396
0.03221068791283438	0.006036467628104773	-6.311951046766933
0.03250872973854347	0.006057552737424507	-6.336469348590657
0.03280952931131194	0.0060791864163573075	-6.36162371706994
0.03311311214825915	0.006101386527295588	-6.387434918055245
0.03341950400261146	0.006124171681763439	-6.413924593048214
0.03372873086588692	0.006147561280036127	-6.441115305802175
0.034040818970100126	0.006171575553304251	-6.469030591934487
0.0343557947899875	0.006196235608574001	-6.497695011779476
0.0346736850452532	0.00622156347651284	-6.5271342067310565
0.034994516702835765	0.0062475821624687925	-6.557374959347506
0.035318316979195734	0.0062743157009107625	-6.5884452575136825
0.03564511334262446	0.006301789213559884	-6.620374362983195
0.03597493351557427	0.006330028971506719	-6.6531928846529835
0.03630780547701017	0.006359062461637391	-6.686932856956562
0.03664375746478335	0.006388918457718705	-6.721627823795111
0.03698281797802665	0.006419627096529215	-6.757312928469777
0.037325015779572084	0.006451219959456595	-6.794025010119069
0.037670379898390914	0.006483730160025418	-6.8318027072179435
0.038018939632056145	0.006517192437861661	-6.870686568746658
0.0383707245492279	0.006551643259652639	-6.910719173700382
0.038725764492161745	0.006587120927715898	-6.951945259677454
0.03908408957924023	0.006623665696852792	-6.994411861359481
0.03944573020752787	0.006661319900232658	-7.038168459781806
0.039810717055349755	0.0067001280851280995	-7.083267143383718
0.04017908108489402	0.006740137159413498	-7.129762781939034
0.040550853544838415	0.006781396549829203	-7.177713214578362
0.040926065973001115	0.006823958373129224	-7.2271794532546725
0.041304750199016166	0.006867877621344907	-7.278225903144544
0.04168693834703357	0.006913212362542342	-7.330920601654586
0.04207266283844444	0.006960023958596688	-7.385335477881838
0.04246195639463132	0.007008377301688309	-7.441546634599125
0.042854852039743985	0.007058341071417642	-7.4996346550729465
0.04325138310350091	0.007109988014658643	-7.559684937296325
0.04365158322401663	0.007163395250524778	-7.621788058532054
0.044055486350655364	0.0072186446031049034	-7.686040173412477
0.04446312674691091	0.007275822964952899	-7.7525434492462955
0.04487453899331325	0.00733502269468614	-7.821406542643071
0.04528975799036211	0.007396342052468291	-7.89274512208974
0.04570881896148754	0.0074598856776385775	-7.966682441718496
0.04613175745603798	0.007525765113299933	-8.043349972194129
0.04655860935229591	0.007594099383318431	-8.12288809544827
0.04698941086052156	0.007665015627911239	-8.205446870899614
0.04742419852602448	0.007738649804852333	-8.291186881868626
0.04786300923226385	0.007815147464287875	-8.380280172112188
0.04830588020397728	0.007894664606290812	-8.472911283840808
0.04875284901033865	0.007977368631582252	-8.569278410229977
0.04920395356814511	0.008063439397377718	-8.669594677384303
0.04965923214503363	0.00815307039207985	-8.774089572967513
0.05011872336272725	0.00824647004462164	-8.883010541379353
0.05058246620031143	0.008343863186682314	-8.996624768475055
0.051050499997540646	0.008445492688862041	-9.115221182521255
0.05152286445817567	0.008551621295251253	-9.239112702432651
0.05199959965335162	0.008662533684810698	-9.36863876952127
0.052480746024977286	0.008778538792674961	-9.504168205145906
0.05296634438916581	0.008899972430081733	-9.64610244401226
0.05345643593969719	0.00902720024829403	-9.794879201702713
0.05395106225151279	0.009160621099835316	-9.95097664561708
0.05445026528424214	0.009300670859916142	-10.11491815132684
0.05495408738576248	0.009447826782411992	-10.287277741860278
0.0554625712957911	0.009602612478629964	-10.468686326328903
0.05597576014951104	0.009765603623897072	-10.659838877364635
0.05649369748123028	0.00993743451744144	-10.86150271514628
0.05701642722807478	0.010118805645951476	-11.074527100650736
0.05754399373371572	0.010310492431726461	-11.299854383929429
0.05807644175213124	0.010513355383833526	-11.538533006875092
0.05861381645140291	0.010728351916964982	-11.79173272702843
0.05915616341754743	0.010956550159979187	-12.060762513234772
0.05970352865838372	0.011199145147311353	-12.347091670377383
0.06025595860743581	0.01145747787524742	-12.652374885548646
0.060813500127871824	0.011733057816192603	-12.978482060596926
0.061376200516479455	0.012027589623615454	-13.32753401770265
0.06194410750767818	0.012343004936049366	-13.701945451200501
0.06251726927756862	0.012681500410269055	-14.104476871586517
0.06309573444801936	0.013045583394025026	-14.538297775576797
0.06367955209079162	0.013438127003033117	-15.007063918982817
0.064268771731702	0.013862436814273358	-15.51501242197552
0.06486344335482389	0.014322331950138215	-16.067079575020504
0.06546361740672754	0.014822244029599084	-16.669047744304333
0.06606934480075964	0.01536733832490935	-17.327729845474177
0.06668067692136226	0.015963662495198868	-18.05120267042714
0.06729766562843183	0.0166183294478326	-18.84910420097083
0.0679203632617185	0.017339742102640446	-19.733015322381153
0.0685488226452662	0.018137868829990696	-20.716953597304137
0.0691830970918937	0.019024578468317357	-21.818016679529386
0.06982324040771719	0.020014041725034577	-23.057226389920665
0.07046930689671474	0.021123198537230624	-24.460642298665988
0.07112135136533296	0.022372272660461316	-26.060836226800664
0.07177942912713622	0.023785273259060342	-27.898844907633894
0.07244359600749906	0.025390334324111006	-30.02674029858228
0.0731139083483418	0.027219558771551217	-32.510955044736875
0.07379042301291015	0.029307665677882774	-35.43642023246962
0.07447319739059896	0.031688032962634366	-38.911283432731146
0.07516228940182061	0.034383476251679604	-43.07118765924356
0.07585775750291844	0.03738723905728562	-48.08024008155397
0.07655966069112569	0.040628110191421735	-54.12205279278072
0.07726805850957029	0.04391665179466608	-61.368414173001945
0.07798301105232593	0.04688828164722142	-69.90950187355742
0.07870457896950993	0.04900379988811573	-79.64392305800618
0.07943282347242822	0.04970192672785612	-90.18059642854647
0.08016780633876798	0.04869771949389279	-100.86591727872037
0.0809095899178383	0.04618598532190984	-110.99132995290284
0.0816582371358593	0.04271805853862921	-120.04484422846218
0.0824138115013003	0.038888614587747485	-127.8147940993915
0.08317637711026717	0.035124593748128936	-134.32803430900722
0.08394599865193982	0.03165330481319778	-139.73417367486277
0.08472274141405972	0.02855904496623116	-144.2176227288947
0.08550667128846841	0.02584679089449434	-147.95241934505555
0.0862978547766971	0.023485554928250284	-151.08602611102077
0.08709635899560814	0.021432217202213378	-153.73735226578316
0.08790225168308852	0.019642920160412622	-156.00019231463372
0.08871560120379617	0.01807777058089792	-157.9479609632467
0.08953647655495947	0.016702286168166984	-159.63812369500414
0.09036494737223023	0.015487395556068232	-161.11585531498807
0.09120108393559107	0.014408876167977612	-162.41690275099586
0.09204495717531722	0.013446637215238469	-163.56977136303414
0.09289663867799372	0.01258402162987163	-164.59737835650503
0.09375620069258811	0.01180719106356881	-165.518300740237
0.09462371613657934	0.011104608957937011	-166.3477195638273
0.09549925860214364	0.010466616340503696	-167.09813790607595
0.0963829023623971	0.009885087919024437	-167.7799303181679
0.09727472237769656	0.009353154803358039	-168.4017662936043
0.09817479430199849	0.008864981289518358	-168.97093909283038
0.09908319448927681	0.00841558500212779	-169.4936230106089
0.10000000000000005	0.008000691619791096	-169.9750761682186
0.10092528860766849	0.007616617135060705	-170.41980153680896
0.10185913880541175	0.0072601720496175345	-170.83167570218117
0.10280162981264741	0.006928583080141749	-171.2140525367028
0.10375284158180131	0.006619428885285351	-171.56984721476547
0.10471285480509002	0.0063305870606309095	-171.90160472489666
0.1056817509213659	0.006060190225687344	-172.2115560731569
0.10665961212302584	0.005806589478439423	-172.50166465181022
0.10764652136298355	0.005568323846163312	-172.77366470182358
0.10864256236170661	0.005344094637966746	-173.02909338219493
0.10964781961431856	0.005132743821898359	-173.26931764043854
0.1106623783977667	0.004933235720759095	-173.49555683263353
0.11168632477805618	0.004744641456188311	-173.7089018504797
0.1127197456175511	0.004566125678098875	-173.910331363638
0.11376272858234315	0.004396935202200992	-174.100725668429
0.11481536214968835	0.00423638924688869	-174.28087854136731
0.11587773561551268	0.004083871015824201	-174.45150742244937
0.11694993910198717	0.00393882041696106	-174.613262194381
0.11803206356517304	0.0038007277447146782	-174.7667327767924
0.11912420080273756	0.00366912818122698	-174.91245571648224
0.12022644346174137	0.0035435969965405853	-175.0509199239389
0.1213388850464978	0.003423745347052104	-175.18257168132786
0.12246161992650495	0.003309216587696444	-175.30781902665697
0.12359474334445113	0.003199683026586987	-175.42703560202145
0.12473835142429439	0.003094843061831544	-175.5405640399826
0.1258925411794168	0.0029944186493814882	-175.64871895067762
0.12705741052085426	0.0028981530583925136	-175.75178956274678
0.12823305826560225	0.0028058088769504514	-175.8500420632375
0.1294195841449987	0.002717166236367038	-175.9437216750186
0.13061708881318423	0.0026320212267553025	-176.03305450467445
0.1318256738556408	0.0025501844803974666	-176.1182491891714
0.13304544179780922	0.0024714799026400516	-176.19949836563117
0.13427649611378642	0.002395743532784945	-176.2769799852009
0.13551894123510363	0.0023228225197755655	-176.35085848916108
0.13677288255958495	0.0022525741994643927	-176.42128586298915
0.13803842646028852	0.002184865261950952	-176.48840258202233
0.13931568029453034	0.002119570998939169	-176.55233846058758
0.14060475241299142	0.002056574622319434	-176.61321341493715
0.14190575216890927	0.0019957666462637317	-176.6711381490123
0.1432187899273544	0.0019370443260577745	-176.72621477091806
0.1445439770745928	0.0018803111477049808	-176.77853734700312
0.1458814260275349	0.001825476363040272	-176.8281923995809
0.14723125024327194	0.0017724545657037748	-176.87525935357496
0.14859356422870074	0.001721165303857521	-176.91981093671734
0.1499684835502374	0.0016715327259940263	-176.96191353734793
0.15135612484362088	0.0016234852565930463	-177.00162752335422
0.15275660582380732	0.001576955298739841	-177.03900752533875
0.154170045294956	0.0015318789611320082	-177.07410268669642
0.1555965631605075	0.001488195807177899	-177.1069568829254
0.15703628043335532	0.001445848624132613	-177.1376089121673
0.15848931924611143	0.0014047832104324665	-177.1660926586777
0.15995580286146696	0.0013649481795784916	-177.19243723065702
0.1614358556826487	0.0013262947790876219	-177.21666707362087
0.1629296032639723	0.0012887767231794767	-177.23880206025666
0.16443717232149324	0.0012523500379989063	-177.25885755749078
0.16595869074375613	0.0012169729182926142	-177.27684447128175
0.16749428760264382	0.00118260559456287	-177.29276926944897
0.1690440931643265	0.0011492102098153098	-177.30663398264704
0.17060823890031243	0.001116750705101404	-177.31843618339417
0.17218685749860077	0.0010851927131310991	-177.32816894286302
0.17378008287493762	0.0010545034592982722	-177.33582076493212
0.1753880501841762	0.0010246516695219118	-177.3413754967816
0.1770108958317422	0.0009956074843598106	-177.34481221508844
0.17864875748520517	0.0009673423789004961	-177.34610508663283
0.180301774085957	0.0009398290879825751	-177.34522320186463
0.18197008586099844	0.0009130415363304237	-177.34213037969252
0.18365383433483473	0.0008869547732306026	-177.33678494144237
0.18535316234148125	0.0008615449114056066	-177.3291394515814
0.18706821403658017	0.0008367890697707401	-177.31914042241377
0.18879913490962946	0.0008126653197861666	-177.30672797951254
0.19054607179632482	0.000789152635140161	-177.29183548415588
0.19230917289101596	0.0007662308445212755	-177.27438910846868
0.19408858775927793	0.0007438805872567959	-177.25430735832552
0.19588446735059908	0.0007220832716128815	-177.23150053832904
0.1976969640111862	0.0007008210355680138	-177.20587015232562
0.19952623149688808	0.0006800767098863826	-177.1773082319332
0.20137242498623895	0.0006598337833313575	-177.14569658441488
0.2032357010936223	0.0006400763698716806	-177.11090594990057
0.20511621788255666	0.0006207891777444447	-177.07279505640815
0.20701413487910436	0.0006019574802493434	-177.03120955929808
0.2089296130854041	0.0005835670881584055	-176.985980849659
0.2108628149933291	0.000565604323634262	-176.93692471360782
0.21281390459827135	0.0005480559955583786	-176.8838398215101
0.21478304741305343	0.0005309093761782873	-176.82650602259662
0.21677041048196952	0.000514152178990199	-176.7646824162501
0.2187761623949553	0.0004977725377802198	-176.6981051662137
0.22080047330189004	0.0004817589867539314	-176.6264850179523
0.22284351492703042	0.0004661004416905412	-176.54950447215415
0.22490546058357816	0.00045078618206406007	-176.4668145586053
0.22698648518838224	0.00043580583408033794	-176.37803114405367
0.22908676527677735	0.0004211493545852764	-176.28273069474858
0.23120647901755953	0.0004068070158064712	-176.18044539852377
0.23334580622810033	0.00039276939089800635	-176.0706575318588
0.23550492838960102	0.00037902734026644126	-175.95279293335986
0.23768402866248772	0.00036557199866567357	-175.8262134153431
0.2398832919019491	0.0003523947630595462	-175.69020790809523
0.2421029046736179	0.0003394872812646453	-175.54398208487697
0.24434305526939726	0.00032684144140237783	-175.38664615710914
0.246603933723434	0.0003144493622101497	-175.21720045485714
0.24888573182823917	0.00030230338428787336	-175.03451831292085
0.25118864315095807	0.00029039606238986015	-174.8373256611264
0.2535128630497908	0.00027872015891625476	-174.62417656010876
0.25585858869056466	0.00026726863881604306	-174.3934237191253
0.2582260190634597	0.00025603466619053046	-174.14318276394943
0.26061535499988964	0.0002450116029891583	-173.87128866805813
0.2630267991895383	0.0002341930103288191	-173.5752422875108
0.26546055619755404	0.00022357265315791426	-173.2521443044171
0.2679168324819033	0.0002131445092485507	-172.8986130219279
0.2703958364108845	0.00020290278386513621	-172.51068127331945
0.2728977782808042	0.000192841931971206	-172.08366607503368
0.27542287033381674	0.00018295669056707668	-171.6120023712487
0.277971326775929	0.00017324212480335826	-171.08902899194197
0.2805433637951715	0.00016369369305045653	-170.50671033519356
0.28313919957993805	0.0001543073383738438	-169.8552706143359
0.2857590543374948	0.00014507961726965184	-169.12270774587944
0.2884031503126607	0.00013600788170194344	-168.29413948776823
0.29107171180666064	0.0001270905385142465	-167.35091275933425
0.2937649651961532	0.00011832742293746347	-166.2693742576444
0.2964831389524344	0.00010972034319262808	-165.01915043206512
0.29922646366081906	0.00010127388626442393	-163.56070835731344
0.30199517204020176	0.00009299662978326168	-161.84185296805518
0.30478949896279844	0.00008490299720402501	-159.7926450725558
0.307609681474071	0.0000770161497061982	-157.31799181110154
0.3104559588128357	0.00006937257096500944	-154.2869131510482
0.3133285724315587	0.0000620294254404408	-150.51747718715018
0.3162277660168381	0.000055076373973796225	-145.75756099009772
0.31915378551007634	0.00004865403878576655	-139.66687109674817
0.3221068791283436	0.00004298024075508569	-131.8225855528346
0.32508729738543457	0.000038377449647037095	-121.81087816265631
0.3280952931131192	0.00003527091716709374	-109.50886797139593
0.3311311214825913	0.00003409430107720527	-95.53632401983747
0.33419504002611444	0.000035085118848490274	-81.37577290113401
0.3372873086588691	0.000038137478961079	-68.62831935794696
0.34040818970100106	0.00004289484416927005	-58.12595167003076
0.34355794789987465	0.00004896269522772966	-49.874260912314696
0.34673685045253166	0.00005603701003384373	-43.49332840163489
0.3499451670283573	0.00006392779476233759	-38.551681209124986
0.353183169791957	0.00007254074971091135	-34.691441080506344
0.35645113342624424	0.00008185574391791878	-31.659352331604712
0.3597493351557423	0.00009191504702510288	-29.22767212414654
0.36307805477010135	0.00010282532851888989	-27.301175908939687
0.36643757464783333	0.0001147635853818786	-25.778117258792143
0.3698281797802663	0.00012800965007868394	-24.601991756062056
0.3732501577957206	0.0001430029486426126	-23.745847162868703
0.37670379898390893	0.00016046282451804027	-23.215465233478568
0.38018939632056126	0.0001816608009025884	-23.06565666234717
0.38370724549227886	0.00020913512801900685	-23.451741501162644
0.3872576449216173	0.00024904546063833985	-24.81230374203277
0.3908408957924021	0.00032251781204396715	-28.80870268895611
0.39445730207527846	0.0005815404418049885	-50.450680233117005
0.3981071705534973	0.0000741826762024337	-168.12846935593168
0.40179081084894	0.00016991050908212143	-13.362408749662713
0.40550853544838394	0.0002890092555412069	-18.70204694754127
0.40926065973001097	0.00043943932737005106	-26.054601497465633
0.41304750199016144	0.0007422820823803731	-43.117762582115375
0.4168693834703355	0.0011358420906828915	-102.65013147797896
0.4207266283844442	0.0005288892652620028	-153.44090250254592
0.424619563946313	0.0002497476493472982	-166.60634522121538
0.4285485203974396	0.00012539718581104872	-170.47428358451214
0.43251383103500884	0.00005355890471182564	-168.66389556447234
0.4365158322401661	8.417618251464343e-6	-112.04953145707404
0.44055486350655343	0.00003617118563671524	-12.350391012113226
0.4446312674691088	0.00006902538358372167	-7.354305955556788
0.4487453899331323	0.00010025915408772106	-6.095820932746578
0.4528975799036209	0.00013275412083313905	-5.707154391858147
0.4570881896148752	0.0001705207206055077	-5.727820659691011
0.46131757456037953	0.00022132140056833725	-6.162792123972288
0.4655860935229591	0.0003064790198271896	-7.461397148725573
0.4698941086052156	0.0005218476767639672	-12.44582908827965
0.4742419852602448	0.002176448334004571	-72.71647948446606
0.47863009232263853	0.0003655295194874654	-165.79304478763135
0.48305880203977286	0.00010900896038463484	-167.6514078225681
0.4875284901033865	0.00002094775871482592	-140.53951262480123
0.4920395356814511	0.00003570604362045001	-17.230652170493983
0.49659232145033627	0.00006920792633361077	-8.021200523115162
0.5011872336272725	0.00009566351291635825	-5.599927927084157
0.5058246620031143	0.00011799934098385258	-4.486682388091845
0.5105049999754064	0.0001379240913805616	-3.825351628801141
0.5152286445817567	0.00015645466365920413	-3.366260826485838
0.5199959965335162	0.00017425411383268703	-3.012616478354598
0.5248074602497729	0.0001917982224525884	-2.7200147616584367
0.5296634438916581	0.00020946334403624208	-2.465689807761145
0.5345643593969719	0.0002275775880146208	-2.2370512190935194
0.5395106225151278	0.00024645464369900383	-2.0268110506015113
0.5445026528424215	0.0002664200290383977	-1.8307383647631001
0.5495408738576248	0.0002878355562341979	-1.6466225388759497
0.5546257129579107	0.0003111263571979191	-1.4739116008996571
0.5597576014951101	0.0003368147330429139	-1.313867084143869
0.5649369748123025	0.00036556591154091305	-1.1702890571478293
0.5701642722807475	0.00039825217048192305	-1.051017101508262
0.5754399373371569	0.00043604307872238934	-0.9704516834374904
0.580764417521312	0.0004805301453490529	-0.9529458195819352
0.5861381645140288	0.0005338979509719697	-1.0354052425630493
0.591561634175474	0.0005991886531982891	-1.2647665730406448
0.5970352865838369	0.0006808524907254306	-1.6869353954858988
0.6025595860743578	0.0007861140336357546	-2.3389047384395933
0.6081350012787179	0.0009281990016090211	-3.2787772425312145
0.6137620051647943	0.0011338251241972432	-4.6896724621694545
0.6194410750767815	0.0014637095636580034	-7.13887086616516
0.6251726927756859	0.0020845024706663464	-12.569901962046698
0.6309573444801934	0.0035054008089093675	-30.550907602101788
0.6367955209079159	0.003786409980966739	-77.91999506824443
0.6426877173170198	0.0042840934560463605	-97.40669467397107
0.6486344335482385	0.002778891193845005	-143.9616860867719
0.654636174067275	0.0013167359634896772	-156.55443191471355
0.6606934480075961	0.0016553752963418	-157.6789235943586
0.6668067692136223	0.0011122149532418876	-159.97393409986384
0.6729766562843178	0.0008860701795844365	-160.77536566828917
0.6792036326171846	0.0007453965158948287	-161.34966774766687
0.6854882264526617	0.0006458014320251746	-161.9986722889528
0.6918309709189366	0.000569296501283534	-162.78962955745766
0.6982324040771715	0.0005070831296640189	-163.6849789817813
0.7046930689671471	0.00045456549141866535	-164.61433072021308
0.7112135136533292	0.00040921562877927533	-165.5142543432106
0.7177942912713619	0.00036952293959527886	-166.34250281842202
0.7244359600749902	0.0003344783871422355	-167.07744686098823
0.7311390834834176	0.0003033337321902465	-167.71217576716552
0.7379042301291011	0.00027549360529810133	-168.24840938513466
0.7447319739059892	0.0002504664953204632	-168.69196575262345
0.7516228940182057	0.0002278399822807715	-169.04986659871884
0.758577575029184	0.00020726549975195254	-169.32863811418179
0.7655966069112565	0.0001884468564461541	-169.53332826287524
0.7726805850957026	0.00017113023973330997	-169.66685222425812
0.7798301105232589	0.00015509435655183197	-169.7293332953014
0.7870457896950989	0.00014013865805340408	-169.71701584492587
0.7943282347242817	0.00012606388571890608	-169.61978870551474
0.8016780633876793	0.00011262306574650803	-169.4138408203197
0.8090958991783825	0.00009932392484199399	-169.02974984847873
0.8165823713585927	0.00008376328470012531	-168.0404576460359
0.8241381150130026	0.00010743411980174744	-170.08460915302663
0.8317637711026713	0.00007449732008271579	-168.5243592603734
0.8394599865193977	0.00006236337342034084	-167.4120801913712
0.8472274141405968	0.00005196376231873907	-166.04445501617866
0.8550667128846836	0.000042302907329738214	-164.10792898441437
0.8629785477669706	0.00003314290748225344	-161.11637352007108
0.870963589956081	0.000024440325994986214	-155.97827266947667
0.8790225168308847	0.000016361832208273693	-145.60368599629336
0.8871560120379608	9.86554127742147e-6	-119.32499362363998
0.8953647655495938	8.845865896292608e-6	-65.0280826473477
0.9036494737223014	0.000014354087034132161	-31.46098848387293
0.9120108393559097	0.000021895571292817906	-18.690126481562217
0.9204495717531712	0.000030002273320372386	-12.690404969851459
0.9289663867799363	0.000038380752247623955	-9.317297587017013
0.9375620069258802	0.00004697342676450618	-7.196700129855959
0.946237161365793	0.000055789213589492634	-5.764555829495019
0.9549925860214359	0.00006486396946934445	-4.7504698063308695
0.9638290236239705	0.00007424922681669665	-4.0096886837817705
0.9727472237769651	0.00008400923043188255	-3.4582105930810028
0.9817479430199844	0.00009422119977877862	-3.044279456072897
0.9908319448927676	0.00010497735134891595	-2.7345724700630134
1.	0.00011638833642145731	-2.50698135694702
1.0092528860766845	0.00012858822367282588	-2.3466160205690114
1.0185913880541169	0.0001417414751881838	-2.2435020455672134
1.0280162981264735	0.0001560527099737854	-2.1912321871164124
1.0375284158180127	0.00017178054124520213	-2.186198765783485
1.0471285480508996	0.00018925756183292615	-2.2272201339147295
1.0568175092136585	0.000208919889619173	-2.3154819121138916
1.066596121230258	0.00023135205554001295	-2.45479194811358
1.076465213629835	0.0002573574013980656	-2.652229333772161
1.0864256236170655	0.0002880726569601993	-2.9193883235773797
1.096478196143185	0.00032516277651948374	-3.274642306864373
1.1066237839776665	0.00037117014134083854	-3.747330352238326
1.1168632477805611	0.00043018198623441214	-4.385893738844854
1.1271974561755105	0.0005092129577035547	-5.2749347468727965
1.1376272858234309	0.0006213823226153694	-6.574928185717961
1.1481536214968828	0.0007943046545442902	-8.62910944745395
1.1587773561551262	0.0010970188016447067	-12.318909186517624
1.1694993910198712	0.0017541575165715064	-20.713176402403988
1.1803206356517297	0.0036522654526699744	-51.134383913541114
1.191242008027375	0.003512426979778384	-131.68094902573984
1.2022644346174132	0.001609494241249273	-159.41359335787942
1.2133888504649775	0.0009848466676020632	-167.09784706879512
1.224616199265049	0.0006927765667114994	-170.5952503286994
1.2359474334445106	0.000523372685285414	-172.6024880255426
1.2473835142429432	0.0004116511559071409	-173.9173668989536
1.2589254117941675	0.0003313095583060922	-174.85711178215564
1.270574105208542	0.00026969716464468125	-175.57217170476525
1.2823305826560218	0.0002199404819810916	-176.14228477227644
1.2941958414499863	0.00017793041558076747	-176.61196649778557
1.3061708881318417	0.0001409932969630998	-177.00401042993732
1.3182567385564075	0.00010723263736503856	-177.3202690995852
1.3304544179780915	0.00007516359226470485	-177.52031571995545
1.3427649611378643	0.00004347870541511037	-177.38104312860975
1.3551894123510364	0.000010885226491792054	-173.66871983325507
1.3677288255958495	0.000024301510805657016	-2.2783458855315124
1.3803842646028852	0.00006391618154085722	-1.3389801168183675
1.3931568029453034	0.00011108803131215537	-1.6769338163424439
1.4060475241299142	0.00017082089790845413	-2.4416990735034485
1.4190575216890926	0.00025238559273754366	-3.652147453042601
1.432187899273544	0.0003754256083615629	-5.6002098009960015
1.4454397707459279	0.0005902454792464146	-9.138065151303337
1.4588142602753489	0.0010702918211126088	-17.420940383212503
1.4723125024327193	0.0026077183773061626	-50.90101087823784
1.4859356422870074	0.0023406479635971486	-136.2896761762725
1.499684835502374	0.001152472831147602	-159.7536284746813
1.5135612484362087	0.0007651172120819941	-166.3654301289057
1.5275660582380732	0.000581389494224392	-169.4147621642277
1.54170045294956	0.0004740230966115025	-171.17364845727195
1.555965631605075	0.00040319865342540977	-172.3236432333819
1.5703628043335531	0.0003526616818585233	-173.1384304511388
1.584893192461114	0.0003145664205045503	-173.74896358462976
1.5995580286146696	0.0002846656697178474	-174.22573045035293
1.6143585568264869	0.00026045999471309693	-174.61003406181533
1.629296032639723	0.00024038185252080895	-174.92768344625202
1.6443717232149324	0.00022339756415046548	-175.1956406862202
1.6595869074375613	0.00020879724472453316	-175.42551678677899
1.6749428760264382	0.00019607673435990925	-175.62553114866077
1.690440931643265	0.00018486772838305034	-175.80166850544862
1.7060823890031243	0.00017489461252143059	-175.9583922616287
1.7218685749860079	0.00016594680484993132	-176.09910075156256
1.7378008287493762	0.0001578604689906375	-176.2264284006039
1.753880501841762	0.00015050608912787824	-176.34245001837294
1.770108958317422	0.00014377982338432849	-176.4488227412965
1.7864875748520517	0.00013759735779530428	-176.54688676484875
1.803017740859568	0.00013188945445112362	-176.63773819133488
1.8197008586099825	0.00012659867171459905	-176.72228261060656
1.8365383433483455	0.00012167691070929562	-176.80127511512754
1.8535316234148105	0.00011708355428709068	-176.87535059992842
1.8706821403657996	0.00011278403744809716	-176.94504699681562
1.8879913490962925	0.00010874873641203896	-177.01082329683854
1.9054607179632463	0.00010495209609228202	-177.073073678642
1.9230917289101574	0.00010137193806653503	-177.1321386925018
1.9408858775927773	0.00009798890671103493	-177.18831419368888
1.958844673505989	0.00009478602217397145	-177.24185853788222
1.97696964011186	0.00009174831674910613	-177.29299842187325
1.9952623149688788	0.00008886253692741655	-177.34193365901424
2.0137242498623875	0.00008611689759654283	-177.38884111015048
2.032357010936221	0.00008350087796419138	-177.43387793990257
2.0511621788255647	0.00008100505110641176	-177.4771843301278
2.0701413487910414	0.00007862094079763228	-177.5188857536838
2.0892961308540388	0.00007634090061725448	-177.55909488976755
2.108628149933289	0.00007415801135536087	-177.59791324533322
2.1281390459827114	0.00007206599353569143	-177.6354325341239
2.147830474130533	0.0000700591324944328	-177.67173585475007
2.167704104819694	0.00006813221394046733	-177.70689870132307
2.1877616239495516	0.00006628046830768344	-177.74098983389646
2.208004733018899	0.00006449952251606478	-177.7740720309982
2.228435149270303	0.00006278535800313624	-177.80620274256714
2.2490546058357803	0.00006113427408430044	-177.83743465841482
2.2698648518838214	0.0000595428558598749	-177.86781620475958
2.2908676527677723	0.000058007946016093975	-177.8973919792842
2.312064790175594	0.00005652661997307052	-177.92620313346484
2.333458062281002	0.00005509616391946932	-177.95428770951816
2.355049283896009	0.00005371405534514211	-177.9816809381627
2.376840286624876	0.00005237794574215672	-178.00841550243942
2.39883291901949	0.00005108564519383104	-178.0345217720451
2.4210290467361775	0.000049835108612415014	-178.06002801197488
2.4434305526939712	0.0000486244234204233	-178.08496056872
2.4660393372343385	0.00004745179849949895	-178.1093440368031
2.48885731828239	0.000046315554255041724	-178.13320140804737
2.5118864315095797	0.000045214113665441376	-178.15655420564286
2.535128630497907	0.00004414599420224928	-178.1794226047987
2.5585858869056453	0.000043109800522515115	-178.20182554153018
2.582260190634596	0.000042104217847236746	-178.22378081092847
2.6061535499988953	0.00004112800595076526	-178.24530515608828
2.6302679918953813	0.000040179993695363884	-178.2664143487196
2.654605561975539	0.000039259074053177366	-178.2871232623432
2.6791683248190314	0.00003836419956482526	-178.30744593885885
2.703958364108843	0.00003749437818985294	-178.3273956491812
2.7289777828080406	0.00003664866950949897	-178.34698494855445
2.7542287033381663	0.0000358261812467814	-178.3662257270878
2.7797132677592886	0.00003502606607286386	-178.38512925598883
2.805433637951713	0.000034247518672123255	-178.40370622992066
2.831391995799379	0.000033489773041368125	-178.4219668058584
2.8575905433749464	0.000032752100001314264	-178.43992063878133
2.8840315031266055	0.00003203380490075723	-178.45757691449958
2.910717118066605	0.00003133422549593998	-178.47494437988223
2.9376496519615305	0.000030652729989426367	-178.49203137072607
2.9648313895243423	0.000029988715214395983	-178.50884583747842
2.992264636608189	0.000029341604951696046	-178.52539536900665
3.019951720402016	0.000028710848368245227	-178.5416872145866
3.047894989627983	0.00002809591856650452	-178.55772830426494
3.076096814740708	0.000027496311235725942	-178.5735252677359
3.1045595881283554	0.000026911543396578467	-178.58908445185799
3.1332857243155856	0.00002634115223154284	-178.6044119369255
3.162277660168379	0.00002578469399417709	-178.61951355179713
3.1915378551007616	0.00002524174299098781	-178.6343948879762
3.2210687912834346	0.00002471189063021346	-178.64906131272645
3.250872973854344	0.00002419474453233556	-178.66351798130074
3.2809529311311905	0.00002368992769759481	-178.67776984835317
3.311311214825911	0.00002319707772620196	-178.69182167859725
3.3419504002611427	0.00002271584608730751	-178.70567805676959
3.372873086588689	0.00002224589743313059	-178.71934339695088
3.404081897010009	0.000021786908954952197	-178.73282195129346
3.4355794789987466	0.00002133856977795364	-178.74611781819908
3.4673685045253166	0.00002090058039213058	-178.75923494998784
3.499451670283573	0.000020472652116739534	-178.77217716009534
3.53183169791957	0.00002005450659593988	-178.78494812983155
3.5645113342624426	0.00001964587532348021	-178.7975514147335
3.5974933515574232	0.000019246499194449674	-178.80999045053971
3.630780547701014	0.000018856128082268607	-178.82226855881316
3.664375746478333	0.000018474520439234493	-178.83438895223694
3.6982817978026628	0.000018101442919068923	-178.84635473960515
3.732501577957206	0.00001773667002002828	-178.85816893052927
3.767037989839089	0.00001737998374724933	-178.8698344398796
3.801893963205613	0.000017031173293099404	-178.8813540919787
3.8370724549227884	0.000016690034734391417	-178.89273062456377
3.8725764492161727	0.000016356370745406825	-178.90396669253244
3.908408957924021	0.00001602999032574616	-178.91506487148624
3.944573020752785	0.000015710708542096262	-178.92602766108448
3.981071705534973	0.000015398346283068233	-178.93685748822043
4.0179081084894	0.000015092730026318909	-178.94755671003122
4.055085354483839	0.00001479369161722369	-178.95812761675137
4.09260659730011	0.000014501068058418377	-178.96857243441977
4.130475019901614	0.000014214701309574605	-178.97889332744887
4.168693834703355	0.000013934438096815722	-178.98909240106462
4.207266283844442	0.000013660129731220198	-178.9991717036244
4.24619563946313	0.000013391631935895711	-179.0091332288206
4.285485203974396	0.000013128804681141287	-179.01897891777637
4.325138310350088	0.000012871512027246041	-179.02871066103975
4.365158322401661	0.000012619621974502342	-179.03833030048185
4.405548635065534	0.000012373006320037931	-179.04783963110515
4.446312674691089	0.000012131540521096714	-179.05724040276624
4.487453899331323	0.000011895103564421311	-179.0665343218181
4.528975799036209	0.000011663577841411428	-179.07572305267678
4.570881896148752	0.000011436849028753188	-179.08480821931582
4.613175745603791	0.000011214805974232054	-179.09379140669304
4.655860935229586	0.000010997340587460063	-179.10267416211317
4.698941086052151	0.00001078434773526387	-179.11145799652928
4.742419852602444	0.000010575725141493238	-179.12014438578728
4.7863009232263805	0.000010371373291015631	-179.12873477181523
4.830588020397723	0.000010171195337559409	-179.1372305637548
4.875284901033861	9.975097018902969e-6	-179.14563313877355
4.920395356814506	9.78298655953933e-6	-179.15394384454223
4.965923214503357	9.594774610487757e-6	-179.16216399739986
5.01187233627272	9.410374153783574e-6	-179.1702948860545
5.058246620031137	9.22970043481592e-6	-179.17833777120123
5.105049999754059	9.052670889463884e-6	-179.1862938866308
5.152286445817562	8.879205075004208e-6	-179.19416444007774
5.1999599653351565	8.709224603735962e-6	-179.20195061402927
5.248074602497723	8.542653079167443e-6	-179.20965356650206
5.296634438916575	8.379416034642994e-6	-179.21727443178708
5.345643593969713	8.219440874296765e-6	-179.22481432116552
5.395106225151273	8.062656816227343e-6	-179.23227432359622
5.445026528424209	7.908994837792555e-6	-179.23965550637675
5.495408738576242	7.758387622929493e-6	-179.24695891577838
5.5462571295791046	7.610769511409456e-6	-179.25418557765727
5.597576014951099	7.466076449942394e-6	-179.26133649804208
5.649369748123022	7.324245945049785e-6	-179.26841266369976
5.701642722807472	7.185217017628951e-6	-179.27541504267973
5.754399373371567	7.048930159135788e-6	-179.28234458483823
5.807644175213118	6.915327289316558e-6	-179.28920222234336
5.861381645140285	6.784351715422844e-6	-179.29598887016135
5.9156163417547365	6.655948092846986e-6	-179.30270542652553
5.9703528658383656	6.530062387118515e-6	-179.30935277338838
6.025595860743575	6.406641837204911e-6	-179.31593177685724
6.081350012787176	6.285634920062822e-6	-179.32244328761473
6.137620051647939	6.166991316388415e-6	-179.32888814132465
6.194410750767812	6.050661877518109e-6	-179.33526715902312
6.251726927756856	5.936598593433087e-6	-179.34158114749664
6.30957344480193	5.824754561823388e-6	-179.34783089964716
6.367955209079155	5.715083958169227e-6	-179.35401719484443
6.426877173170194	5.607542006799399e-6	-179.36014079926662
6.486344335482381	5.502084952888291e-6	-179.36620246622937
6.546361740672747	5.3986700353548885e-6	-179.37220293650407
6.6069344800759575	5.297255460628857e-6	-179.3781429386253
6.668067692136219	5.197800377250277e-6	-179.38402318918853
6.729766562843175	5.1002648512711765e-6	-179.38984439313762
6.792036326171843	5.004609842428452e-6	-179.39560724404367
6.854882264526613	4.9107971810590605e-6	-179.40131242437414
6.918309709189362	4.818789545729688e-6	-179.406960605754
6.9823240407717115	4.728550441554326e-6	-179.41255244921823
7.046930689671467	4.640044179174351e-6	-179.41808860545672
7.112135136533288	4.553235854376728e-6	-179.42356971505092
7.177942912713615	4.468091328327143e-6	-179.428996408704
7.244359600749899	4.384577208395763e-6	-179.43436930746307
7.311390834834173	4.302660829554297e-6	-179.43968902293508
7.379042301291007	4.2223102363238915e-6	-179.44495615749622
7.447319739059888	4.143494165254396e-6	-179.4501713044947
7.516228940182053	4.066182027916147e-6	-179.45533504844747
7.585775750291836	3.9903438943863604e-6	-179.46044796523162
7.655966069112561	3.9159504772128705e-6	-179.46551062226936
7.726805850957022	3.842973115838712e-6	-179.47052357870808
7.798301105232586	3.771383761471673e-6	-179.47548738559502
7.870457896950985	3.7011549623836273e-6	-179.48040258604692
7.943282347242813	3.632259849625054e-6	-179.48526971541472
8.01678063387679	3.5646721231406788e-6	-179.49008930144367
8.090958991783822	3.4983660382728595e-6	-179.49486186442883
8.165823713585922	3.433316392639723e-6	-179.49958791736614
8.241381150130021	3.3694985133756605e-6	-179.50426796609943
8.317637711026709	3.306888244722264e-6	-179.5089025094632
8.394599865193973	3.245461935958204e-6	-179.51349203942164
8.472274141405963	3.185196429657022e-6	-179.51803704120346
8.550667128846833	3.1260690502622734e-6	-179.5225379934336
8.629785477669701	3.0680575929697704e-6	-179.52699536826097
8.709635899560805	3.0111403129071278e-6	-179.5314096314829
8.790225168308842	2.955295914601182e-6	-179.53578124266616
8.871560120379607	2.9005035417241717e-6	-179.54011065526515
8.953647655495937	2.846742767109941e-6	-179.5443983167365
9.036494737223014	2.7939935830317273e-6	-179.54864466865087
9.120108393559097	2.74223639173343e-6	-179.55285014680203
9.204495717531712	2.691451996206507e-6	-179.55701518131286
9.289663867799362	2.641621591205023e-6	-179.56114019673873
9.375620069258803	2.592726754491503e-6	-179.56522561216832
9.462371613657929	2.544749438306677e-6	-179.5692718413219
9.549925860214358	2.497671961056283e-6	-179.5732792926469
9.638290236239705	2.45147699920848e-6	-179.57724836941148
9.727472237769652	2.406147579395553e-6	-179.58117946979547
9.817479430199844	2.3616670707138603e-6	-179.58507298697924
9.908319448927676	2.318019177216177e-6	-179.58892930923037
10.	2.2751879305907816e-6	-179.59274881998812
10.092528860766844	2.2331576830218496e-6	-179.596531897946
10.18591388054117	2.1919131002258755e-6	-179.60027891713233
10.280162981264736	2.15143915465905e-6	-179.60399024698881
10.375284158180126	2.111721118890684e-6	-179.6076662524473
10.471285480508996	2.072744559137932e-6	-179.61130729400477
10.568175092136585	2.0344953289572266e-6	-179.6149137277965
10.665961212302578	1.996959563088008e-6	-179.6184859056677
10.76465213629835	1.9601236714444514e-6	-179.62202417524324
10.864256236170656	1.9239743332510577e-6	-179.62552887999595
10.964781961431852	1.8884984913180996e-6	-179.62900035931344
11.066237839776663	1.8536833464530511e-6	-179.63243894856322
11.168632477805613	1.8195163520042586e-6	-179.63584497915656
11.271974561755105	1.7859852085332164e-6	-179.63921877861065
11.37627285823431	1.7530778586119363e-6	-179.64256067060978
11.481536214968829	1.720782481742038e-6	-179.64587097506472
11.587773561551263	1.6890874893922359e-6	-179.64915000817126
11.694993910198711	1.6579815201510719e-6	-179.6523980824672
11.803206356517286	1.6274534349917938e-6	-179.655615506888
11.912420080273739	1.5974923126463677e-6	-179.65880258682168
12.022644346174118	1.5680874450858129e-6	-179.66195962416208
12.133888504649763	1.5392283331039394e-6	-179.66508691736132
12.246161992650476	1.510904682001876e-6	-179.66818476148097
12.359474334445094	1.4831063973706862e-6	-179.67125344824223
12.47383514242942	1.4558235809695547e-6	-179.67429326607513
12.589254117941662	1.429046526697059e-6	-179.6773045001665
12.705741052085406	1.4027657166531186e-6	-179.68028743250738
12.823305826560205	1.3769718172893067e-6	-179.6832423419388
12.941958414499851	1.351655675645259e-6	-179.6861695041974
13.061708881318404	1.32680831566899e-6	-179.68906919195962
13.182567385564061	1.3024209346189856e-6	-179.69194167488502
13.304544179780901	1.2784848995460253e-6	-179.6947872196592
13.427649611378628	1.254991743852711e-6	-179.69760609003524
13.551894123510351	1.2319331639287724e-6	-179.70039854687485
13.67728825595848	1.2093010158602543e-6	-179.70316484818835
13.803842646028839	1.1870873122107648e-6	-179.7059052491743
13.931568029453022	1.165284218872984e-6	-179.70862000225776
14.060475241299129	1.1438840519887261e-6	-179.71130935712856
14.190575216890911	1.1228792749358616e-6	-179.71397356077813
14.321878992735424	1.1022624953804735e-6	-179.71661285753623
14.454397707459265	1.0820264623926597e-6	-179.71922748910652
14.588142602753473	1.0621640636244432e-6	-179.72181769460187
14.723125024327178	1.042668322548287e-6	-179.72438371057873
14.859356422870059	1.0235323957547653e-6	-179.726925771071
14.996848355023726	1.0047495703079671e-6	-179.72944410762327
15.135612484362072	9.863132611572632e-7	-179.7319389493234
15.275660582380716	9.68217008604089e-7	-179.7344105228346
15.417004529495584	9.504544758224527e-7	-179.7368590524269
15.559656316050734	9.330194464318875e-7	-179.73928476000805
15.703628043335515	9.159058221216324e-7	-179.74168786515392
15.848931924611126	8.991076203248244e-7	-179.7440685851382
15.995580286146678	8.826189719415516e-7	-179.74642713496186
16.143585568264854	8.664341191096182e-7	-179.7487637273819
16.292960326397214	8.505474130219281e-7	-179.7510785729397
16.443717232149307	8.349533117893992e-7	-179.7533718799887
16.595869074375596	8.196463783483688e-7	-179.7556438547219
16.749428760264365	8.046212784114685e-7	-179.7578947011987
16.90440931643263	7.898727784609728e-7	-179.76012462137135
17.060823890031227	7.753957437836513e-7	-179.7623338151109
17.21868574986006	7.611851365461946e-7	-179.7645224802328
17.378008287493746	7.472360139102788e-7	-179.76669081252214
17.5388050184176	7.335435261863848e-7	-179.76883900575808
17.701089583174202	7.201029150254983e-7	-179.77096725173857
17.864875748520497	7.069095116478412e-7	-179.773075740304
18.03017740859568	6.939587351078075e-7	-179.77516465936085
18.197008586099827	6.812460905942902e-7	-179.7772341949049
18.365383433483455	6.687671677656275e-7	-179.779284531044
18.535316234148105	6.565176391183831e-7	-179.78131585002038
18.706821403657997	6.444932583892277e-7	-179.78332833223305
18.879913490962927	6.326898589891861e-7	-179.7853221562592
19.054607179632463	6.211033524695385e-7	-179.78729749887586
19.230917289101576	6.097297270186863e-7	-179.7892545350809
19.408858775927772	5.985650459893044e-7	-179.79119343811368
19.58844673505989	5.876054464551162e-7	-179.79311437947564
19.769696401118598	5.768471377966584e-7	-179.79501752895038
19.952623149688787	5.662864003153933e-7	-179.79690305462339
20.137242498623873	5.559195838755698e-7	-179.79877112290177
20.32357010936221	5.457431065732257e-7	-179.8006218985332
20.511621788255646	5.357534534317516e-7	-179.8024555446251
20.701413487910415	5.25947175123447e-7	-179.80427222266331
20.892961308540386	5.163208867165118e-7	-179.80607209253026
21.086281499332888	5.0687126644693e-7	-179.80785531252332
21.28139045982711	4.975950545147184e-7	-179.80962203937256
21.47830474130533	4.8848905190402e-7	-179.8113724282584
21.67704104819694	4.795501192265373e-7	-179.81310663282895
21.87761623949552	4.707751755878169e-7	-179.81482480521703
22.080047330188993	4.62161197475896e-7	-179.81652709605717
22.28435149270303	4.537052176718452e-7	-179.8182136545022
22.490546058357804	4.4540432418175063e-7	-179.8198846282395
22.698648518838212	4.372556591896797e-7	-179.8215401635073
22.908676527677724	4.2925641803119437e-7	-179.82318040511066
23.12064790175594	4.214038481869903e-7	-179.82480549643708
23.33458062281002	4.136952482962308e-7	-179.82641557947193
23.55049283896009	4.061279671891778e-7	-179.82801079481393
23.76840286624876	3.986994029387136e-7	-179.8295912816901
23.9883291901949	3.914070019303656e-7	-179.83115717797065
24.210290467361776	3.8424825795045095e-7	-179.83270862018372
24.434305526939713	3.772207112919667e-7	-179.8342457435297
24.660393372343385	3.7032194787786766e-7	-179.83576868189567
24.888573182823905	3.635495984013626e-7	-179.83727756786948
25.118864315095795	3.569013374828942e-7	-179.83877253275352
25.351286304979073	3.5037488284345106e-7	-179.84025370657864
25.58585886905645	3.439679944938854e-7	-179.8417212181175
25.82260190634596	3.37678473939906e-7	-179.84317519489807
26.06153549998895	3.3150416340243164e-7	-179.84461576321678
26.302679918953814	3.254429450529903e-7	-179.84604304815159
26.54605561975539	3.194927402638604e-7	-179.84745717357467
26.791683248190314	3.1365150887265667e-7	-179.84885826216532
27.039583641088434	3.0791724846106946e-7	-179.8502464354225
27.289777828080403	3.0228799364746946e-7	-179.8516218136769
27.542287033381662	2.9676181539310157e-7	-179.85298451610356
27.797132677592884	2.913368203215955e-7	-179.85433466073363
28.05433637951713	2.860111500515216e-7	-179.85567236446636
28.31391995799379	2.8078298054173815e-7	-179.85699774308108
28.575905433749465	2.756505214492656e-7	-179.85831091124842
28.84031503126606	2.706120154994451e-7	-179.8596119825422
29.10717118066605	2.656657378681327e-7	-179.86090106945042
29.376496519615305	2.6080999557568975e-7	-179.86217828338678
29.648313895243422	2.560431268925372e-7	-179.86344373470146
29.92264636608189	2.5136350075604164e-7	-179.86469753269222
30.19951720402016	2.4676951619851024e-7	-179.8659397856152
30.4789498962798	2.422596017860751e-7	-179.8671706006955
30.76096814740705	2.3783221506824787e-7	-179.8683900841378
31.045595881283525	2.3348584203794354e-7	-179.8695983411368
31.332857243155825	2.292189966017526e-7	-179.8707954758875
31.62277660168376	2.2503022006027447e-7	-179.87198159159533
31.91537855100758	2.209180805983044e-7	-179.87315679048638
32.21068791283432	2.168811727846848e-7	-179.87432117381715
32.50872973854341	2.129181170816308e-7	-179.87547484188457
32.80952931131187	2.0902755936334346e-7	-179.87661789403572
33.11311214825908	2.0520817044372986e-7	-179.8777504286773
33.41950400261139	2.014586456130531e-7	-179.8788725432854
33.72873086588685	1.9777770418333446e-7	-179.87998433441476
34.040818970100055	1.9416408904234211e-7	-179.8810858977082
34.35579478998743	1.9061656621599433e-7	-179.88217732790585
34.67368504525313	1.8713392443901676e-7	-179.88325871885425
34.994516702835696	1.8371497473369225e-7	-179.88433016351553
35.318316979195664	1.8035854999654693e-7	-179.8853917539764
35.64511334262439	1.7706350459281692e-7	-179.88644358145692
35.9749335155742	1.738287139585468e-7	-179.88748573631958
36.3078054770101	1.7065307421017258e-7	-179.88851830807806
36.64375746478329	1.675355017614418e-7	-179.88954138540586
36.98281797802659	1.644749329475331e-7	-179.89055505614522
37.32501577957203	1.6147032365623286e-7	-179.89155940731567
37.670379898390856	1.5852064896603582e-7	-179.89255452512288
38.01893963205609	1.556249027910345e-7	-179.89354049496725
38.370724549227845	1.5278209753246832e-7	-179.8945174014529
38.72576449216169	1.4999126373680448e-7	-179.89548532839632
39.08408957924017	1.4725144976022516e-7	-179.89644435883542
39.44573020752781	1.4456172143939904e-7	-179.89739457503896
39.81071705534969	1.4192116176841687e-7	-179.89833605851547
40.17908108489396	1.3932887058177388e-7	-179.89926889002365
40.55085354483835	1.367839642432849e-7	-179.90019314958215
40.92606597300105	1.3428557534081896e-7	-179.90110891648092
41.304750199016105	1.3183285238674471e-7	-179.90201626929274
41.68693834703351	1.2942495952398003e-7	-179.9029152858866
42.07266283844438	1.2706107623754027e-7	-179.90380604344213
42.46195639463126	1.2474039707148723e-7	-179.90468861846693
42.85485203974392	1.224621313511792e-7	-179.9055630868167
43.251383103500835	1.202255029107296e-7	-179.90642952371994
43.65158322401656	1.180297498255876e-7	-179.90728800380933
44.0554863506553	1.1587412415015762e-7	-179.90813860116228
44.46312674691084	1.1375789166038662e-7	-179.90898138935512
44.87453899331318	1.116803316012595e-7	-179.90981644153842
45.28975799036204	1.0964073643916296e-7	-179.91064383054393
45.708818961487474	1.0763841161911014e-7	-179.91146362904206
46.13175745603791	1.0567267532686645e-7	-179.9122759097815
46.55860935229586	1.0374285825610788e-7	-179.91308074596643
46.98941086052151	1.0184830338089674e-7	-179.9138782118735
47.42419852602443	9.998836573405373e-8	-179.9146683839068
47.8630092322638	9.816241219258132e-8	-179.91545134249057
48.30588020397723	9.636982127249933e-8	-179.91622717567188
48.7528490103386	9.46099829381447e-8	-179.91699598647315
49.20395356814506	9.288229843749107e-8	-179.9177579092654
49.65923214503358	9.118618019233288e-8	-179.9185131505092
50.118723362727195	8.952105182357746e-8	-179.91926210626738
50.58246620031137	8.788634856423716e-8	-179.9200057789771
51.0504999975406	8.628151889761715e-8	-179.92074779200857
51.52286445817562	8.470602556358227e-8	-179.92150995104853
51.99959965335157	8.315912182531714e-8	-179.92232620463483
52.48074602497723	8.164059203454556e-8	-179.92292361184533
52.966344389165755	8.014987673375652e-8	-179.9236097410821
53.45643593969714	7.868637493035481e-8	-179.9243053367648
53.95106225151273	7.724959995331494e-8	-179.92499776008063
54.450265284242086	7.58390672204152e-8	-179.92568483247695
54.95408738576243	7.445429858616855e-8	-179.92636600131604
55.462571295791044	7.309482379625564e-8	-179.92704110716187
55.97576014951099	7.176018084933678e-8	-179.9277101155664
56.49369748123023	7.044991603527046e-8	-179.92837303961738
57.01642722807472	6.916358386386331e-8	-179.9290299128549
57.543993733715666	6.790074695226676e-8	-179.92968077839822
58.07644175213118	6.666097589580409e-8	-179.93032568409967
58.61381645140285	6.544384913229517e-8	-179.93096468020033
59.15616341754737	6.424895280434134e-8	-179.9315978181196
59.70352865838366	6.307588062168824e-8	-179.9322251497951
60.255958607435744	6.1924233724727e-8	-179.93284672730744
60.81350012787176	6.079362054968094e-8	-179.93346260265827
61.37620051647939	5.968365669576756e-8	-179.93407282763576
61.94410750767812	5.859396479448551e-8	-179.93467745373064
62.51726927756855	5.752417438109996e-8	-179.93527653208338
63.0957344480193	5.647392176835556e-8	-179.9358701134504
63.67955209079155	5.544284992242072e-8	-179.9364582481825
64.26877173170195	5.443060834105079e-8	-179.9370409862115
64.86344335482381	5.343685293394843e-8	-179.9376183770418
65.46361740672747	5.2461245905293956e-8	-179.93819046974556
66.06934480075958	5.150345563841432e-8	-179.93875731296095
66.68067692136219	5.056315658255779e-8	-179.93931895489106
67.29766562843174	4.9640029141739455e-8	-179.93987544330506
67.92036326171844	4.8733759565622745e-8	-179.94042682553936
68.54882264526613	4.784403984240183e-8	-179.9409731485
69.18309709189363	4.697056759364892e-8	-179.9415144586651
69.82324040771712	4.6113045971092326e-8	-179.9420508020877
70.46930689671467	4.527118355528974e-8	-179.94258222439902
71.12135136533288	4.444469425616243e-8	-179.94310877081156
71.77942912713615	4.363329721535705e-8	-179.94363048612271
72.44359600749898	4.2836716710401296e-8	-179.94414741471795
73.11390834834172	4.205468206062009e-8	-179.94465960057457
73.79042301291008	4.1286927534780985e-8	-179.94516708726516
74.47319739059888	4.053319226043604e-8	-179.9456699179611
75.16228940182053	3.9793220134929564e-8	-179.94616813543627
75.85775750291836	3.906675973804068e-8	-179.94666178207058
76.55966069112561	3.835356424623089e-8	-179.94715089985345
77.26805850957021	3.765339134846666e-8	-179.9476355303875
77.98301105232578	3.69660031635885e-8	-179.94811571489194
78.70457896950977	3.629116615919712e-8	-179.94859149420625
79.43282347242805	3.5628651072030145e-8	-179.9490629087935
80.16780633876782	3.4978232829800206e-8	-179.949529998744
80.90958991783813	3.433969047446853e-8	-179.9499928037785
81.65823713585914	3.3712807086927266e-8	-179.9504513632519
82.41381150130013	3.309736971306445e-8	-179.95090571615634
83.176377110267	3.2493169291186226e-8	-179.95135590112477
83.94599865193965	3.1900000580771146e-8	-179.95180195643422
84.72274141405954	3.131766209253222e-8	-179.95224392000898
85.50667128846823	3.0745956019762214e-8	-179.95268182942414
86.29785477669692	3.018468817093899e-8	-179.95311572190846
87.09635899560797	2.9633667903567164e-8	-179.95354563434793
87.90225168308834	2.909270805923384e-8	-179.9539716032888
88.71560120379598	2.8561624899855444e-8	-179.9543936649407
89.53647655495928	2.8040238045094136e-8	-179.95481185517974
90.36494737223005	2.752837041092219e-8	-179.9552262095518
91.20108393559087	2.702584814931291e-8	-179.95563676327532
92.04495717531702	2.6532500589037706e-8	-179.95604355124456
92.89663867799354	2.604816017754857e-8	-179.95644660803254
93.75620069258792	2.5572662423926456e-8	-179.95684596789394
94.6237161365792	2.510584584287529e-8	-179.95724166476813
95.4992586021435	2.4647551899742867e-8	-179.95763373228215
96.38290236239695	2.41976249565494e-8	-179.95802220375342
97.2747223776964	2.375591221900506e-8	-179.95840711219284
98.17479430199833	2.3322263684497304e-8	-179.95878849030734
99.08319448927665	2.2896532091024575e-8	-179.95916637050271
99.9999999999999	2.2478572866972667e-8	-179.9595407848813