0.01000000000000001	0.005494936041290595	-4.97797581960248
0.010092528860766855	0.005496447040561194	-4.979694711807957
0.01018591388054118	0.005497987043956491	-4.981446182235694
0.010280162981264745	0.005499556625893509	-4.9832308723508545
0.010375284158180138	0.005501156372839403	-4.985049437052663
0.010471285480509006	0.0055027868835899685	-4.986902544985214
0.010568175092136596	0.005504448769555383	-4.9887908788565145
0.01066596121230259	0.0055061426550535066	-4.990715135765909
0.010764652136298361	0.005507869177611335	-4.992676027540678
0.010864256236170667	0.005509628988274126	-4.9946742810811955
0.010964781961431863	0.005511422751923343	-4.996710638715999
0.011066237839776675	0.005513251147602704	-4.9987858585660065
0.011168632477805623	0.0055151148688538576	-5.000900714919302
0.011271974561755117	0.00551701462406032	-5.003055998615507
0.011376272858234322	0.0055189511368019225	-5.005252517441619
0.01148153621496884	0.005520925146217996	-5.007491096537917
0.011587773561551273	0.005522937407381686	-5.009772578816123
0.011694993910198724	0.0055249886916839555	-5.012097825388605
0.01180320635651731	0.005527079787228839	-5.0144677160100946
0.011912420080273762	0.005529211499239547	-5.016883149531615
0.012022644346174144	0.0055313846504763476	-5.019345044367673
0.012133888504649786	0.005533600081666107	-5.021854338976435
0.012246161992650502	0.005535858651944504	-5.0244119923541986
0.01235947433444512	0.005538161239310587	-5.027018984543732
0.012473835142429446	0.005540508741094744	-5.029676317157622
0.012589254117941687	0.005542902074440155	-5.032385013916817
0.012705741052085433	0.00554534217679856	-5.035146121205196
0.012823305826560232	0.005547830006440201	-5.037960708640125
0.01294195841449987	0.005550366542979436	-5.040829869660527
0.013061708881318424	0.005552952787915284	-5.043754722131882
0.013182567385564082	0.005555589765188736	-5.046736408969861
0.01330454417978092	0.005558278521756456	-5.049776098782617
0.013427649611378649	0.0055610201281819545	-5.05287498653251
0.01355189412351037	0.005563815679244727	-5.056034294218178
0.013677288255958502	0.005566666294567824	-5.059255271577266
0.013803842646028859	0.0055695731192649586	-5.06253919681118
0.013931568029453043	0.005572537324607603	-5.065887377332231
0.01406047524129915	0.005575560108712436	-5.0693011505338115
0.014190575216890933	0.005578642697250614	-5.072781884585034
0.014321878992735446	0.005581786344179158	-5.0763309792503275
0.014454397707459286	0.005584992332495967	-5.079949866735489
0.014588142602753497	0.005588261975017708	-5.083640012559764
0.014723125024327202	0.005591596615183549	-5.087402916456719
0.014859356422870082	0.005594997627884561	-5.091240113304266
0.014996848355023748	0.0055984664203195655	-5.095153174084317
0.015135612484362095	0.0056020044328790606	-5.099143706874187
0.015275660582380739	0.0056056131400582096	-5.103213357870677
0.015417004529495607	0.005609294051399608	-5.107363812447717
0.015559656316050758	0.005613048712467195	-5.111596796249234
0.01570362804333554	0.005616878705853154	-5.115914076318994
0.015848931924611148	0.005620785652217829	-5.120317462267898
0.015995580286146702	0.005624771211365222	-5.124808807481281
0.016143585568264878	0.005628837083354775	-5.129390010367167
0.016292960326397238	0.005632985009650893	-5.134063015647144
0.01644371723214933	0.005637216774312398	-5.138829815692249
0.016595869074375623	0.005641534205222765	-5.143692451904874
0.01674942876026439	0.0056459391753630695	-5.148653016148966
0.016904409316432657	0.005650433604129611	-5.153713652230593
0.017060823890031253	0.005655019458697895	-5.1588765574309186
0.017218685749860088	0.005659698755434849	-5.164143984093595
0.017378008287493772	0.00566447356136166	-5.169518241269378
0.01753880501841763	0.005669345995668581	-5.175001696419478
0.01770108958317423	0.005674318231284993	-5.180596777181345
0.017864875748520526	0.005679392496505995	-5.186305973198328
0.018030177408595707	0.005684571076679062	-5.192131838017261
0.018197008586099853	0.00568985631595247	-5.198076991055871
0.018365383433483484	0.00569525061908819	-5.204144119643224
0.018535316234148135	0.005700756453343318	-5.210335981137447
0.018706821403658026	0.005706376350421259	-5.216655405122623
0.018879913490962956	0.005712112908497099	-5.22310529568953
0.019054607179632494	0.005717968794320065	-5.229688633803622
0.019230917289101597	0.005723946745396375	-5.236408479764036
0.019408858775927792	0.0057300495722565235	-5.243267975758221
0.01958844673505991	0.005736280160810281	-5.250270348515919
0.01976969640111862	0.005742641474794188	-5.257418912067864
0.01995262314968881	0.005749136558315228	-5.264717070613495
0.020137242498623895	0.005755768538494807	-5.272168321502425
0.02032357010936223	0.0057625406282199015	-5.279776258337102
0.020511621788255666	0.0057694561290026775	-5.287544574198826
0.020701413487910436	0.005776518433957456	-5.295477065006563
0.02089296130854041	0.005783731030898695	-5.303577633013045
0.02108628149933291	0.005791097505565607	-5.311850290444702
0.021281390459827135	0.005798621544981233	-5.320299163293868
0.021478304741305354	0.005806306940950194	-5.328928495268709
0.02167704104819696	0.005814157593704409	-5.337742651910811
0.02187761623949554	0.005822177515701922	-5.346746124886865
0.022080047330189013	0.005830370835588444	-5.355943536464904
0.022284351492703053	0.005838741802327851	-5.365339644182686
0.022490546058357826	0.0058472947895121035	-5.374939345719777
0.022698648518838235	0.005856034299857869	-5.384747683981888
0.022908676527677748	0.005864964969901417	-5.394769852410519
0.023120647901755963	0.005874091574899968	-5.405011200527492
0.023334580622810044	0.0058834190339525465	-5.415477239728818
0.023550492838960112	0.005892952415349187	-5.426173649338699
0.023768402866248782	0.005902696942163413	-5.437106282939983
0.02398832919019492	0.005912657998098907	-5.448281174994088
0.0242102904673618	0.0059228411336047756	-5.459704547766618
0.02443430552693974	0.005933252072273762	-5.471382818575235
0.024660393372343412	0.005943896717540025	-5.483322607378478
0.02488857318282393	0.00595478115969033	-5.495530744721924
0.025118864315095822	0.005965911683209048	-5.508014280064521
0.025351286304979098	0.005977294774473609	-5.520780490504382
0.02558585886905648	0.005988937129820866	-5.533836889927527
0.025822601906345985	0.0060008456640052756	-5.547191238603371
0.026061535499988978	0.006013027519071732	-5.560851553253287
0.026302679918953843	0.006025490073666262	-5.574826117618655
0.026546055619755416	0.006038240952810921	-5.5891234935588185
0.026791683248190343	0.0060512880381690505	-5.603752532708908
0.027039583641088463	0.006064639478831189	-5.618722388732063
0.027289777828080432	0.006078303702651764	-5.634042530201006
0.02754228703338169	0.006092289428170175	-5.649722754147269
0.02779713267759291	0.006106605677151422	-5.66577320031855
0.02805433637951716	0.0061212617877843	-5.682204366188008
0.028313919957993816	0.006136267428578564	-5.699027122762819
0.028575905433749497	0.00615163261300267	-5.716252731240164
0.028840315031266085	0.006167367714911335	-5.7338928605669075
0.02910717118066608	0.006183483484810617	-5.751959605958269
0.029376496519615335	0.006199991067015133	-5.770465508438077
0.029648313895243455	0.006216902017755854	-5.789423575467872
0.02992264636608192	0.006234228324298046	-5.808847302733897
0.030199517204020192	0.006251982425139294	-5.828750697171865
0.03047894989627986	0.006270177231355403	-5.849148301308497
0.03076096814740711	0.00628882614917472	-5.870055219012029
0.031045595881283587	0.006307943103861335	-5.891487142744941
0.03133285724315589	0.0063275425649982845	-5.913460382423977
0.031622776601683826	0.00634763957326639	-5.935991895997947
0.03191537855100765	0.006368249768823312	-5.959099321864113
0.03221068791283438	0.006389389421395573	-5.982801013253541
0.03250872973854347	0.006411075462205017	-6.007116074725895
0.03280952931131194	0.00643332551786092	-6.032064400925658
0.03311311214825915	0.006456157946361784	-6.057666717766226
0.03341950400261146	0.006479591875359872	-6.08394462621952
0.03372873086588692	0.006503647242856473	-6.110920648905687
0.034040818970100126	0.006528344840510284	-6.138618279694355
0.0343557947899875	0.0065537063597558565	-6.167062036546024
0.0346736850452532	0.006579754440946666	-6.196277517842907
0.034994516702835765	0.006606512725757567	-6.2262914624814085
0.035318316979195734	0.006634005913100167	-6.257131814021741
0.03564511334262446	0.0066622598188288236	-6.288827789217006
0.03597493351557427	0.006691301439539662	-6.3214099512742585
0.03630780547701017	0.00672115902079452	-6.354910288233765
0.03664375746478335	0.006751862130129116	-6.389362296885622
0.03698281797802665	0.00678344173524288	-6.424801072687033
0.037325015779572084	0.006815930287801929	-6.461263406184151
0.037670379898390914	0.0068493618133317665	-6.498787886495075
0.038018939632056145	0.006883772007719489	-6.537415012461921
0.0383707245492279	0.006919198340899165	-6.577187312143078
0.038725764492161745	0.00695568016835026	-6.6181494713834255
0.03908408957924023	0.006993258851102793	-6.660348472275691
0.03944573020752787	0.00703197788501523	-6.7038337424113905
0.039810717055349755	0.007071883040167127	-6.748657315910777
0.04017908108489402	0.007113022511303292	-6.7948740073323055
0.040550853544838415	0.007155447080358254	-6.842541599672923
0.040926065973001115	0.00719921029220893	-6.891721047810732
0.041304750199016166	0.007244368644920317	-6.9424766988823565
0.04168693834703357	0.007290981795898911	-6.994876531264495
0.04207266283844444	0.007339112785517198	-7.048992414008351
0.04246195639463132	0.007388828279959476	-7.1049003887978435
0.042854852039743985	0.007440198835236069	-7.162680976739242
0.04325138310350091	0.0074932991845419895	-7.222419512564416
0.04365158322401663	0.0075482085513967866	-7.284206509143192
0.044055486350655364	0.007605010991293184	-7.3481380555508
0.04446312674691091	0.007663795764917189	-7.414316252340888
0.04487453899331325	0.007724657746383235	-7.482849688134673
0.04528975799036211	0.0077876978703595445	-7.553853962160368
0.04570881896148754	0.007853023622457966	-7.627452257982335
0.04613175745603798	0.007920749577827438	-7.703775974347742
0.04655860935229591	0.007990997993546887	-7.782965419878243
0.04698941086052156	0.008063899461156867	-7.86517057924554
0.04742419852602448	0.008139593626543838	-7.950551959539227
0.04786300923226385	0.008218229985378226	-8.0392815267523
0.04830588020397728	0.008299968763474969	-8.131543743746745
0.04875284901033865	0.008384981892776568	-8.227536722710775
0.04920395356814511	0.008473454095229193	-8.327473507066026
0.04965923214503363	0.008565584088631065	-8.431583500037759
0.05011872336272725	0.008661585930668837	-8.540114059768953
0.05058246620031143	0.008761690519837892	-8.65333228397369
0.051050499997540646	0.008866147274880236	-8.771527010823577
0.05152286445817567	0.008975226017809044	-8.895011067111346
0.05199959965335162	0.00908921908967152	-9.024123799923137
0.052480746024977286	0.009208443733017886	-9.159233934207002
0.05296634438916581	0.009333244780776755	-9.30074280598778
0.05345643593969719	0.009463997698071254	-9.449088029807072
0.05395106225151279	0.009601112031664881	-9.60474766956936
0.05445026528424214	0.009745035331526467	-9.76824499479656
0.05495408738576248	0.009896257620773912	-9.940153919808058
0.0554625712957911	0.010055316504483684	-10.121105242236357
0.05597576014951104	0.010222803025068367	-10.311793820347315
0.05649369748123028	0.010399368392873067	-10.512986856943451
0.05701642722807478	0.010585731746175015	-10.72553349248493
0.05754399373371572	0.010782689126053378	-10.95037595322888
0.05807644175213124	0.01099112389002222	-11.188562553851042
0.05861381645140291	0.011212018835730758	-11.44126292109949
0.05915616341754743	0.011446470364719918	-11.709785889289618
0.05970352865838372	0.011695705089148245	-11.9956006248666
0.06025595860743581	0.011961099375339233	-12.30036167239618
0.060813500127871824	0.012244202431784982	-12.625938786920745
0.061376200516479455	0.012546763692079785	-12.974452639333768
0.06194410750767818	0.012870765423052669	-13.348317767988656
0.06251726927756862	0.013218461715203106	-13.750294522480482
0.06309573444801936	0.013592425299154162	-14.18355223346594
0.06367955209079162	0.013995603994017653	-14.65174648528618
0.064268771731702	0.014431389050618571	-15.159114220963732
0.06486344335482389	0.014903698226823636	-15.710591547854664
0.06546361740672754	0.015417077147969024	-16.31196064277544
0.06606934480075964	0.01597682338405209	-16.970034225425138
0.06668067692136226	0.016589138725921156	-17.69288888483872
0.06729766562843183	0.01726131633910427	-18.49016239269147
0.0679203632617185	0.018001970708945807	-19.373435416479172
0.0685488226452662	0.01882131928002445	-20.35672529301978
0.0691830970918937	0.019731524780401025	-21.457129441802657
0.06982324040771719	0.02074710498543856	-22.695669440468965
0.07046930689671474	0.02188540913468211	-24.09840460658441
0.07112135136533296	0.02316714123150972	-25.69790649865562
0.07177942912713622	0.024616867565675913	-27.53521157701921
0.07244359600749906	0.026263354047541033	-29.662391515104368
0.0731139083483418	0.028139389451902214	-32.145878662394054
0.07379042301291015	0.030280371702945053	-35.07060379738761
0.07447319739059896	0.032720208812360915	-38.54471417021453
0.07516228940182061	0.0354818020609808	-42.703852460100876
0.07585775750291844	0.03855746971193686	-47.71212548764918
0.07655966069112569	0.041873088437867155	-53.75314498176202
0.07726805850957029	0.04523292577732953	-60.99869894215279
0.07798301105232593	0.048261470018605014	-69.53896462271113
0.07870457896950993	0.050404612685855416	-79.27254877146423
0.07943282347242822	0.05108711769276746	-89.80836965594605
0.08016780633876798	0.050019302970570015	-100.49282211480225
0.0809095899178383	0.047404881654373725	-110.61735001611137
0.0816582371358593	0.04381280153290378	-119.66996263827541
0.0824138115013003	0.039854859872588175	-127.43899345227409
0.08317637711026717	0.035969289500463596	-133.95129665289952
0.08394599865193982	0.032388704657574104	-139.3564804821241
0.08472274141405972	0.029198745760648476	-143.8389548676069
0.08550667128846841	0.026403710009674647	-147.57275704857778
0.0862978547766971	0.02397113231275447	-150.70534894567558
0.08709635899560814	0.021856246578497794	-153.35563909654687
0.08790225168308852	0.020013655038483135	-155.61742126869356
0.08871560120379617	0.018402125312278205	-157.56410939127815
0.08953647655495947	0.016986050475682756	-159.25316813001228
0.09036494737223023	0.01573543004306899	-160.7297714285434
0.09120108393559107	0.014625278953373367	-162.0296653066843
0.09204495717531722	0.013634881464003464	-163.18135416692544
0.09289663867799372	0.012747067312135586	-164.20775420443033
0.09375620069258811	0.011947575169593577	-165.1274413616495
0.09462371613657934	0.011224518207043364	-165.95559556200263
0.09549925860214364	0.010567945863651073	-166.7047186943903
0.0963829023623971	0.009969488772551686	-167.3851840521705
0.09727472237769656	0.00942207260366748	-168.00565979857973
0.09817479430199849	0.008919687780958111	-168.57343778652086
0.09908319448927681	0.008457203984408643	-169.09469082074108
0.10000000000000005	0.008030220355842495	-169.57467544445018
0.10092528860766849	0.0076349441210899725	-170.01789295667947
0.10185913880541175	0.007268091842814123	-170.4282181706171
0.10280162981264741	0.006926808734490079	-170.80900307859017
0.10375284158180131	0.006608602433034019	-171.16316086006245
0.10471285480509002	0.006311288388809978	-171.49323438571443
0.1056817509213659	0.006032944628008807	-171.8014524121887
0.10665961212302584	0.005771874108606663	-172.08977594143576
0.10764652136298355	0.005526573255718489	-172.3599366731583
0.10864256236170661	0.005295705547768231	-172.6134690632889
0.10964781961431856	0.005078079249187517	-172.85173718276263
0.1106623783977667	0.004872628562044625	-173.07595732491205
0.11168632477805618	0.004678397608690692	-173.28721711884594
0.1127197456175511	0.004494526768362075	-173.48649175699745
0.11376272858234315	0.0043202409790003525	-173.67465782781278
0.11481536214968835	0.004154839686201765	-173.85250515194787
0.11587773561551268	0.0039976881779616846	-174.02074694676705
0.11694993910198717	0.003848210089646291	-174.18002858519483
0.11803206356517304	0.0037058809006890103	-174.3309351678189
0.11912420080273756	0.0035702222746370697	-174.47399808912056
0.12022644346174137	0.0034407971187665133	-174.6097007478973
0.1213388850464978	0.003317205259629726	-174.73848352686497
0.12246161992650495	0.0031990796474672665	-174.86074814592456
0.12359474334445113	0.0030860830160881485	-174.97686147674827
0.12473835142429439	0.0029779049361483272	-175.08715889245954
0.1258925411794168	0.002874259209168225	-175.19194721469742
0.12705741052085426	0.0027748815574792723	-175.29150731080648
0.12823305826560225	0.0026795275718548032	-175.38609638592985
0.1294195841449987	0.0025879708840914452	-175.4759500081091
0.13061708881318423	0.002500001536446059	-175.56128389888332
0.1318256738556408	0.002415424523749368	-175.64229551714212
0.13304544179780922	0.002334058487334815	-175.71916545996717
0.13427649611378642	0.0022557345427362376	-175.7920587007765
0.13551894123510363	0.00218029522550702	-175.86112568215327
0.13677288255958495	0.002107593541559537	-175.92650327822219
0.13803842646028852	0.002037492110176321	-175.98831563925197
0.13931568029453034	0.0019698623893475505	-176.04667492926245
0.14060475241299142	0.0019045839743826241	-176.10168196574105
0.14190575216890927	0.0018415439618583995	-176.15342676909327
0.1432187899273544	0.0017806363719298772	-176.20198902812194
0.1445439770745928	0.001721761622863588	-176.24743848662308
0.1458814260275349	0.0016648260523777682	-176.28983525507533
0.14723125024327194	0.0016097414810033435	-176.32923005035494
0.14859356422870074	0.0015564248132284271	-176.3656643654134
0.1499684835502374	0.0015047976726683188	-176.39917056988136
0.15135612484362088	0.0014547860679223544	-176.42977194159175
0.15275660582380732	0.0014063200861464263	-176.45748262802644
0.154170045294956	0.0013593336116928584	-176.48230753565525
0.1555965631605075	0.0013137640674533405	-176.50424214403674
0.15703628043335532	0.0012695521767907894	-176.52327224035062
0.15848931924611143	0.0012266417441671828	-176.5393735687063
0.15995580286146696	0.001184979452769695	-176.5525113870795
0.1614358556826487	0.0011445146776106845	-176.56263992302704
0.1629296032639723	0.0011051993127307379	-176.569701717366
0.16443717232149324	0.0010669876112704981	-176.57362684271087
0.16595869074375613	0.0010298360372987926	-176.57433198106597
0.16749428760264382	0.0009937031283928685	-176.57171934146996
0.1690440931643265	0.0009585493680637624	-176.56567539486497
0.17060823890031243	0.0009243370672066721	-176.556069398763
0.17218685749860077	0.0008910302538341575	-176.54275167871592
0.17378008287493762	0.000858594570420396	-176.52555162681912
0.1753880501841762	0.0008269971782482525	-176.50427536918292
0.1770108958317422	0.0007962066682083869	-176.47870304409543
0.17864875748520517	0.0007661929775525228	-176.44858561995687
0.180301774085957	0.0007369273121510527	-176.41364116632693
0.18197008586099844	0.0007083820738502193	-176.37355047171195
0.18365383433483473	0.0006805307925661103	-176.32795187688419
0.18535316234148125	0.0006533480627928752	-176.27643516103223
0.18706821403658017	0.0006268094842418096	-176.2185342778544
0.18879913490962946	0.0006008916063668786	-176.1537186870595
0.19054607179632482	0.0005755718765727556	-176.08138295989284
0.19230917289101596	0.0005508285919443997	-176.00083425011348
0.19408858775927793	0.0005266408543851452	-175.91127710720792
0.19588446735059908	0.0005029885291057203	-175.81179495658532
0.1976969640111862	0.00047985220647327447	-175.70132736803075
0.19952623149688808	0.0004572131673129058	-175.57864195873285
0.20137242498623895	0.00043505335186156904	-175.442299401776
0.2032357010936223	0.0004133553327169523	-175.2906094926763
0.20511621788255666	0.00039210229231811976	-175.12157550240772
0.20701413487910436	0.00037127800576496105	-174.93282302068727
0.2089296130854041	0.0003508668301675445	-174.72150802320803
0.2108628149933291	0.00033085370227283297	-174.48419675580953
0.21281390459827135	0.0003112241469381666	-174.21670686058914
0.21478304741305343	0.0002919643002592926	-173.9138943976897
0.21677041048196952	0.00027306095306588467	-173.5693640915276
0.2187761623949553	0.0002545016234944026	-173.17506864631054
0.22080047330189004	0.00023627467217754544	-172.72074455150343
0.22284351492703042	0.00021836948158210218	-172.1931014775276
0.22490546058357816	0.0002007767346498576	-171.57463103888423
0.22698648518838224	0.0001834888518937957	-170.8418110659488
0.22908676527677735	0.00016650068997226832	-169.96231942207046
0.23120647901755953	0.00014981068840334258	-168.8905666090215
0.23334580622810033	0.00013342281834991635	-167.56025794172038
0.23550492838960102	0.00011735004070820675	-165.87146340416496
0.23768402866248772	0.00010162077506080318	-163.66700019663205
0.2398832919019491	0.00008629179770626235	-160.68683026978943
0.2421029046736179	0.00007147598156469434	-156.47469191541364
0.24434305526939726	0.00005740728648960351	-150.17752983964382
0.246603933723434	0.0000446055208118151	-140.1234088862326
0.24888573182823917	0.00003429052983516974	-123.25058419896902
0.25118864315095807	0.00002899693596421117	-96.9354092875489
0.2535128630497908	0.00003119393846501137	-68.0049453217476
0.25585858869056466	0.000039532689653439886	-47.38618233560936
0.2582260190634597	0.00005101220990414614	-35.04923809535944
0.26061535499988964	0.0000639161673320106	-27.51699282195137
0.2630267991895383	0.00007751018615913114	-22.60948885743488
0.26546055619755404	0.00009147568866717785	-19.21269558125299
0.2679168324819033	0.00010566541936214015	-16.744574296390336
0.2703958364108845	0.00012000898469836229	-14.881757930294961
0.2728977782808042	0.00013447402549466287	-13.43318504817571
0.27542287033381674	0.0001490488377035079	-12.279729179816895
0.277971326775929	0.00016373397738606732	-11.343660356008039
0.2805433637951715	0.00017853795704561936	-10.572283891805517
0.28313919957993805	0.0001934749529132054	-9.92870717565824
0.2857590543374948	0.00020856357260951621	-9.38638594526716
0.2884031503126607	0.0002238262217396288	-8.925772558783423
0.29107171180666064	0.00023928883462898012	-8.532183733971234
0.2937649651961532	0.0002549808462150775	-8.194402615413091
0.2964831389524344	0.0002709353407523752	-7.903737858318759
0.29922646366081906	0.00028718934589466125	-7.653375622994628
0.30199517204020176	0.00030378426082561423	-7.4379243320158075
0.30478949896279844	0.00032076642089961166	-7.253089384332135
0.307609681474071	0.0003381878122389955	-7.095437482322299
0.3104559588128357	0.00035610696003302353	-6.962224113689552
0.3133285724315587	0.0003745900254210647	-6.851266538450357
0.3162277660168381	0.000393712159183614	-6.760850362597957
0.31915378551007634	0.0004135591775218818	-6.689661611789658
0.3221068791283436	0.00043422964792143293	-6.636738864687996
0.32508729738543457	0.00045583750418985513	-6.6014419151358394
0.3280952931131192	0.00047851535323836125	-6.583434901912729
0.3311311214825913	0.0005024186981417509	-6.582683087875077
0.33419504002611444	0.0005277313919987988	-6.5994636634194315
0.3372873086588691	0.0005546727704864503	-6.634392270871889
0.34040818970100106	0.0005835071134003083	-6.688468621569728
0.34355794789987465	0.0006145564023115685	-6.763146953483803
0.34673685045253166	0.0006482178640975066	-6.860440826488855
0.3499451670283573	0.0006849887796901112	-6.98307892452687
0.353183169791957	0.0007255043767011803	-7.134757587355724
0.35645113342624424	0.0007701417327146672	-7.348981080118427
0.3597493351557423	0.0008212288450662253	-7.5462955687542665
0.36307805477010135	0.0008790344102788639	-7.8224765007024235
0.36643757464783333	0.0009459867301439556	-8.161945709770203
0.3698281797802663	0.0010250768775665487	-8.584401664104863
0.3732501577957206	0.0011208742199429898	-9.120389060960655
0.37670379898390893	0.0012408361991797564	-9.820436679255677
0.38018939632056126	0.0013982679948308322	-10.775960200937943
0.38370724549227886	0.001620155518317171	-12.17529622647574
0.3872576449216173	0.001973276615126044	-14.493817021413037
0.3908408957924021	0.002691975523358668	-19.45569731780751
0.39445730207527846	0.005552147721490412	-42.29272817896326
0.3981071705534973	0.0017969784772458287	-166.95170518482553
0.40179081084894	0.0006270004474784786	-4.9951700497473706
0.40550853544838394	0.001694002273695575	-11.30867498221764
0.40926065973001097	0.0029648776998555	-19.608196493461875
0.41304750199016144	0.0055323050422813845	-37.41531120206177
0.4168693834703355	0.00941236705771871	-97.67747687695886
0.4207266283844442	0.004988332122385489	-149.41235356556788
0.424619563946313	0.0028099710703664758	-163.8451113010966
0.4285485203974396	0.0018499474273299518	-169.76998860106977
0.43251383103500884	0.0013125613680368912	-173.0043781119422
0.4365158322401661	0.0009614913508784852	-175.08134163713822
0.44055486350655343	0.0007058824578834434	-176.56740373374114
0.4446312674691088	0.0005026103845351342	-177.7215584766291
0.4487453899331323	0.00032677628831766177	-178.67324958468438
0.4528975799036209	0.00015984720117627683	-179.40643023672527
0.4570881896148752	0.00001823382697491139	-5.424310752277199
0.46131757456037953	0.00024085788841086715	-2.690989061678327
0.4655860935229591	0.000595415189112059	-4.745080483421504
0.4698941086052156	0.0014677801376319632	-11.08093946977324
0.4742419852602448	0.008443512888758959	-72.15514036316836
0.47863009232263853	0.002038258754722905	-167.286145759111
0.48305880203977286	0.0010297783181758388	-173.78601292937677
0.4875284901033865	0.0006717222168247299	-176.01809477787882
0.4920395356814511	0.0004760110442457118	-177.20180188968317
0.49659232145033627	0.0003453930881988743	-177.96766264715254
0.5011872336272725	0.0002474735557795114	-178.52447709965043
0.5058246620031143	0.0001682438495066435	-178.96180842492123
0.5105049999754064	0.0001005529913535889	-179.32309032517992
0.5152286445817567	0.00004028221774973596	-179.61549820755346
0.5199959965335162	0.000015185138151733127	-0.12343897390262024
0.5248074602497729	0.00006766351570970608	-0.2943121041099493
0.5296634438916581	0.000118522791715257	-0.5659433136007338
0.5345643593969719	0.0001688884922742781	-0.8551614953730236
0.5395106225151278	0.0002197669508070774	-1.1667471152535325
0.5445026528424215	0.0002721325378248662	-1.511652887614776
0.5495408738576248	0.0003269967010076466	-1.9044206740084808
0.5546257129579107	0.0003854689077133876	-2.3638110092900004
0.5597576014951101	0.00044881332050215384	-2.914055086426286
0.5649369748123025	0.0005184982006421356	-3.586089851383271
0.5701642722807475	0.000596225231809391	-4.417745523905213
0.5754399373371569	0.0006839152928513709	-5.450455895623274
0.580764417521312	0.0007836382495946029	-6.717636331586069
0.5861381645140288	0.0008975905846959506	-8.218312623924772
0.591561634175474	0.001028613697731315	-9.877444550642025
0.5970352865838369	0.0011824006630298553	-11.526208664135664
0.6025595860743578	0.0013726109226354902	-12.974203582255829
0.6081350012787179	0.001629053550866172	-14.196915200908279
0.6137620051647943	0.0020116957123765375	-15.528476377800944
0.6194410750767815	0.0026507439825336986	-17.856492795028913
0.6251726927756859	0.003899980090342661	-23.566077328681363
0.6309573444801934	0.006878535931240998	-43.22385502580989
0.6367955209079159	0.007553450565023988	-97.53977253107735
0.6426877173170198	0.007214312499739617	-115.24767164598696
0.6486344335482385	0.004916584353932885	-157.21198915550787
0.654636174067275	0.0025186771591071294	-170.58538177297044
0.6606934480075961	0.003002842335717354	-170.05388917181267
0.6668067692136223	0.0020798582514490386	-173.71403084396383
0.6729766562843178	0.0016692364272758516	-175.39029315813673
0.6792036326171846	0.0014033915153187542	-176.47945777808894
0.6854882264526617	0.0012117222332169836	-177.24922865290455
0.6918309709189366	0.0010654179225230251	-177.80112912928425
0.6982324040771715	0.0009495961973169192	-178.18935584918484
0.7046930689671471	0.0008555083135231206	-178.45277022530982
0.7112135136533292	0.0007775348862547537	-178.62318010466603
0.7177942912713619	0.0007118375966188127	-178.7264933042613
0.7244359600749902	0.0006556856873789838	-178.78274930830693
0.7311390834834176	0.0006070830495380101	-178.806649962543
0.7379042301291011	0.0005645415644424705	-178.8085436393269
0.7447319739059892	0.0005269335747602262	-178.79550351807936
0.7516228940182057	0.0004933916773225219	-178.77226750052785
0.758577575029184	0.0004632388659817674	-178.74196375623785
0.7655966069112565	0.00043593886789313087	-178.7066334358734
0.7726805850957026	0.00041106001852049664	-178.66759321141242
0.7798301105232589	0.00038824785802658054	-178.62568323383795
0.7870457896950989	0.0003672020982452056	-178.58143988546226
0.7943282347242817	0.0003476514500247944	-178.53522749029182
0.8016780633876793	0.00032930742535692935	-178.4873623847353
0.8090958991783825	0.00031170022869835603	-178.4381841680285
0.8165823713585927	0.00029282495955205474	-178.3834091573189
0.8241381150130026	0.0003055301085564557	-177.9093952618441
0.8317637711026713	0.0002741155376574082	-178.22807320928814
0.8394599865193977	0.0002594268451338434	-178.18202340843203
0.8472274141405968	0.0002465101705635985	-178.12155731714228
0.8550667128846836	0.00023453818497596256	-178.05470910603992
0.8629785477669706	0.00022327467832367103	-177.98265893930147
0.870963589956081	0.00021260413703620834	-177.90541911149663
0.8790225168308847	0.00020245175343894148	-177.82262075631107
0.8871560120379608	0.00019276129704379598	-177.73369428167788
0.8953647655495938	0.00018348698676201068	-177.6379155857125
0.9036494737223014	0.00017458983639343555	-177.53440957081693
0.9120108393559097	0.00016603572916542742	-177.42213442709527
0.9204495717531712	0.00015779426500353341	-177.29985312425617
0.9289663867799363	0.00014983799634231168	-177.16609292441632
0.9375620069258802	0.00014214187950476967	-177.0190910987045
0.946237161365793	0.00013468285590114746	-176.8567230877847
0.9549925860214359	0.00012743951678834053	-176.67640721960456
0.9638290236239705	0.00012039182468332947	-176.474977236265
0.9727472237769651	0.00011352087472175915	-176.24850968071968
0.9817479430199844	0.00010680868505451851	-175.9920867576782
0.9908319448927676	0.0001002380090389865	-175.69946513107493
1.	0.00009379216474684884	-175.36260467978093
1.0092528860766845	0.00008745488008784182	-174.97098387156694
1.0185913880541169	0.00008121015568570813	-174.51058150474765
1.0280162981264735	0.00007504215429346787	-173.96232144281896
1.0375284158180127	0.00006893513855997678	-173.2996241244425
1.0471285480508996	0.00006287350627759636	-172.48441562302654
1.0568175092136585	0.00005684203260916603	-171.46035615188643
1.066596121230258	0.000050826569441348185	-170.14080135684245
1.076465213629835	0.00004481580025529723	-168.3861983542319
1.0864256236170655	0.00003880557605927143	-165.95885753943912
1.096478196143185	0.000032810048631222746	-162.42568499570334
1.1066237839776665	0.000026892424098793924	-156.9331289554508
1.1168632477805611	0.00002125816305664373	-147.66852707733074
1.1271974561755105	0.000016552580607666254	-130.8543665044168
1.1376272858234309	0.000014562049114229318	-102.52301555454385
1.1481536214968828	0.00001779640848196709	-72.44838304144047
1.1587773561551262	0.00002697533844891509	-55.34988352676133
1.1694993910198712	0.00004460344260418741	-52.2110064048261
1.1803206356517297	0.00008324584592219534	-76.00602980679045
1.191242008027375	0.00005198357313137369	-152.72342259579972
1.2022644346174132	3.7105164017870185e-6	-175.75589771247817
1.2133888504649775	0.000016782934267450187	-2.450091162769835
1.224616199265049	0.00003078405616455798	-4.160464727438313
1.2359474334445106	0.00004281442401483062	-4.832046902373037
1.2473835142429432	0.00005431910894537173	-5.093130888184589
1.2589254117941675	0.00006595722653298107	-5.180432048049034
1.270574105208542	0.00007813544569540595	-5.195370155671736
1.2823305826560218	0.00009118110657381356	-5.186292513421524
1.2941958414499863	0.00010541765252977567	-5.17861800625639
1.3061708881318417	0.00012121116332422882	-5.187399659004672
1.3182567385564075	0.00013901244589933006	-5.22321186484625
1.3304544179780915	0.000159408210587326	-5.295334903357949
1.3427649611378643	0.00018319474390677865	-5.41391291770048
1.3551894123510364	0.00021149436862874407	-5.591977439089405
1.3677288255958495	0.00024595201792382965	-5.848070557880184
1.3803842646028852	0.00028908802241284963	-6.21049439605971
1.3931568029453034	0.0003449762089123659	-6.725223228658957
1.4060475241299142	0.0004206611660863713	-7.472352143089564
1.4190575216890926	0.0005294575955023838	-8.604605288913286
1.432187899273544	0.0006998350503243353	-10.452492017719551
1.4454397707459279	0.0010048820211401917	-13.883223833575997
1.4588142602753489	0.001695988224390419	-22.05959651147828
1.4723125024327193	0.0038980975780204385	-55.43067808945997
1.4859356422870074	0.0033374777702143083	-140.6782602112226
1.499684835502374	0.0015796748577776212	-164.05070546053912
1.5135612484362087	0.0010142987993953707	-170.5685156935848
1.5275660582380732	0.0007491482058906253	-173.52566491337961
1.54170045294956	0.0005961032458370335	-175.19545311353946
1.555965631605075	0.000496487645667374	-176.2597417854475
1.5703628043335531	0.00042639891352729844	-176.99222548727624
1.584893192461114	0.00037432206562377785	-177.52375783898242
1.5995580286146696	0.00033403677927993324	-177.92468239388504
1.6143585568264869	0.00030189133215641217	-178.23614140324887
1.629296032639723	0.00027560194078953974	-178.48377979211872
1.6443717232149324	0.000253667466752999	-178.68439877171818
1.6595869074375613	0.0002350607486570357	-178.849455020229
1.6749428760264382	0.00021905525668439489	-178.9870217440048
1.690440931643265	0.0002051226034545786	-179.10294624795756
1.7060823890031243	0.00019286929093404733	-179.20156336678895
1.7218685749860079	0.00018199622688676726	-179.2861515115883
1.7378008287493762	0.00017227199272417908	-179.35923345022647
1.753880501841762	0.00016351470673762518	-179.4227801336617
1.770108958317422	0.00015557942315302654	-179.4783521349564
1.7864875748520517	0.000148349191553738	-179.52719987151883
1.803017740859568	0.0001417285936791825	-179.57033595436883
1.8197008586099825	0.00013563899218640245	-179.60858829218
1.8365383433483455	0.000130014984755909	-179.6426396570846
1.8535316234148105	0.00012480172128752107	-179.6730575653171
1.8706821403657996	0.0001199528486527739	-179.70031712269525
1.8879913490962925	0.00011542891816403072	-179.72481868840367
1.9054607179632463	0.00011119613860990079	-179.7469016734677
1.9230917289101574	0.00010722539041800916	-179.76685542208344
1.9408858775927773	0.00010349143928962413	-179.7849278676283
1.958844673505989	0.00009997230374449749	-179.80133247418658
1.97696964011186	0.00009664874253175616	-179.81625384496687
1.9952623149688788	0.00009350383620530388	-179.82985228526644
2.0137242498623875	0.00009052264327337098	-179.84226753902198
2.032357010936221	0.00008769191585556463	-179.8536218672256
2.0511621788255647	0.0000849998631623366	-179.86402259856578
2.0701413487910414	0.00008243595366283317	-179.87356425406574
2.0892961308540388	0.00007999074874824187	-179.8823303257552
2.108628149933289	0.0000776557621868075	-179.89039477275344
2.1281390459827114	0.0000754233408177015	-179.89782328527244
2.147830474130533	0.0000732865628270475	-179.90467435704298
2.167704104819694	0.00007123915065186411	-179.91100019882776
2.1877616239495516	0.00006927539611187207	-179.9168475195105
2.208004733018899	0.00006739009580902128	-179.92225819635235
2.228435149270303	0.00006557849518581184	-179.92726985210132
2.2490546058357803	0.00006383623991544565	-179.93191635351093
2.2698648518838214	0.00006215933352440423	-179.9362282432993
2.2908676527677723	0.0000605441003326156	-179.9402331155377
2.312064790175594	0.00005898715294679602	-179.94395594279305
2.333458062281002	0.00005748536366570333	-179.94741936199128
2.355049283896009	0.0000560358392573026	-179.95064392485082
2.376840286624876	0.00005463589865146658	-179.95364831781725
2.39883291901949	0.00005328305316115487	-179.95644955566783
2.4210290467361775	0.00005197498890271252	-179.9590631523233
2.4434305526939712	0.00005070955113411953	-179.96150327187684
2.4660393372343385	0.0000494847302704232	-179.96378286240954
2.48885731828239	0.00004829864936956559	-179.9659137747913
2.5118864315095797	0.000047149552910495206	-179.96790686835527
2.535128630497907	0.00004603579670972884	-179.96977210507026
2.5585858869056453	0.00004495583884314278	-179.97151863361236
2.582260190634596	0.00004390823145733008	-179.97315486454943
2.6061535499988953	0.00004289161336985296	-179.9746885376882
2.6302679918953813	0.00004190470337055968	-179.9761267824986
2.654605561975539	0.000040946294147161866	-179.97747617240998
2.6791683248190314	0.00004001524676775729	-179.97874277367424
2.703958364108843	0.00003911048566117555	-179.9799321894026
2.7289777828080406	0.0000382309940431077	-179.98104959930836
2.7542287033381663	0.00003737580974212473	-179.9820997956226
2.7797132677592886	0.00003654402138502777	-179.9830872155941
2.805433637951713	0.00003573476490562103	-179.98401597093556
2.831391995799379	0.000034947220345056995	-179.9848898745352
2.8575905433749464	0.00003418060891544993	-179.9857124647177
2.8840315031266055	0.0000334341903015631	-179.98648702730335
2.910717118066605	0.00003270726017810449	-179.98721661568905
2.9376496519615305	0.00003199914792256644	-179.98790406914708
2.9648313895243423	0.000031309214505658923	-179.9885520295186
2.992264636608189	0.00003063685054325534	-179.9891629564575
3.019951720402016	0.000029981474495418945	-179.9897391413645
3.047894989627983	0.000029342530999541322	-179.99028272013678
3.076096814740708	0.000028719489325922352	-179.99079568484402
3.1045595881283554	0.000028111841945272617	-179.99127989443176
3.1332857243155856	0.000027519103198646543	-179.99173708454157
3.162277660168379	0.000026940808061228803	-179.99216887652838
3.1915378551007616	0.000026376510992211905	-179.9925767857481
3.2210687912834346	0.00002582578486373453	-179.99296222918056
3.250872973854344	0.000025288219962501327	-179.99332653244662
3.2809529311311905	0.000024763423058292086	-179.99367093627276
3.311311214825911	0.000024251016534092718	-179.9939966024511
3.3419504002611427	0.00002375063757305345	-179.99430461933835
3.372873086588689	0.00002326193739790449	-179.99459600693288
3.404081897010009	0.000022784580558842266	-179.99487172156574
3.4355794789987466	0.000022318244266245237	-179.99513266023783
3.4673685045253166	0.00002186261776489019	-179.99537966463254
3.499451670283573	0.00002141740174662164	-179.99561352483087
3.53183169791957	0.000020982307798683422	-179.99583498275263
3.5645113342624426	0.000020557057885151858	-179.9960447353469
3.5974933515574232	0.000020141383859120965	-179.99624343755073
3.630780547701014	0.00001973502700348017	-179.99643170503506
3.664375746478333	0.000019337737598298918	-179.99661011675508
3.6982817978026628	0.00001894927451299004	-179.99677921731922
3.732501577957206	0.000018569404821567884	-179.99693951919178
3.767037989839089	0.000018197903439447973	-179.99709150474177
3.801893963205613	0.000017834552780355055	-179.99723562814933
3.8370724549227884	0.000017479142432015235	-179.99737231718103
3.8725764492161727	0.000017131468849408488	-179.99750197484371
3.908408957924021	0.000016791335064448906	-179.9976249809257
3.944573020752785	0.000016458550411044068	-179.99774169343428
3.981071705534973	0.000016132930264561903	-179.99785244993635
4.0179081084894	0.000015814295794803793	-179.9979575688102
4.055085354483839	0.000015502473731647496	-179.99805735041383
4.09260659730011	0.000015197296142583326	-179.99815207817687
4.130475019901614	0.000014898600221421377	-179.9982420196207
4.168693834703355	0.000014606228087498233	-179.99832742731243
4.207266283844442	0.000014320026594758266	-179.99840853975712
4.24619563946313	0.00001403984715012706	-179.9984855822326
4.285485203974396	0.000013765545540634303	-179.9985587675712
4.325138310350088	0.000013496981768779513	-179.99862829689133
4.365158322401661	0.000013234019895667891	-179.9986943602833
4.405548635065534	0.0000129765278914738	-179.99875713745155
4.446312674691089	0.000012724377492817287	-179.998816798317
4.487453899331323	0.000012477444066663865	-179.99887350358136
4.528975799036209	0.000012235606480377063	-179.9989274052565
4.570881896148752	0.000011998746977565351	-179.9989786471598
4.613175745603791	0.000011766751059356135	-179.99902736537695
4.655860935229586	0.000011539507370663767	-179.99907368868935
4.698941086052151	0.000011316907590743236	-179.9991177389516
4.742419852602444	0.00001109884632607921	-179.99915963134353
4.7863009232263805	0.000010885220995888142	-179.9991994739271
4.830588020397723	0.000010675931597440729	-179.99923735555183
4.875284901033861	0.000010470883641814405	-179.99927325849626
4.920395356814506	0.000010269976732855235	-179.99930772612356
4.965923214503357	0.000010073123177697199	-179.99934036651132
5.01187233627272	9.880232243403676e-6	-179.99937142097133
5.058246620031137	9.69121645338188e-6	-179.99940097185478
5.105049999754059	9.505990623352392e-6	-179.99942909467848
5.152286445817562	9.324471752781991e-6	-179.999455860701
5.1999599653351565	9.14657895018424e-6	-179.99948133741577
5.248074602497723	8.972233365838848e-6	-179.99950558880985
5.296634438916575	8.801358128211322e-6	-179.99952867556922
5.345643593969713	8.633878283160844e-6	-179.99955065526177
5.395106225151273	8.469720735593841e-6	-179.99957158250675
5.445026528424209	8.30881419337661e-6	-179.99959150913332
5.495408738576242	8.151089113374354e-6	-179.9996104843298
5.5462571295791046	7.996477649507098e-6	-179.99962855478407
5.597576014951099	7.844913602725544e-6	-179.9996457648164
5.649369748123022	7.696332372817681e-6	-179.99966215650434
5.701642722807472	7.550670911963316e-6	-179.999677769801
5.754399373371567	7.407867679958487e-6	-179.99969264264664
5.807644175213118	7.267862601036278e-6	-179.9997068110742
5.861381645140285	7.130597022214402e-6	-179.99972030930874
5.9156163417547365	6.996013673103714e-6	-179.99973316986188
5.9703528658383656	6.864056627115137e-6	-179.99974542362062
6.025595860743575	6.7346712640056175e-6	-179.99975709993177
6.081350012787176	6.607804233706882e-6	-179.99976822668134
6.137620051647939	6.483403421383345e-6	-179.99977883037005
6.194410750767812	6.361417913668371e-6	-179.9997889361846
6.251726927756856	6.24179796603041e-6	-179.99979856806496
6.30957344480193	6.124494971223009e-6	-179.99980774876843
6.367955209079155	6.0094614287748235e-6	-179.99981649992984
6.426877173170194	5.8966509154778635e-6	-179.9998248421188
6.486344335482381	5.7860180568342695e-6	-179.99983279489413
6.546361740672747	5.677518499423665e-6	-179.99984037685482
6.6069344800759575	5.5711088841549845e-6	-179.9998476056887
6.668067692136219	5.466746820368315e-6	-179.9998544982187
6.729766562843175	5.36439086075392e-6	-179.99986107044617
6.792036326171843	5.264000477057024e-6	-179.99986733759243
6.854882264526613	5.165536036538504e-6	-179.9998733141378
6.918309709189362	5.068958779162836e-6	-179.99987901385884
6.9823240407717115	4.9742307954860035e-6	-179.99988444986354
7.046930689671467	4.88131500521733e-6	-179.99988963462462
7.112135136533288	4.790175136430216e-6	-179.99989458001122
7.177942912713615	4.7007757053979854e-6	-179.999899297319
7.244359600749899	4.613081997032061e-6	-179.9999037972985
7.311390834834173	4.527060045900579e-6	-179.99990809018226
7.379042301291007	4.442676617806611e-6	-179.99991218571031
7.447319739059888	4.359899191906019e-6	-179.99991609315467
7.516228940182053	4.278695943345764e-6	-179.99991982134225
7.585775750291836	4.199035726404345e-6	-179.9999233786769
7.655966069112561	4.120888058116816e-6	-179.99992677316007
7.726805850957022	4.044223102367538e-6	-179.99993001241074
7.798301105232586	3.969011654434522e-6	-179.99993310368387
7.870457896950985	3.895225125969862e-6	-179.99993605388852
7.943282347242813	3.82283553040148e-6	-179.99993886960448
8.01678063387679	3.751815468741836e-6	-179.99994155709845
8.090958991783822	3.6821381157900223e-6	-179.99994412233931
8.165823713585922	3.6137772067140557e-6	-179.99994657101252
8.241381150130021	3.546707024000786e-6	-179.99994890853395
8.317637711026709	3.480902384761303e-6	-179.99995114006282
8.394599865193973	3.4163386283802362e-6	-179.99995327051425
8.472274141405963	3.352991604497708e-6	-179.99995530457107
8.550667128846833	3.290837661313264e-6	-179.999957246695
8.629785477669701	3.2298536342013973e-6	-179.99995910113716
8.709635899560805	3.17001683462873e-6	-179.9999608719485
8.790225168308842	3.1113050393633356e-6	-179.99996256298917
8.871560120379607	3.0536964799669293e-6	-179.99996417793784
8.953647655495937	2.997169832561149e-6	-179.99996572030034
9.036494737223014	2.9417042078593296e-6	-179.99996719341792
9.120108393559097	2.887279141455622e-6	-179.9999686004752
9.204495717531712	2.833874584363499e-6	-179.99996994450757
9.289663867799362	2.781470893796069e-6	-179.99997122840844
9.375620069258803	2.730048824180832e-6	-179.99997245493583
9.462371613657929	2.6795895184018185e-6	-179.99997362671894
9.549925860214358	2.630074499262268e-6	-179.9999747462643
9.638290236239705	2.581485661161296e-6	-179.99997581596148
9.727472237769652	2.5338052619781927e-6	-179.99997683808883
9.817479430199844	2.487015915158227e-6	-179.99997781481855
9.908319448927676	2.4411005819940496e-6	-179.99997874822185
10.	2.3960425640970135e-6	-179.99997964027364
10.092528860766844	2.3518254960528886e-6	-179.9999804928572
10.18591388054117	2.308433338256667e-6	-179.99998130776842
10.280162981264736	2.2658503699213246e-6	-179.9999820867199
10.375284158180126	2.2240611822555867e-6	-179.99998283134502
10.471285480508996	2.1830506718059012e-6	-179.99998354320147
10.568175092136585	2.1428040339580025e-6	-179.99998422377496
10.665961212302578	2.103306756593579e-6	-179.99998487448255
10.76465213629835	2.0645446138977336e-6	-179.99998549667592
10.864256236170656	2.0265036603130555e-6	-179.99998609164433
10.964781961431852	1.989170224636237e-6	-179.99998666061765
11.066237839776663	1.952530904253361e-6	-179.9999872047691
11.168632477805613	1.91657255951004e-6	-179.99998772521792
11.271974561755105	1.88128230821277e-6	-179.99998822303186
11.37627285823431	1.846647520257933e-6	-179.99998869922968
11.481536214968829	1.8126558123850394e-6	-179.99998915478324
11.587773561551263	1.7792950430508615e-6	-179.9999895906199
11.694993910198711	1.7465533074212738e-6	-179.99999000762443
11.803206356517286	1.7144189324776534e-6	-179.99999040664122
11.912420080273739	1.6828804722348216e-6	-179.99999078847586
12.022644346174118	1.6519267030676502e-6	-179.99999115389713
12.133888504649763	1.6215466191434235e-6	-179.99999150363868
12.246161992650476	1.5917294279572712e-6	-179.9999918384007
12.359474334445094	1.562464545967965e-6	-179.99999215885128
12.47383514242942	1.5337415943315316e-6	-179.99999246562828
12.589254117941662	1.5055503947301507e-6	-179.99999275934027
12.705741052085406	1.477880965293922e-6	-179.9999930405682
12.823305826560205	1.4507235166131387e-6	-179.99999330986657
12.941958414499851	1.424068447838794e-6	-179.9999935677647
13.061708881318404	1.397906342869077e-6	-179.99999381476786
13.182567385564061	1.3722279666197338e-6	-179.9999940513583
13.304544179780901	1.3470242613761792e-6	-179.9999942779965
13.427649611378628	1.322286343225347e-6	-179.99999449512202
13.551894123510351	1.298005498565296e-6	-179.99999470315447
13.67728825595848	1.2741731806906685e-6	-179.99999490249454
13.803842646028839	1.2507810064521308e-6	-179.99999509352475
13.931568029453022	1.2278207529880013e-6	-179.99999527661035
14.060475241299129	1.2052843545263087e-6	-179.9999954521001
14.190575216890911	1.1831638992555661e-6	-179.999995620327
14.321878992735424	1.1614516262626205e-6	-179.9999957816091
14.454397707459265	1.1401399225359542e-6	-179.99999593625003
14.588142602753473	1.1192213200328776e-6	-179.99999608453982
14.723125024327178	1.098688492809088e-6	-179.99999622675543
14.859356422870059	1.0785342542091224e-6	-179.99999636316133
14.996848355023726	1.0587515541162556e-6	-179.99999649401025
15.135612484362072	1.0393334762604449e-6	-179.99999661954342
15.275660582380716	1.02027323558296e-6	-179.99999673999136
15.417004529495584	1.0015641756563839e-6	-179.99999685557427
15.559656316050734	9.83199766158669e-7	-179.99999696650232
15.703628043335515	9.651736004000217e-7	-179.99999707297656
15.848931924611126	9.474793929013749e-7	-179.99999717518887
15.995580286146678	9.301109770232674e-7	-179.99999727332258
16.143585568264854	9.130623026439708e-7	-179.9999973675529
16.292960326397214	8.963274338857358e-7	-179.9999974580472
16.443717232149307	8.799005468880617e-7	-179.99999754496542
16.595869074375596	8.637759276269177e-7	-179.9999976284604
16.749428760264365	8.479479697788762e-7	-179.99999770867808
16.90440931643263	8.324111726291474e-7	-179.99999778575807
17.060823890031227	8.171601390225134e-7	-179.9999978598337
17.21868574986006	8.021895733562211e-7	-179.99999793103242
17.378008287493746	7.874942796138712e-7	-179.99999799947605
17.5388050184176	7.730691594394075e-7	-179.999998065281
17.701089583174202	7.589092102503051e-7	-179.99999812855856
17.864875748520497	7.4500952338909e-7	-179.99999818941504
18.03017740859568	7.313652823123478e-7	-179.9999982479522
18.197008586099827	7.179717608163874e-7	-179.9999983042672
18.365383433483455	7.048243212987636e-7	-179.99999835845296
18.535316234148105	6.91918413054861e-7	-179.99999841059832
18.706821403657997	6.792495706087889e-7	-179.99999846078828
18.879913490962927	6.668134120778253e-7	-179.99999850910402
19.054607179632463	6.546056375696872e-7	-179.99999855562322
19.230917289101576	6.426220276119187e-7	-179.99999860042016
19.408858775927772	6.308584416126996e-7	-179.99999864356585
19.58844673505989	6.193108163523928e-7	-179.99999868512822
19.769696401118598	6.079751645051848e-7	-179.99999872517225
19.952623149688787	5.968475731901524e-7	-179.99999876376012
20.137242498623873	5.859242025511476e-7	-179.9999988009512
20.32357010936221	5.752012843648725e-7	-179.99999883680246
20.511621788255646	5.646751206765488e-7	-179.99999887136818
20.701413487910415	5.543420824625964e-7	-179.99999890470053
20.892961308540386	5.441986083197475e-7	-179.9999989368492
21.086281499332888	5.342412031800436e-7	-179.99999896786193
21.28139045982711	5.244664370511587e-7	-179.99999899778427
21.47830474130533	5.14870943781528e-7	-179.99999902665985
21.67704104819694	5.05451419849755e-7	-179.9999990545305
21.87761623949552	4.962046231777916e-7	-179.9999990814361
22.080047330188993	4.871273719673915e-7	-179.99999910741496
22.28435149270303	4.782165435593555e-7	-179.99999913250372
22.490546058357804	4.694690733150953e-7	-179.9999991567374
22.698648518838212	4.6088195352004787e-7	-179.99999918014962
22.908676527677724	4.5245223230849215e-7	-179.9999992027725
23.12064790175594	4.441770126093259e-7	-179.9999992246368
23.33458062281002	4.360534511123669e-7	-179.99999924577202
23.55049283896009	4.280787572547612e-7	-179.9999992662064
23.76840286624876	4.2025019222707956e-7	-179.99999928596694
23.9883291901949	4.1256506799870547e-7	-179.99999930507954
24.210290467361776	4.0502074636211274e-7	-179.99999932356903
24.434305526939713	3.976146379956524e-7	-179.99999934145916
24.660393372343385	3.903442015444693e-7	-179.99999935877273
24.888573182823905	3.8320694271917965e-7	-179.99999937553153
25.118864315095795	3.762004134119492e-7	-179.99999939175646
25.351286304979073	3.693222108296188e-7	-179.9999994074676
25.58585886905645	3.625699766435338e-7	-179.9999994226842
25.82260190634596	3.5594139615573625e-7	-179.99999943742455
26.06153549998895	3.49434197481196e-7	-179.9999994517064
26.302679918953814	3.4304615074574994e-7	-179.99999946554664
26.54605561975539	3.3677506729944126e-7	-179.9999994789615
26.791683248190314	3.3061879894494356e-7	-179.99999949196658
27.039583641088434	3.2457523718077286e-7	-179.99999950457672
27.289777828080403	3.1864231245898547e-7	-179.99999951680633
27.542287033381662	3.128179934570786e-7	-179.9999995286691
27.797132677592884	3.0710028636380734e-7	-179.9999995401782
28.05433637951713	3.014872341786398e-7	-179.99999955134626
28.31391995799379	2.9597691602458187e-7	-179.9999995621855
28.575905433749465	2.9056744647410444e-7	-179.99999957270745
28.84031503126606	2.8525697488791386e-7	-179.99999958292338
29.10717118066605	2.8004368476631106e-7	-179.99999959284395
29.376496519615305	2.749257931128903e-7	-179.9999996024795
29.648313895243422	2.699015498103352e-7	-179.99999961183988
29.92264636608189	2.6496923700807096e-7	-179.99999962093466
30.19951720402016	2.601271685215415e-7	-179.9999996297729
30.4789498962798	2.5537368924288323e-7	-179.9999996383634
30.76096814740705	2.507071745627666e-7	-179.99999964671454
31.045595881283525	2.461260298031968e-7	-179.99999965483445
31.332857243155825	2.4162868966104567e-7	-179.9999996627309
31.62277660168376	2.372136176621159e-7	-179.9999996704113
31.91537855100758	2.3287930562552417e-7	-179.99999967788293
32.21068791283432	2.2862427313820778e-7	-179.99999968515263
32.50872973854341	2.2444706703935202e-7	-179.99999969222705
32.80952931131187	2.2034626091454795e-7	-179.99999969911258
33.11311214825908	2.1632045459949157e-7	-179.99999970581538
33.41950400261139	2.123682736930375e-7	-179.99999971234132
33.72873086588685	2.0848836907942522e-7	-179.9999997186961
34.040818970100055	2.0467941645950283e-7	-179.9999997248852
34.35579478998743	2.009401158907704e-7	-179.99999973091386
34.67368504525313	1.9726919133607453e-7	-179.99999973678717
34.994516702835696	1.9366539022078636e-7	-179.99999974250997
35.318316979195664	1.9012748299829913e-7	-179.99999974808702
35.64511334262439	1.866542627236842e-7	-179.9999997535228
35.9749335155742	1.8324454463534868e-7	-179.99999975882164
36.3078054770101	1.798971657445417e-7	-179.99999976398777
36.64375746478329	1.7661098443255597e-7	-179.99999976902524
36.98281797802659	1.7338488005547883e-7	-179.99999977393796
37.32501577957203	1.7021775255634646e-7	-179.99999977872963
37.670379898390856	1.6710852208455997e-7	-179.99999978340392
38.01893963205609	1.640561286224236e-7	-179.99999978796427
38.370724549227845	1.6105953161866956e-7	-179.99999979241412
38.72576449216169	1.5811770962883397e-7	-179.99999979675664
39.08408957924017	1.5522965996235513e-7	-179.99999980099503
39.44573020752781	1.5239439833626392e-7	-179.99999980513226
39.81071705534969	1.4961095853534124e-7	-179.99999980917127
40.17908108489396	1.4687839207861924e-7	-179.99999981311487
40.55085354483835	1.4419576789210482e-7	-179.99999981696578
40.92606597300105	1.415621719876078e-7	-179.99999982072663
41.304750199016105	1.3897670714755606e-7	-179.99999982439994
41.68693834703351	1.3643849261568597e-7	-179.99999982798818
42.07266283844438	1.3394666379349382e-7	-179.99999983149368
42.46195639463126	1.315003719423418e-7	-179.99999983491875
42.85485203974392	1.2909878389110809e-7	-179.9999998382656
43.251383103500835	1.2674108174927845e-7	-179.99999984153638
43.65158322401656	1.2442646262537481e-7	-179.9999998447331
44.0554863506553	1.2215413835062047e-7	-179.99999984785782
44.46312674691084	1.1992333520774225e-7	-179.99999985091242
44.87453899331318	1.1773329366481245e-7	-179.99999985389883
45.28975799036204	1.1558326811403582e-7	-179.99999985681882
45.708818961487474	1.1347252661538812e-7	-179.99999985967412
46.13175745603791	1.1140035064501393e-7	-179.9999998624665
46.55860935229586	1.0936603484829458e-7	-179.9999998651976
46.98941086052151	1.0736888679749781e-7	-179.99999986786895
47.42419852602443	1.0540822675392322e-7	-179.99999987048216
47.8630092322638	1.0348338743445846e-7	-179.9999998730388
48.30588020397723	1.0159371378246281e-7	-179.9999998755403
48.7528490103386	9.97385627428979e-8	-179.99999987798827
49.20395356814506	9.791730304162445e-8	-179.99999988038422
49.65923214503358	9.612931496878741e-8	-179.99999988272995
50.118723362727195	9.437399016621347e-8	-179.99999988502782
50.58246620031137	9.265073141874543e-8	-179.99999988728226
51.0504999975406	9.09589524494438e-8	-179.99999988950646
51.52286445817562	8.929807771857679e-8	-179.99999989177596
51.99959965335157	8.766754222551301e-8	-179.99999989421704
52.48074602497723	8.606679131772867e-8	-179.99999989587977
52.966344389165755	8.449528049765191e-8	-179.99999989782373
53.45643593969714	8.295247523711658e-8	-179.99999989978124
53.95106225151273	8.143785079486375e-8	-179.99999990170926
54.450265284242086	7.995089203640818e-8	-179.99999990360087
54.95408738576243	7.849109325765193e-8	-179.99999990545484
55.462571295791044	7.705795801174605e-8	-179.99999990727127
55.97576014951099	7.565099893914593e-8	-179.99999990905079
56.49369748123023	7.426973760080268e-8	-179.99999991079406
57.01642722807472	7.291370431443345e-8	-179.99999991250186
57.543993733715666	7.158243799381264e-8	-179.99999991417494
58.07644175213118	7.027548599102877e-8	-179.9999999158141
58.61381645140285	6.89924039416509e-8	-179.99999991742004
59.15616341754737	6.773275561275058e-8	-179.99999991899355
59.70352865838366	6.649611275372665e-8	-179.99999992053537
60.255958607435744	6.528205494987993e-8	-179.99999992204616
60.81350012787176	6.409016947868727e-8	-179.99999992352662
61.37620051647939	6.292005116872422e-8	-179.99999992497743
61.94410750767812	6.17713022611876e-8	-179.99999992639925
62.51726927756855	6.06435322739689e-8	-179.99999992779271
63.0957344480193	5.953635786823175e-8	-179.99999992915843
63.67955209079155	5.844940271744674e-8	-179.99999993049704
64.26877173170195	5.738229737883758e-8	-179.9999999318091
64.86344335482381	5.633467916719445e-8	-179.9999999330952
65.46361740672747	5.530619203100984e-8	-179.9999999343559
66.06934480075958	5.429648643089463e-8	-179.99999993559175
66.68067692136219	5.3305219220231247e-8	-179.9999999368033
67.29766562843174	5.2332053528023156e-8	-179.99999993799102
67.92036326171844	5.1376658643899194e-8	-179.99999993915543
68.54882264526613	5.0438709905233775e-8	-179.99999994029702
69.18309709189363	4.951788858634236e-8	-179.99999994141632
69.82324040771712	4.8613881789715676e-8	-179.99999994251374
70.46930689671467	4.7726382339252686e-8	-179.99999994358976
71.12135136533288	4.685508867545711e-8	-179.9999999446448
71.77942912713615	4.5999704752560305e-8	-179.99999994567932
72.44359600749898	4.515993993753497e-8	-179.99999994669372
73.11390834834172	4.433550891096454e-8	-179.99999994768845
73.79042301291008	4.3526131569734485e-8	-179.99999994866386
74.47319739059888	4.273153293151103e-8	-179.99999994962036
75.16228940182053	4.195144304097496e-8	-179.99999995055833
75.85775750291836	4.1185596877777675e-8	-179.99999995147812
76.55966069112561	4.0433734266187526e-8	-179.9999999523801
77.26805850957021	3.969559978639588e-8	-179.9999999532646
77.98301105232578	3.897094268745121e-8	-179.99999995413197
78.70457896950977	3.8259516801792e-8	-179.99999995498254
79.43282347242805	3.756108046134879e-8	-179.99999995581658
80.16780633876782	3.687539641518587e-8	-179.9999999566344
80.90958991783813	3.620223174865464e-8	-179.9999999574363
81.65823713585914	3.5541357804030645e-8	-179.99999995822253
82.41381150130013	3.489255010260684e-8	-179.9999999589933
83.176377110267	3.425558826821603e-8	-179.99999995974892
83.94599865193965	3.363025595215622e-8	-179.9999999604895
84.72274141405954	3.3016340759492964e-8	-179.99999996121522
85.50667128846823	3.241363417671276e-8	-179.99999996192622
86.29785477669692	3.182193150070298e-8	-179.99999996262252
87.09635899560797	3.124103176903288e-8	-179.9999999633042
87.90225168308834	3.0670737691511646e-8	-179.99999996397105
88.71560120379598	3.011085558299888e-8	-179.99999996462287
89.53647655495928	2.9561195297442967e-8	-179.99999996525915
90.36494737223005	2.902157016312246e-8	-179.99999996587914
91.20108393559087	2.849179691906406e-8	-179.99999996648148
92.04495717531702	2.797169565260758e-8	-179.99999996706407
92.89663867799354	2.746108973808218e-8	-179.9999999676232
93.75620069258792	2.695980577654247e-8	-179.99999996815274
94.6237161365792	2.6467673536476917e-8	-179.9999999686411
95.4992586021435	2.5984525895304973e-8	-179.9999999690655
96.38290236239695	2.551019878119217e-8	-179.99999996937558
97.2747223776964	2.5044531113696855e-8	-179.99999996944155
98.17479430199833	2.4587364737157723e-8	-179.99999996883696
99.08319448927665	2.4138544309368794e-8	-179.99999996538824
99.9999999999999	2.3697916562342098e-8	-179.9999999226659