0.01000000000000001	0.006633623092115365	-4.12380409371514
0.010092528860766855	0.006635184229170776	-4.125426121744866
0.01018591388054118	0.006636775328447177	-4.1270789866040944
0.010280162981264745	0.006638396983155253	-4.128763297603354
0.010375284158180138	0.006640049798943201	-4.13047967687804
0.010471285480509006	0.006641734394183997	-4.132228759687229
0.010568175092136596	0.0066434514002700115	-4.134011194720513
0.01066596121230259	0.0066452014619154684	-4.135827644412959
0.010764652136298361	0.006646985237467337	-4.1376787852689265
0.010864256236170667	0.0066488033992240445	-4.139565308194272
0.010964781961431863	0.006650656633763321	-4.141487918838102
0.011066237839776675	0.006652545642278417	-4.143447337943425
0.011168632477805623	0.006654471140924163	-4.145444301708119
0.011271974561755117	0.006656433861171606	-4.147479562155128
0.011376272858234322	0.006658434550173438	-4.149553887513878
0.01148153621496884	0.00666047397113842	-4.151668062611414
0.011587773561551273	0.006662552903717257	-4.1538228892755304
0.011694993910198724	0.006664672144398533	-4.156019186748529
0.01180320635651731	0.006666832506916091	-4.158257792113267
0.011912420080273762	0.006669034822667708	-4.160539560730998
0.012022644346174144	0.006671279941145827	-4.162865366692177
0.012133888504649786	0.006673568730380344	-4.165236103279872
0.012246161992650502	0.006675902077394402	-4.167652683447077
0.01235947433444512	0.006678280888672861	-4.170116040307635
0.012473835142429446	0.006680706090644723	-4.172627127641624
0.012589254117941687	0.006683178630179271	-4.175186920415671
0.012705741052085433	0.006685699475096999	-4.177796415318875
0.012823305826560232	0.006688269614695177	-4.180456631314232
0.01294195841449987	0.006690890060289536	-4.183168610207246
0.013061708881318424	0.006693561845771258	-4.185933417230963
0.013182567385564082	0.006696286028181299	-4.1887521416492675
0.01330454417978092	0.006699063688301548	-4.19162589737832
0.013427649611378649	0.006701895931263975	-4.194555823626997
0.01355189412351037	0.006704783887178235	-4.197543085557213
0.013677288255958502	0.006707728711778381	-4.200588874964337
0.013803842646028859	0.0067107315870894415	-4.203694410979256
0.013931568029453043	0.006713793722114802	-4.206860940792203
0.01406047524129915	0.006716916353544398	-4.210089740399137
0.014190575216890933	0.006720100746485383	-4.2133821153720845
0.014321878992735446	0.006723348195215653	-4.216739401653754
0.014454397707459286	0.006726660023961469	-4.220162966378222
0.014588142602753497	0.006730037587698916	-4.223654208716859
0.014723125024327202	0.0067334822729816024	-4.227214560752676
0.014859356422870082	0.006736995498795144	-4.230845488382941
0.014996848355023748	0.006740578717438527	-4.234548492251038
0.015135612484362095	0.006744233415434544	-4.238325108709307
0.015275660582380739	0.006747961114470122	-4.24217691081386
0.015417004529495607	0.0067517633723671805	-4.246105509352377
0.015559656316050758	0.006755641784085657	-4.250112553906357
0.01570362804333554	0.006759597982760358	-4.254199733949605
0.015848931924611148	0.006763633640771843	-4.258368779983522
0.015995580286146702	0.006767750470853878	-4.26262146471151
0.016143585568264878	0.006771950227238251	-4.266959604253635
0.016292960326397238	0.006776234706838269	-4.27138505940312
0.01644371723214933	0.006780605750473576	-4.275899736926911
0.016595869074375623	0.006785065244136627	-4.280505590911552
0.01674942876026439	0.006789615120303329	-4.285204624156367
0.016904409316432657	0.006794257359289449	-4.289998889616178
0.017060823890031253	0.006798993990654801	-4.294890491895464
0.017218685749860088	0.00680382709465709	-4.299881588796008
0.017378008287493772	0.006808758803757521	-4.304974392920795
0.01753880501841763	0.006813791304180274	-4.310171173335621
0.01770108958317423	0.006818926837528439	-4.3154742572920775
0.017864875748520526	0.006824167702458261	-4.320886032013413
0.018030177408595707	0.006829516256415057	-4.326408946547166
0.018197008586099853	0.006834974917432714	-4.332045513686478
0.018365383433483484	0.0068405461659994	-4.337798311963357
0.018535316234148135	0.006846232546993784	-4.3436699877179255
0.018706821403658026	0.006852036671692936	-4.349663257245687
0.018879913490962956	0.006857961219856498	-4.355780909027294
0.019054607179632494	0.006864008941890134	-4.362025806044318
0.019230917289101597	0.006870182661091537	-4.368400888184671
0.019408858775927792	0.00687648527598337	-4.3749091747422
0.01958844673505991	0.006882919762736177	-4.381553767014307
0.01976969640111862	0.0068894891776865395	-4.388337851002744
0.01995262314968881	0.0068961966599539876	-4.395264700221881
0.020137242498623895	0.006903045434161037	-4.4023376786192525
0.02032357010936223	0.006910038813263365	-4.409560243615552
0.020511621788255666	0.00691718020149146	-4.416935949266437
0.020701413487910436	0.006924473097412879	-4.424468449555301
0.02089296130854041	0.006931921097118858	-4.4321615018216365
0.02108628149933291	0.006939527897541042	-4.440018970331367
0.021281390459827135	0.006947297299906451	-4.448044829997529
0.021478304741305354	0.006955233213334825	-4.456243170256779
0.02167704104819696	0.006963339658588158	-4.4646181991114995
0.02187761623949554	0.006971620771977384	-4.473174247343967
0.022080047330189013	0.0069800808094363995	-4.481915772912866
0.022284351492703053	0.0069887241507695964	-4.49084736553975
0.022490546058357826	0.006997555304083735	-4.499973751496931
0.022698648518838235	0.007006578910411646	-4.509299798605245
0.022908676527677748	0.007015799748539649	-4.518830521454628
0.023120647901755963	0.007025222740046989	-4.528571086857103
0.023334580622810044	0.007034852954570833	-4.538526819546476
0.023550492838960112	0.007044695615305846	-4.548703208135409
0.023768402866248782	0.007054756104753552	-4.559105911346241
0.02398832919019492	0.007065039970732923	-4.569740764528267
0.0242102904673618	0.007075552932666773	-4.58061378647782
0.02443430552693974	0.007086300888158821	-4.591731186577426
0.024660393372343412	0.0070972899198783685	-4.6030993722727365
0.02488857318282393	0.007108526302766875	-4.614724956903522
0.025118864315095822	0.00712001651158746	-4.626614767911275
0.025351286304979098	0.007131767228834146	-4.638775855442861
0.02558585886905648	0.0071437853530221	-4.651215501373342
0.025822601906345985	0.007156078007380224	-4.663941228771755
0.026061535499988978	0.007168652548969588	-4.676960811835949
0.026302679918953843	0.0071815165782513	-4.690282286322945
0.026546055619755416	0.0071946779491312346	-4.703913960504798
0.026791683248190343	0.0072081447795081235	-4.717864426679999
0.027039583641088463	0.0072219254623562025	-4.732142573274726
0.027289777828080432	0.0072360286773734215	-4.746757597568638
0.02754228703338169	0.0072504634032295795	-4.761719019083437
0.02779713267759291	0.007265238930450475	-4.77703669367451
0.02805433637951716	0.007280364874977156	-4.79272082836914
0.028313919957993816	0.0072958511924426424	-4.808781996998517
0.028575905433749497	0.007311708193208934	-4.825231156671485
0.028840315031266085	0.007327946558214647	-4.842079665146059
0.02910717118066608	0.007344577355682437	-4.859339299153731
0.029376496519615335	0.0073616120587419835	-4.877022273739059
0.029648313895243455	0.007379062564028679	-4.895141262681418
0.02992264636608192	0.007396941211319099	-4.913709420067695
0.030199517204020192	0.007415260804274803	-4.932740403095687
0.03047894989627986	0.007434034632364304	-4.952248396186725
0.03076096814740711	0.007453276494045523	-4.972248136499547
0.031045595881283587	0.0074730007212914186	-4.992754940938351
0.03133285724315589	0.007493222205552192	-5.0137847347597
0.031622776601683826	0.007513956425252102	-5.035354081888498
0.03191537855100765	0.007535219474928239	-5.057480217063462
0.03221068791283438	0.007557028096126685	-5.080181079942083
0.03250872973854347	0.007579399710180778	-5.103475351305214
0.03280952931131194	0.007602352453005979	-5.127382491512734
0.03311311214825915	0.007625905212058956	-5.1519227813764825
0.03341950400261146	0.0076500776656177605	-5.177117365627513
0.03372873086588692	0.007674890324555528	-5.202988299171826
0.034040818970100126	0.007700364576794336	-5.229558596345564
0.0343557947899875	0.00772652273464143	-5.256852283397659
0.0346736850452532	0.007753388085227472	-5.284894454448812
0.034994516702835765	0.007780984944287616	-5.313711331198363
0.035318316979195734	0.007809338713545132	-5.343330326673843
0.03564511334262446	0.007838475941982224	-5.373780113345169
0.03597493351557427	0.007868424391307909	-5.405090695955092
0.03630780547701017	0.007899213105963136	-5.437293489451493
0.03664375746478335	0.007930872488031157	-5.470421402439995
0.03698281797802665	0.007963434377460504	-5.504508926619424
0.037325015779572084	0.00799693213804249	-5.539592232703171
0.037670379898390914	0.00803140074963163	-5.575709273382197
0.038018939632056145	0.008066876907141234	-5.612899893936757
0.0383707245492279	0.008103399126902068	-5.651205951166992
0.038725764492161745	0.008141007861028865	-5.690671441379121
0.03908408957924023	0.008179745620505541	-5.731342638239444
0.03944573020752787	0.008219657107773162	-5.773268241393515
0.039810717055349755	0.008260789359683291	-5.8164995368386165
0.04017908108489402	0.008303191901775676	-5.861090570148971
0.040550853544838415	0.008346916914933588	-5.907098333763693
0.040926065973001115	0.008392019415592217	-5.954582969687551
0.041304750199016166	0.008438557450794746	-6.003607989095599
0.04168693834703357	0.008486592309544155	-6.054240510509525
0.04207266283844444	0.008536188752051034	-6.106551518392881
0.04246195639463132	0.00858741525866852	-6.160616144234419
0.042854852039743985	0.008640344300506874	-6.216513972425322
0.04325138310350091	0.008695052633954288	-6.274329373510722
0.04365158322401663	0.008751621621596987	-6.33415186770894
0.044055486350655364	0.008810137582328938	-6.396076521942418
0.04446312674691091	0.008870692173784231	-6.460204384028465
0.04487453899331325	0.008933382810613767	-6.526642958138137
0.04528975799036211	0.008998313122569648	-6.595506726154863
0.04570881896148754	0.00906559345686995	-6.666917720169585
0.04613175745603798	0.009135341429893841	-6.741006152037471
0.04655860935229591	0.009207682533927538	-6.817911106720597
0.04698941086052156	0.009282750805440734	-6.897781307052575
0.04742419852602448	0.009360689562266435	-6.98077595862983
0.04786300923226385	0.009441652218064209	-7.067065684751694
0.04830588020397728	0.009525803183639166	-7.156833562767732
0.04875284901033865	0.009613318866047053	-7.250276274840001
0.04920395356814511	0.009704388778018313	-7.347605388074242
0.04965923214503363	0.009799216772078718	-7.449048781228541
0.05011872336272725	0.009898022415922964	-7.5548522378755285
0.05058246620031143	0.01000104252812649	-7.665281229008384
0.051050499997540646	0.01010853289627493	-7.780622911779036
0.05152286445817567	0.010220770203091938	-7.901188375406723
0.05199959965335162	0.01033805419030507	-8.027315170482414
0.052480746024977286	0.01046071009489491	-8.159370164049903
0.05296634438916581	0.01058909139820941	-8.29775277020673
0.05345643593969719	0.01072358293538196	-8.442898614796158
0.05395106225151279	0.010864604420788954	-8.595283703363332
0.05445026528424214	0.011012614455252557	-8.755429174369025
0.05495408738576248	0.011168115092661107	-8.923906735169352
0.0554625712957911	0.01133165705814157	-9.101344897161269
0.05597576014951104	0.011503845727407199	-9.288436149552838
0.05649369748123028	0.011685347998177269	-9.485945239525122
0.05701642722807478	0.011876900210479952	-9.694718761408634
0.05754399373371572	0.012079317304383575	-9.915696300661825
0.05807644175213124	0.012293503442655587	-10.14992343210214
0.05861381645140291	0.012520464373882339	-10.398566938924139
0.05915616341754743	0.012761321870991648	-10.662932703298548
0.05970352865838372	0.013017330653887466	-10.94448682576065
0.06025595860743581	0.01328989829680874	-11.244880665731229
0.060813500127871824	0.013580608735900031	-11.565980668086755
0.061376200516479455	0.013891250136519873	-11.909904062410854
0.06194410750767818	0.014223848060878974	-12.279061808120185
0.06251726927756862	0.01458070510468073	-12.676210531378512
0.06309573444801936	0.014964448459092266	-13.104515687637724
0.06367955209079162	0.015378087217068565	-13.56762882654166
0.064268771731702	0.015825081699511422	-14.069782688733088
0.06486344335482389	0.016309427648318008	-14.61590900281147
0.06546361740672754	0.016835758842512163	-15.211785381224457
0.06606934480075964	0.017409472558773165	-15.864219783875114
0.06668067692136226	0.01803688332252171	-16.581283834137487
0.06729766562843183	0.018725411545135417	-17.372610121055082
0.0679203632617185	0.01948381479385059	-18.2497739006967
0.0685488226452662	0.0203224702815041	-19.226786857061136
0.0691830970918937	0.021253716988910404	-20.32074050199807
0.06982324040771719	0.022292263135752544	-21.55265023636472
0.07046930689671474	0.023455656361598493	-22.94856891650957
0.07112135136533296	0.024764793558459907	-24.541061338959036
0.07177942912713622	0.02624440186749084	-26.37115688385269
0.07244359600749906	0.02792332612991138	-28.490919807538518
0.0731139083483418	0.029834260823359104	-30.96677468555379
0.07379042301291015	0.03201217248921401	-33.88364414418734
0.07447319739059896	0.034489912779363426	-37.349666880154935
0.07516228940182061	0.03728821203205472	-41.500476593459425
0.07585775750291844	0.04039531935482122	-46.50017067325614
0.07655966069112569	0.0437300385706614	-52.53235093639726
0.07726805850957029	0.04708542721703268	-59.76879495942841
0.07798301105232593	0.050070604482197356	-68.29966902911774
0.07870457896950993	0.05211530932313034	-78.0235683470506
0.07943282347242822	0.05263568111393365	-88.54939901687527
0.08016780633876798	0.05134995399687944	-99.22354305477485
0.0809095899178383	0.04848612635409567	-109.33743080336824
0.0816582371358593	0.04464208411036308	-118.37905726458739
0.0824138115013003	0.040451002243214094	-126.13674082998412
0.08317637711026717	0.036361219120352485	-132.63731975570525
0.08394599865193982	0.03260702242308493	-138.0303854248698
0.08472274141405972	0.02927139884904027	-142.50032991988624
0.08550667128846841	0.02635450894095181	-146.22117157643163
0.0862978547766971	0.023819703590657135	-149.34035227508906
0.08709635899560814	0.021618543142324698	-151.976759291804
0.08790225168308852	0.01970259717937815	-154.22416381792485
0.08871560120379617	0.01802819911248304	-156.15595579072715
0.08953647655495947	0.01655781050479881	-157.82957435763788
0.09036494737223023	0.015259902295713283	-159.2901662965548
0.09120108393559107	0.014108277017984377	-160.57344868145609
0.09204495717531722	0.013081252529689119	-161.70789504344495
0.09289663867799372	0.012160883316365402	-162.71638862096597
0.09375620069258811	0.011332281701646093	-163.6174701386731
0.09462371613657934	0.010583051063603152	-164.42628184752118
0.09549925860214364	0.009902822839531525	-165.15528529570943
0.0963829023623971	0.00928288243598244	-165.81481053168523
0.09727472237769656	0.00871586840072598	-166.4134793084174
0.09817479430199849	0.008195530754753603	-166.95853361369734
0.09908319448927681	0.007716536601948741	-167.45609261086292
0.10000000000000005	0.007274313343132547	-167.9113550678318
0.10092528860766849	0.006864921763618961	-168.32875997595085
0.10185913880541175	0.00648495287551694	-168.7121148633647
0.10280162981264741	0.006131443693895144	-169.06469896217578
0.10375284158180131	0.005801808153529298	-169.38934665834074
0.10471285480509002	0.005493780179322072	-169.6885153687362
0.1056817509213659	0.005205366553526791	-169.96434102990543
0.10665961212302584	0.004934807714530414	-170.21868366063606
0.10764652136298355	0.004680545005785776	-170.45316491303925
0.10864256236170661	0.004441193193722714	-170.66919910878127
0.10964781961431856	0.004215517308961768	-170.86801893549358
0.1106623783977667	0.004002413050474034	-171.05069672888482
0.11168632477805618	0.003800890138701989	-171.2181620707829
0.1127197456175511	0.0036100581197185807	-171.37121627888502
0.11376272858234315	0.0034291142149086257	-171.51054424032444
0.11481536214968835	0.003257332884525693	-171.63672394062434
0.11587773561551268	0.0030940568327834355	-171.75023395623185
0.11694993910198717	0.002938689229940749	-171.85145910791488
0.11803206356517304	0.0027906869655362	-171.94069440995705
0.11912420080273756	0.0026495547783703566	-172.01814739300156
0.12022644346174137	0.0025148401344948943	-172.08393882350896
0.1213388850464978	0.0023861287454868185	-172.1381017871412
0.12246161992650495	0.0022630406365735708	-172.18057904378455
0.12359474334445113	0.002145226688448999	-172.21121849476086
0.12473835142429439	0.002032365588454291	-172.22976652362968
0.1258925411794168	0.0019241611366494161	-172.23585887520582
0.12705741052085426	0.001820339860540556	-172.2290086155015
0.12823305826560225	0.001720648899155122	-172.20859055800702
0.1294195841449987	0.0016248541230162758	-172.17382133476522
0.13061708881318423	0.0015327384615667337	-172.1237340137924
0.1318256738556408	0.001444100413901624	-172.05714578831174
0.13304544179780922	0.0013587527224492415	-171.9726167451735
0.13427649611378642	0.0012765211926278755	-171.86839699609223
0.13551894123510363	0.001197243644659848	-171.74235842985567
0.13677288255958495	0.0011207689868010292	-171.5919058689878
0.13803842646028852	0.0010469564024585365	-171.41386026020453
0.13931568029453034	0.0009756746473061398	-171.20430332792984
0.14060475241299142	0.0009068014569989564	-170.95836827902332
0.14190575216890927	0.0008402230721197712	-170.66995367660664
0.1432187899273544	0.000775833895701241	-170.33132582079358
0.1445439770745928	0.0007135363120385699	-169.93255594885642
0.1458814260275349	0.0006532407170939247	-169.46070701865838
0.14723125024327194	0.0005948658472336656	-168.89863096573237
0.14859356422870074	0.0005383395572109356	-168.22314226598954
0.1499684835502374	0.00048360031629093316	-167.40215963671162
0.15135612484362088	0.00043059991863130204	-166.39007579060558
0.15275660582380732	0.0003793083647637302	-165.1199518816095
0.154170045294956	0.0003297228616984957	-163.48973694670246
0.1555965631605075	0.0002818851678087352	-161.33659905112776
0.15703628043335532	0.0002359171711053947	-158.38607980129302
0.15848931924611143	0.00019209993227388438	-154.14436196135014
0.15995580286146696	0.00015106676259666265	-147.65566416918426
0.1614358556826487	0.00011432067639610807	-136.9578038000767
0.1629296032639723	0.00008561775025281379	-118.29803924627045
0.16443717232149324	0.00007289842154483462	-88.96951289236733
0.16595869074375613	0.00008217993607937786	-59.10913478219892
0.16749428760264382	0.00010678526792333235	-39.752321659012225
0.1690440931643265	0.000137975918616638	-28.657949738310695
0.17060823890031243	0.0001716076916067263	-21.95825324225096
0.17218685749860077	0.00020603021899412682	-17.59407330335937
0.17378008287493762	0.00024054228616264176	-14.56415506242442
0.1753880501841762	0.0002748192175362232	-12.353664994845632
0.1770108958317422	0.00030870196914326486	-10.677788796356841
0.17864875748520517	0.0003421116816952728	-9.368210541845025
0.180301774085957	0.00037501146703089455	-8.31977604530445
0.18197008586099844	0.0004073877994344088	-7.4636831435413455
0.18365383433483473	0.00043924079213221066	-6.753143802976415
0.18535316234148125	0.0004705788140892554	-6.155289710206413
0.18706821403658017	0.0005014153654107605	-5.646384267407818
0.18879913490962946	0.0005317671927021843	-5.208874060283121
0.19054607179632482	0.0005616531169374188	-4.829508646546784
0.19230917289101596	0.0005910932871327755	-4.498104553152316
0.19408858775927793	0.0006201086973043213	-4.206710765842897
0.19588446735059908	0.0006487208711563413	-3.9490318362154637
0.1976969640111862	0.0006769516565056196	-3.720020619255179
0.19952623149688808	0.0007048230932482062	-3.515585314614048
0.20137242498623895	0.0007323573317279188	-3.3323751435415323
0.2032357010936223	0.0007595765863980853	-3.1676211447521387
0.20511621788255666	0.0007865031147375028	-3.0190162659644977
0.20701413487910436	0.0008131592146540684	-2.884623906057227
0.2089296130854041	0.0008395672357688061	-2.7628073485666804
0.2108628149933291	0.0008657496014259713	-2.6521747356586385
0.21281390459827135	0.0008917288392732031	-2.551535740904493
0.21478304741305343	0.0009175276189550873	-2.4598671464822592
0.21677041048196952	0.000943168795964361	-2.3762852675352013
0.2187761623949553	0.0009686754610629073	-2.300023692067526
0.22080047330189004	0.000994070994962052	-2.2304151841975712
0.22284351492703042	0.001019379128168712	-2.1668768756183137
0.22490546058357816	0.0010446240060800745	-2.1088980745298036
0.22698648518838224	0.0010698302595588593	-2.0560301736506448
0.22908676527677735	0.00109502308135579	-2.0078782535146975
0.23120647901755953	0.0011202283088707354	-1.9640940642334732
0.23334580622810033	0.0011454725138684615	-1.9243701354646003
0.23550492838960102	0.0011707830998916396	-1.8884348156742201
0.23768402866248772	0.001196188408248541	-1.856048081697022
0.2398832919019491	0.0012217178336005503	-1.826997990858381
0.2421029046736179	0.0012474019503386253	-1.8010976725857006
0.24434305526939726	0.0012732726511224292	-1.7781827760364732
0.246603933723434	0.0012993632991698753	-1.758109305964185
0.24888573182823917	0.0013257088961276188	-1.7407517917103779
0.25118864315095807	0.0013523462676404362	-1.7260017445220412
0.2535128630497908	0.0013793142690684322	-1.7137663668705696
0.25585858869056466	0.001406654014193861	-1.7039674844955492
0.2582260190634597	0.0014344091302212012	-1.6965406778359953
0.26061535499988964	0.0014626260429223394	-1.691434594600416
0.2630267991895383	0.0014913542964294642	-1.6886104296761983
0.26546055619755404	0.0015206469129601813	-1.6880415625646075
0.2679168324819033	0.0015505607986906038	-1.689713346204712
0.2703958364108845	0.001581157203121832	-1.6936230445551743
0.2728977782808042	0.0016125022406441641	-1.699779919769574
0.27542287033381674	0.0016446674846608508	-1.7082054733603376
0.277971326775929	0.0016777306466522705	-1.718933849538233
0.2805433637951715	0.0017117763550378035	-1.7320124130944625
0.28313919957993805	0.0017468970517470067	-1.7475025189425566
0.2857590543374948	0.0017831940281945778	-1.7654804959775892
0.2884031503126607	0.0018207786270629522	-1.7860388745129734
0.29107171180666064	0.0018597736422044627	-1.8092878945704496
0.2937649651961532	0.0019003149564157582	-1.8353573421752958
0.2964831389524344	0.0019425534662838374	-1.8643987731408844
0.29922646366081906	0.0019866573553706905	-1.896588199402199
0.30199517204020176	0.002032814792534496	-1.9321293328397537
0.30478949896279844	0.002081237152330351	-1.9712575071699667
0.307609681474071	0.002132162880777239	-2.0142444318563513
0.3104559588128357	0.0021858621645384686	-2.06140397589081
0.3133285724315587	0.0022426426078602157	-2.113099237609073
0.3162277660168381	0.002302856183906179	-2.169751235004596
0.31915378551007634	0.0023669078118750578	-2.2318496573365874
0.3221068791283436	0.0024352660279392084	-2.2999662649680745
0.32508729738543457	0.00250847638070193	-2.3747717278597036
0.3280952931131192	0.002587178411851814	-2.4570569805091886
0.3311311214825913	0.0026721274128977133	-2.547760583284213
0.33419504002611444	0.0027642226310208413	-2.6480041814830804
0.3372873086588691	0.0028645443145433602	-2.7591390482494567
0.34040818970100106	0.002974403079450845	-2.8828080599390242
0.34355794789987465	0.0030954067815266465	-3.021029591231683
0.34673685045253166	0.0032295528398265526	-3.1763133515664763
0.3499451670283573	0.0033793588185652133	-3.3518249028545006
0.353183169791957	0.003548056443180585	-3.5516396709314058
0.35645113342624424	0.003738688409496193	-3.79473763450044
0.3597493351557423	0.00396016357962361	-4.046628936640763
0.36307805477010135	0.004216982542104549	-4.358695638573372
0.36643757464783333	0.004521002242109089	-4.7304805633606986
0.3698281797802663	0.004888203799732215	-5.181912341523462
0.3732501577957206	0.005343302510830381	-5.743747853476769
0.37670379898390893	0.00592715019453794	-6.466731295827681
0.38018939632056126	0.006713623920783299	-7.442532869470589
0.38370724549227886	0.007854687621552843	-8.859875851655685
0.3872576449216173	0.009731732488416467	-11.194946466291471
0.3908408957924021	0.013701962750512525	-16.17436699142459
0.39445730207527846	0.030283815467497883	-39.04148981431273
0.3981071705534973	0.012686673147387124	-163.88776037566575
0.40179081084894	0.0006551177052283069	-4.7851768999196125
0.40550853544838394	0.006007432486144344	-8.093154844124587
0.40926065973001097	0.01189310972442401	-16.283290505031438
0.41304750199016144	0.02347502480571076	-34.083140711171296
0.4168693834703355	0.041436993014527045	-94.38450724085955
0.4207266283844442	0.022659689508672445	-146.12294281588993
0.424619563946313	0.013170857112151862	-160.54874126699204
0.4285485203974396	0.00897684517350388	-166.46229058974023
0.43251383103500884	0.0066369804960421915	-169.6827375527532
0.4365158322401661	0.005121657256882407	-171.74432767199707
0.44055486350655343	0.004034254959462436	-173.21562137315345
0.4446312674691088	0.0031873116973700406	-174.36098787013
0.4487453899331323	0.0024745292682399533	-175.3289717074217
0.4528975799036209	0.001820221984321606	-176.22161983611636
0.4570881896148752	0.0011482650816035664	-177.11383404866825
0.46131757456037953	0.00033848875339607547	-177.55557182748677
0.4655860935229591	0.0009122619510173755	-1.4319157289484252
0.4698941086052156	0.003944763688557551	-7.147936927960204
0.4742419852602448	0.02874293297273355	-68.4284267871799
0.47863009232263853	0.008079241511692247	-163.45938445593634
0.48305880203977286	0.004630325664784775	-169.8548400714785
0.4875284901033865	0.0034098228711167715	-171.97421972955232
0.4920395356814511	0.0027513684521376773	-173.03249844111411
0.49659232145033627	0.0023218283020421692	-173.65663358618298
0.5011872336272725	0.0020101397380945536	-174.05199286411548
0.5058246620031143	0.0017683655163293678	-174.30473374316895
0.5105049999754064	0.0015722109857890963	-174.45615605182826
0.5152286445817567	0.0014079197492600684	-174.52710002487598
0.5199959965335162	0.0012670411819255647	-174.52745559382305
0.5248074602497729	0.0011440506917153872	-174.4602220981974
0.5296634438916581	0.0010351570230882716	-174.32321024412695
0.5345643593969719	0.0009376581306040151	-174.10953044876283
0.5395106225151278	0.0008495728756266742	-173.80731113487934
0.5445026528424215	0.0007694219447667586	-173.39881163433674
0.5495408738576248	0.0006960955193985282	-172.8590047593323
0.5546257129579107	0.0006287756519647325	-172.15378387847534
0.5597576014951101	0.0005668963674102889	-171.23833650477889
0.5649369748123025	0.0005101306190860948	-170.05728158806198
0.5701642722807475	0.0004583898084010466	-168.5505155052754
0.5754399373371569	0.0004118012644374994	-166.67265547230497
0.580764417521312	0.0003705819231274801	-164.4362610418225
0.5861381645140288	0.0003346748048254708	-161.97474095311307
0.591561634175474	0.00030310850390248545	-159.56507872384813
0.5970352865838369	0.00027352152128038684	-157.48605345913
0.6025595860743578	0.0002427807740344329	-155.67963429392478
0.6081350012787179	0.00020875600527308751	-153.40540851270666
0.6137620051647943	0.00017181776228085215	-148.86563212830916
0.6194410750767815	0.00013661108479842671	-137.89966364920983
0.6251726927756859	0.00012445368314984936	-113.02740215573559
0.6309573444801934	0.00021069286786702855	-95.18232206410633
0.6367955209079159	0.0002688475826058885	-138.35223570490612
0.6426877173170198	0.00015762940533888196	-155.9787744698777
0.6486344335482385	0.00005127779009892265	-176.79781489853045
0.654636174067275	0.00008945032980786847	-2.6261064034956454
0.6606934480075961	0.00007845757297348865	-178.59008121804104
0.6668067692136223	0.000024105974128141223	-0.3032488265319509
0.6729766562843178	0.0000708122160791365	-0.513730726827815
0.6792036326171846	0.00010726282755231397	-0.5332486903980234
0.6854882264526617	0.00013940200120948055	-0.48864901381106646
0.6918309709189366	0.00016911922290714597	-0.42914480141120115
0.6982324040771715	0.00019725700565858387	-0.3746731273714807
0.7046930689671471	0.00022426632331020663	-0.3322161408366996
0.7112135136533292	0.00025042208490722576	-0.3024971640263357
0.7177942912713619	0.0002759123422806711	-0.2836026263998832
0.7244359600749902	0.0003008797607736838	-0.27294140587326593
0.7311390834834176	0.00032544214210765486	-0.2681406176245114
0.7379042301291011	0.0003497033592794905	-0.2673367479689555
0.7447319739059892	0.0003737600511561556	-0.2691844112413304
0.7516228940182057	0.0003977067805992041	-0.2727659252061622
0.758577575029184	0.00042164132374599735	-0.2774873898754845
0.7655966069112565	0.00044567173018774785	-0.28299422459947077
0.7726805850957026	0.0004699278480612035	-0.2891171191326004
0.7798301105232589	0.0004945832656628569	-0.295856874681905
0.7870457896950989	0.0005199032929619232	-0.30343503042748665
0.7943282347242817	0.0005463674218552686	-0.31251503742503295
0.8016780633876793	0.0005750535845333535	-0.32507487382482686
0.8090958991783825	0.0006093098655014419	-0.3491431557491854
0.8165823713585927	0.0006691594093042714	-0.4578290259875044
0.8241381150130026	0.00040178509747720734	-2.567955570119386
0.8317637711026713	0.0006167335818152788	-0.3545424759203118
0.8394599865193977	0.0006615224476091207	-0.33675284092003466
0.8472274141405968	0.000695598028460437	-0.340012039458389
0.8550667128846836	0.0007271997600904485	-0.3464369784961743
0.8629785477669706	0.0007583285144795549	-0.35388711609646867
0.870963589956081	0.0007897750369989415	-0.36194805364260857
0.8790225168308847	0.0008219676193419158	-0.3705539342997923
0.8871560120379608	0.0008552021661114447	-0.37973705599056856
0.8953647655495938	0.0008897241842673218	-0.3895664835799016
0.9036494737223014	0.0009257645421164022	-0.40013075693862493
0.9120108393559097	0.0009635582795525215	-0.41153341400848875
0.9204495717531712	0.001003356685582868	-0.4238930171107158
0.9289663867799363	0.0010454368149146365	-0.43734518497497127
0.9375620069258802	0.0010901104443073173	-0.4520458764217613
0.946237161365793	0.001137733643196421	-0.4681757872129708
0.9549925860214359	0.0011887178464455863	-0.485945995707573
0.9638290236239705	0.0012435432903870006	-0.505605169685879
0.9727472237769651	0.0013027758121599443	-0.5274488175883318
0.9817479430199844	0.0013670883009231582	-0.551831280980614
0.9908319448927676	0.001437288558208788	-0.5791814639205041
1.	0.001514356047194125	-0.6100237341955617
1.0092528860766845	0.0015994911191395504	-0.6450060957995036
1.0185913880541169	0.0016941820259290085	-0.684938760720129
1.0280162981264735	0.001800297750175721	-0.7308478787479616
1.0375284158180127	0.0019202190946195836	-0.7840518352207488
1.0471285480508996	0.0020570278138520243	-0.8462719602286017
1.0568175092136585	0.0022147861760226832	-0.919797145429117
1.066596121230258	0.002398961759783086	-1.0077355559250651
1.076465213629835	0.0026170938034901898	-1.114412146616462
1.0864256236170655	0.002879877962513442	-1.246020582160915
1.096478196143185	0.003203011345167527	-1.4117412596533734
1.1066237839776665	0.0036105003892415396	-1.625764744815653
1.1168632477805611	0.00414098659303893	-1.911204207170674
1.1271974561755105	0.004860863626803123	-2.308316970582778
1.1376272858234309	0.005894484107043333	-2.8937536492868996
1.1481536214968828	0.0075042939824856774	-3.832726606737924
1.1587773561551262	0.01035093909171058	-5.553239350660347
1.1694993910198712	0.016640440575903276	-9.541239594030372
1.1803206356517297	0.03792874096997917	-22.45445664729364
1.191242008027375	0.045073507621517406	-169.90574003733897
1.2022644346174132	0.016249601915184594	-171.85696446553402
1.2133888504649775	0.009856611003247608	-174.33550629798907
1.224616199265049	0.0070083829169531675	-175.5908711023155
1.2359474334445106	0.005399822899009644	-176.31085513335043
1.2473835142429432	0.0043653721279915195	-176.75725469439925
1.2589254117941675	0.003642633675718316	-177.04281172726596
1.270574105208542	0.003107473294022933	-177.22201459285614
1.2823305826560218	0.002693547651270289	-177.3227371554599
1.2941958414499863	0.002362110357966028	-177.35869694342418
1.3061708881318417	0.0020889122918701128	-177.33460236110727
1.3182567385564075	0.0018578689556618885	-177.24789023576196
1.3304544179780915	0.0016577197444524732	-177.08824787823133
1.3427649611378643	0.0014801186917184654	-176.83477975181665
1.3551894123510364	0.001318439398432951	-176.4493043046293
1.3677288255958495	0.0011669223489115276	-175.86147745705415
1.3803842646028852	0.0010199315691922684	-174.93367921788476
1.3931568029453034	0.0008711287007600902	-173.36746079702837
1.4060475241299142	0.0007124294896558572	-170.4045827319633
1.4190575216890926	0.0005335864486997155	-163.56964123222892
1.432187899273544	0.00033859817268278047	-140.8824474624402
1.4454397707459279	0.00037869479286283485	-72.0470410130864
1.4588142602753489	0.001185733953969005	-45.74794289136135
1.4723125024327193	0.004098403739477818	-69.41143759215706
1.4859356422870074	0.004532267222505716	-149.86687570856833
1.499684835502374	0.002597435708109874	-170.65234254729435
1.5135612484362087	0.0019228093077941928	-175.6321851850256
1.5275660582380732	0.0015862668674851955	-177.5548354160291
1.54170045294956	0.0013791778617608446	-178.48443439622088
1.555965631605075	0.0012351863054356974	-178.99633244448205
1.5703628043335531	0.0011269384593002175	-179.30343795878525
1.584893192461114	0.0010411172825965582	-179.4992971943847
1.5995580286146696	0.0009704476397082196	-179.63009002953305
1.6143585568264869	0.000910603324033162	-179.72063233471837
1.629296032639723	0.0008588382571259932	-179.78515307958145
1.6443717232149324	0.0008133165316421538	-179.83224066216525
1.6595869074375613	0.0007727577261456295	-179.86729977433404
1.6749428760264382	0.0007362369068942704	-179.89385142021328
1.690440931643265	0.000703065847078118	-179.91425744862363
1.7060823890031243	0.0006727193425710263	-179.9301422747791
1.7218685749860079	0.0006447877744105435	-179.9426475784213
1.7378008287493762	0.0006189455737854021	-179.95259109727996
1.753880501841762	0.0005949296631559439	-179.9605684070172
1.770108958317422	0.0005725243490756534	-179.96701976483112
1.7864875748520517	0.0005515505010620892	-179.97227496569576
1.803017740859568	0.0005318576467637754	-179.97658402867907
1.8197008586099825	0.000513318094456613	-179.98013855562226
1.8365383433483455	0.0004958224924357222	-179.98308683142025
1.8535316234148105	0.0004792764248709983	-179.98554465209307
1.8706821403657996	0.00046359776735352865	-179.98760319035415
1.8879913490962925	0.00044871460749030997	-179.98933477721496
1.9054607179632463	0.0004345635914736442	-179.99079719823644
1.9230917289101574	0.00042108859579381567	-179.99203691820836
1.9408858775927773	0.0004082396499971433	-179.9930915240872
1.958844673505989	0.00039597205535215436	-179.99399159170355
1.97696964011186	0.00038424565791616227	-179.9947621236239
1.9952623149688788	0.0003730242444149578	-179.99542366498653
2.0137242498623875	0.0003622750366536537	-179.99599317549695
2.032357010936221	0.000351968265615155	-179.9964847153372
2.0511621788255647	0.00034207681049292616	-179.99690998801964
2.0701413487910414	0.00033257589101052084	-179.99727877250749
2.0892961308540388	0.0003234428037600289	-179.99759926906327
2.108628149933289	0.0003146566951304749	-179.99787837747218
2.1281390459827114	0.0003061983648296388	-179.99812192194997
2.147830474130533	0.00029805009512708455	-179.9983348337878
2.167704104819694	0.000290195501835005	-179.99852130032104
2.1877616239495516	0.000282619403750965	-179.99868488693429
2.208004733018899	0.0002753077078533564	-179.9988286373733
2.228435149270303	0.0002682473079972216	-179.99895515653108
2.2490546058357803	0.00026142599522844964	-179.999066679011
2.2698648518838214	0.0002548323781363044	-179.99916512610397
2.2908676527677723	0.0002484558119117076	-179.99925215329023
2.312064790175594	0.0002422863349825454	-179.99932918996342
2.333458062281002	0.00023631461226599238	-179.99939747274914
2.355049283896009	0.000230531884218135	-179.9994580735291
2.376840286624876	0.00022492992097835273	-179.9995119230763
2.39883291901949	0.0002195009810041695	-179.99955983104002
2.4210290467361775	0.00021423777367504654	-179.99960250288657
2.4434305526939712	0.00020913342541351848	-179.99964055429342
2.4660393372343385	0.00020418144893142735	-179.99967452340817
2.48885731828239	0.00019937571525952485	-179.99970488131103
2.5118864315095797	0.00019471042826187896	-179.99973204096423
2.535128630497907	0.00019018010137351806	-179.99975636488168
2.5585858869056453	0.00018577953633154746	-179.99977817171558
2.582260190634596	0.00018150380369740449	-179.99979774192295
2.6061535499988953	0.00017734822499163857	-179.99981532265016
2.6302679918953813	0.000173308356283175	-179.99983113195006
2.654605561975539	0.00016937997309290724	-179.99984536242982
2.6791683248190314	0.00016555905648706293	-179.9998581844108
2.703958364108843	0.00016184178024941014	-179.9998697486706
2.7289777828080406	0.00015822449903331965	-179.99988018882567
2.7542287033381663	0.0001547037374051763	-179.99988962340547
2.7797132677592886	0.00015127617969986205	-179.99989815765943
2.805433637951713	0.00014793866061716852	-179.9999058851348
2.831391995799379	0.00014468815649518928	-179.9999128890548
2.8575905433749464	0.0001415217772031081	-179.99991924352526
2.8840315031266055	0.00013843675860145008	-179.99992501459127
2.910717118066605	0.000135430455522881	-179.9999302611646
2.9376496519615305	0.00013250033523111833	-179.99993503583772
2.9648313895243423	0.0001296439713194977	-179.99993938560002
2.992264636608189	0.0001268590380143119	-179.99994335246785
3.019951720402016	0.00012414330485122218	-179.99994697404003
3.047894989627983	0.00012149463169590831	-179.99995028398763
3.076096814740708	0.00011891096408268558	-179.99995331248655
3.1045595881283554	0.00011639032884713236	-179.99995608660004
3.1332857243155856	0.00011393083003084415	-179.99995863061673
3.162277660168379	0.0001115306450383129	-179.9999609663504
3.1915378551007616	0.00010918802102761625	-179.99996311340539
3.2210687912834346	0.00010690127151813932	-179.99996508941229
3.250872973854344	0.00010466877319993174	-179.99996691023688
3.2809529311311905	0.00010248896293056498	-179.99996859016633
3.311311214825911	0.00010036033490649079	-179.99997014207418
3.3419504002611427	0.00009828143799694334	-179.99997157756775
3.372873086588689	0.00009625087322936539	-179.99997290711897
3.404081897010009	0.00009426729141620255	-179.99997414018145
3.4355794789987466	0.00009232939091369009	-179.99997528529454
3.4673685045253166	0.00009043591550397334	-179.99997635017647
3.499451670283573	0.00008858565239255443	-179.99997734180747
3.53183169791957	0.00008677743031365905	-179.99997826650414
3.5645113342624426	0.00008501011773665952	-179.99997912998575
3.5974933515574232	0.00008328262116719649	-179.999979937434
3.630780547701014	0.00008159388353709879	-179.99998069354606
3.664375746478333	0.00007994288267762441	-179.99998140258262
3.6982817978026628	0.0000783286298709344	-179.99998206841042
3.732501577957206	0.00007675016847506765	-179.99998269454096
3.767037989839089	0.00007520657261801343	-179.99998328416478
3.801893963205613	0.00007369694595678322	-179.99998384018258
3.8370724549227884	0.00007222042049765916	-179.99998436523308
3.8725764492161727	0.00007077615547405822	-179.99998486171788
3.908408957924021	0.00006936333627868566	-179.9999853318241
3.944573020752785	0.00006798117344687282	-179.9999857775446
3.981071705534973	0.00006662890168819739	-179.999986200696
4.0179081084894	0.00006530577896366995	-179.99998660293514
4.055085354483839	0.0000640110856059459	-179.9999869857737
4.09260659730011	0.00006274412348017854	-179.99998735059125
4.130475019901614	0.00006150421518327819	-179.99998769864686
4.168693834703355	0.00006029070327947185	-179.99998803108943
4.207266283844442	0.00005910294957018023	-179.9999883489666
4.24619563946313	0.00005794033439633132	-179.9999886532322
4.285485203974396	0.000056802255971313816	-179.99998894475212
4.325138310350088	0.000055688129742831895	-179.99998922430828
4.365158322401661	0.000054597387781934865	-179.9999894925997
4.405548635065534	0.00005352947819743327	-179.99998975023925
4.446312674691089	0.000052483864573698826	-179.99998999774309
4.487453899331323	0.00005146002542932387	-179.9999902355061
4.528975799036209	0.00005045745369288373	-179.99999046374907
4.570881896148752	0.00004947565618907007	-179.99999068240265
4.613175745603791	0.00004851415312069959	-179.999990890834
4.655860935229586	0.000047572477509462226	-179.99999108713016
4.698941086052151	0.00004665017448093567	-179.9999912658863
4.742419852602444	0.00004574679994741123	-179.99999140949484
4.7863009232263805	0.00004486191618822763	-179.99999143628622
4.830588020397723	0.000043995054641809355	-179.99999040239152
4.875284901033861	0.00004314651376569638	-179.9999809376637
4.920395356814506	0.00004231436973490411	-179.9999917781756
4.965923214503357	0.00004149940613530153	-179.9999922745305
5.01187233627272	0.00004070098295248157	-179.99999251301705
5.058246620031137	0.000039918717052636167	-179.99999269968433
5.105049999754059	0.000039152247132665285	-179.9999928670714
5.152286445817562	0.00003840122350938189	-179.99999302415483
5.1999599653351565	0.00003766530611315628	-179.9999931742801
5.248074602497723	0.00003694416374572573	-179.99999331897675
5.296634438916575	0.00003623747365441157	-179.99999345906375
5.345643593969713	0.00003554492121331011	-179.99999359504014
5.395106225151273	0.00003486619965047351	-179.99999372724437
5.445026528424209	0.000034201009799625934	-179.99999385592665
5.495408738576242	0.00003354905986768294	-179.9999939812847
5.5462571295791046	0.00003291006521404734	-179.99999410348278
5.597576014951099	0.0000322837481395971	-179.99999422266228
5.649369748123022	0.000031669837684156745	-179.9999943389483
5.701642722807472	0.00003106806943166958	-179.99999445245354
5.754399373371567	0.00003047818532251331	-179.99999456328092
5.807644175213118	0.000029899933472524673	-179.99999467152549
5.861381645140285	0.00002933306799837563	-179.99999477727562
5.9156163417547365	0.000028777348848990343	-179.99999488061385
5.9703528658383656	0.000028232541642725934	-179.9999949816179
6.025595860743575	0.000027698417510064236	-179.99999508036095
6.081350012787176	0.000027174752941580064	-179.99999517691222
6.137620051647939	0.000026661329640967467	-179.99999527133738
6.194410750767812	0.000026157934382917838	-179.9999953636988
6.251726927756856	0.000025664358875655488	-179.99999545405583
6.30957344480193	0.00002518039962794636	-179.99999554246514
6.367955209079155	0.00002470585782040439	-179.99999562898086
6.426877173170194	0.000024240539180929476	-179.99999571365464
6.486344335482381	0.000023784253864117426	-179.99999579653604
6.546361740672747	0.000023336816334490973	-179.99999587767255
6.6069344800759575	0.000022898045253407148	-179.9999959571097
6.668067692136219	0.000022467763369502735	-179.99999603489127
6.729766562843175	0.000022045797412546106	-179.99999611105943
6.792036326171843	0.000021631977990568853	-179.9999961856546
6.854882264526613	0.000021226139490157008	-179.9999962587159
6.918309709189362	0.000020828119979785948	-179.99999633028088
6.9823240407717115	0.000020437761116088504	-179.9999964003859
7.046930689671467	0.000020054908052950617	-179.999996469066
7.112135136533288	0.000019679409353332826	-179.99999653635507
7.177942912713615	0.00001931111690372054	-179.99999660228582
7.244359600749899	0.00001894988583111009	-179.99999666689
7.311390834834173	0.000018595574422441088	-179.99999673019832
7.379042301291007	0.00001824804404638952	-179.9999967922404
7.447319739059888	0.00001790715907743942	-179.99999685304513
7.516228940182053	0.00001757278682215457	-179.99999691264043
7.585775750291836	0.00001724479744757423	-179.9999969710534
7.655966069112561	0.00001692306391166045	-179.99999702831036
7.726805850957022	0.00001660746189572748	-179.99999708443687
7.798301105232586	0.00001629786973878601	-179.99999713945775
7.870457896950985	0.000015994168373738085	-179.99999719339712
7.943282347242813	0.000015696241265360965	-179.99999724627847
8.01678063387679	0.00001540397435002049	-179.99999729812464
8.090958991783822	0.000015117255977056749	-179.99999734895786
8.165823713585922	0.000014835976851787436	-179.99999739879968
8.241381150130021	0.000014560029980075864	-179.99999744767126
8.317637711026709	0.000014289310614413027	-179.99999749559308
8.394599865193973	0.000014023716201464743	-179.99999754258508
8.472274141405963	0.000013763146331036923	-179.99999758866684
8.550667128846833	0.000013507502686413755	-179.99999763385728
8.629785477669701	0.0000132566889960252	-179.999997678175
8.709635899560805	0.000013010610986401752	-179.99999772163798
8.790225168308842	0.000012769176336376347	-179.9999977642639
8.871560120379607	0.00001253229463249411	-179.99999780606996
8.953647655495937	0.000012299877325592774	-179.999997847073
9.036494737223014	0.000012071837688517443	-179.99999788728934
9.120108393559097	0.000011848090774934923	-179.99999792673506
9.204495717531712	0.00001162855337921399	-179.9999979654258
9.289663867799362	0.000011413143997339296	-179.99999800337676
9.375620069258803	0.000011201782788827583	-179.99999804060295
9.462371613657929	0.000010994391539616083	-179.99999807711893
9.549925860214358	0.000010790893625894076	-179.99999811293895
9.638290236239705	0.000010591213978849509	-179.9999981480769
9.727472237769652	0.000010395279050303604	-179.99999818254653
9.817479430199844	0.000010203016779207302	-179.99999821636104
9.908319448927676	0.000010014356558974279	-179.9999982495335
10.	9.829229205626194e-6	-179.99999828207663
10.092528860766844	9.647566926726589e-6	-179.99999831400294
10.18591388054117	9.469303291080688e-6	-179.99999834532457
10.280162981264736	9.294373199179108e-6	-179.9999983760535
10.375284158180126	9.12271285436423e-6	-179.9999984062013
10.471285480508996	8.954259734698746e-6	-179.9999984357795
10.568175092136585	8.788952565516388e-6	-179.99999846479918
10.665961212302578	8.626731292635812e-6	-179.99999849327136
10.76465213629835	8.467537056218925e-6	-179.99999852120666
10.864256236170656	8.311312165255792e-6	-179.99999854861565
10.964781961431852	8.158000072658643e-6	-179.9999985755085
11.066237839776663	8.007545350948282e-6	-179.99999860189533
11.168632477805613	7.859893668516522e-6	-179.99999862778594
11.271974561755105	7.714991766448969e-6	-179.99999865318995
11.37627285823431	7.572787435892845e-6	-179.99999867811678
11.481536214968829	7.433229495955156e-6	-179.99999870257568
11.587773561551263	7.2962677721167985e-6	-179.9999987265757
11.694993910198711	7.161853075148916e-6	-179.99999875012574
11.803206356517286	7.0299371805179175e-6	-179.9999987732344
11.912420080273739	6.900472808266218e-6	-179.99999879591022
12.022644346174118	6.773413603356294e-6	-179.99999881816152
12.133888504649763	6.648714116465451e-6	-179.9999988399964
12.246161992650476	6.5263297852198834e-6	-179.99999886142297
12.359474334445094	6.406216915856251e-6	-179.99999888244898
12.47383514242942	6.2883326652998495e-6	-179.99999890308212
12.589254117941662	6.1726350236484855e-6	-179.9999989233299
12.705741052085406	6.059082797051593e-6	-179.9999989431997
12.823305826560205	5.9476355909745006e-6	-179.9999989626987
12.941958414499851	5.838253793837989e-6	-179.99999898183404
13.061708881318404	5.730898561023518e-6	-179.99999900061263
13.182567385564061	5.625531799234949e-6	-179.9999990190412
13.304544179780901	5.522116151207693e-6	-179.99999903712654
13.427649611378628	5.4206149807566e-6	-179.99999905487505
13.551894123510351	5.32099235815406e-6	-179.99999907229318
13.67728825595848	5.223213045830123e-6	-179.99999908938722
13.803842646028839	5.127242484386604e-6	-179.99999910616333
13.931568029453022	5.033046778917439e-6	-179.99999912262746
14.060475241299129	4.940592685627742e-6	-179.9999991387856
14.190575216890911	4.849847598744179e-6	-179.99999915464346
14.321878992735424	4.760779537709626e-6	-179.9999991702068
14.454397707459265	4.673357134655115e-6	-179.99999918548113
14.588142602753473	4.587549622142372e-6	-179.99999920047196
14.723125024327178	4.503326821170399e-6	-179.9999992151846
14.859356422870059	4.420659129439752e-6	-179.9999992296243
14.996848355023726	4.339517509868317e-6	-179.99999924379625
15.135612484362072	4.259873479352589e-6	-179.99999925770544
15.275660582380716	4.181699097768593e-6	-179.99999927135684
15.417004529495584	4.1049669572067726e-6	-179.99999928475526
15.559656316050734	4.029650171435308e-6	-179.99999929790553
15.703628043335515	3.955722365586502e-6	-179.99999931081229
15.848931924611126	3.883157666060933e-6	-179.99999932348007
15.995580286146678	3.8119306906443803e-6	-179.9999993359134
16.143585568264854	3.742016538832471e-6	-179.99999934811666
16.292960326397214	3.673390782358278e-6	-179.9999993600942
16.443717232149307	3.60602945591813e-6	-179.9999993718502
16.595869074375596	3.5399090480911043e-6	-179.99999938338885
16.749428760264365	3.4750064924476925e-6	-179.9999993947142
16.90440931643263	3.4112991588433555e-6	-179.9999994058302
17.060823890031227	3.3487648448926986e-6	-179.9999994167409
17.21868574986006	3.2873817676201807e-6	-179.99999942745
17.378008287493746	3.2271285552833337e-6	-179.99999943796132
17.5388050184176	3.167984239364602e-6	-179.99999944827857
17.701089583174202	3.1099282467279586e-6	-179.99999945840534
17.864875748520497	3.05294039193666e-6	-179.99999946834524
18.03017740859568	2.997000869728449e-6	-179.9999994781017
18.197008586099827	2.9420902476447276e-6	-179.99999948767817
18.365383433483455	2.8881894588102715e-6	-179.999999497078
18.535316234148105	2.8352797948601107e-6	-179.99999950630445
18.706821403657997	2.783342899010337e-6	-179.99999951536083
18.879913490962927	2.7323607592696495e-6	-179.99999952425023
19.054607179632463	2.682315701788536e-6	-179.9999995329758
19.230917289101576	2.6331903843430508e-6	-179.99999954154055
19.408858775927772	2.58496778995029e-6	-179.99999954994752
19.58844673505989	2.5376312206125986e-6	-179.99999955819962
19.769696401118598	2.491164291187803e-6	-179.99999956629972
19.952623149688787	2.4455509233826335e-6	-179.99999957425064
20.137242498623873	2.4007753398667468e-6	-179.99999958205518
20.32357010936221	2.356822058504683e-6	-179.99999958971605
20.511621788255646	2.313675886703243e-6	-179.9999995972359
20.701413487910415	2.2713219158717898e-6	-179.99999960461736
20.892961308540386	2.229745515993052e-6	-179.999999611863
21.086281499332888	2.188932330302073e-6	-179.99999961897532
21.28139045982711	2.1488682700709832e-6	-179.99999962595683
21.47830474130533	2.1095395094973455e-6	-179.99999963280993
21.67704104819694	2.0709324806938695e-6	-179.99999963953698
21.87761623949552	2.0330338687773597e-6	-179.99999964614034
22.080047330188993	1.995830607054772e-6	-179.99999965262228
22.28435149270303	1.959309872304351e-6	-179.9999996589851
22.490546058357804	1.9234590801498373e-6	-179.99999966523094
22.698648518838212	1.8882658805257882e-6	-179.99999967136202
22.908676527677724	1.8537181532321027e-6	-179.99999967738043
23.12064790175594	1.819804003575885e-6	-179.99999968328825
23.33458062281002	1.7865117580988228e-6	-179.99999968908756
23.55049283896009	1.753829960388299e-6	-179.9999996947803
23.76840286624876	1.7217473669704887e-6	-179.99999970036853
23.9883291901949	1.6902529432837652e-6	-179.99999970585412
24.210290467361776	1.659335859730717e-6	-179.99999971123896
24.434305526939713	1.628985487807172e-6	-179.99999971652494
24.660393372343385	1.5991913963066518e-6	-179.99999972171392
24.888573182823905	1.5699433475986727e-6	-179.9999997268076
25.118864315095795	1.5412312939794058e-6	-179.9999997318078
25.351286304979073	1.5130453740931897e-6	-179.99999973671623
25.58585886905645	1.485375909423471e-6	-179.9999997415346
25.82260190634596	1.458213400851724e-6	-179.99999974626454
26.06153549998895	1.4315485252829957e-6	-179.99999975090768
26.302679918953814	1.4053721323366865e-6	-179.99999975546567
26.54605561975539	1.379675241101276e-6	-179.99999975994004
26.791683248190314	1.3544490369516664e-6	-179.99999976433236
27.039583641088434	1.3296848684278943e-6	-179.99999976864407
27.289777828080403	1.3053742441739662e-6	-179.99999977287678
27.542287033381662	1.2815088299356003e-6	-179.99999977703183
27.797132677592884	1.258080445615691e-6	-179.9999997811107
28.05433637951713	1.2350810623863404e-6	-179.99999978511477
28.31391995799379	1.2125027998563028e-6	-179.99999978904543
28.575905433749465	1.1903379232927614e-6	-179.99999979290405
28.84031503126606	1.168578840896314e-6	-179.99999979669198
29.10717118066605	1.147218101128134e-6	-179.99999980041045
29.376496519615305	1.1262483900882506e-6	-179.99999980406076
29.648313895243422	1.1056625289439298e-6	-179.9999998076442
29.92264636608189	1.0854534714071612e-6	-179.99999981116196
30.19951720402016	1.0656143012602828e-6	-179.99999981461525
30.4789498962798	1.0461382299287715e-6	-179.9999998180053
30.76096814740705	1.027018594100273e-6	-179.99999982133323
31.045595881283525	1.0082488533889753e-6	-179.99999982460022
31.332857243155825	9.8982258804439e-7	-179.99999982780733
31.62277660168376	9.717334967036986e-7	-179.99999983095572
31.91537855100758	9.539753941867894e-7	-179.9999998340464
32.21068791283432	9.365422093331517e-7	-179.99999983708054
32.50872973854341	9.194279828798008e-7	-179.9999998400591
32.80952931131187	9.026268653794233e-7	-179.9999998429831
33.11311214825908	8.861331151579692e-7	-179.99999984585355
33.41950400261139	8.699410963108998e-7	-179.99999984867145
33.72873086588685	8.540452767373488e-7	-179.99999985143776
34.040818970100055	8.384402262114507e-7	-179.99999985415343
34.35579478998743	8.23120614490105e-7	-179.9999998568194
34.67368504525313	8.080812094564831e-7	-179.99999985943654
34.994516702835696	7.933168752985597e-7	-179.99999986200578
35.318316979195664	7.788225707220075e-7	-179.99999986452798
35.64511334262439	7.645933471967725e-7	-179.99999986700405
35.9749335155742	7.506243472366832e-7	-179.9999998694348
36.3078054770101	7.36910802711458e-7	-179.99999987182105
36.64375746478329	7.234480331904669e-7	-179.99999987416362
36.98281797802659	7.102314443176545e-7	-179.99999987646333
37.32501577957203	6.97256526217005e-7	-179.99999987872098
37.670379898390856	6.845188519279643e-7	-179.99999988093728
38.01893963205609	6.720140758702483e-7	-179.99999988311308
38.370724549227845	6.59737932337459e-7	-179.99999988524903
38.72576449216169	6.476862340189639e-7	-179.99999988734592
39.08408957924017	6.358548705494874e-7	-179.99999988940445
39.44573020752781	6.242398070858901e-7	-179.9999998914253
39.81071705534969	6.128370829106017e-7	-179.9999998934092
40.17908108489396	6.016428100612105e-7	-179.99999989535684
40.55085354483835	5.906531719856946e-7	-179.99999989726882
40.92606597300105	5.798644222228132e-7	-179.99999989914582
41.304750199016105	5.69272883107173e-7	-179.9999999009885
41.68693834703351	5.588749444984966e-7	-179.9999999027975
42.07266283844438	5.486670625346318e-7	-179.9999999045734
42.46195639463126	5.386457584078506e-7	-179.99999990631682
42.85485203974392	5.288076171639879e-7	-179.99999990802837
43.251383103500835	5.191492865239925e-7	-179.9999999097086
43.65158322401656	5.096674757274549e-7	-179.99999991135812
44.0554863506553	5.003589543977014e-7	-179.99999991297747
44.46312674691084	4.912205514280392e-7	-179.9999999145672
44.87453899331318	4.822491538887511e-7	-179.9999999161279
45.28975799036204	4.7344170595444877e-7	-179.99999991766003
45.708818961487474	4.6479520785139454e-7	-179.9999999191642
46.13175745603791	4.563067148244159e-7	-179.99999992064082
46.55860935229586	4.479733361230383e-7	-179.99999992209047
46.98941086052151	4.39792234006476e-7	-179.9999999235136
47.42419852602443	4.317606227671197e-7	-179.99999992491072
47.8630092322638	4.2387576777217583e-7	-179.9999999262823
48.30588020397723	4.1613498452310927e-7	-179.9999999276288
48.7528490103386	4.085356377325582e-7	-179.9999999289507
49.20395356814506	4.0107514041838694e-7	-179.99999993024844
49.65923214503358	3.9375095301455494e-7	-179.99999993152247
50.118723362727195	3.8656058249848724e-7	-179.99999993277316
50.58246620031137	3.7950158153463004e-7	-179.99999993400104
51.0504999975406	3.725715476338922e-7	-179.9999999352065
51.52286445817562	3.6576812232866847e-7	-179.99999993638988
51.99959965335157	3.590889903631571e-7	-179.99999993755162
52.48074602497723	3.5253187889867615e-7	-179.99999993869216
52.966344389165755	3.4609455673370577e-7	-179.99999993981186
53.45643593969714	3.397748335383732e-7	-179.9999999409111
53.95106225151273	3.335705591031095e-7	-179.9999999419902
54.450265284242086	3.274796226012182e-7	-179.99999994304966
54.95408738576243	3.214999518650866e-7	-179.99999994408972
55.462571295791044	3.1562951267579095e-7	-179.99999994511077
55.97576014951099	3.098663080658372e-7	-179.99999994611315
56.49369748123023	3.042083776348017e-7	-179.99999994709725
57.01642722807472	2.9865379687761867e-7	-179.99999994806336
57.543993733715666	2.932006765252853e-7	-179.99999994901182
58.07644175213118	2.878471618977508e-7	-179.99999994994292
58.61381645140285	2.8259143226876006e-7	-179.99999995085705
59.15616341754737	2.7743170024242887e-7	-179.99999995175443
59.70352865838366	2.723662111413331e-7	-179.99999995263545
60.255958607435744	2.673932424058948e-7	-179.99999995350038
60.81350012787176	2.6251110300485606e-7	-179.9999999543495
61.37620051647939	2.577181328566316e-7	-179.99999995518309
61.94410750767812	2.5301270226134007e-7	-179.9999999560015
62.51726927756855	2.483932113433124e-7	-179.99999995680488
63.0957344480193	2.4385808950388277e-7	-179.99999995759364
63.67955209079155	2.3940579488427184e-7	-179.99999995836797
64.26877173170195	2.350348138383716e-7	-179.99999995912816
64.86344335482381	2.3074366041525086e-7	-179.9999999598745
65.46361740672747	2.2653087585119723e-7	-179.99999996060714
66.06934480075958	2.2239502807112003e-7	-179.99999996132644
66.68067692136219	2.1833471119914116e-7	-179.99999996203258
67.29766562843174	2.1434854507819872e-7	-179.99999996272584
67.92036326171844	2.104351747985012e-7	-179.99999996340642
68.54882264526613	2.065932702346648e-7	-179.99999996407456
69.18309709189363	2.0282152559137184e-7	-179.99999996473053
69.82324040771712	1.9911865895739562e-7	-179.99999996537449
70.46930689671467	1.9548341186783238e-7	-179.9999999660067
71.12135136533288	1.9191454887439e-7	-179.99999996662734
71.77942912713615	1.8841085712358506e-7	-179.9999999672367
72.44359600749898	1.849711459426996e-7	-179.99999996783487
73.11390834834172	1.815942464333533e-7	-179.99999996842215
73.79042301291008	1.7827901107255387e-7	-179.9999999689987
74.47319739059888	1.7502431332108167e-7	-179.9999999695647
75.16228940182053	1.7182904723907707e-7	-179.9999999701204
75.85775750291836	1.6869212710869404e-7	-179.99999997066593
76.55966069112561	1.6561248706369212e-7	-179.99999997120148
77.26805850957021	1.625890807258353e-7	-179.99999997172725
77.98301105232578	1.596208808479743e-7	-179.99999997224344
78.70457896950977	1.5670687896368633e-7	-179.9999999727502
79.43282347242805	1.5384608504335425e-7	-179.9999999732477
80.16780633876782	1.5103752715656248e-7	-179.99999997373612
80.90958991783813	1.4828025114069526e-7	-179.9999999742156
81.65823713585914	1.455733202756208e-7	-179.99999997468635
82.41381150130013	1.4291581496435188e-7	-179.99999997514848
83.176377110267	1.4030683241956852e-7	-179.99999997560218
83.94599865193965	1.3774548635589745e-7	-179.9999999760476
84.72274141405954	1.3523090668784124e-7	-179.99999997648487
85.50667128846823	1.3276223923325175e-7	-179.99999997691418
86.29785477669692	1.303386454222471e-7	-179.99999997733562
87.09635899560797	1.2795930201147065e-7	-179.99999997774938
87.90225168308834	1.2562340080359406e-7	-179.99999997815559
88.71560120379598	1.23330148371967e-7	-179.99999997855437
89.53647655495928	1.210787657903192e-7	-179.99999997894585
90.36494737223005	1.188684883674212e-7	-179.9999999793302
91.20108393559087	1.1669856538661297e-7	-179.9999999797075
92.04495717531702	1.1456825985010988e-7	-179.99999998007792
92.89663867799354	1.1247684822799786e-7	-179.99999998044157
93.75620069258792	1.1042362021183294e-7	-179.99999998079855
94.6237161365792	1.0840787847275722e-7	-179.999999981149
95.4992586021435	1.0642893842404949e-7	-179.99999998149295
96.38290236239695	1.0448612798802653e-7	-179.99999998183054
97.2747223776964	1.0257878736720814e-7	-179.9999999821617
98.17479430199833	1.0070626881964238e-7	-179.99999998248617
99.08319448927665	9.886793643815687e-8	-179.99999998280174
99.9999999999999	9.706316593102018e-8	-179.9999999830713