0.01000000000000001	0.01007701896139819	-2.714593179123034
0.010092528860766855	0.010078591321741655	-2.715871342760275
0.01018591388054118	0.010080193844935198	-2.717173951200789
0.010280162981264745	0.010081827127581156	-2.7185014916084413
0.010375284158180138	0.010083491778767883	-2.719854461542321
0.010471285480509006	0.01008518842036043	-2.721233369203106
0.010568175092136596	0.010086917687292578	-2.7226387336877784
0.01066596121230259	0.010088680227868367	-2.7240710852508148
0.010764652136298361	0.010090476704078925	-2.725530965571053
0.010864256236170667	0.010092307791915832	-2.7270189280287265
0.010964781961431863	0.010094174181700463	-2.7285355379887255
0.011066237839776675	0.010096076578423752	-2.7300813730909503
0.011168632477805623	0.010098015702088972	-2.731657023551215
0.011271974561755117	0.010099992288067206	-2.7332630924689663
0.011376272858234322	0.010102007087463767	-2.7349001961444697
0.01148153621496884	0.010104060867495004	-2.736568964403977
0.011587773561551273	0.01010615441186548	-2.738270040938071
0.011694993910198724	0.010108288521176713	-2.7400040836433166
0.01180320635651731	0.010110464013323946	-2.741771764980742
0.011912420080273762	0.010112681723922115	-2.743573772339587
0.012022644346174144	0.010114942506728371	-2.7454108084163256
0.012133888504649786	0.010117247234093971	-2.747283591599838
0.012246161992650502	0.010119596797417167	-2.7491928563717547
0.01235947433444512	0.010121992107603672	-2.751139353719833
0.012473835142429446	0.010124434095561135	-2.753123851558398
0.012589254117941687	0.010126923712687325	-2.755147135166984
0.012705741052085433	0.010129461931380911	-2.7572100076403196
0.012823305826560232	0.01013204974556766	-2.7593132903514594
0.01294195841449987	0.010134688171245495	-2.7614578234289766
0.013061708881318424	0.010137378247035094	-2.76364446625098
0.013182567385564082	0.010140121034756033	-2.7658740979526883
0.01330454417978092	0.01014291762001675	-2.7681476179504427
0.013427649611378649	0.010145769112825087	-2.770465946481553
0.01355189412351037	0.010148676648207554	-2.77283002516388
0.013677288255958502	0.010151641386870249	-2.7752408175668357
0.013803842646028859	0.010154664515846075	-2.7776993098101075
0.013931568029453043	0.010157747249192679	-2.7802065111732923
0.01406047524129915	0.010160890828697927	-2.7827634547286486
0.014190575216890933	0.010164096524601257	-2.785371197996467
0.014321878992735446	0.010167365636361432	-2.7880308236151907
0.014454397707459286	0.010170699493411628	-2.7907434400441677
0.014588142602753497	0.010174099455980128	-2.7935101822771315
0.014723125024327202	0.01017756691589693	-2.7963322125913463
0.014859356422870082	0.010181103297462548	-2.799210721311837
0.014996848355023748	0.010184710058316402	-2.802146927608583
0.015135612484362095	0.010188388690346828	-2.8051420803173746
0.015275660582380739	0.010192140720631265	-2.8081974587885865
0.015417004529495607	0.010195967712402821	-2.8113143737659345
0.015559656316050758	0.01019987126604955	-2.814494168295323
0.01570362804333554	0.010203853020149272	-2.81773821866498
0.015848931924611148	0.010207914652535168	-2.821047935378801
0.015995580286146702	0.010212057881399887	-2.8244247641635263
0.016143585568264878	0.010216284466439771	-2.827870187010602
0.016292960326397238	0.010220596210026677	-2.831385723257842
0.01644371723214933	0.010224994958436711	-2.8349729307056872
0.016595869074375623	0.010229482603103279	-2.8386334067781394
0.01674942876026439	0.010234061081930925	-2.8423687897209033
0.016904409316432657	0.010238732380639217	-2.8461807598475946
0.017060823890031253	0.010243498534162962	-2.850071040829058
0.017218685749860088	0.01024836162810519	-2.8540414010291415
0.017378008287493772	0.010253323800224957	-2.8580936548949873
0.01753880501841763	0.010258387241999404	-2.862229664392803
0.01770108958317423	0.010263554200227837	-2.866451340502124
0.017864875748520526	0.010268826978699403	-2.870760644764363
0.018030177408595707	0.010274207939917613	-2.875159590892083
0.018197008586099853	0.01027969950689481	-2.8796502464375475
0.018365383433483484	0.010285304165004838	-2.8842347345276047
0.018535316234148135	0.0102910244639107	-2.8889152356649412
0.018706821403658026	0.010296863019560929	-2.8936939895997744
0.018879913490962956	0.010302822516262392	-2.8985732972751777
0.019054607179632494	0.010308905708831815	-2.9035555228492695
0.019230917289101597	0.010315115424826556	-2.908643095798604
0.019408858775927792	0.010321454566869372	-2.9138385131037787
0.01958844673505991	0.010327926115049568	-2.9191443415266924
0.01976969640111862	0.010334533129430185	-2.9245632199772205
0.01995262314968881	0.01034127875264894	-2.930097861977783
0.020137242498623895	0.010348166212617733	-2.935751058230011
0.02032357010936223	0.01035519882533816	-2.9415256792870634
0.020511621788255666	0.010362379997818609	-2.947424678338436
0.020701413487910436	0.010369713231123413	-2.9534510941094068
0.02089296130854041	0.010377202123529846	-2.9596080538873166
0.02108628149933291	0.010384850373825192	-2.965898776673215
0.021281390459827135	0.010392661784739412	-2.9723265764699036
0.021478304741305354	0.010400640266512731	-2.978894865712987
0.02167704104819696	0.010408789840621388	-2.985607158849992
0.02187761623949554	0.010417114643649718	-2.9924670760783667
0.022080047330189013	0.010425618931338462	-2.999478347246173
0.022284351492703053	0.010434307082799367	-3.006644815927162
0.022490546058357826	0.010443183604909183	-3.0139704436800727
0.022698648518838235	0.010452253136898147	-3.0214593144979984
0.022908676527677748	0.010461520455140398	-3.029115639460788
0.023120647901755963	0.010470990478150446	-3.036943761600871
0.023334580622810044	0.010480668271802775	-3.0449481609944646
0.023550492838960112	0.010490559054791527	-3.0531334600860762
0.023768402866248782	0.010500668204322204	-3.061504429267908
0.02398832919019492	0.010511001262076432	-3.0700659927176903
0.0242102904673618	0.010521563940439542	-3.0788232345171935
0.02443430552693974	0.010532362129024263	-3.087781405061277
0.024660393372343412	0.010543401901487571	-3.0969459277805695
0.02488857318282393	0.01055468952267231	-3.106322406188182
0.025118864315095822	0.010566231456091472	-3.115916631272142
0.025351286304979098	0.010578034371758707	-3.1257345892557136
0.02558585886905648	0.010590105154400424	-3.1357824697430923
0.025822601906345985	0.010602450912063155	-3.1460666742749934
0.026061535499988978	0.010615078985151143	-3.1565938253151384
0.026302679918953843	0.010627996955887363	-3.167370775701455
0.026546055619755416	0.010641212658267294	-3.1784046185777446
0.026791683248190343	0.01065473418849762	-3.1897026978442
0.027039583641088463	0.010668569915962725	-3.2012726191554464
0.027289777828080432	0.010682728494754226	-3.213122261497638
0.02754228703338169	0.010697218875792624	-3.2252597893819828
0.02779713267759291	0.010712050319570383	-3.237693665694841
0.02805433637951716	0.010727232409569737	-3.2504326652411426
0.028313919957993816	0.010742775066376222	-3.2634858890318807
0.028575905433749497	0.010758688562561437	-3.2768627793521405
0.028840315031266085	0.010774983538344456	-3.290573135674478
0.02910717118066608	0.010791671018117333	-3.3046271314590956
0.029376496519615335	0.01080876242786536	-3.319035331907454
0.029648313895243455	0.010826269613547712	-3.3338087127308835
0.02992264636608192	0.010844204860510381	-3.348958679996509
0.030199517204020192	0.01086258091398118	-3.364497091132257
0.03047894989627986	0.010881411000729951	-3.3804362771620755
0.03076096814740711	0.010900708851975683	-3.3967890662584836
0.031045595881283587	0.010920488727608011	-3.4135688087059655
0.03133285724315589	0.010940765441831687	-3.4307894033698436
0.031622776601683826	0.010961554390321605	-3.4484653257791775
0.03191537855100765	0.010982871578992179	-3.4666116579393798
0.03221068791283438	0.011004733654502146	-3.4852441199970245
0.03250872973854347	0.011027157936603844	-3.5043791038954732
0.03280952931131194	0.011050162452494303	-3.5240337091591236
0.03311311214825915	0.01107376597328052	-3.544225780975986
0.03341950400261146	0.01109798805273644	-3.5649739507419453
0.03372873086588692	0.011122849068517088	-3.586297679254737
0.034040818970100126	0.011148370266001779	-3.6082173027646447
0.0343557947899875	0.011174573804984614	-3.6307540820955873
0.0346736850452532	0.011201482809402615	-3.6539302550849935
0.034994516702835765	0.011229121420364868	-3.6777690925961335
0.035318316979195734	0.011257514852715818	-3.70229495839496
0.03564511334262446	0.01128668945542441	-3.7275333731991136
0.03597493351557427	0.011316672776094239	-3.7535110832425147
0.03630780547701017	0.01134749362994066	-3.7802561337250973
0.03664375746478335	0.011379182173584431	-3.8077979475576704
0.03698281797802665	0.01141176998406139	-3.8361674098505376
0.037325015779572084	0.011445290143489661	-3.8653969586322314
0.037670379898390914	0.011479777329866244	-3.8955206823407225
0.038018939632056145	0.011515267914515744	-3.926574424677591
0.0383707245492279	0.011551800066768429	-3.9585958974771946
0.038725764492161745	0.01158941386649773	-3.9916248023094183
0.03908408957924023	0.011628151425212483	-4.025702961608227
0.03944573020752787	0.011668057016468367	-4.060874460202834
0.039810717055349755	0.011709177216454916	-4.097185798212897
0.04017908108489402	0.011751561055680506	-4.13468605638693
0.040550853544838415	0.011795260182789834	-4.173427075066872
0.040926065973001115	0.01184032904166828	-4.213463648097772
0.041304750199016166	0.011886825063098159	-4.254853733144023
0.04168693834703357	0.011934808872369805	-4.29765868005024
0.04207266283844444	0.011984344514426223	-4.341943479054133
0.04246195639463132	0.01203549969827762	-4.387777030886157
0.042854852039743985	0.012088346062634606	-4.435232441019666
0.04325138310350091	0.012142959464938588	-4.484387340605727
0.04365158322401663	0.01219942029620934	-4.535324236942217
0.044055486350655364	0.012257813824434602	-4.588130896668431
0.04446312674691091	0.012318230569563805	-4.642900765274534
0.04487453899331325	0.012380766713518825	-4.699733426980605
0.04528975799036211	0.012445524549097317	-4.758735109546068
0.04570881896148754	0.01251261297211324	-4.820019239179242
0.04613175745603798	0.012582148021684926	-4.883707051396935
0.04655860935229591	0.012654253474247838	-4.949928264470493
0.04698941086052156	0.01272906149756484	-5.018821823014426
0.04742419852602448	0.012806713371925491	-5.0905367203135325
0.04786300923226385	0.012887360286646072	-5.165232909215152
0.04830588020397728	0.012971164221174813	-5.243082312823249
0.04875284901033865	0.013058298921390349	-5.324269947882587
0.04920395356814511	0.013148950983252606	-5.408995175665302
0.04965923214503363	0.01324332105772385	-5.497473097423893
0.05011872336272725	0.013341625192992562	-5.589936114121263
0.05058246620031143	0.013444096332457849	-5.686635673252829
0.051050499997540646	0.013550985989810652	-5.787844229256894
0.05152286445817567	0.013662566125935723	-5.893857448333286
0.05199959965335162	0.01377913125631876	-6.004996693669267
0.052480746024977286	0.01390100082237379	-6.121611833195365
0.05296634438916581	0.014028521865694353	-6.2440844193328715
0.05345643593969719	0.014162072050881984	-6.372831298997446
0.05395106225151279	0.014302063090528788	-6.508308722699301
0.05445026528424214	0.014448944635511059	-6.651017034338643
0.05495408738576248	0.014603208705037894	-6.8015060388237
0.0554625712957911	0.014765394744810242	-6.9603811634247705
0.05597576014951104	0.014936095418137396	-7.128310551844386
0.05649369748123028	0.015115963255138871	-7.306033258193561
0.05701642722807478	0.01530571830961766	-7.494368742895282
0.05754399373371572	0.015506157003239622	-7.694227915602764
0.05807644175213124	0.0157181623733226	-7.906626023831636
0.05861381645140291	0.015942715985751792	-8.132697752980945
0.05915616341754743	0.016180911830187668	-8.373714987607064
0.05970352865838372	0.016433972583783252	-8.631107790074696
0.06025595860743581	0.016703268715099084	-8.906489287784794
0.060813500127871824	0.01699034100664414	-9.201685332538197
0.061376200516479455	0.0172969272073905	-9.518770017208206
0.06194410750767818	0.017624993693054973	-9.860108421237697
0.06251726927756862	0.017976773220188022	-10.228408329011822
0.06309573444801936	0.018354810120948913	-10.626783152816888
0.06367955209079162	0.018762014611304202	-11.058828934749961
0.064268771731702	0.019201728291073295	-11.52871915442156
0.06486344335482389	0.019677803415055154	-12.041322207634378
0.06546361740672754	0.020194699124049125	-12.602347951352995
0.06606934480075964	0.020757598548414326	-13.218531779806053
0.06668067692136226	0.02137255151925476	-13.897867511891375
0.06729766562843183	0.022046648478865363	-14.649904218536902
0.0679203632617185	0.022788231905887458	-15.486127397078628
0.0685488226452662	0.023607151782648248	-16.42045214629952
0.0691830970918937	0.024515070527125947	-17.469865913814587
0.06982324040771719	0.025525818731371434	-18.65527182903518
0.07046930689671474	0.026655792637745528	-20.00260145545603
0.07112135136533296	0.027924360834686093	-21.544288363087546
0.07177942912713622	0.029354197863878856	-23.32121974761636
0.07244359600749906	0.03097136025915654	-25.385305570400664
0.0731139083483418	0.032804716150054376	-27.80280270147244
0.07379042301291015	0.03488394199217963	-30.65845118139448
0.07447319739059896	0.03723455983261912	-34.06019057521969
0.07516228940182061	0.039867223022389105	-38.143437012576214
0.07585775750291844	0.04275668645204229	-43.07204971695621
0.07655966069112569	0.04580477625728321	-49.02936928017422
0.07726805850957029	0.04878598303005588	-56.1868861706225
0.07798301105232593	0.051295395536416766	-64.63445043797148
0.07870457896950993	0.052765012004213095	-74.2703081746728
0.07943282347242822	0.05264197817712305	-84.70297917215868
0.08016780633876798	0.050703294493444045	-95.27841690213091
0.0809095899178383	0.047240714606341196	-105.28757506894377
0.0816582371358593	0.04289329994156765	-114.21791708411924
0.0824138115013003	0.03830421703568271	-121.85716673889355
0.08317637711026717	0.033910629666098445	-128.2314951712201
0.08394599865193982	0.02992790139894355	-133.48974285756327
0.08472274141405972	0.02642054040585782	-137.81545376061538
0.08550667128846841	0.023373686310670348	-141.38168481112677
0.0862978547766971	0.02073942515521545	-144.3347838531968
0.08709635899560814	0.018461163002776775	-146.7923880729713
0.08790225168308852	0.016484640299404274	-148.84683398917363
0.08871560120379617	0.014762025293614877	-150.56985730551705
0.08953647655495947	0.013252785676574341	-152.0169801916513
0.09036494737223023	0.01192322082097522	-153.23111599274958
0.09120108393559107	0.010745541837120563	-154.24536455671142
0.09204495717531722	0.009696888249596783	-155.08511324682627
0.09289663867799372	0.008758433865914298	-155.7695815286596
0.09375620069258811	0.007914627812906836	-156.31292869431303
0.09462371613657934	0.007152571739555808	-156.7250154423977
0.09549925860214364	0.006461517529835733	-157.011881165687
0.0963829023623971	0.005832465689570251	-157.17597217006872
0.09727472237769656	0.00525784549979093	-157.2161305180389
0.09817479430199849	0.004731260742562792	-157.127325893837
0.09908319448927681	0.004247287883962704	-156.9000793796822
0.10000000000000005	0.0038013165107632432	-156.51948141753883
0.10092528860766849	0.0033894244467815465	-155.96363513792727
0.10185913880541175	0.0030082824230131975	-155.2012409023504
0.10280162981264741	0.0026550857068950284	-154.187842701848
0.10375284158180131	0.002327513198797777	-152.85991645358015
0.10471285480509002	0.0020237190979513096	-151.125373656156
0.1056817509213659	0.0017423701597686016	-148.84796812517305
0.10665961212302584	0.0014827565829639833	-145.82120848416108
0.10764652136298355	0.0012450342208720155	-141.72453211198257
0.10864256236170661	0.0010307124904647684	-136.05260550483138
0.10964781961431856	0.0008435869871497704	-128.0216324589729
0.1106623783977667	0.0006912841557521164	-116.54912730005051
0.11168632477805618	0.0005865675263129543	-100.73731725380573
0.1127197456175511	0.0005438075892189836	-81.50881356794523
0.11376272858234315	0.0005661440031860429	-62.60491119235108
0.11481536214968835	0.0006386509890781521	-47.43640456211249
0.11587773561551268	0.000740769560465059	-36.51115005646728
0.11694993910198717	0.0008575161146163486	-28.82739744895023
0.11803206356517304	0.0009802876821597571	-23.337635052744957
0.11912420080273756	0.0011044723171062278	-19.305623466133888
0.12022644346174137	0.001227614604450947	-16.259157576758376
0.1213388850464978	0.0013484039860524415	-13.897709703193833
0.12246161992650495	0.001466151423087066	-12.02628963546691
0.12359474334445113	0.0015805159419134062	-10.514902235281818
0.12473835142429439	0.0016913570780076642	-9.274418525322368
0.1258925411794168	0.001798652288060669	-8.242091250373761
0.12705741052085426	0.0019024491003075802	-7.372669906507329
0.12823305826560225	0.0020028365424801142	-6.632809539448733
0.1294195841449987	0.002099927649636507	-5.997460147685719
0.13061708881318423	0.0021938485451622482	-5.447476831576678
0.1318256738556408	0.002284731531630452	-4.9680012004303205
0.13304544179780922	0.002372710687480891	-4.547341733541285
0.13427649611378642	0.0024579190619976148	-4.17618417387238
0.13551894123510363	0.0025404869070699636	-3.847024757724743
0.13677288255958495	0.002620540590579215	-3.5537567832311447
0.13803842646028852	0.002698201962347504	-3.291364553935311
0.13931568029453034	0.0027735880223947297	-3.055693729902048
0.14060475241299142	0.002846810791477963	-2.843276861175567
0.14190575216890927	0.0029179773165626203	-2.651199322642417
0.1432187899273544	0.002987189765342531	-2.476995204350732
0.1445439770745928	0.0030545455783977642	-2.3185656732441355
0.1458814260275349	0.003120137657296375	-2.1741143758849404
0.14723125024327194	0.0031840545736915196	-2.0420958949311165
0.14859356422870074	0.003246380789052778	-1.9211742994044687
0.1499684835502374	0.0033071968779559606	-1.8101895686165053
0.15135612484362088	0.00336657975007752	-1.7081302084819727
0.15275660582380732	0.0034246028676883523	-1.6141107754456523
0.154170045294956	0.003481336456530338	-1.5273533179360435
0.1555965631605075	0.0035368477088077947	-1.4471719662253624
0.15703628043335532	0.0035912009775653578	-1.3729600687635355
0.15848931924611143	0.003644457962131104	-1.304179400549152
0.15995580286146696	0.0036966778846019553	-1.2403510670850937
0.1614358556826487	0.0037479176575217522	-1.1810478033381164
0.1629296032639723	0.003798232043049425	-1.1258874262539649
0.16443717232149324	0.003847673803996843	-1.0745272457840214
0.16595869074375613	0.00389629384718402	-1.026659276012673
0.16749428760264382	0.0039441413595595115	-0.9820061170789609
0.1690440931643265	0.003991263937602539	-0.940317401811274
0.17060823890031243	0.004037707710475961	-0.9013667196664594
0.17218685749860077	0.004083517457425762	-0.8649489456155689
0.17378008287493762	0.004128736719926281	-0.8308779138301791
0.1753880501841762	0.004173407909009164	-0.7989843859831047
0.1770108958317422	0.0042175724082732895	-0.7691142721070223
0.17864875748520517	0.004261270672985738	-0.7411270686618177
0.180301774085957	0.004304542325743348	-0.7148944839722539
0.18197008586099844	0.004347426249076954	-0.6902992257867179
0.18365383433483473	0.004389960675444229	-0.6672339295021322
0.18535316234148125	0.004432183274987544	-0.6456002087863612
0.18706821403658017	0.004474131241463406	-0.6253078129851655
0.18879913490962946	0.004515841376726656	-0.6062738779399949
0.19054607179632482	0.004557350174150076	-0.5884222587289624
0.19230917289101596	0.004598693901372126	-0.5716829344376861
0.19408858775927793	0.004639908682753952	-0.5559914764225509
0.19588446735059908	0.0046810305819308526	-0.5412885726819158
0.1976969640111862	0.004722095684865573	-0.5275196019337558
0.19952623149688808	0.0047631401837956115	-0.5146342518443283
0.20137242498623895	0.004804200462520329	-0.5025861765732751
0.2032357010936223	0.004845313183432329	-0.4913326894306438
0.20511621788255666	0.004886515376788853	-0.4808344869754604
0.20701413487910436	0.004927844532677834	-0.47105540136008867
0.2089296130854041	0.004969338696222932	-0.4619621781283593
0.2108628149933291	0.005011036566551929	-0.453524277037099
0.21281390459827135	0.005052977600138048	-0.44571369378152836
0.21478304741305343	0.005095202119156947	-0.4385048007836793
0.21677041048196952	0.005137751425540538	-0.43187420545069843
0.2187761623949553	0.005180667921509416	-0.42580062452839385
0.22080047330189004	0.0052239952373926805	-0.4202647733774393
0.22284351492703042	0.005267778367669018	-0.41524926917880445
0.22490546058357816	0.0053120638162519615	-0.4107385472428696
0.22698648518838224	0.005356899752100727	-0.4067187897558137
0.22908676527677735	0.0054023361764634886	-0.4031778664394471
0.23120647901755953	0.005448425103094708	-0.4001052867495374
0.23334580622810033	0.005495220753044398	-0.3974921633729132
0.23550492838960102	0.005542779765762281	-0.3953311869263865
0.23768402866248772	0.005591161428465506	-0.3936166119043785
0.2398832919019491	0.0056404279260209205	-0.3923442540688929
0.2421029046736179	0.005690644613878666	-0.39151149963471465
0.24434305526939726	0.005741880316848922	-0.3911173267778717
0.246603933723434	0.005794207657078884	-0.3911623401768614
0.24888573182823917	0.0058477034148222175	-0.391648819516996
0.25118864315095807	0.005902448926376047	-0.3925807831169433
0.2535128630497908	0.005958530523971354	-0.3939640681200661
0.25585858869056466	0.006016040023264176	-0.39580642900572727
0.2582260190634597	0.006075075264906454	-0.39811765654892045
0.26061535499988964	0.006135740717723957	-0.4009097197939067
0.2630267991895383	0.006198148152116533	-0.40419693413219765
0.26546055619755404	0.0062624173939793215	-0.407996159188075
0.2679168324819033	0.006328677170842354	-0.4123270309739094
0.2703958364108845	0.006397066064293747	-0.4172122336701724
0.2728977782808042	0.006467733584939275	-0.42267781749391525
0.27542287033381674	0.0065408413893334365	-0.4287535704556071
0.277971326775929	0.006616564661843935	-0.43547345345772687
0.2805433637951715	0.0066950936887373745	-0.44287611022957285
0.28313919957993805	0.00677663565725245	-0.451005466121762
0.2857590543374948	0.006861416719048609	-0.4599114329465232
0.2884031503126607	0.006949684365377875	-0.4696507410290209
0.29107171180666064	0.007041710171756697	-0.4802879246467196
0.2937649651961532	0.007137792982385704	-0.4918964934239707
0.2964831389524344	0.007238262620628129	-0.5045603304160255
0.29922646366081906	0.007343484232067008	-0.5183753681463558
0.30199517204020176	0.007453863392429005	-0.5334516075301007
0.30478949896279844	0.0075698521458513034	-0.5499155624967832
0.307609681474071	0.007691956181846411	-0.5679132367127075
0.3104559588128357	0.00782074341551293	-0.5876137701844629
0.3133285724315587	0.007956854309512072	-0.6092139356768763
0.3162277660168381	0.008101014374745372	-0.6329437220670958
0.31915378551007634	0.008254049419477898	-0.6590733201769416
0.3221068791283436	0.008416904296965113	-0.6879219354462259
0.32508729738543457	0.008590666150635348	-0.7198690047113917
0.3280952931131192	0.008776593503298803	-0.7553686121990636
0.3311311214825913	0.008976153030003703	-0.7949682149195615
0.33419504002611444	0.009191066564469693	-0.8393332510465559
0.3372873086588691	0.009423371932146311	-0.8892798992933182
0.34040818970100106	0.009675502766109144	-0.9458193206868235
0.34355794789987465	0.009950394864878363	-1.0102183867341765
0.34673685045253166	0.010251630474269078	-1.0840846362751286
0.3499451670283573	0.010583638416835598	-1.1694881313626826
0.353183169791957	0.010951983443287863	-1.2691468413612645
0.35645113342624424	0.011362428602290203	-1.3913842407223973
0.3597493351557423	0.011827983238752166	-1.5267710374022774
0.36307805477010135	0.012357327894071566	-1.6966439974741734
0.36643757464783333	0.012968549796478369	-1.9060610702423753
0.3698281797802663	0.013685826416495484	-2.169949587086818
0.3732501577957206	0.014545322890263173	-2.511898228119433
0.37670379898390893	0.015604679293973118	-2.9717632869238897
0.38018939632056126	0.01696412577934531	-3.6233374541002594
0.38370724549227886	0.018821477201114822	-4.62260460305399
0.3872576449216173	0.02165250357047596	-6.375367854515481
0.3908408957924021	0.02707603666800842	-10.412905662241979
0.39445730207527846	0.04656438632414143	-31.09554940515805
0.3981071705534973	0.004622797197191457	-122.96101287959755
0.40179081084894	0.015162470886658728	-0.6269481599483474
0.40550853544838394	0.024451039198735588	-4.292365321060165
0.40926065973001097	0.03654252903274018	-10.92152151539914
0.41304750199016144	0.06150675877781555	-27.30588294883088
0.4168693834703355	0.09459862753215191	-85.99153001681263
0.4207266283844442	0.04473557668569132	-135.41998859976496
0.424619563946313	0.02181948303921319	-146.25865292983033
0.4285485203974396	0.011747767170496836	-145.77788426002212
0.43251383103500884	0.006170321708255929	-134.8546623650303
0.4365158322401661	0.0033101782999536322	-97.40733169928156
0.44055486350655343	0.003923801170280505	-43.59231810357521
0.4446312674691088	0.006380759154072099	-22.250620084993187
0.4487453899331323	0.0094142049142102	-14.341478213796561
0.4528975799036209	0.01312641687170421	-10.756071138874375
0.4570881896148752	0.01811401772772399	-9.074239080455701
0.46131757456037953	0.025776271350927325	-8.609916083294662
0.4655860935229591	0.040169469909908724	-9.563483316374503
0.4698941086052156	0.07960574224721363	-15.276681902145329
0.4742419852602448	0.4062926342207942	-75.2848910321258
0.47863009232263853	0.09254522036799405	-169.81116292526775
0.48305880203977286	0.04591430711050563	-175.81087885944487
0.4875284901033865	0.03041694207613926	-177.61584698730599
0.4920395356814511	0.0226284266072479	-178.42682262228232
0.49659232145033627	0.017903745080949163	-178.86058661313754
0.5011872336272725	0.01470817381691114	-179.1153883316352
0.5058246620031143	0.012387312893822772	-179.27269525231674
0.5105049999754064	0.010614681704212802	-179.37110886105737
0.5152286445817567	0.009208879464819455	-179.43049478201883
0.5199959965335162	0.008060824532311746	-179.4613637191484
0.5248074602497729	0.007100800022042809	-179.46891730432617
0.5296634438916581	0.006282013199998729	-179.4548286300463
0.5345643593969719	0.005571749998737111	-179.41787200022748
0.5395106225151278	0.004946315964565047	-179.35378400038906
0.5445026528424215	0.004387991535723024	-179.254372769431
0.5495408738576248	0.0038831187155938082	-179.1055915949635
0.5546257129579107	0.003420855771153886	-178.88387264303262
0.5597576014951101	0.0029923508042002827	-178.5492371997349
0.5649369748123025	0.002590207694523168	-178.0320779249705
0.5701642722807475	0.0022082044720863245	-177.20690046194605
0.5754399373371569	0.0018413052910837542	-175.83761734874824
0.580764417521312	0.001486099989796065	-173.45509932990606
0.5861381645140288	0.0011419786538167808	-169.04667918594762
0.591561634175474	0.0008144810846160707	-160.08735921518343
0.5970352865838369	0.0005322281298823148	-138.90604702043777
0.6025595860743578	0.0004345487666899786	-90.97231055539362
0.6081350012787179	0.0007061873544608591	-50.043931325535056
0.6137620051647943	0.0012654172887420555	-33.947434228135876
0.6194410750767815	0.002178026216760227	-28.50915240147019
0.6251726927756859	0.0038682452410039284	-30.352833229422938
0.6309573444801934	0.007804798842724505	-48.17283743212492
0.6367955209079159	0.009365195650256737	-102.58837620625957
0.6426877173170198	0.00904463844963565	-119.19208883546098
0.6486344335482385	0.006407288356477756	-159.1193903264093
0.654636174067275	0.0033108285909888503	-171.75568956646202
0.6606934480075961	0.004068098500703654	-170.7879890922637
0.6668067692136223	0.0027572395792576847	-174.12199444782738
0.6729766562843178	0.0021391089270628677	-175.52653236534303
0.6792036326171846	0.0017101587494732385	-176.37998931455638
0.6854882264526617	0.0013777546160247919	-176.93733434040735
0.6918309709189366	0.0011047869462738568	-177.2819476261598
0.6982324040771715	0.0008722031798622999	-177.43681050180192
0.7046930689671471	0.0006688021951319224	-177.38542080376826
0.7112135136533292	0.0004873641067168519	-177.0478787026804
0.7177942912713619	0.00032294475455501784	-176.15720169554444
0.7244359600749902	0.0001721338890941702	-173.5218627368441
0.7311390834834176	0.000035405615689477677	-149.4793490888155
0.7379042301291011	0.00010284357059064336	-9.538176790296173
0.7447319739059892	0.0002269151062896607	-4.1518744200658615
0.7516228940182057	0.0003458313591909754	-2.6572232552893844
0.758577575029184	0.0004601434173223919	-1.9660131389821198
0.7655966069112565	0.0005706327278891017	-1.571029441081199
0.7726805850957026	0.0006780118108534037	-1.3167971937389777
0.7798301105232589	0.0007829243453099311	-1.140021411059548
0.7870457896950989	0.0008859774932047198	-1.0101540689403228
0.7943282347242817	0.000987801729648395	-0.9105626687767134
0.8016780633876793	0.0010892034262757048	-0.8311280998110302
0.8090958991783825	0.0011917830370176865	-0.7644670908846384
0.8165823713585927	0.001303183892042269	-0.7032462824029936
0.8241381150130026	0.0012959666718218145	-1.1627133931113178
0.8317637711026713	0.0014634066453312147	-0.6977133499368042
0.8394599865193977	0.0015699223234519825	-0.6487812770414294
0.8472274141405968	0.0016734379564617126	-0.6180556102894182
0.8550667128846836	0.0017772864308761023	-0.5945984946185154
0.8629785477669706	0.0018825550157927824	-0.5757882013123228
0.870963589956081	0.001989911593349506	-0.5605130551172757
0.8790225168308847	0.0020999177327945626	-0.5481537818481869
0.8871560120379608	0.002213118654520572	-0.5383150553967851
0.8953647655495938	0.0023300804068749213	-0.5307280990412965
0.9036494737223014	0.0024514114446765193	-0.525207094025827
0.9120108393559097	0.0025777795681924255	-0.5216267590464141
0.9204495717531712	0.0027099283584542345	-0.5199098569670455
0.9289663867799363	0.0028486951731715887	-0.5200201094050908
0.9375620069258802	0.0029950321438425823	-0.5219584977099815
0.946237161365793	0.0031500315400092515	-0.5257620007365613
0.9549925860214359	0.0033149570745600334	-0.5315043521589647
0.9638290236239705	0.0034912831511834668	-0.5392987153897474
0.9727472237769651	0.003680744724731719	-0.5493024077786537
0.9817479430199844	0.0038854014395350626	-0.5617240268156922
0.9908319448927676	0.004107721177918087	-0.5768335876676891
1.	0.004350690336011462	-0.5949766220538886
1.0092528860766845	0.004617961448034909	-0.6165936779591085
1.0185913880541169	0.004914053872340088	-0.6422473981328516
1.0280162981264735	0.0052446312720753965	-0.672660509326253
1.0375284158180127	0.005616892564465687	-0.7087699135902044
1.0471285480508996	0.0060401344729502275	-0.7518051607410472
1.0568175092136585	0.006526580513582507	-0.8034048765880593
1.066596121230258	0.0070926362200731275	-0.8657941326158167
1.076465213629835	0.007760850110475901	-0.9420631564539016
1.0864256236170655	0.008563090762567536	-1.0366215320528167
1.096478196143185	0.00954592012039514	-1.1559710786561748
1.1066237839776665	0.010780161559265616	-1.31009114049273
1.1168632477805611	0.01237904433423634	-1.5150844498346125
1.1271974561755105	0.014535432269029652	-1.7986483845096437
1.1376272858234309	0.017606381569601332	-2.212603279378713
1.1481536214968828	0.022333281002689158	-2.8657315683308475
1.1587773561551262	0.03053719502440313	-4.027242479051578
1.1694993910198712	0.04806135245109644	-6.535409817748789
1.1803206356517297	0.10566476782339512	-11.612807064167539
1.191242008027375	0.17934685401138026	-167.36415278667025
1.2022644346174132	0.05590597640001258	-173.24224577675648
1.2133888504649775	0.032793326304785084	-175.57556270690807
1.224616199265049	0.023045621864972755	-176.660256531677
1.2359474334445106	0.01768033685708651	-177.26566222112277
1.2473835142429432	0.014282494008982774	-177.6391053584949
1.2589254117941675	0.011933758384980663	-177.88111521798422
1.270574105208542	0.010209224251116294	-178.0391770733013
1.2823305826560218	0.008885287966528368	-178.1377084272936
1.2941958414499863	0.007832925535477481	-178.18945378252602
1.3061708881318417	0.006972253937689508	-178.20025367284308
1.3182567385564075	0.006250887288885355	-178.17097014292173
1.3304544179780915	0.0056326745141299425	-178.09784251666323
1.3427649611378643	0.005091369799922467	-177.97153532356796
1.3551894123510364	0.00460677628546812	-177.7744302885599
1.3677288255958495	0.004162122885540987	-177.4746462081158
1.3803842646028852	0.0037419292200649118	-177.01272417252522
1.3931568029453034	0.003329732028622445	-176.26938996097977
1.4060475241299142	0.00290485091782455	-174.97626647170384
1.4190575216890926	0.002436883166274053	-172.41463147650603
1.432187899273544	0.001878509039280884	-166.04046204591154
1.4454397707459279	0.001228735030512778	-141.74550061120155
1.4588142602753489	0.0018773760097084442	-72.04131184142527
1.4723125024327193	0.008257509005246789	-76.6681256546866
1.4859356422870074	0.010395202623236259	-152.83007447089966
1.499684835502374	0.006417435818252491	-172.14528013625656
1.5135612484362087	0.004972220411626762	-176.50172292052824
1.5275660582380732	0.0042299378953930145	-178.10634773804406
1.54170045294956	0.0037599998298028982	-178.85516243215747
1.555965631605075	0.0034242118199768277	-179.25633294681668
1.5703628043335531	0.003165311920270109	-179.49178024281966
1.584893192461114	0.0029552916954006282	-179.6392554397
1.5995580286146696	0.002778770302381814	-179.73625887652767
1.6143585568264869	0.0026265456739468698	-179.80254760965687
1.629296032639723	0.0024927354174073425	-179.8492586375281
1.6443717232149324	0.0023733752526615697	-179.88301502337734
1.6595869074375613	0.0022656758312561793	-179.9079304963155
1.6749428760264382	0.00216760293378789	-179.92665400872392
1.690440931643265	0.002077627631212307	-179.94094396267252
1.7060823890031243	0.0019945709245687733	-179.95199834424983
1.7218685749860079	0.001917503441674283	-179.96065189167587
1.7378008287493762	0.0018456785409852686	-179.9674977761855
1.753880501841762	0.0017784864087596612	-179.97296487049
1.770108958317422	0.0017154217599472555	-179.9773680607152
1.7864875748520517	0.0016560605971601195	-179.98094174169728
1.803017740859568	0.0016000431489768634	-179.9838625626561
1.8197008586099825	0.0015470611165269016	-179.98626515018267
1.8365383433483455	0.0014968479835372225	-179.98825315260555
1.8535316234148105	0.0014491715439877467	-179.98990711170165
1.8706821403657996	0.0014038280614729747	-179.99129014807374
1.8879913490962925	0.0013606376472415204	-179.99245211759504
1.9054607179632463	0.0013194405610225748	-179.99343268416206
1.9230917289101574	0.0012800942194935868	-179.9942636147707
1.9408858775927773	0.0012424707537922618	-179.9949705101046
1.958844673505989	0.0012064549976639489	-179.9955741210265
1.97696964011186	0.0011719428167875595	-179.99609135829854
1.9952623149688788	0.0011388397109469075	-179.99653607295485
2.0137242498623875	0.0011070596363098762	-179.99691966374073
2.032357010936221	0.0010765240067200357	-179.99725155311248
2.0511621788255647	0.0010471608416871882	-179.99753956258593
2.0701413487910414	0.0010189040354523931	-179.997790210467
2.0892961308540388	0.0009916927266450824	-179.99800894933088
2.108628149933289	0.0009654707520370356	-179.99820035643728
2.1281390459827114	0.0009401861710149871	-179.99836828716752
2.147830474130533	0.0009157908498492509	-179.9985159992451
2.167704104819694	0.000892240096784475	-179.99864625375054
2.1877616239495516	0.0008694923405359107	-179.99876139761338
2.208004733018899	0.0008475088460270533	-179.99886343124726
2.228435149270303	0.0008262534622183723	-179.99895406421624
2.2490546058357803	0.0008056923977021327	-179.99903476121725
2.2698648518838214	0.0007857940204141425	-179.9991067801944
2.2908676527677723	0.0007665286783694579	-179.99917120403688
2.312064790175594	0.0007478685387892732	-179.99922896702356
2.333458062281002	0.0007297874433688133	-179.9992808769518
2.355049283896009	0.0007122607777555139	-179.99932763370876
2.376840286624876	0.0006952653535748453	-179.99936984490034
2.39883291901949	0.000678779301566883	-179.9994080390387
2.4210290467361775	0.0006627819745876963	-179.99944267669844
2.4434305526939712	0.0006472538593917616	-179.99947415997775
2.4660393372343385	0.0006321764962497425	-179.99950284054069
2.48885731828239	0.0006175324055741355	-179.99952902646908
2.5118864315095797	0.0006033050208266212	-179.999552988113
2.535128630497907	0.0005894786270682269	-179.99957496309696
2.5585858869056453	0.000576038304588724	-179.99959516061188
2.582260190634596	0.0005629698771169164	-179.99961376510254
2.6061535499988953	0.0005502598641701357	-179.99963093944135
2.6302679918953813	0.0005378954371505725	-179.99964682766506
2.654605561975539	0.0005258643788391517	-179.99966155733892
2.6791683248190314	0.0005141550459753497	-179.9996752416023
2.703958364108843	0.0005027563346444192	-179.99968798094176
2.7289777828080406	0.0004916576482225787	-179.99969986473056
2.7542287033381663	0.0004808488676563504	-179.99971097256707
2.7797132677592886	0.00047032032387487644	-179.9997213754404
2.805433637951713	0.0004600627721540782	-179.9997311367469
2.831391995799379	0.0004500673682693042	-179.99974031317822
2.8575905433749464	0.0004403256462889013	-179.99974895549758
2.8840315031266055	0.0004308294978752032	-179.99975710922
2.910717118066605	0.00042157115297197827	-179.9997648152087
2.9376496519615305	0.0004125431617685687	-179.99977211019853
2.9648313895243423	0.00040373837784099976	-179.9997790272566
2.992264636608189	0.0003951499423793049	-179.99978559618756
3.019951720402016	0.00038677126941839916	-179.99979184389056
3.047894989627983	0.0003785960319970802	-179.99979779467452
3.076096814740708	0.0003706181491762707	-179.9998034705366
3.1045595881283554	0.0003628317738535179	-179.99980889140818
3.1332857243155856	0.0003552312813160729	-179.99981407537302
3.162277660168379	0.0003478112584797032	-179.99981903886027
3.1915378551007616	0.0003405664937647281	-179.99982379681597
3.2210687912834346	0.0003334919675647415	-179.99982836285517
3.250872973854344	0.00032658284326705147	-179.99983274939729
3.2809529311311905	0.0003198344587871395	-179.9998369677865
3.311311214825911	0.00031324231858240545	-179.99984102839912
3.3419504002611427	0.0003068020861131609	-179.99984494073905
3.372873086588689	0.00030050957672130696	-179.9998487135234
3.404081897010009	0.00029436075089937417	-179.99985235475845
3.4355794789987466	0.000288351707924665	-179.99985587180822
3.4673685045253166	0.00028247867983511503	-179.9998592714552
3.499451670283573	0.0002767380257252157	-179.99986255995518
3.53183169791957	0.0002711262263419223	-179.99986574308625
3.5645113342624426	0.00026563987896191163	-179.99986882619288
3.5974933515574232	0.0002602756925328956	-179.99987181422532
3.630780547701014	0.0002550304830629141	-179.9998747117752
3.664375746478333	0.0002499011692426567	-179.99987752310759
3.6982817978026628	0.0002448847682869006	-179.99988025218966
3.732501577957206	0.00023997839198210876	-179.9998829027168
3.767037989839089	0.00023517924292810978	-179.99988547813595
3.801893963205613	0.00023048461096259975	-179.99988798166677
3.8370724549227884	0.0002258918697579532	-179.9998904163208
3.8725764492161727	0.00022139847358052789	-179.99989278491867
3.908408957924021	0.00021700195420329196	-179.99989509010595
3.944573020752785	0.0002126999179631957	-179.99989733436712
3.981071705534973	0.00020849004295526245	-179.99989952003853
4.0179081084894	0.000204370076355886	-179.99990164932026
4.055085354483839	0.00020033783186829677	-179.99990372428638
4.09260659730011	0.0001963911872835969	-179.99990574689494
4.130475019901614	0.00019252808215118228	-179.99990771899652
4.168693834703355	0.000188746515552737	-179.99990964234252
4.207266283844442	0.0001850445439743578	-179.999911518592
4.24619563946313	0.00018142027927168063	-179.99991334931894
4.285485203974396	0.00017787188672319727	-179.99991513601776
4.325138310350088	0.00017439758316723593	-179.9999168801093
4.365158322401661	0.0001709956352183456	-179.99991858294567
4.405548635065534	0.0001676643575590732	-179.99992024581505
4.446312674691089	0.000164402111303358	-179.99992186994592
4.487453899331323	0.00016120730242798445	-179.99992345651088
4.528975799036209	0.000158078380268736	-179.99992500663055
4.570881896148752	0.00015501383607808772	-179.99992652137652
4.613175745603791	0.0001520122016414494	-179.99992800177475
4.655860935229586	0.0001490720479491374	-179.99992944880802
4.698941086052151	0.0001461919839214159	-179.99993086341888
4.742419852602444	0.00014337065518407751	-179.99993224651172
4.7863009232263805	0.00014060674289215406	-179.99993359895495
4.830588020397723	0.0001378989625990738	-179.99993492157913
4.875284901033861	0.0001352460631816848	-179.99993621515395
4.920395356814506	0.00013264682575231434	-179.99993748058395
4.965923214503357	0.000130100062725165	-179.99993871847326
5.01187233627272	0.00012760461678980447	-179.9999399295859
5.058246620031137	0.00012515936000500837	-179.99994111461498
5.105049999754059	0.00012276319289964072	-179.99994227422863
5.152286445817562	0.0001204150436099693	-179.9999434090718
5.1999599653351565	0.0001181138670488241	-179.99994451976767
5.248074602497723	0.00011585864410510949	-179.9999456069185
5.296634438916575	0.00011364838087234212	-179.99994667110678
5.345643593969713	0.00011148210790495698	-179.9999477128962
5.395106225151273	0.00010935887950119464	-179.99994873283228
5.445026528424209	0.00010727777301143832	-179.99994973144354
5.495408738576242	0.00010523788817092554	-179.99995070924186
5.5462571295791046	0.00010323834645581346	-179.9999516667236
5.597576014951099	0.0001012782904616245	-179.99995260436995
5.649369748123022	0.00009935688330314695	-179.99995352264776
5.701642722807472	0.0000974733080349088	-179.99995442201006
5.754399373371567	0.00009562676709138613	-179.99995530289667
5.807644175213118	0.00009381648174614467	-179.9999561657346
5.861381645140285	0.00009204169158915395	-179.9999570109388
5.9156163417547365	0.00009030165402154599	-179.99995783891237
5.9703528658383656	0.0000885956437671258	-179.9999586500472
6.025595860743575	0.0000869229523999728	-179.99995944472425
6.081350012787176	0.00008528288788750148	-179.9999602233141
6.137620051647939	0.00008367477414837942	-179.99996098617726
6.194410750767812	0.00008209795062472797	-179.99996173366446
6.251726927756856	0.00008055177186805494	-179.9999624661171
6.30957344480193	0.00007903560713839646	-179.9999631838676
6.367955209079155	0.00007754884001616429	-179.9999638872396
6.426877173170194	0.00007609086802622142	-179.99996457654836
6.486344335482381	0.00007466110227372547	-179.99996525210096
6.546361740672747	0.000073258967091303	-179.99996591419662
6.6069344800759575	0.0000718838996971342	-179.99996656312697
6.668067692136219	0.00007053534986354703	-179.9999671991763
6.729766562843175	0.00006921277959573646	-179.9999678226217
6.792036326171843	0.0000679156628202406	-179.99996843373344
6.854882264526613	0.00006664348508282161	-179.99996903277506
6.918309709189362	0.00006539574325541363	-179.99996962000367
6.9823240407717115	0.00006417194525181419	-179.99997019567002
7.046930689671467	0.00006297160975180923	-179.99997076001884
7.112135136533288	0.00006179426593343404	-179.99997131328897
7.177942912713615	0.000060639453213085476	-179.99997185571348
7.244359600749899	0.00005950672099321171	-179.9999723875199
7.311390834834173	0.00005839562841731756	-179.99997290893035
7.379042301291007	0.00005730574413203255	-179.99997342016172
7.447319739059888	0.00005623664605600176	-179.9999739214258
7.516228940182053	0.00005518792115536575	-179.9999744129295
7.585775750291836	0.00005415916522560777	-179.9999748948748
7.655966069112561	0.0000531499826795535	-179.99997536745911
7.726805850957022	0.000052159986341318496	-179.99997583087526
7.798301105232586	0.000051188797246004686	-179.99997628531165
7.870457896950985	0.00005023604444495692	-179.99997673095237
7.943282347242813	0.000049301364816396115	-179.9999771679774
8.01678063387679	0.00004838440288125389	-179.99997759656262
8.090958991783822	0.00004748481062403942	-179.99997801687985
8.165823713585922	0.0000466022473185762	-179.99997842909724
8.241381150130021	0.00004573637935845215	-179.99997883337903
8.317637711026709	0.000044886880092032465	-179.99997922988587
8.394599865193973	0.00004405342966189073	-179.9999796187748
8.472274141405963	0.000043235714848517866	-179.99998000019949
8.550667128846833	0.000042433428918175525	-179.9999803743101
8.629785477669701	0.000041646271474763866	-179.9999807412536
8.709635899560805	0.00004087394831557892	-179.9999811011737
8.790225168308842	0.00004011617129083992	-179.999981454211
8.871560120379607	0.00003937265816686987	-179.999981800503
8.953647655495937	0.00003864313249281865	-179.99998214018427
9.036494737223014	0.000037927323470819945	-179.99998247338647
9.120108393559097	0.000037224965829479044	-179.99998280023843
9.204495717531712	0.000036535799700590547	-179.99998312086618
9.289663867799362	0.00003585957049898989	-179.99998343539312
9.375620069258803	0.000035196028805444954	-179.99998374393994
9.462371613657929	0.000034544930252498066	-179.99998404662483
9.549925860214358	0.00003390603541317122	-179.99998434356348
9.638290236239705	0.000033279109692450636	-179.99998463486907
9.727472237769652	0.00003266392322146986	-179.9999849206524
9.817479430199844	0.0000320602507543127	-179.99998520102204
9.908319448927676	0.00003146787156736062	-179.99998547608416
10.	0.00003088656936111157	-179.99998574594278
10.092528860766844	0.000030316132164399422	-179.9999860106997
10.18591388054117	0.000029756352240946007	-179.99998627045468
10.280162981264736	0.00002920702599817936	-179.9999865253053
10.375284158180126	0.00002866795389825496	-179.9999867753472
10.471285480508996	0.000028138940371217514	-179.99998702067398
10.568175092136585	0.000027619793730244397	-179.99998726137738
10.665961212302578	0.00002711032608891219	-179.99998749754724
10.76465213629835	0.000026610353280431182	-179.99998772927148
10.864256236170656	0.000026119694778793276	-179.99998795663626
10.964781961431852	0.000025638173621781002	-179.99998817972602
11.066237839776663	0.000025165616335787325	-179.9999883986234
11.168632477805613	0.000024701852862396722	-179.99998861340944
11.271974561755105	0.00002424671648668044	-179.99998882416347
11.37627285823431	0.0000238000437671595	-179.9999890309632
11.481536214968829	0.000023361674467391394	-179.99998923388483
11.587773561551263	0.0000229314514891367	-179.99998943300295
11.694993910198711	0.00002250922080706439	-179.99998962839072
11.803206356517286	0.000022094831404954724	-179.99998982011974
11.912420080273739	0.000021688135213360653	-179.99999000826026
12.022644346174118	0.00002128898704869001	-179.999990192881
12.133888504649763	0.00002089724455367063	-179.99999037404945
12.246161992650476	0.00002051276813916359	-179.99999055183162
12.359474334445094	0.00002013542092728899	-179.99999072629225
12.47383514242942	0.000019765068695831106	-179.99999089749485
12.589254117941662	0.00001940157982388999	-179.99999106550155
12.705741052085406	0.000019044825238747765	-179.99999123037335
12.823305826560205	0.000018694678363918912	-179.99999139216996
12.941958414499851	0.00001835101506835459	-179.99999155094994
13.061708881318404	0.000018013713616772054	-179.99999170677071
13.182567385564061	0.000017682654621080874	-179.99999185968852
13.304544179780901	0.000017357720992878725	-179.99999200975853
13.427649611378628	0.000017038797896990156	-179.99999215703477
13.551894123510351	0.000016725772706022458	-179.9999923015703
13.67728825595848	0.00001641853495591372	-179.99999244341703
13.803842646028839	0.00001611697630244854	-179.9999925826259
13.931568029453022	0.000015820990478717915	-179.99999271924688
14.060475241299129	0.000015530473253500193	-179.99999285332893
14.190575216890911	0.000015245322390540781	-179.99999298492008
14.321878992735424	0.0000149654376087089	-179.99999311406734
14.454397707459265	0.0000146907205430103	-179.99999324081688
14.588142602753473	0.000014421074706435265	-179.99999336521395
14.723125024327178	0.000014156405452622168	-179.99999348730293
14.859356422870059	0.000013896619939316964	-179.99999360712732
14.996848355023726	0.000013641627092609797	-179.99999372472976
15.135612484362072	0.000013391337571930415	-179.99999384015211
15.275660582380716	0.000013145663735784422	-179.99999395343542
15.417004529495584	0.000012904519608213057	-179.99999406461984
15.559656316050734	0.000012667820845959484	-179.99999417374488
15.703628043335515	0.00001243548470632524	-179.9999942808492
15.848931924611126	0.000012207430015700689	-179.99999438597075
15.995580286146678	0.00001198357713875399	-179.99999448914673
16.143585568264854	0.000011763847948263269	-179.99999459041368
16.292960326397214	0.000011548165795577293	-179.99999468980735
16.443717232149307	0.000011336455481690204	-179.99999478736282
16.595869074375596	0.00001112864322891626	-179.99999488311457
16.749428760264365	0.000010924656653150926	-179.99999497709635
16.90440931643263	0.0000107244247367051	-179.99999506934128
17.060823890031227	0.000010527877801699271	-179.99999515988182
17.21868574986006	0.000010334947484005255	-179.99999524874988
17.378008287493746	0.00001014556670772297	-179.9999953359767
17.5388050184176	9.959669660180365e-6	-179.9999954215929
17.701089583174202	9.777191767444787e-6	-179.99999550562862
17.864875748520497	9.598069670334343e-6	-179.99999558811328
18.03017740859568	9.42224120091822e-6	-179.9999956690759
18.197008586099827	9.249645359495037e-6	-179.99999574854482
18.365383433483455	9.080222292038729e-6	-179.9999958265479
18.535316234148105	8.913913268101639e-6	-179.99999590311236
18.706821403657997	8.750660659164776e-6	-179.99999597826516
18.879913490962927	8.590407917425418e-6	-179.9999960520325
19.054607179632463	8.433099555012543e-6	-179.99999612444014
19.230917289101576	8.278681123620703e-6	-179.99999619551346
19.408858775927772	8.127099194553337e-6	-179.99999626527722
19.58844673505989	7.978301339166512e-6	-179.9999963337558
19.769696401118598	7.832236109704603e-6	-179.99999640097306
19.952623149688787	7.688853020519277e-6	-179.99999646695247
20.137242498623873	7.548102529663693e-6	-179.99999653171696
20.32357010936221	7.409936020853768e-6	-179.9999965952892
20.511621788255646	7.274305785788673e-6	-179.9999966576912
20.701413487910415	7.141165006822913e-6	-179.9999967189448
20.892961308540386	7.010467739982478e-6	-179.99999677907124
21.086281499332888	6.8821688983177614e-6	-179.9999968380914
21.28139045982711	6.7562242355861025e-6	-179.99999689602583
21.47830474130533	6.632590330256969e-6	-179.99999695289466
21.67704104819694	6.511224569832996e-6	-179.99999700871763
21.87761623949552	6.392085135480232e-6	-179.99999706351412
22.080047330188993	6.275130986961049e-6	-179.9999971173031
22.28435149270303	6.160321847863414e-6	-179.99999717010328
22.490546058357804	6.047618191120339e-6	-179.99999722193297
22.698648518838212	5.936981224813396e-6	-179.99999727281005
22.908676527677724	5.828372878254408e-6	-179.99999732275225
23.12064790175594	5.721755788339577e-6	-179.99999737177677
23.33458062281002	5.6170932861703175e-6	-179.99999741990067
23.55049283896009	5.514349383935325e-6	-179.99999746714053
23.76840286624876	5.4134887620484795e-6	-179.9999975135127
23.9883291901949	5.314476756537322e-6	-179.99999755903323
24.210290467361776	5.2172793466768745e-6	-179.9999976037179
24.434305526939713	5.121863142863878e-6	-179.99999764758203
24.660393372343385	5.028195374726419e-6	-179.9999976906409
24.888573182823905	4.936243879464201e-6	-179.99999773290932
25.118864315095795	4.8459770904146925e-6	-179.99999777440186
25.351286304979073	4.757364025840593e-6	-179.9999978151329
25.58585886905645	4.67037427793409e-6	-179.99999785511645
25.82260190634596	4.584978002033496e-6	-179.9999978943663
26.06153549998895	4.501145906047992e-6	-179.99999793289598
26.302679918953814	4.418849240086223e-6	-179.9999979707188
26.54605561975539	4.338059786284652e-6	-179.99999800784775
26.791683248190314	4.258749848831645e-6	-179.99999804429567
27.039583641088434	4.1808922441833304e-6	-179.99999808007507
27.289777828080403	4.104460291467362e-6	-179.99999811519828
27.542287033381662	4.029427803070862e-6	-179.99999814967742
27.797132677592884	3.955769075408817e-6	-179.99999818352433
28.05433637951713	3.883458879869294e-6	-179.99999821675064
28.31391995799379	3.8124724539320004e-6	-179.9999982493678
28.575905433749465	3.742785492456684e-6	-179.99999828138704
28.84031503126606	3.6743741391379946e-6	-179.99999831281932
29.10717118066605	3.607214978123518e-6	-179.99999834367546
29.376496519615305	3.5412850257917197e-6	-179.9999983739661
29.648313895243422	3.476561722686625e-6	-179.99999840370162
29.92264636608189	3.4130229256061468e-6	-179.99999843289223
30.19951720402016	3.3506468998410048e-6	-179.99999846154793
30.4789498962798	3.289412311561271e-6	-179.99999848967863
30.76096814740705	3.229298220347602e-6	-179.9999985172939
31.045595881283525	3.1702840718643894e-6	-179.99999854440327
31.332857243155825	3.1123496906718977e-6	-179.99999857101605
31.62277660168376	3.0554752731747914e-6	-179.9999985971413
31.91537855100758	2.9996413807042908e-6	-179.99999862278807
32.21068791283432	2.9448289327313775e-6	-179.99999864796507
32.50872973854341	2.8910192002084587e-6	-179.999998672681
32.80952931131187	2.8381937990369893e-6	-179.99999869694432
33.11311214825908	2.7863346836585965e-6	-179.9999987207633
33.41950400261139	2.7354241407672844e-6	-179.99999874414613
33.72873086588685	2.6854447831403606e-6	-179.9999987671008
34.040818970100055	2.636379543585787e-6	-179.99999878963524
34.35579478998743	2.5882116690036663e-6	-179.99999881175708
34.67368504525313	2.5409247145596725e-6	-179.99999883347394
34.994516702835696	2.4945025379682317e-6	-179.99999885479323
35.318316979195664	2.4489292938833413e-6	-179.99999887572233
35.64511334262439	2.4041894283949308e-6	-179.99999889626827
35.9749335155742	2.360267673628727e-6	-179.99999891643816
36.3078054770101	2.3171490424476358e-6	-179.99999893623894
36.64375746478329	2.274818823252643e-6	-179.99999895567728
36.98281797802659	2.2332625748813694e-6	-179.9999989747599
37.32501577957203	2.192466121602345e-6	-179.9999989934933
37.670379898390856	2.152415548203195e-6	-179.99999901188386
38.01893963205609	2.1130971951709154e-6	-179.99999902993795
38.370724549227845	2.074497653962468e-6	-179.99999904766165
38.72576449216169	2.0366037623639688e-6	-179.9999990650611
39.08408957924017	1.9994025999367647e-6	-179.99999908214218
39.44573020752781	1.962881483548736e-6	-179.9999990989107
39.81071705534969	1.927027962989181e-6	-179.9999991153725
40.17908108489396	1.8918298166657025e-6	-179.99999913153314
40.55085354483835	1.8572750473815146e-6	-179.9999991473981
40.92606597300105	1.8233518781916354e-6	-179.99999916297287
41.304750199016105	1.7900487483364633e-6	-179.99999917826273
41.68693834703351	1.7573543092512624e-6	-179.99999919327288
42.07266283844438	1.7252574206500952e-6	-179.99999920800852
42.46195639463126	1.693747146682808e-6	-179.9999992224746
42.85485203974392	1.6628127521636638e-6	-179.99999923667608
43.251383103500835	1.6324436988702562e-6	-179.99999925061783
43.65158322401656	1.602629641911383e-6	-179.9999992643046
44.0554863506553	1.573360426162565e-6	-179.999999277741
44.46312674691084	1.5446260827679103e-6	-179.99999929093173
44.87453899331318	1.5164168257070948e-6	-179.99999930388117
45.28975799036204	1.488723048426196e-6	-179.99999931659383
45.708818961487474	1.4615353205311974e-6	-179.99999932907397
46.13175745603791	1.4348443845429526e-6	-179.9999993413259
46.55860935229586	1.4086411527124624e-6	-179.9999993533538
46.98941086052151	1.3829167038953198e-6	-179.9999993651617
47.42419852602443	1.3576622804842076e-6	-179.9999993767537
47.8630092322638	1.3328692853983488e-6	-179.99999938813372
48.30588020397723	1.3085292791288365e-6	-179.99999939930564
48.7528490103386	1.2846339768387904e-6	-179.99999941027326
49.20395356814506	1.2611752455173074e-6	-179.99999942104031
49.65923214503358	1.2381451011861908e-6	-179.9999994316105
50.118723362727195	1.2155357061584654e-6	-179.99999944198737
50.58246620031137	1.193339366347703e-6	-179.9999994521745
51.0504999975406	1.171548528627209e-6	-179.99999946217537
51.52286445817562	1.150155778238122e-6	-179.99999947199333
51.99959965335157	1.1291538362455152e-6	-179.99999948163176
52.48074602497723	1.1085355570415995e-6	-179.99999949109394
52.966344389165755	1.0882939258951384e-6	-179.99999950038307
53.45643593969714	1.068422056546211e-6	-179.99999950950235
53.95106225151273	1.0489131888454742e-6	-179.99999951845484
54.450265284242086	1.029760686437089e-6	-179.99999952724357
54.95408738576243	1.0109580344844897e-6	-179.9999995358716
55.462571295791044	9.92498837438204e-7	-179.9999995443418
55.97576014951099	9.743768168449189e-7	-179.9999995526571
56.49369748123023	9.56585809197045e-7	-179.99999956082024
57.01642722807472	9.391197638220004e-7	-179.9999995688341
57.543993733715666	9.219727408104798e-7	-179.99999957670136
58.07644175213118	9.051389089829905e-7	-179.99999958442464
58.61381645140285	8.886125438939213e-7	-179.99999959200667
59.15616341754737	8.723880258724584e-7	-179.99999959944992
59.70352865838366	8.564598380996568e-7	-179.99999960675694
60.255958607435744	8.408225647209911e-7	-179.99999961393024
60.81350012787176	8.254708889937237e-7	-179.99999962097226
61.37620051647939	8.103995914684486e-7	-179.9999996278853
61.94410750767812	7.956035482041632e-7	-179.99999963467178
62.51726927756855	7.810777290162504e-7	-179.999999641334
63.0957344480193	7.668171957567592e-7	-179.99999964787418
63.67955209079155	7.528171006263802e-7	-179.9999996542945
64.26877173170195	7.390726845175239e-7	-179.99999966059718
64.86344335482381	7.255792753879301e-7	-179.99999966678433
65.46361740672747	7.123322866642338e-7	-179.99999967285802
66.06934480075958	6.993272156749343e-7	-179.99999967882027
66.68067692136219	6.865596421122264e-7	-179.99999968467316
67.29766562843174	6.740252265221411e-7	-179.99999969041858
67.92036326171844	6.617197088224909e-7	-179.99999969605847
68.54882264526613	6.496389068480909e-7	-179.99999970159467
69.18309709189363	6.377787149227475e-7	-179.9999997070291
69.82324040771712	6.261351024575314e-7	-179.99999971236355
70.46930689671467	6.147041125748318e-7	-179.9999997175997
71.12135136533288	6.034818607577228e-7	-179.99999972273932
71.77942912713615	5.924645335241724e-7	-179.9999997277841
72.44359600749898	5.816483871256303e-7	-179.99999973273566
73.11390834834172	5.710297462695427e-7	-179.99999973759557
73.79042301291008	5.606050028653557e-7	-179.99999974236542
74.47319739059888	5.503706147935658e-7	-179.99999974704673
75.16228940182053	5.403231046973935e-7	-179.99999975164087
75.85775750291836	5.304590587966615e-7	-179.9999997561493
76.55966069112561	5.207751257234643e-7	-179.99999976057333
77.26805850957021	5.112680153792263e-7	-179.9999997649143
77.98301105232578	5.019344978127512e-7	-179.99999976917334
78.70457896950977	4.927714021188695e-7	-179.99999977335168
79.43282347242805	4.837756153573143e-7	-179.99999977745028
80.16780633876782	4.749440814914303e-7	-179.99999978147014
80.90958991783813	4.662738003463597e-7	-179.99999978541206
81.65823713585914	4.5776182658633473e-7	-179.99999978927679
82.41381150130013	4.494052687107211e-7	-179.99999979306472
83.176377110267	4.412012880684527e-7	-179.9999997967762
83.94599865193965	4.331470978905066e-7	-179.9999998004112
84.72274141405954	4.2523996234007127e-7	-179.99999980396933
85.50667128846823	4.174771955800472e-7	-179.99999980744974
86.29785477669692	4.098561608575291e-7	-179.9999998108509
87.09635899560797	4.023742696048898e-7	-179.99999981417042
87.90225168308834	3.95028980557074e-7	-179.99999981740453
88.71560120379598	3.878177988846521e-7	-179.99999982054774
89.53647655495928	3.807382753421091e-7	-179.99999982359176
90.36494737223005	3.7378800543068426e-7	-179.99999982652415
91.20108393559087	3.669646285747896e-7	-179.9999998293259
92.04495717531702	3.602658273104622e-7	-179.99999983196716
92.89663867799354	3.536893264831377e-7	-179.9999998343992
93.75620069258792	3.4723289244944503e-7	-179.99999983653893
94.6237161365792	3.4089433227158944e-7	-179.9999998382354
95.4992586021435	3.3467149287680047e-7	-179.9999998391913
96.38290236239695	3.285622601063687e-7	-179.99999983875273
97.2747223776964	3.225645574092409e-7	-179.99999983523634
98.17479430199833	3.1667634316680193e-7	-179.99999982311485
99.08319448927665	3.1089560040206593e-7	-179.9999997742266
99.9999999999999	3.0522022156039375e-7	-179.99999921659605