0.01000000000000001	0.01115349713724829	-2.452561109671075
0.010092528860766855	0.01115513236670696	-2.4537640027865364
0.01018591388054118	0.011156798959730594	-2.4549899303292815
0.010280162981264745	0.011158497536465285	-2.456239352203296
0.010375284158180138	0.01116022873002925	-2.457512738154783
0.010471285480509006	0.011161993186811362	-2.458810568007221
0.010568175092136596	0.011163791566777312	-2.4601333319028535
0.01066596121230259	0.011165624543783831	-2.4614815305508317
0.010764652136298361	0.011167492805901695	-2.4628556754825075
0.010864256236170667	0.011169397055746771	-2.4642562893135853
0.010964781961431863	0.01117133801082055	-2.465683906014004
0.011066237839776675	0.011173316403859246	-2.467139071185109
0.011168632477805623	0.011175332983193195	-2.468622342345195
0.011271974561755117	0.011177388513115019	-2.470134289222624
0.011376272858234322	0.011179483774258987	-2.4716754940580605
0.01148153621496884	0.011181619563989668	-2.473246551914711
0.011587773561551273	0.011183796696802379	-2.474848070998324
0.011694993910198724	0.011186016004734078	-2.47648067298595
0.01180320635651731	0.011188278337786047	-2.478144993364733
0.011912420080273762	0.011190584564358218	-2.479841681780434
0.012022644346174144	0.011192935571696004	-2.4815714023965554
0.012133888504649786	0.011195332266349545	-2.4833348342638804
0.012246161992650502	0.011197775574646334	-2.485132671701441
0.01235947433444512	0.011200266443177028	-2.486965624688675
0.012473835142429446	0.011202805839295555	-2.488834419269583
0.012589254117941687	0.011205394751633463	-2.4907397979691543
0.012705741052085433	0.011208034190629428	-2.4926825202227043
0.012823305826560232	0.011210725189073973	-2.4946633628180908
0.01294195841449987	0.011213468802670707	-2.496683120352088
0.013061708881318424	0.011216266110613419	-2.4987426057004503
0.013182567385564082	0.011219118216181006	-2.5008426505031074
0.01330454417978092	0.011222026247349758	-2.5029841056643956
0.013427649611378649	0.011224991357424226	-2.505167841869176
0.01355189412351037	0.011228014725687059	-2.5073947501154237
0.013677288255958502	0.011231097558068545	-2.5096657422636484
0.013803842646028859	0.011234241087836664	-2.511981751604279
0.013931568029453043	0.011237446576308527	-2.5143437334433116
0.01406047524129915	0.011240715313583234	-2.516752665706772
0.014190575216890933	0.011244048619297946	-2.5192095495652356
0.014321878992735446	0.011247447843407463	-2.521715410078707
0.014454397707459286	0.01125091436698856	-2.5242712968632905
0.014588142602753497	0.011254449603068971	-2.5268782847791855
0.014723125024327202	0.011258054997483289	-2.5295374746424315
0.014859356422870082	0.011261732029756468	-2.5322499939605194
0.014996848355023748	0.011265482214015	-2.5350169976926025
0.015135612484362095	0.011269307099928001	-2.5378396690358263
0.015275660582380739	0.011273208273678998	-2.540719220238667
0.015417004529495607	0.011277187358969208	-2.5436568934421118
0.015559656316050758	0.011281246018053819	-2.5466539615499952
0.01570362804333554	0.011285385952813113	-2.5497117291300144
0.015848931924611148	0.011289608905858589	-2.5528315333459224
0.015995580286146702	0.011293916661676569	-2.5560147449229476
0.016143585568264878	0.011298311047810391	-2.5592627691473764
0.016292960326397238	0.011302793936082212	-2.5625770469017146
0.01644371723214933	0.011307367243857346	-2.5659590557373897
0.016595869074375623	0.011312032935351369	-2.569410310986017
0.01674942876026439	0.011316793022982633	-2.5729323669110755
0.016904409316432657	0.011321649568771786	-2.576526817901863
0.017060823890031253	0.011326604685790316	-2.5801952997114315
0.017218685749860088	0.011331660539660197	-2.5839394907403244
0.017378008287493772	0.011336819350106575	-2.587761113368458
0.01753880501841763	0.01134208339256583	-2.59166193533659
0.01770108958317423	0.011347454999851587	-2.5956437711804217
0.017864875748520526	0.011352936563880539	-2.599708483718808
0.018030177408595707	0.011358530537461631	-2.603857985599365
0.018197008586099853	0.011364239436150421	-2.608094240903326
0.018365383433483484	0.011370065840171412	-2.612419266812415
0.018535316234148135	0.011376012396412732	-2.6168351353413435
0.018706821403658026	0.011382081820494288	-2.6213439751377368
0.018879913490962956	0.011388276898914192	-2.625947973353509
0.019054607179632494	0.011394600491276479	-2.6306493775906716
0.019230917289101597	0.01140105553260346	-2.635450497924974
0.019408858775927792	0.011407645035737194	-2.640353709011296
0.01958844673505991	0.01141437209383323	-2.645361452274239
0.01976969640111862	0.011421239882951911	-2.6504762381885354
0.01995262314968881	0.011428251664750916	-2.6557006486530863
0.020137242498623895	0.011435410789283527	-2.6610373394629874
0.02032357010936223	0.011442720697909576	-2.6664890428857415
0.020511621788255666	0.011450184926320784	-2.6720585703441464
0.020701413487910436	0.01145780710768951	-2.677748815213679
0.02089296130854041	0.011465590975944899	-2.6835627557387456
0.02108628149933291	0.011473540369182265	-2.689503458073501
0.021281390459827135	0.011481659233214016	-2.6955740794546874
0.021478304741305354	0.01148995162526633	-2.7017778715115384
0.02167704104819696	0.011498421717831655	-2.7081181837214334
0.02187761623949554	0.011507073802681986	-2.714598467017225
0.022080047330189013	0.011515912295053434	-2.7212222775554467
0.022284351492703053	0.011524941738008351	-2.7279932806523943
0.022490546058357826	0.01153416680698597	-2.734915254898253
0.022698648518838235	0.011543592314549394	-2.7419920964572198
0.022908676527677748	0.011553223215340842	-2.7492278235650267
0.023120647901755963	0.011563064611253808	-2.756626581232859
0.023334580622810044	0.011573121756835806	-2.764192646170413
0.023550492838960112	0.01158340006493101	-2.7719304319380895
0.023768402866248782	0.011593905112578207	-2.7798444943428677
0.02398832919019492	0.011604642647175773	-2.78793953708978
0.0242102904673618	0.011615618592928556	-2.7962204177037093
0.02443430552693974	0.011626839057591765	-2.8046921537364886
0.024660393372343412	0.011638310339529171	-2.8133599292761873
0.02488857318282393	0.011650038935100148	-2.82222910177386
0.025118864315095822	0.011662031546397068	-2.831305209208094
0.025351286304979098	0.011674295089350008	-2.84059397760532
0.02558585886905648	0.011686836702220703	-2.8501013289371504
0.025822601906345985	0.011699663754507109	-2.8598333894166164
0.026061535499988978	0.011712783856282905	-2.869796498217233
0.026302679918953843	0.011726204867995704	-2.879997216639404
0.026546055619755416	0.011739934910751952	-2.8904423377517436
0.026791683248190343	0.011753982377115562	-2.9011388965351403
0.027039583641088463	0.01176835594245192	-2.91209418056119
0.027289777828080432	0.01178306457684898	-2.923315741237152
0.02754228703338169	0.011798117557650275	-2.9348114056528867
0.02779713267759291	0.011813524482636605	-2.9465892890671186
0.02805433637951716	0.011829295283896252	-2.958657808073482
0.028313919957993816	0.011845440242426642	-2.971025694490098
0.028575905433749497	0.011861970003511288	-2.9837020100176135
0.028840315031266085	0.011878895592922826	-2.996696161717487
0.02910717118066608	0.01189622843400248	-3.010017918362261
0.029376496519615335	0.011913980365672469	-3.023677427715929
0.029648313895243455	0.011932163661442535	-3.0376852348069003
0.02992264636608192	0.011950791049472624	-3.052052301258254
0.030199517204020192	0.011969875733764538	-3.0667900257494565
0.03047894989627986	0.01198943141655337	-3.081910265683851
0.03076096814740711	0.012009472321982403	-3.097425360147725
0.031045595881283587	0.012030013221145539	-3.1133481542487753
0.03133285724315589	0.01205106945859189	-3.1296920249321634
0.031622776601683826	0.012072656980392256	-3.1464709083781743
0.03191537855100765	0.012094792363876438	-3.1636993290950213
0.03221068791283438	0.01211749284915838	-3.181392430829431
0.03250872973854347	0.012140776372575853	-3.1995660094275733
0.03280952931131194	0.012164661602181106	-3.2182365477897075
0.03311311214825915	0.012189167975432095	-3.237421253075706
0.03341950400261146	0.012214315739243519	-3.25713809632961
0.03372873086588692	0.012240125992572425	-3.277405854707433
0.034040818970100126	0.012266620731727568	-3.298244156508658
0.0343557947899875	0.01229382289860746	-3.3196735292284196
0.0346736850452532	0.012321756432089728	-3.341715450867349
0.034994516702835765	0.012350446322815605	-3.3643924047579494
0.035318316979195734	0.012379918671632685	-3.387727938188843
0.03564511334262446	0.012410200751984245	-3.411746725134536
0.03597493351557427	0.012441321076558582	-3.4364746334270215
0.03630780547701017	0.012473309468542802	-3.4619387967381456
0.03664375746478335	0.012506197137853512	-3.4881676917741378
0.03698281797802665	0.012540016762756205	-3.515191221125715
0.037325015779572084	0.012574802577320528	-3.543040802257184
0.037670379898390914	0.012610590465205015	-3.5717494631685205
0.038018939632056145	0.012647418060309275	-3.601351945314841
0.0383707245492279	0.012685324854887811	-3.631884814428756
0.038725764492161745	0.012724352315776573	-3.6633865799560135
0.03908408957924023	0.012764544009450238	-3.6958978238884392
0.03944573020752787	0.012805945736701758	-3.729461339861033
0.039810717055349755	0.012848605677814554	-3.764122283469337
0.04017908108489402	0.012892574549195129	-3.799928334870766
0.040550853544838415	0.012937905772528024	-3.836929874843092
0.040926065973001115	0.012984655657638539	-3.8751801756089677
0.041304750199016166	0.013032883600367529	-3.9147356078748152
0.04168693834703357	0.013082652296917565	-3.95565586570402
0.04207266283844444	0.013134027976281626	-3.9980042110220104
0.04246195639463132	0.013187080652557635	-4.041847739767117
0.042854852039743985	0.013241884399153695	-4.087257671934434
0.04325138310350091	0.013298517647123606	-4.134309668029486
0.04365158322401663	0.013357063510139157	-4.183084174756057
0.044055486350655364	0.013417610138903338	-4.233666803107906
0.04446312674691091	0.013480251108151368	-4.286148742431924
0.04487453899331325	0.013545085839775336	-4.340627214483427
0.04528975799036211	0.01361222006604955	-4.397205972010816
0.04570881896148754	0.013681766337442421	-4.455995847003265
0.04613175745603798	0.013753844580077038	-4.5171153544150595
0.04655860935229591	0.013828582708571407	-4.580691357969281
0.04698941086052156	0.013906117300746139	-4.64685980554519
0.04742419852602448	0.013986594341577178	-4.71576654270946
0.04786300923226385	0.014070170044773615	-4.7875682141574
0.04830588020397728	0.014157011761546582	-4.862433264250709
0.04875284901033865	0.01424729898748473	-4.94054304947345
0.04920395356814511	0.014341224480042991	-5.022093077555221
0.04965923214503363	0.014438995500981596	-5.107294390247412
0.05011872336272725	0.014540835200251248	-5.19637510938312
0.05058246620031143	0.014646984160324724	-5.289582168943617
0.051050499997540646	0.01475770212293607	-5.3871832595242966
0.05152286445817567	0.014873269923648163	-5.489469015915881
0.05199959965335162	0.014993991663773026	-5.596755483669727
0.052480746024977286	0.015120197154004505	-5.709386906636692
0.05296634438916581	0.01525224466986711	-5.82773888479117
0.05345643593969719	0.015390524065923243	-5.952221960434279
0.05395106225151279	0.015535460303823035	-6.083285701423402
0.05445026528424214	0.015687517459050785	-6.221423362838555
0.05495408738576248	0.015847203282926783	-6.3671772239487385
0.0554625712957911	0.016015074410543752	-6.521144716162158
0.05597576014951104	0.016191742322358017	-6.683985480624744
0.05649369748123028	0.016377880187841153	-6.856429522349171
0.05701642722807478	0.016574230744735567	-7.039286662513238
0.05754399373371572	0.016781615398163703	-7.233457533616332
0.05807644175213124	0.017000944761427175	-7.43994641571841
0.05861381645140291	0.01723323090653823	-7.659876278923617
0.05915616341754743	0.017479601649479887	-7.894506481364855
0.05970352865838372	0.017741317265643278	-8.145253678172988
0.06025595860743581	0.018019790118289945	-8.413716631833953
0.060813500127871824	0.018316607791607875	-8.701705786667615
0.061376200516479455	0.01863356045550142	-9.011278691596985
0.06194410750767818	0.018972673358592484	-9.344782641617924
0.06251726927756862	0.019336245557621996	-9.704906280732855
0.06309573444801936	0.019726896256076362	-10.09474239661297
0.06367955209079162	0.020147620454912692	-10.51786477966392
0.064268771731702	0.020601856028022295	-10.978422871409496
0.06486344335482389	0.021093564839246425	-11.481259065163025
0.06546361740672754	0.02162733112868226	-12.032055051731437
0.06606934480075964	0.022208481116599576	-12.637515672014635
0.06668067692136226	0.022843228583231786	-13.30560155324077
0.06729766562843183	0.02353885200924565	-14.045825653454722
0.0679203632617185	0.024303909522453718	-14.869634116660293
0.0685488226452662	0.025148497984857115	-15.790899086767299
0.0691830970918937	0.026084561214601776	-16.826561045604638
0.06982324040771719	0.02712624781984326	-17.997471680680842
0.07046930689671474	0.028290307904157052	-19.329506107481944
0.07112135136533296	0.029596492970277652	-20.855035836581404
0.07177942912713622	0.031067870842738148	-22.61487969956522
0.07244359600749906	0.032730860310578015	-24.66087219290817
0.0731139083483418	0.034614576902773544	-27.059186704052102
0.07379042301291015	0.03674866806179143	-29.894470714014382
0.07447319739059896	0.039158050179511364	-33.27456092382017
0.07516228940182061	0.041851657909586386	-37.334758867391365
0.07585775750291844	0.0448005118443252	-42.23879577577436
0.07655966069112569	0.047899331463159354	-48.16986890207327
0.07726805850957029	0.050910550901727136	-55.29930773854844
0.07798301105232593	0.053411644017216105	-63.71678101804193
0.07870457896950993	0.054814482383774364	-73.32032997285732
0.07943282347242822	0.05455263990336536	-83.71824218024987
0.08016780633876798	0.052407307683892346	-94.2562069889018
0.0809095899178383	0.04869414205265078	-104.22487660096293
0.0816582371358593	0.04408398739675429	-113.11136894357456
0.0824138115013003	0.03924542861159689	-120.70301032883808
0.08317637711026717	0.03462915532887484	-127.02551264307857
0.08394599865193982	0.030454394021405908	-132.22718333595873
0.08472274141405972	0.026784137845687284	-136.49094474149314
0.08550667128846841	0.023599855584714155	-139.9891251222805
0.0862978547766971	0.020849548977321733	-142.8672135241352
0.08709635899560814	0.018472875749952166	-145.24182906814093
0.08790225168308852	0.016412399694731055	-147.2040938791328
0.08871560120379617	0.01461769480841247	-148.8242853889261
0.08953647655495947	0.013046146085254133	-150.15616205130618
0.09036494737223023	0.011662392474731513	-151.24048754931695
0.09120108393559107	0.010437323749404046	-152.1077197421368
0.09204495717531722	0.009347027634393268	-152.7799694951398
0.09289663867799372	0.008371840501607521	-153.2723528926936
0.09375620069258811	0.007495546006758388	-153.5938352191683
0.09462371613657934	0.006704720614888887	-153.74762575401272
0.09549925860214364	0.005988208587550073	-153.73113705119297
0.0963829023623971	0.00533670539139458	-153.5354692949924
0.09727472237769656	0.004742430133079725	-153.14431161528793
0.09817479430199849	0.0041988712448812575	-152.53205312878657
0.09908319448927681	0.003700593999773255	-151.66074138313684
0.10000000000000005	0.003243103367768579	-150.4752704919755
0.10092528860766849	0.0028227618582084054	-148.89574943198483
0.10185913880541175	0.0024367708760527603	-146.8052702005118
0.10280162981264741	0.002083238854575661	-144.03011266788658
0.10375284158180131	0.0017613856927676556	-140.3078192111487
0.10471285480509002	0.0014719788315086914	-135.2379423230387
0.1056817509213659	0.0012181584762950258	-128.21856561935562
0.10665961212302584	0.0010067865612642022	-118.42142728218624
0.10764652136298355	0.0008498003840186621	-105.0316893443666
0.10864256236170661	0.0007624688525774109	-88.19620421201856
0.10964781961431856	0.0007533716582042955	-70.20291323654568
0.1106623783977667	0.0008129500737660397	-54.324073947413325
0.11168632477805618	0.0009189746288922856	-42.10606450236711
0.1127197456175511	0.0010508230635751584	-33.22486360000233
0.11376272858234315	0.0011949768833600402	-26.799206529779635
0.11481536214968835	0.0013436824444255768	-22.067885206077893
0.11587773561551268	0.001492660356996047	-18.500111220954267
0.11694993910198717	0.0016395665203573716	-15.7451738186753
0.11803206356517304	0.001783129467899966	-13.571681998587975
0.11912420080273756	0.00192268354730021	-11.82434215579761
0.12022644346174137	0.0020579133317058683	-10.396515838047327
0.1213388850464978	0.0021887098926839064	-9.213213354564335
0.12246161992650495	0.0023150875395450375	-8.220490931757427
0.12359474334445113	0.0024371342217335123	-7.3787246233294175
0.12473835142429439	0.0025549812625108195	-6.658251845160429
0.1258925411794168	0.002668784526027646	-6.036484257627774
0.12705741052085426	0.002778712529910959	-5.4959539477235255
0.12823305826560225	0.0028849388776718034	-5.022964254220337
0.1294195841449987	0.0029876374328330563	-4.6066404669494965
0.13061708881318423	0.0030869792629097757	-4.238250205711876
0.1318256738556408	0.0031831307415385555	-3.910709042348341
0.13304544179780922	0.0032762524162472636	-3.618215558869149
0.13427649611378642	0.0033664983857244236	-3.3559782921138908
0.13551894123510363	0.0034540160169868376	-3.120008873625335
0.13677288255958495	0.003538945888759108	-2.9069635099740383
0.13803842646028852	0.0036214218840895152	-2.7140202128831294
0.13931568029453034	0.003701571379678505	-2.538782779235811
0.14060475241299142	0.0037795154958887543	-2.3792050057939833
0.14190575216890927	0.003855369382655264	-2.2335303661660326
0.1432187899273544	0.003929242524259213	-2.100243615343045
0.1445439770745928	0.0040012390513055026	-1.978031676721331
0.1458814260275349	0.004071458051999297	-1.865751813014171
0.14723125024327194	0.0041399938774527014	-1.7624055571834805
0.14859356422870074	0.004206936437608455	-1.6671172315520026
0.1499684835502374	0.004272371485675576	-1.5791161467187482
0.15135612484362088	0.00433638088989222	-1.4977217707963622
0.15275660582380732	0.00439904289207689	-1.422331310877837
0.154170045294956	0.004460432352877888	-1.3524092647647292
0.1555965631605075	0.004520620983939828	-1.2874785907190367
0.15703628043335532	0.004579677567414034	-1.2271132128178759
0.15848931924611143	0.004637668163375275	-1.1709316341732292
0.15995580286146696	0.0046946563057922155	-1.1185914733756153
0.1614358556826487	0.004750703187746575	-1.0697847736895147
0.1629296032639723	0.004805867836618166	-1.0242339617717668
0.16443717232149324	0.004860207279957706	-0.9816883545233619
0.16595869074375613	0.004913776702761073	-0.9419211302825587
0.16749428760264382	0.004966629596843545	-0.9047266948157638
0.1690440931643265	0.005018817902991875	-0.869918384154807
0.17060823890031243	0.005070392146549138	-0.8373264558021177
0.17218685749860077	0.005121401567063303	-0.8067963275993315
0.17378008287493762	0.005171894242606934	-0.7781870299622505
0.1753880501841762	0.005221917209352335	-0.751369842485714
0.1770108958317422	0.0052715165769662425	-0.7262270903244649
0.17864875748520517	0.005320737640368531	-0.7026510794262824
0.180301774085957	0.005369624988384204	-0.6805431527633626
0.18197008586099844	0.005418222609803247	-0.6598128522851788
0.18365383433483473	0.005466573997353775	-0.6403771734863637
0.18535316234148125	0.005514722250085409	-0.6221599013169693
0.18706821403658017	0.005562710174656497	-0.6050910177168967
0.18879913490962946	0.005610580386018172	-0.5891061723778059
0.19054607179632482	0.005658375407991028	-0.5741462094629719
0.19230917289101596	0.005706137774237785	-0.5601567439797263
0.19408858775927793	0.005753910130145929	-0.5470877823264372
0.19588446735059908	0.0058017353361501	-0.5348933822481399
0.1976969640111862	0.005849656573044217	-0.5235313480497787
0.19952623149688808	0.005897717449858487	-0.5129629574488163
0.20137242498623895	0.0059459621149076216	-0.5031527169121376
0.2032357010936223	0.005994435370653354	-0.4940681427263285
0.20511621788255666	0.006043182793068236	-0.48567956540486584
0.20701413487910436	0.006092250856239017	-0.47795995534748953
0.2089296130854041	0.006141687063007577	-0.47088476794333606
0.2108628149933291	0.00619154008251636	-0.4644318065551075
0.21281390459827135	0.006241859895605209	-0.4585811020422069
0.21478304741305343	0.00629269794909838	-0.453314807680004
0.21677041048196952	0.0063441073201259525	-0.44861710851427117
0.2187761623949553	0.006396142891745332	-0.4444741443577611
0.22080047330189004	0.006448861541267768	-0.4408739457924602
0.22284351492703042	0.006502322342855247	-0.43780638268965416
0.22490546058357816	0.006556586786136878	-0.4352631249027687
0.22698648518838224	0.006611719012805615	-0.43323761492765
0.22908676527677735	0.006667786073400792	-0.431725052464349
0.23120647901755953	0.006724858206762716	-0.4307223909556389
0.23334580622810033	0.006783009144971596	-0.43022834632372164
0.23550492838960102	0.0068423164469596995	-0.4302434182802228
0.23768402866248772	0.006902861864422318	-0.4307699247491391
0.2398832919019491	0.006964731744162155	-0.4318120501215025
0.2421029046736179	0.007028017471594109	-0.43337590825795813
0.24434305526939726	0.007092815960828513	-0.4354696213759635
0.246603933723434	0.007159230197564019	-0.43810341620801474
0.24888573182823917	0.007227369841971029	-0.441289739101471
0.25118864315095807	0.007297351899871995	-0.44504339205872845
0.2535128630497908	0.007369301471848386	-0.4493816920962445
0.25585858869056466	0.007443352591477879	-0.4543246567452884
0.2582260190634597	0.007519649165774687	-0.45989521903923414
0.26061535499988964	0.00759834603313833	-0.4661194759493439
0.2630267991895383	0.007679610156787338	-0.4730269749639761
0.26546055619755404	0.007763621974872764	-0.4806510443824381
0.2679168324819033	0.007850576932341233	-0.4890291739449194
0.2703958364108845	0.007940687224325933	-0.49820345368793695
0.2728977782808042	0.008034183786564791	-0.5082210804492311
0.27542287033381674	0.008131318575350415	-0.5191349433154536
0.277971326775929	0.00823236718811904	-0.5310043015916761
0.2805433637951715	0.008337631886407815	-0.5438955716816098
0.28313919957993805	0.008447445096099885	-0.5578832427397726
0.2857590543374948	0.008562173476337687	-0.5730509452700643
0.2884031503126607	0.00868222266914504	-0.5894927022320026
0.29107171180666064	0.008808042867904944	-0.6073143989860286
0.2937649651961532	0.008940135376015594	-0.6266355169657724
0.2964831389524344	0.009079060369516606	-0.6475911868533671
0.29922646366081906	0.009225446132223052	-0.6703346309820144
0.30199517204020176	0.009380000103023537	-0.6950400826884395
0.30478949896279844	0.009543522168136656	-0.721906293742736
0.307609681474071	0.009716920754154009	-0.7511607716681592
0.3104559588128357	0.00990123244173271	-0.7830649293491059
0.3133285724315587	0.010097646040659474	-0.8179203835113421
0.3162277660168381	0.010307532367534447	-0.8560767117354116
0.31915378551007634	0.01053248138093635	-0.8979410773000756
0.3221068791283436	0.010774348905163022	-0.9439902686004812
0.32508729738543457	0.011035315987147899	-0.99478589194126
0.3280952931131192	0.011317965096187847	-1.0509937286190956
0.3311311214825913	0.011625379070905075	-1.1134086587059906
0.33419504002611444	0.011961271225771654	-1.1829871268031464
0.3372873086588691	0.012330158811434467	-1.260889979387535
0.34040818970100106	0.012737597847710428	-1.3485398059659859
0.34355794789987465	0.013190506539226965	-1.447698957929353
0.34673685045253166	0.013697619434141373	-1.5605777576820046
0.3499451670283573	0.014270140067970815	-1.6899884680263433
0.353183169791957	0.01492271286312442	-1.839578630447273
0.35645113342624424	0.015672180079952417	-2.0211187903566743
0.3597493351557423	0.01655268436885023	-2.2197936480116054
0.36307805477010135	0.017594339211779848	-2.465880149188183
0.36643757464783333	0.01885376713019858	-2.764820368544354
0.3698281797802663	0.020413364170713207	-3.1353709228672324
0.3732501577957206	0.022404783320640092	-3.606770411169858
0.37670379898390893	0.0250532243613325	-4.227737671477782
0.38018939632056126	0.02878067472245441	-5.087150307286567
0.38370724549227886	0.03448663252454991	-6.369732376384389
0.3872576449216173	0.04450665272119676	-8.545716718648439
0.3908408957924021	0.06741400475977812	-13.332720454167148
0.39445730207527846	0.1724470486691661	-35.96276273092988
0.3981071705534973	0.10566482836269567	-160.56069966363896
0.40179081084894	0.029922404735489936	-176.1432485465139
0.40550853544838394	0.007575312042324807	-178.91512976763303
0.40926065973001097	0.008155319440347348	-18.352392770464917
0.41304750199016144	0.03051648061083392	-32.34779686421223
0.4168693834703355	0.06437725092430008	-91.6684110072236
0.4207266283844442	0.0373667642908474	-142.74705225082917
0.424619563946313	0.021788663320132733	-156.5409008518528
0.4285485203974396	0.014324251199731311	-161.72856103070472
0.43251383103500884	0.009834428607719343	-164.002190279758
0.4365158322401661	0.006710091582649546	-164.66287163780947
0.44055486350655343	0.004306250343232297	-163.66710728809838
0.4446312674691088	0.0023084120205077116	-158.79220822116102
0.4487453899331323	0.0006575322854598531	-121.17367198720912
0.4528975799036209	0.0015108622243399622	-13.4026259445684
0.4570881896148752	0.0034956389730368136	-2.89496397917904
0.46131757456037953	0.006121815211243807	-0.43476409280826367
0.4655860935229591	0.010435858823845364	-0.41994709388366913
0.4698941086052156	0.02125788170158586	-4.5965639541108
0.4742419852602448	0.10725668397774148	-64.5402184699976
0.47863009232263853	0.02300461594037816	-157.7500417343554
0.48305880203977286	0.010320256647507835	-161.74966162001365
0.4875284901033865	0.005869733623803924	-160.324511631067
0.4920395356814511	0.003483128973642694	-155.34032405283173
0.49659232145033627	0.0019690679812855404	-143.42620828756463
0.5011872336272725	0.0010751454187436056	-111.2108924724846
0.5058246620031143	0.0010620748659818482	-56.92221266737728
0.5105049999754064	0.0016283173273169865	-29.967754039841598
0.5152286445817567	0.0022838852898539137	-19.461666692170315
0.5199959965335162	0.0029306660031376635	-14.348964991684385
0.5248074602497729	0.0035602901336788256	-11.435839608890149
0.5296634438916581	0.004179055943273737	-9.613037361704732
0.5345643593969719	0.004795777899734777	-8.411061533273022
0.5395106225151278	0.005419541582178607	-7.602125995962506
0.5445026528424215	0.006059424808374904	-7.065546829685338
0.5495408738576248	0.006724656855641131	-6.734411532649214
0.5546257129579107	0.007424841947786643	-6.571806108504008
0.5597576014951101	0.008170112172411806	-6.559092110983782
0.5649369748123025	0.008971104351580649	-6.689171556996903
0.5701642722807475	0.009838639739838898	-6.960957581105122
0.5754399373371569	0.010783059829630662	-7.37183098600791
0.580764417521312	0.011813678425748233	-7.90448629837994
0.5861381645140288	0.01294048266227449	-8.506189984011108
0.591561634175474	0.014183462525452715	-9.069225404685362
0.5970352865838369	0.015596158689816935	-9.446164511162559
0.6025595860743578	0.01729952917653326	-9.540757093428814
0.6081350012787179	0.01950712620503186	-9.43721569229621
0.6137620051647943	0.022549167422657026	-9.453973583005999
0.6194410750767815	0.02698085885115389	-10.18398584968989
0.6251726927756859	0.03395306538259029	-13.096227011045658
0.6309573444801934	0.04491383448460003	-24.926821748615392
0.6367955209079159	0.03425520401768614	-41.754941275987925
0.6426877173170198	0.039208203213764205	-18.30219305258051
0.6486344335482385	0.07664594621434569	-0.5493067473719832
0.654636174067275	0.27427840405093756	-1.31960553154693
0.6606934480075961	0.25957024228559517	-176.78671450780413
0.6668067692136223	0.092773419223887	-178.53830249564967
0.6729766562843178	0.05728671837972665	-179.04550646622292
0.6792036326171846	0.04164316745895897	-179.3265282596281
0.6854882264526617	0.032768824302094955	-179.5084100208503
0.6918309709189366	0.027024273111350864	-179.63116205179668
0.6982324040771715	0.022989388837053232	-179.7141358843027
0.7046930689671471	0.01999316898675584	-179.76959910252307
0.7112135136533292	0.01767623912417711	-179.8062689863893
0.7177942912713619	0.01582827671039766	-179.83039300482096
0.7244359600749902	0.014317801788413749	-179.8463116274802
0.7311390834834176	0.013058321563329568	-179.85693436711847
0.7379042301291011	0.011990561419996148	-179.86415582524702
0.7447319739059892	0.01107249327870074	-179.86918427210503
0.7516228940182057	0.010273425756028633	-179.87277834128292
0.758577575029184	0.009570331765424421	-179.87540634851965
0.7655966069112565	0.008945456176270326	-179.8773473443731
0.7726805850957026	0.008384657827324496	-179.8787488443598
0.7798301105232589	0.007876121905776532	-179.87964640261964
0.7870457896950989	0.007409085264729023	-179.87992834634753
0.7943282347242817	0.006971901715778333	-179.87915388657913
0.8016780633876793	0.006547192208898582	-179.87574675920808
0.8090958991783825	0.006092058811939496	-179.86190770407245
0.8165823713585927	0.005369677119862575	-179.7407893558805
0.8241381150130026	0.008501609927601269	-178.49407366209957
0.8317637711026713	0.0060206496460958004	-179.81362104622545
0.8394599865193977	0.005556981648213145	-179.8569279087217
0.8472274141405968	0.005243504609195387	-179.8672890464197
0.8550667128846836	0.0049834415370062606	-179.87085842502822
0.8629785477669706	0.004753163906692704	-179.87195257489023
0.870963589956081	0.004543476840912306	-179.87178584068587
0.8790225168308847	0.004349714624545418	-179.8707975066364
0.8871560120379608	0.004169054650768478	-179.86916407143912
0.8953647655495938	0.003999568702046133	-179.8669518710191
0.9036494737223014	0.0038398228887276432	-179.8641718048543
0.9120108393559097	0.003688685135959105	-179.86080114390194
0.9204495717531712	0.003545222219472176	-179.8567922909721
0.9289663867799363	0.003408639556155051	-179.8520754862731
0.9375620069258802	0.003278243109241949	-179.84655811298913
0.946237161365793	0.0031534134687065665	-179.8401215628638
0.9549925860214359	0.003033586933823822	-179.83261582879706
0.9638290236239705	0.0029182406924446605	-179.8238515027531
0.9727472237769651	0.002806880318880457	-179.8135884243423
0.9817479430199844	0.0026990283760258533	-179.80151970298655
0.9908319448927676	0.002594213163203564	-179.78724908576066
1.	0.0024919567107177833	-179.77025846894819
1.0092528860766845	0.0023917610225569863	-179.74986042670716
1.0185913880541169	0.002293091298151788	-179.72512736043413
1.0280162981264735	0.002195354362369202	-179.69478312428038
1.0375284158180127	0.002097869672154038	-179.6570325010928
1.0471285480508996	0.001999828804476717	-179.60928399174023
1.0568175092136585	0.0019002368001082102	-179.54768173329956
1.066596121230258	0.0017978242378152963	-179.46627896445597
1.076465213629835	0.001690910613755825	-179.35549824867743
1.0864256236170655	0.0015771836193894885	-179.1990690701958
1.096478196143185	0.0014533265771074827	-178.96741669634943
1.1066237839776665	0.0013143571409551212	-178.60178801981755
1.1168632477805611	0.0011523837130019336	-177.97019454028288
1.1271974561755105	0.0009541176745225688	-176.71622952468255
1.1376272858234309	0.0006957471541137818	-173.52098410518104
1.1481536214968828	0.00033885780053008154	-158.32788632450948
1.1587773561551262	0.00038839624836090796	-37.495910413797446
1.1694993910198712	0.0017146842244650888	-21.06315446283011
1.1803206356517297	0.006214427287803857	-29.554518094802816
1.191242008027375	0.010969389882576723	-171.69815999366315
1.2022644346174132	0.004982674553006478	-174.96348965453268
1.2133888504649775	0.003628768905286158	-177.23030450974838
1.224616199265049	0.0030050156038661	-178.24303024416977
1.2359474334445106	0.002637531368873665	-178.7748755802196
1.2473835142429432	0.0023894484554920267	-179.0874146317955
1.2589254117941675	0.002206763838116594	-179.28569299510508
1.270574105208542	0.0020639117070638505	-179.41836656509264
1.2823305826560218	0.0019472233515289434	-179.51043983418742
1.2941958414499863	0.00184871968427889	-179.57577186138548
1.3061708881318417	0.001763419086975408	-179.62245985595425
1.3182567385564075	0.0016880384259315867	-179.65537067610427
1.3304544179780915	0.0016203117993939628	-179.67740016213762
1.3427649611378643	0.0015586073931827971	-179.69009978213782
1.3551894123510364	0.001501697173761678	-179.6939344204348
1.3677288255958495	0.0014486069306141654	-179.68825040412972
1.3803842646028852	0.0013985054746528973	-179.67088639345658
1.3931568029453034	0.0013506024214793727	-179.63712359954923
1.4060475241299142	0.0013040175113247566	-179.5770581270711
1.4190575216890926	0.0012575465088873591	-179.46843419375915
1.432187899273544	0.0012091143720834442	-179.25350491051313
1.4454397707459279	0.0011542102429612498	-178.74163053152688
1.4588142602753489	0.0010813582875149948	-176.97677505491637
1.4723125024327193	0.0010463511458616611	-166.405830781398
1.4859356422870074	0.0013313664372532762	-173.99584611892607
1.499684835502374	0.0012096236651333069	-178.8317562533643
1.5135612484362087	0.00114271408998061	-179.58997099693846
1.5275660582380732	0.0010969023003422308	-179.81137773028
1.54170045294956	0.001059973229388432	-179.89944514172043
1.555965631605075	0.0010277989049758093	-179.94119672693213
1.5703628043335531	0.0009986267644683695	-179.96335399610876
1.584893192461114	0.0009715795652623486	-179.97607409479394
1.5995580286146696	0.0009461619516990119	-179.98381200648632
1.6143585568264869	0.0009220671563615722	-179.9887333861165
1.629296032639723	0.0008990907877997757	-179.99197588905128
1.6443717232149324	0.0008770883618736932	-179.9941744677446
1.6595869074375613	0.0008559526684410161	-179.99570116570203
1.6749428760264382	0.0008356009103050116	-179.99678285314394
1.690440931643265	0.000815966993586422	-179.99756256352626
1.7060823890031243	0.000796996691114914	-179.9981330589507
1.7218685749860079	0.0007786444866532443	-179.99855597622928
1.7378008287493762	0.0007608714438663681	-179.9988731421359
1.753880501841762	0.0007436437229439595	-179.9991134688064
1.770108958317422	0.000726931519769638	-179.99929726966897
1.7864875748520517	0.000710708288692528	-179.99943902523907
1.803017740859568	0.0006949501605504472	-179.99954919296243
1.8197008586099825	0.0006796354982454175	-179.9996354138221
1.8365383433483455	0.0006647445512696656	-179.99970333037123
1.8535316234148105	0.0006502591827839681	-179.9997571497887
1.8706821403657996	0.0006361626508301614	-179.99980003679266
1.8879913490962925	0.0006224394305884023	-179.9998343912813
1.9054607179632463	0.0006090750682175967	-179.99986204678072
1.9230917289101574	0.000596056059331527	-179.9998844137893
1.9408858775927773	0.0005833697469345267	-179.9999025843293
1.958844673505989	0.0005710042349077073	-179.99991740889118
1.97696964011186	0.0005589483140563104	-179.99992955353304
1.9952623149688788	0.0005471913984050008	-179.9999395425833
2.0137242498623875	0.0005357234699314573	-179.99994779080657
2.032357010936221	0.0005245350303079734	-179.9999546277972
2.0511621788255647	0.0005136170585097204	-179.99996031659512
2.0701413487910414	0.0005029609733706926	-179.99996506797712
2.0892961308540388	0.0004925586003411467	-179.99996905148882
2.108628149933289	0.00048240214183584666	-179.99997240400614
2.1281390459827114	0.0004724841506696249	-179.99997523641179
2.147830474130533	0.000462797506162229	-179.9999776388264
2.167704104819694	0.00045333539256313686	-179.99997968472556
2.1877616239495516	0.0004440912795026048	-179.99998143419313
2.208004733018899	0.00043505890422054734	-179.99998293650282
2.228435149270303	0.0004262322553620242	-179.99998423217409
2.2490546058357803	0.00041760555815878854	-179.99998535461555
2.2698648518838214	0.00040917326084184566	-179.9999863314429
2.2908676527677723	0.0004009300221512283	-179.99998718553965
2.312064790175594	0.000392870699827051	-179.9999879359131
2.333458062281002	0.000384990339980967	-179.99998859838755
2.355049283896009	0.0003772841672598986	-179.99998918616694
2.376840286624876	0.0003697475757247867	-179.99998971029305
2.39883291901949	0.00036237612037637475	-179.9999901800195
2.4210290467361775	0.00035516550926802316	-179.99999060311757
2.4434305526939712	0.0003481115961524103	-179.99999098612764
2.4660393372343385	0.0003412103736149185	-179.99999133456527
2.48885731828239	0.00033445796665165534	-179.9999916530914
2.5118864315095797	0.00032785062665455184	-179.99999194565297
2.535128630497907	0.0003213847257698984	-179.99999221559892
2.5585858869056453	0.0003150567516001176	-179.99999246577687
2.582260190634596	0.0003088633022215929	-179.99999269861308
2.6061535499988953	0.0003028010814940339	-179.99999291617908
2.6302679918953813	0.00029686689463921374	-179.99999312024747
2.654605561975539	0.0002910576440689963	-179.99999331233812
2.6791683248190314	0.00028537032544442555	-179.99999349375742
2.703958364108843	0.0002798020239492969	-179.9999936656305
2.7289777828080406	0.0002743499107631005	-179.9999938289288
2.7542287033381663	0.00026901123971954894	-179.99999398449305
2.7797132677592886	0.00026378334413807423	-179.99999413305267
2.805433637951713	0.0002586636338167411	-179.99999427524205
2.831391995799379	0.0002536495921759835	-179.99999441161455
2.8575905433749464	0.00024873877354342086	-179.999994542654
2.8840315031266055	0.00024392880057079648	-179.99999466878467
2.910717118066605	0.00023921736177477765	-179.99999479037976
2.9376496519615305	0.0002346022091939993	-179.99999490776835
2.9648313895243423	0.00023008115615530747	-179.99999502124174
2.992264636608189	0.00022565207514268766	-179.99999513105843
3.019951720402016	0.00022131289576284203	-179.9999952374486
3.047894989627983	0.00021706160280181844	-179.99999534061786
3.076096814740708	0.00021289623436748962	-179.99999544075055
3.1045595881283554	0.00020881488011305178	-179.9999955380125
3.1332857243155856	0.0002048156795370437	-179.9999956325533
3.162277660168379	0.00020089682035569518	-179.9999957245084
3.1915378551007616	0.0001970565369436955	-179.99999581400095
3.2210687912834346	0.00019329310883973647	-179.99999590114314
3.250872973854344	0.00018960485931341427	-179.99999598603765
3.2809529311311905	0.00018599015399030762	-179.99999606877876
3.311311214825911	0.00018244739953223984	-179.99999614945318
3.3419504002611427	0.0001789750423699313	-179.99999622814107
3.372873086588689	0.00017557156748541683	-179.9999963049167
3.404081897010009	0.0001722354972417631	-179.99999637984894
3.4355794789987466	0.00016896539025777556	-179.99999645300218
3.4673685045253166	0.0001657598403255161	-179.99999652443634
3.499451670283573	0.00016261747536858658	-179.99999659420766
3.53183169791957	0.0001595369564392512	-179.99999666236883
3.5645113342624426	0.0001565169767525787	-179.99999672896942
3.5974933515574232	0.00015355626075589559	-179.99999679405607
3.630780547701014	0.00015065356323193103	-179.99999685767276
3.664375746478333	0.00014780766843412924	-179.99999691986102
3.6982817978026628	0.00014501738925268463	-179.99999698066003
3.732501577957206	0.0001422815664099383	-179.99999704010682
3.767037989839089	0.00013959906768384216	-179.9999970982363
3.801893963205613	0.00013696878715826918	-179.9999971550813
3.8370724549227884	0.0001343896444990102	-179.99999721067283
3.8725764492161727	0.00013186058425435621	-179.9999972650397
3.908408957924021	0.00012938057517922167	-179.9999973182088
3.944573020752785	0.00012694860958181384	-179.9999973702048
3.981071705534973	0.00012456370269190085	-179.99999742105004
4.0179081084894	0.00012222489204977106	-179.9999974707642
4.055085354483839	0.00011993123691501694	-179.99999751936403
4.09260659730011	0.00011768181769430346	-179.99999756686253
4.130475019901614	0.0001154757353873078	-179.99999761326828
4.168693834703355	0.00011331211105002652	-179.9999976585841
4.207266283844442	0.00011119008527464463	-179.99999770280527
4.24619563946313	0.0001091088176851302	-179.99999774591666
4.285485203974396	0.00010706748644764556	-179.99999778788865
4.325138310350088	0.00010506528779472024	-179.99999782867047
4.365158322401661	0.00010310143556184615	-179.99999786817963
4.405548635065534	0.00010117516073460906	-179.99999790628388
4.446312674691089	0.00009928571100339171	-179.9999979427703
4.487453899331323	0.00009743235032047334	-179.99999797728816
4.528975799036209	0.00009561435844952468	-179.99999800923746
4.570881896148752	0.00009383103048621515	-179.99999803753576
4.613175745603791	0.00009208167629960204	-179.99999806008003
4.655860935229586	0.00009036561975970599	-179.99999807234678
4.698941086052151	0.0000886821973293247	-179.9999980630855
4.742419852602444	0.0000870307543653047	-179.99999799736872
4.7863009232263805	0.0000854106298483122	-179.9999977156774
4.830588020397723	0.00008382101931933221	-179.9999953801974
4.875284901033861	0.0000822639384034024	-179.99997661680888
4.920395356814506	0.00008073312443802443	-179.9999974362507
4.965923214503357	0.00007923234153630265	-179.99999810907607
5.01187233627272	0.00007776004293108199	-179.99999828771675
5.058246620031137	0.00007631561153108233	-179.99999837352826
5.105049999754059	0.00007489848801575807	-179.99999842961043
5.152286445817562	0.00007350813372984056	-179.999998473129
5.1999599653351565	0.00007214402400815014	-179.99999851028514
5.248074602497723	0.00007080564616278145	-179.99999854375676
5.296634438916575	0.00006949249861508344	-179.9999985748539
5.345643593969713	0.00006820409039619796	-179.99999860428008
5.395106225151273	0.0000669399407910476	-179.999998632442
5.445026528424209	0.00006569957904736672	-179.99999865958935
5.495408738576242	0.00006448254411854223	-179.99999868588372
5.5462571295791046	0.00006328838442644342	-179.99999871143447
5.597576014951099	0.00006211665763757256	-179.99999873631876
5.649369748123022	0.00006096693044906334	-179.9999987605931
5.701642722807472	0.00005983877838259006	-179.99999878430026
5.754399373371567	0.00005873178558503089	-179.99999880747387
5.807644175213118	0.00005764554463514613	-179.99999883014098
5.861381645140285	0.00005657965635576964	-179.99999885232398
5.9156163417547365	0.0000555337296311477	-179.99999887404198
5.9703528658383656	0.00005450738122914413	-179.99999889531148
6.025595860743575	0.00005350023562808474	-179.99999891614704
6.081350012787176	0.00005251192484804777	-179.9999989365618
6.137620051647939	0.00005154208828643219	-179.9999989565677
6.194410750767812	0.000050590372557653485	-179.99999897617576
6.251726927756856	0.000049656431336827706	-179.99999899539617
6.30957344480193	0.00004873992520731653	-179.99999901423857
6.367955209079155	0.00004784052151201215	-179.99999903271203
6.426877173170194	0.00004695789420824903	-179.99999905082512
6.486344335482381	0.00004609172372623394	-179.99999906858613
6.546361740672747	0.0000452416968308913	-179.9999990860029
6.6069344800759575	0.0000444075064870251	-179.99999910308298
6.668067692136219	0.000043588851727702313	-179.99999911983372
6.729766562843175	0.000042785437525767004	-179.99999913626212
6.792036326171843	0.000041996974668396904	-179.99999915237504
6.854882264526613	0.00004122317963461801	-179.99999916817907
6.918309709189362	0.00004046377447569567	-179.99999918368064
6.9823240407717115	0.00003971848669832294	-179.99999919888603
7.046930689671467	0.000038987049150530215	-179.99999921380126
7.112135136533288	0.00003826919991024238	-179.9999992284323
7.177942912713615	0.00003756468217641233	-179.99999924278484
7.244359600749899	0.000036873244162661725	-179.99999925686456
7.311390834834173	0.0000361946389933626	-179.99999927067694
7.379042301291007	0.00003552862460209459	-179.9999992842273
7.447319739059888	0.00003487496363241594	-179.99999929752087
7.516228940182053	0.00003423342334088733	-179.99999931056283
7.585775750291836	0.00003360377550228975	-179.99999932335803
7.655966069112561	0.00003298579631697954	-179.99999933591144
7.726805850957022	0.00003237926632032566	-179.99999934822785
7.798301105232586	0.00003178397029417539	-179.99999936031182
7.870457896950985	0.000031199697180296815	-179.999999372168
7.943282347242813	0.000030626239995747764	-179.9999993838008
8.01678063387679	0.000030063395750122245	-179.99999939521462
8.090958991783822	0.0000295109653646271	-179.99999940641368
8.165823713585922	0.000028968753592943244	-179.99999941740222
8.241381150130021	0.000028436568943826232	-179.9999994281843
8.317637711026709	0.000027914223605403515	-179.99999943876392
8.394599865193973	0.000027401533371125967	-179.999999449145
8.472274141405963	0.00002689831756733284	-179.9999994593314
8.550667128846833	0.000026404398982390888	-179.99999946932687
8.629785477669701	0.000025919603797368658	-179.9999994791351
8.709635899560805	0.000025443761518208718	-179.99999948875967
8.790225168308842	0.000024976704909361743	-179.99999949820415
8.871560120379607	0.00002451826992884656	-179.99999950747198
8.953647655495937	0.000024068295664702374	-179.99999951656653
9.036494737223014	0.00002362662427279942	-179.99999952549118
9.120108393559097	0.000023193100915975747	-179.99999953424913
9.204495717531712	0.00002276757370446842	-179.99999954284357
9.289663867799362	0.0000223498936376088	-179.99999955127765
9.375620069258803	0.000021939914546751536	-179.99999955955445
9.462371613657929	0.000021537493039408695	-179.9999995676769
9.549925860214358	0.00002114248844456043	-179.999999575648
9.638290236239705	0.000020754762759115013	-179.99999958347064
9.727472237769652	0.000020374180595491122	-179.9999995911476
9.817479430199844	0.000020000609130296735	-179.99999959868165
9.908319448927676	0.000019633918054078928	-179.99999960607556
10.	0.000019273979522120106	-179.99999961333194
10.092528860766844	0.000018920668106256674	-179.9999996204534
10.18591388054117	0.000018573860747696588	-179.9999996274425
10.280162981264736	0.000018233436710813138	-179.99999963430176
10.375284158180126	0.000017899277537892756	-179.9999996410336
10.471285480508996	0.000017571267004815208	-179.99999964764046
10.568175092136585	0.00001724929107764508	-179.99999965412474
10.665961212302578	0.000016933237870114128	-179.99999966048867
10.76465213629835	0.000016622997601974493	-179.99999966673457
10.864256236170656	0.000016318462558203222	-179.99999967286465
10.964781961431852	0.000016019527049039117	-179.99999967888107
11.066237839776663	0.000015726087370833538	-179.99999968478605
11.168632477805613	0.000015438041767696957	-179.9999996905816
11.271974561755105	0.000015155290393923778	-179.9999996962698
11.37627285823431	0.000014877735277178173	-179.9999997018527
11.481536214968829	0.000014605280282424338	-179.99999970733225
11.587773561551263	0.000014337831076584753	-179.9999997127104
11.694993910198711	0.000014075295093910587	-179.99999971798906
11.803206356517286	0.000013817581502048745	-179.99999972317005
11.912420080273739	0.000013564601168790224	-179.99999972825523
12.022644346174118	0.000013316266629485512	-179.99999973324645
12.133888504649763	0.000013072492055111935	-179.9999997381454
12.246161992650476	0.00001283319322097946	-179.9999997429538
12.359474334445094	0.00001259828747606088	-179.9999997476734
12.47383514242942	0.00001236769371293321	-179.9999997523058
12.589254117941662	0.000012141332338317083	-179.9999997568527
12.705741052085406	0.00001191912524420137	-179.99999976131562
12.823305826560205	0.000011700995779540774	-179.9999997656962
12.941958414499851	0.000011486868722513889	-179.99999976999592
13.061708881318404	0.000011276670253330203	-179.99999977421632
13.182567385564061	0.000011070327927574176	-179.99999977835884
13.304544179780901	0.000010867770650075208	-179.999999782425
13.427649611378628	0.000010668928649292413	-179.9999997864162
13.551894123510351	0.000010473733452203343	-179.99999979033376
13.67728825595848	0.000010282117859686184	-179.99999979417916
13.803842646028839	0.00001009401592238502	-179.99999979795365
13.931568029453022	9.90936291704817e-6	-179.99999980165865
14.060475241299129	9.728095323329756e-6	-179.99999980529535
14.190575216890911	9.550150801044786e-6	-179.9999998088651
14.321878992735424	9.375468167868484e-6	-179.99999981236908
14.454397707459265	9.203987377470568e-6	-179.99999981580856
14.588142602753473	9.035649498075635e-6	-179.99999981918472
14.723125024327178	8.870396691440682e-6	-179.99999982249875
14.859356422870059	8.708172192241403e-6	-179.99999982575176
14.996848355023726	8.54892028785872e-6	-179.9999998289449
15.135612484362072	8.392586298557423e-6	-179.99999983207934
15.275660582380716	8.239116558048886e-6	-179.9999998351561
15.417004529495584	8.088458394430047e-6	-179.99999983817625
15.559656316050734	7.94056011149093e-6	-179.9999998411409
15.703628043335515	7.795370970383326e-6	-179.999999844051
15.848931924611126	7.652841171643166e-6	-179.9999998469076
15.995580286146678	7.51292183755955e-6	-179.9999998497117
16.143585568264854	7.375564994883344e-6	-179.99999985246427
16.292960326397214	7.2407235578685245e-6	-179.99999985516624
16.443717232149307	7.108351311639552e-6	-179.99999985781858
16.595869074375596	6.978402895878213e-6	-179.99999986042215
16.749428760264365	6.850833788823528e-6	-179.99999986297792
16.90440931643263	6.725600291578449e-6	-179.99999986548673
17.060823890031227	6.6026595127171455e-6	-179.99999986794947
17.21868574986006	6.481969353186999e-6	-179.99999987036696
17.378008287493746	6.363488491499249e-6	-179.9999998727401
17.5388050184176	6.2471763692027105e-6	-179.99999987506965
17.701089583174202	6.132993176634793e-6	-179.9999998773564
17.864875748520497	6.020899838944399e-6	-179.99999987960123
18.03017740859568	5.910858002381258e-6	-179.99999988180483
18.197008586099827	5.8028300208464474e-6	-179.999999883968
18.365383433483455	5.696778942698893e-6	-179.99999988609147
18.535316234148105	5.5926684978128435e-6	-179.99999988817595
18.706821403657997	5.490463084881312e-6	-179.9999998902222
18.879913490962927	5.3901277589606704e-6	-179.99999989223093
19.054607179632463	5.291628219251653e-6	-179.99999989420283
19.230917289101576	5.194930797112084e-6	-179.9999998961385
19.408858775927772	5.100002444296836e-6	-179.9999998980387
19.58844673505989	5.006810721420492e-6	-179.99999989990408
19.769696401118598	4.915323786638452e-6	-179.99999990173524
19.952623149688787	4.825510384542073e-6	-179.9999999035328
20.137242498623873	4.737339835263803e-6	-179.99999990529744
20.32357010936221	4.6507820237881e-6	-179.9999999070297
20.511621788255646	4.565807389464203e-6	-179.99999990873022
20.701413487910415	4.482386915716758e-6	-179.99999991039954
20.892961308540386	4.400492119950505e-6	-179.9999999120383
21.086281499332888	4.320095043645231e-6	-179.99999991364703
21.28139045982711	4.241168242637297e-6	-179.99999991522625
21.47830474130533	4.1636847775841205e-6	-179.99999991677657
21.67704104819694	4.087618204608072e-6	-179.99999991829847
21.87761623949552	4.012942566116342e-6	-179.99999991979246
22.080047330188993	3.939632381793309e-6	-179.9999999212591
22.28435149270303	3.86766263976215e-6	-179.9999999226989
22.490546058357804	3.7970087879124015e-6	-179.9999999241123
22.698648518838212	3.7276467253902515e-6	-179.9999999254998
22.908676527677724	3.659552794248459e-6	-179.9999999268619
23.12064790175594	3.59270377125282e-6	-179.99999992819906
23.33458062281002	3.527076859842173e-6	-179.99999992951174
23.55049283896009	3.4626496822389917e-6	-179.99999993080036
23.76840286624876	3.39940027170767e-6	-179.9999999320654
23.9883291901949	3.3373070649577025e-6	-179.99999993330727
24.210290467361776	3.2763488946889287e-6	-179.99999993452641
24.434305526939713	3.216504982276174e-6	-179.99999993572322
24.660393372343385	3.157754930590601e-6	-179.99999993689815
24.888573182823905	3.1000787169551563e-6	-179.99999993805156
25.118864315095795	3.0434566862315534e-6	-179.99999993918382
25.351286304979073	2.987869544036299e-6	-179.9999999402954
25.58585886905645	2.9332983500832816e-6	-179.99999994138662
25.82260190634596	2.879724511650528e-6	-179.99999994245786
26.06153549998895	2.827129777168752e-6	-179.9999999435095
26.302679918953814	2.7754962299293935e-6	-179.9999999445419
26.54605561975539	2.7248062819098688e-6	-179.99999994555543
26.791683248190314	2.6750426677137926e-6	-179.9999999465504
27.039583641088434	2.626188438624035e-6	-179.99999994752716
27.289777828080403	2.5782269567664133e-6	-179.99999994848602
27.542287033381662	2.5311418893819657e-6	-179.99999994942738
27.797132677592884	2.484917203205742e-6	-179.99999995035148
28.05433637951713	2.439537158950081e-6	-179.9999999512587
28.31391995799379	2.394986305890413e-6	-179.99999995214935
28.575905433749465	2.3512494765516467e-6	-179.99999995302366
28.84031503126606	2.3083117814932254e-6	-179.999999953882
29.10717118066605	2.2661586041910303e-6	-179.99999995472461
29.376496519615305	2.2247755960142414e-6	-179.99999995555186
29.648313895243422	2.1841486712954278e-6	-179.99999995636395
29.92264636608189	2.1442640024920724e-6	-179.99999995716118
30.19951720402016	2.1051080154378156e-6	-179.99999995794386
30.4789498962798	2.0666673846817437e-6	-179.9999999587122
30.76096814740705	2.0289290289140337e-6	-179.9999999594665
31.045595881283525	1.9918801064763887e-6	-179.99999996020702
31.332857243155825	1.9555080109555957e-6	-179.999999960934
31.62277660168376	1.919800366858701e-6	-179.99999996164766
31.91537855100758	1.884745025368249e-6	-179.99999996234826
32.21068791283432	1.8503300601760885e-6	-179.9999999630361
32.50872973854341	1.8165437633942622e-6	-179.99999996371133
32.80952931131187	1.7833746415415448e-6	-179.9999999643742
33.11311214825908	1.7508114116042107e-6	-179.99999996502498
33.41950400261139	1.7188429971696418e-6	-179.99999996566385
33.72873086588685	1.687458524631401e-6	-179.99999996629106
34.040818970100055	1.6566473194644518e-6	-179.99999996690678
34.35579478998743	1.6263989025691958e-6	-179.99999996751126
34.67368504525313	1.5967029866830522e-6	-179.99999996810467
34.994516702835696	1.5675494728583139e-6	-179.99999996868726
35.318316979195664	1.5389284470050394e-6	-179.9999999692592
35.64511334262439	1.5108301764977701e-6	-179.9999999698207
35.9749335155742	1.483245106844877e-6	-179.99999997037187
36.3078054770101	1.4561638584193812e-6	-179.99999997091305
36.64375746478329	1.4295772232500728e-6	-179.99999997144428
36.98281797802659	1.4034761618718483e-6	-179.99999997196582
37.32501577957203	1.377851800234115e-6	-179.9999999724778
37.670379898390856	1.35269542666622e-6	-179.99999997298048
38.01893963205609	1.3279984888988147e-6	-179.99999997347393
38.370724549227845	1.3037525911401325e-6	-179.9999999739584
38.72576449216169	1.2799494912061414e-6	-179.999999974434
39.08408957924017	1.2565810977035884e-6	-179.9999999749009
39.44573020752781	1.2336394672649297e-6	-179.9999999753593
39.81071705534969	1.2111168018342044e-6	-179.99999997580926
40.17908108489396	1.1890054460028863e-6	-179.99999997625105
40.55085354483835	1.1672978843947972e-6	-179.99999997668476
40.92606597300105	1.145986739099171e-6	-179.99999997711052
41.304750199016105	1.125064767150961e-6	-179.99999997752852
41.68693834703351	1.1045248580575323e-6	-179.99999997793887
42.07266283844438	1.0843600313708633e-6	-179.99999997834175
42.46195639463126	1.064563434304423e-6	-179.99999997873726
42.85485203974392	1.0451283393938883e-6	-179.99999997912553
43.251383103500835	1.0260481422008897e-6	-179.99999997950673
43.65158322401656	1.0073163590589942e-6	-179.99999997988093
44.0554863506553	9.88926624861136e-7	-179.99999998024833
44.46312674691084	9.708726908877284e-7	-179.999999980609
44.87453899331318	9.531484226747049e-7	-179.99999998096305
45.28975799036204	9.357477979207502e-7	-179.99999998131068
45.708818961487474	9.186649044329981e-7	-179.99999998165194
46.13175745603791	9.018939381104797e-7	-179.99999998198697
46.55860935229586	8.854292009646235e-7	-179.9999999823159
46.98941086052151	8.692650991761291e-7	-179.99999998263877
47.42419852602443	8.533961411875347e-7	-179.99999998295579
47.8630092322638	8.37816935830822e-7	-179.999999983267
48.30588020397723	8.225221904894085e-7	-179.99999998357254
48.7528490103386	8.075067092938966e-7	-179.99999998387247
49.20395356814506	7.927653913509502e-7	-179.99999998416695
49.65923214503358	7.782932290046887e-7	-179.99999998445605
50.118723362727195	7.64085306130003e-7	-179.99999998473984
50.58246620031137	7.501367964571939e-7	-179.99999998501846
51.0504999975406	7.364429619273669e-7	-179.99999998529202
51.52286445817562	7.229991510780037e-7	-179.99999998556055
51.99959965335157	7.098007974581652e-7	-179.9999999858242
52.48074602497723	6.968434180727693e-7	-179.999999986083
52.966344389165755	6.841226118554148e-7	-179.9999999863371
53.45643593969714	6.716340581692194e-7	-179.99999998658654
53.95106225151273	6.593735153351604e-7	-179.99999998683145
54.450265284242086	6.473368191874074e-7	-179.99999998707187
54.95408738576243	6.355198816551488e-7	-179.99999998730792
55.462571295791044	6.239186893704316e-7	-179.99999998753964
55.97576014951099	6.125293023015215e-7	-179.99999998776713
56.49369748123023	6.013478524113287e-7	-179.9999999879905
57.01642722807472	5.903705423404261e-7	-179.99999998820974
57.543993733715666	5.795936441142106e-7	-179.999999988425
58.07644175213118	5.690134978737687e-7	-179.99999998863632
58.61381645140285	5.586265106299979e-7	-179.9999999888438
59.15616341754737	5.484291550405693e-7	-179.99999998904744
59.70352865838366	5.384179682093001e-7	-179.9999999892474
60.255958607435744	5.285895505075315e-7	-179.99999998944372
60.81350012787176	5.189405644171008e-7	-179.99999998963642
61.37620051647939	5.094677333945179e-7	-179.99999998982562
61.94410750767812	5.001678407559467e-7	-179.9999999900114
62.51726927756855	4.910377285826183e-7	-179.99999999019374
63.0957344480193	4.820742966462934e-7	-179.99999999037277
63.67955209079155	4.7327450135441004e-7	-179.9999999905485
64.26877173170195	4.6463535471454994e-7	-179.99999999072105
64.86344335482381	4.5615392331787485e-7	-179.99999999089044
65.46361740672747	4.478273273411766e-7	-179.99999999105677
66.06934480075958	4.396527395672053e-7	-179.99999999122002
66.68067692136219	4.3162738442293794e-7	-179.99999999138032
67.29766562843174	4.237485370354541e-7	-179.99999999153766
67.92036326171844	4.1601352230510206e-7	-179.99999999169216
68.54882264526613	4.084197139956321e-7	-179.99999999184382
69.18309709189363	4.0096453384098703e-7	-179.99999999199272
69.82324040771712	3.936454506684477e-7	-179.9999999921389
70.46930689671467	3.864599795378255e-7	-179.9999999922824
71.12135136533288	3.794056808964152e-7	-179.99999999242328
71.77942912713615	3.72480159749414e-7	-179.99999999256158
72.44359600749898	3.656810648455253e-7	-179.99999999269738
73.11390834834172	3.590060878774657e-7	-179.9999999928307
73.79042301291008	3.5245296269710585e-7	-179.9999999929616
74.47319739059888	3.460194645449727e-7	-179.99999999309006
75.16228940182053	3.3970340929385223e-7	-179.9999999932162
75.85775750291836	3.335026527062323e-7	-179.99999999334005
76.55966069112561	3.274150897053335e-7	-179.9999999934616
77.26805850957021	3.214386536594771e-7	-179.99999999358099
77.98301105232578	3.155713156795467e-7	-179.99999999369814
78.70457896950977	3.0981108392930007e-7	-179.9999999938132
79.43282347242805	3.04156002948305e-7	-179.99999999392614
80.16780633876782	2.986041529872541e-7	-179.99999999403698
80.90958991783813	2.931536493554423e-7	-179.99999999414584
81.65823713585914	2.878026417801792e-7	-179.9999999942527
82.41381150130013	2.825493137779192e-7	-179.9999999943576
83.176377110267	2.773918820368937e-7	-179.9999999944606
83.94599865193965	2.723285958110348e-7	-179.99999999456176
84.72274141405954	2.673577363249847e-7	-179.999999994661
85.50667128846823	2.624776161899845e-7	-179.99999999475847
86.29785477669692	2.5768657883044783e-7	-179.99999999485416
87.09635899560797	2.529829979210186e-7	-179.99999999494807
87.90225168308834	2.483652768339247e-7	-179.99999999504033
88.71560120379598	2.4383184809643604e-7	-179.99999999513085
89.53647655495928	2.393811728582443e-7	-179.99999999521972
90.36494737223005	2.350117403685806e-7	-179.99999999530698
91.20108393559087	2.307220674628946e-7	-179.99999999539264
92.04495717531702	2.2651069805891797e-7	-179.99999999547677
92.89663867799354	2.2237620266194134e-7	-179.99999999555934
93.75620069258792	2.1831717787913766e-7	-179.99999999564037
94.6237161365792	2.1433224594276205e-7	-179.99999999571997
95.4992586021435	2.1042005424207038e-7	-179.99999999579808
96.38290236239695	2.0657927486379348e-7	-179.9999999958748
97.2747223776964	2.0280860414101203e-7	-179.99999999595008
98.17479430199833	1.9910676221027825e-7	-179.99999999602403
99.08319448927665	1.954724925768322e-7	-179.9999999960966
99.9999999999999	1.9190456168776647e-7	-179.99999999616784