0.01000000000000001	1.0169239557892458	-0.0900517332098262
0.010092528860766855	1.017243701951993	-0.0917532105322275
0.01018591388054118	1.0175695874176724	-0.09348736104898926
0.010280162981264745	1.0179017338158431	-0.09525483219946758
0.010375284158180138	1.018240265329031	-0.09705628501708762
0.010471285480509006	1.0185853087517027	-0.0988923944435615
0.010568175092136596	1.0189369935509547	-0.10076384965216155
0.01066596121230259	1.0192954519286483	-0.10267135437881264
0.010764652136298361	1.0196608188853369	-0.10461562726264574
0.010864256236170667	1.0200332322857937	-0.10659740219518987
0.010964781961431863	1.02041283292651	-0.10861742867990666
0.011066237839776675	1.0207997646047773	-0.1106764722003816
0.011168632477805623	1.021194174189869	-0.11277531459951831
0.011271974561755117	1.021596211696038	-0.11491475446857113
0.011376272858234322	1.0220060303576117	-0.11709560754720165
0.01148153621496884	1.022423786706125	-0.11931870713457424
0.011587773561551273	1.0228496406496033	-0.1215849045117915
0.011694993910198724	1.0232837555540704	-0.12389506937625104
0.01180320635651731	1.0237262983273494	-0.12625009028824657
0.011912420080273762	1.0241774395052876	-0.1286508751303728
0.012022644346174144	1.0246373533402569	-0.13109835157930713
0.012133888504649786	1.0251062178924206	-0.13359346759208932
0.012246161992650502	1.02558421512342	-0.13613719190548823
0.01235947433444512	1.0260715309928898	-0.13873051455035346
0.012473835142429446	1.026568355557681	-0.14137444738047786
0.012589254117941687	1.0270748830740397	-0.14407002461719592
0.012705741052085433	1.0275913121027458	-0.14681830340974994
0.012823305826560232	1.0281178456173874	-0.1496203644124557
0.01294195841449987	1.028654691115755	-0.15247731237843434
0.013061708881318424	1.0292020607346635	-0.15539027677168643
0.013182567385564082	1.0297601713680982	-0.15836041239691145
0.01330454417978092	1.0303292447890577	-0.16138890004892928
0.013427649611378649	1.0309095077748816	-0.16447694718090936
0.01355189412351037	1.0315011922365862	-0.1676257885938079
0.013677288255958502	1.0321045353520653	-0.17083668714650743
0.013803842646028859	1.0327197797033447	-0.17411093448757653
0.013931568029453043	1.0333471734181952	-0.1774498518102955
0.01406047524129915	1.033986970316038	-0.18085479063059925
0.014190575216890933	1.0346394300584638	-0.1843271335895927
0.014321878992735446	1.035304818304513	-0.18786829528159216
0.014454397707459286	1.0359834068708238	-0.19147972310802056
0.014588142602753497	1.036675473896855	-0.1951628981584717
0.014723125024327202	1.0373813040154447	-0.19891933612026233
0.014859356422870082	1.0381011885288929	-0.20275058821741454
0.014996848355023748	1.0388354255905912	-0.20665824217935305
0.015135612484362095	1.039584320392737	-0.21064392324197684
0.015275660582380739	1.0403481853601078	-0.2147092951811572
0.015417004529495607	1.0411273403502106	-0.2188560613803138
0.015559656316050758	1.0419221128601124	-0.22308596593354593
0.01570362804333554	1.042732838240146	-0.2274007947856194
0.015848931924611148	1.0435598599147382	-0.2318023769099059
0.015995580286146702	1.0444035296107903	-0.23629258552668547
0.016143585568264878	1.0452642075937257	-0.24087333936238775
0.016292960326397238	1.046142262911604	-0.24554660395199268
0.01644371723214933	1.0470380736476825	-0.2503143929864466
0.016595869074375623	1.047952027181661	-0.25517876970655023
0.01674942876026439	1.0488845204600847	-0.260141848345731
0.016904409316432657	1.0498359602760525	-0.26520579562262464
0.017060823890031253	1.0508067635590106	-0.2703728322873947
0.017218685749860088	1.0517973576746358	-0.27564523472211533
0.017378008287493772	1.0528081807355432	-0.2810253365989259
0.01753880501841763	1.053839681923034	-0.286515530597198
0.01770108958317423	1.0548923218205948	-0.29211827018356107
0.017864875748520526	1.055966572759421	-0.2978360714561425
0.018030177408595707	1.0570629191767031	-0.3036715150570775
0.018197008586099853	1.058181857987006	-0.30962724815498033
0.018365383433483484	1.0593238989674758	-0.3157059865014186
0.018535316234148135	1.0604895651574875	-0.32191051656447933
0.018706821403658026	1.0616793932731832	-0.32824369774213735
0.018879913490962956	1.062893934137775	-0.3347084646597771
0.019054607179632494	1.0641337531283328	-0.3413078295559411
0.019230917289101597	1.0653994306394545	-0.3480448847584364
0.019408858775927792	1.0666915625651519	-0.35492280525776937
0.01958844673505991	1.068010760799156	-0.3619448513792722
0.01976969640111862	1.069357653755096	-0.36911437156136134
0.01995262314968881	1.0707328869069646	-0.37643480524259537
0.020137242498623895	1.0721371233510781	-0.383909685863564
0.02032357010936223	1.0735710443906368	-0.3915426439897717
0.020511621788255666	1.075035350143592	-0.39933741055937927
0.020701413487910436	1.0765307601752696	-0.4072978202633248
0.02089296130854041	1.0780580141568241	-0.41542781506387144
0.02108628149933291	1.079617872550698	-0.42373144785759204
0.021281390459827135	1.0812111173244954	-0.43221288629064875
0.021478304741305354	1.0828385526946116	-0.44087641673337924
0.02167704104819696	1.084501005901052	-0.44972644842190984
0.02187761623949554	1.0861993280151514	-0.45876751777603186
0.022080047330189013	1.0879343947815472	-0.4680042929005944
0.022284351492703053	1.0897071074964648	-0.47744157828143985
0.022490546058357826	1.0915183939238877	-0.48708431968436455
0.022698648518838235	1.0933692092516274	-0.49693760926793656
0.022908676527677748	1.095260537089493	-0.5070066909219006
0.023120647901755963	1.0971933905114717	-0.5172969658416271
0.023334580622810044	1.0991688131444735	-0.5278139983521194
0.023550492838960112	1.1011878803058623	-0.538563521993712
0.023768402866248782	1.1032517001926163	-0.5495514458845596
0.02398832919019492	1.1053614151246174	-0.5607838613735797
0.0242102904673618	1.1075182028450972	-0.5722670489999712
0.02443430552693974	1.1097232778813786	-0.5840074857762211
0.024660393372343412	1.1119778929691924	-0.5960118528123337
0.02488857318282393	1.1142833405439243	-0.6082870432992729
0.025118864315095822	1.1166409543027176	-0.620840170872757
0.025351286304979098	1.1190521108413194	-0.6336785783783666
0.02558585886905648	1.1215182313697154	-0.6468098470597563
0.025822601906345985	1.1240407835113113	-0.6602418061955636
0.026061535499988978	1.126621283190344	-0.6739825432103039
0.026302679918953843	1.1292612966123996	-0.688040414285537
0.026546055619755416	1.1319624423438954	-0.7024240555028218
0.026791683248190343	1.1347263934958358	-0.7171423945471892
0.027039583641088463	1.1375548800185218	-0.7322046630070626
0.027289777828080432	1.1404496911133544	-0.7476204093038855
0.02754228703338169	1.143412677769257	-0.7633995122919319
0.02779713267759291	1.1464457554307943	-0.779552195566627
0.02805433637951716	1.149550906806487	-0.7960890425271953
0.028313919957993816	1.1527301848258131	-0.813021012239503
0.028575905433749497	1.1559857157539992	-0.8303594561484384
0.028840315031266085	1.1593197024748847	-0.8481161356950984
0.02910717118066608	1.1627344279521845	-0.8663032408949699
0.029376496519615335	1.1662322588808067	-0.884933409939859
0.029648313895243455	1.1698156495403769	-0.904019749889505
0.02992264636608192	1.1734871458642053	-0.9235758585243615
0.030199517204020192	1.1772493897378868	-0.943615847436547
0.03047894989627986	1.181105123542752	-0.964154366441172
0.03076096814740711	1.185057194960667	-0.9852066293976315
0.031045595881283587	1.1891085620577648	-1.0067884415359991
0.03133285724315589	1.19326229866626	-1.028916228392499
0.031622776601683826	1.197521600084937	-1.0516070664655748
0.03191537855100765	1.2018897891204388	-1.0748787157128163
0.03221068791283438	1.2063703224934308	-1.0987496540193098
0.03250872973854347	1.2109667976356144	-1.1232391137784665
0.03280952931131194	1.2156829599054342	-1.1483671207367405
0.03311311214825915	1.2205227102531857	-1.1741545352690261
0.03341950400261146	1.2254901133683105	-1.2006230962630662
0.03372873086588692	1.2305894063444847	-1.2277954678067697
0.034040818970100126	1.2358250079014494	-1.2556952888901352
0.0343557947899875	1.241201528205652	-1.2843472263512699
0.0346736850452532	1.2467237793353743	-1.313777031315254
0.034994516702835765	1.2523967864402592	-1.3440115993978625
0.035318316979195734	1.2582257996496296	-1.3750790349712134
0.03564511334262446	1.264216306788506	-1.4070087198125414
0.03597493351557427	1.2703740469658416	-1.4398313864889052
0.03630780547701017	1.2767050251059036	-1.4735791968650205
0.03664375746478335	1.2832155274993782	-1.5082858261534426
0.03698281797802665	1.2899121384587284	-1.5439865529694876
0.037325015779572084	1.2968017581702027	-1.5807183558968965
0.037670379898390914	1.303891621843813	-1.618520017119555
0.038018939632056145	1.3111893202722888	-1.6574322337281435
0.0383707245492279	1.31870282192142	-1.697497737373412
0.038725764492161745	1.3264404966860377	-1.7387614230036412
0.03908408957924023	1.3344111414596935	-1.781270487500232
0.03944573020752787	1.3426240076813316	-1.8250745791097522
0.039810717055349755	1.351088831038909	-1.8702259586637358
0.04017908108489402	1.359815863529283	-1.9167796736845248
0.040550853544838415	1.3688159080946665	-1.964793746592914
0.040926065973001115	1.3781003560796083	-2.0143293783648315
0.041304750199016166	1.3876812277796402	-2.065451169135916
0.04168693834703357	1.3975712163821639	-2.118227357417685
0.04207266283844444	1.4077837356344955	-2.1727300797808535
0.04246195639463132	1.4183329716117563	-2.2290356530730064
0.042854852039743985	1.4292339390007505	-2.287224881481893
0.04325138310350091	1.4405025423643245	-2.347383391027297
0.04365158322401663	1.4521556429060387	-2.4096019943759552
0.044055486350655364	1.4642111313182888	-2.47397708923077
0.04446312674691091	1.4766880073672013	-2.540611093942861
0.04487453899331325	1.4896064669500482	-2.609612924460377
0.04528975799036211	1.502987997452731	-2.6810985172499917
0.04570881896148754	1.5168554823418021	-2.755191403432957
0.04613175745603798	1.531233316045893	-2.83202334006522
0.04655860935229591	1.5461475303220393	-2.9117350052921025
0.04698941086052156	1.561625933462066	-2.9944767650224704
0.04742419852602448	1.5776982638791712	-3.0804095198285655
0.04786300923226385	1.5943963598290751	-3.1697056420087915
0.04830588020397728	1.6117543472666125	-3.2625500141736947
0.04875284901033865	1.6298088481264226	-3.359141182378862
0.04920395356814511	1.6485992116499286	-3.4596926387644524
0.04965923214503363	1.668167771770098	-3.564434250927121
0.05011872336272725	1.6885601340208045	-3.673613857910013
0.05058246620031143	1.709825495970555	-3.7874990558217534
0.051050499997540646	1.7320170058073971	-3.906379199786205
0.05152286445817567	1.7551921644396702	-4.030567653287227
0.05199959965335162	1.7794132773499276	-4.160404321153889
0.052480746024977286	1.8047479634727293	-4.2962585085978064
0.05296634438916581	1.831269729594853	-4.438532156078091
0.05345643593969719	1.859058620241285	-4.587663508601876
0.05395106225151279	1.888201954759881	-4.744131288681816
0.05445026528424214	1.918795165418228	-4.9084594549950085
0.05495408738576248	1.95094275285274	-5.081222644317639
0.0554625712957911	1.9847593782623245	-5.263052413210598
0.05597576014951104	2.020371115435819	-5.454644419009349
0.05649369748123028	2.0579168902002603	-5.656766707995729
0.05701642722807478	2.0975501403635914	-5.870269313512632
0.05754399373371572	2.1394407359492393	-6.096095409979939
0.05807644175213124	2.183777207781804	-6.335294322466562
0.05861381645140291	2.2307693426849378	-6.589036758617502
0.05915616341754743	2.280651216184028	-6.858632714053714
0.05970352865838372	2.3336847493136617	-7.145552608862034
0.06025595860743581	2.390163895731967	-7.451452348043259
0.060813500127871824	2.4504195898866024	-7.778203171499746
0.061376200516479455	2.514825617815221	-8.127927381052404
0.06194410750767818	2.5838056110184633	-8.503041318794217
0.06251726927756862	2.6578414129202477	-8.906307344147741
0.06309573444801936	2.737483129522282	-9.340897045377229
0.06367955209079162	2.823361254450998	-9.810468564826461
0.064268771731702	2.916201357967239	-10.319261770809836
0.06486344335482389	3.016841954679976	-10.87221614895791
0.06546361740672754	3.1262563212063768	-11.475117817972958
0.06606934480075964	3.2455792279868763	-12.134784147011167
0.06668067692136226	3.376139781644267	-12.859297270950197
0.06729766562843183	3.519501841415671	-13.658301653317992
0.0679203632617185	3.677513754393244	-14.543386132044974
0.0685488226452662	3.8523693920211644	-15.52857813924889
0.0691830970918937	4.046682529374163	-16.63098771727993
0.06982324040771719	4.263576193296042	-17.871652411942108
0.07046930689671474	4.506787090633888	-19.27665196597276
0.07112135136533296	4.780781320817192	-20.87858432715288
0.07177942912713622	5.090868641417018	-22.718520329603926
0.07244359600749906	5.443283291437433	-24.84857664194221
0.0731139083483418	5.845159365325126	-27.335244474248718
0.07379042301291015	6.304248328923459	-30.26353079811773
0.07447319739059896	6.828071635902399	-33.741678681624606
0.07516228940182061	7.421926277790386	-37.90544353667882
0.07585775750291844	8.084748514131897	-42.91904517623074
0.07655966069112569	8.801488709017262	-48.96616050629434
0.07726805850957029	9.531300005905257	-56.21849133758908
0.07798301105232593	10.194925465030943	-64.76581596042257
0.07870457896950993	10.674503694486745	-74.50590981560134
0.07943282347242822	10.846593566771988	-85.0466030120068
0.08016780633876798	10.647396941958215	-95.73354665181564
0.0809095899178383	10.117718966966102	-105.85833401702085
0.0816582371358593	9.376721945439265	-114.90986196102229
0.0824138115013003	8.553813384216443	-122.67745183750905
0.08317637711026717	7.742384465380752	-129.18861756499743
0.08394599865193982	6.992524009410023	-134.59326153325625
0.08472274141405972	6.3231434574455125	-139.07585480498443
0.08550667128846841	5.735771955564998	-142.8103881336702
0.0862978547766971	5.223993222252071	-145.94424279118152
0.08709635899560814	4.778655708344275	-148.59624604304062
0.08790225168308852	4.390377736315388	-150.86012180360584
0.08871560120379617	4.050591401791235	-152.80922800120445
0.08953647655495947	3.7518724634224383	-154.5009859565928
0.09036494737223023	3.487950867447114	-155.9805367215134
0.09120108393559107	3.253595617583651	-157.2836016865299
0.09204495717531722	3.0444636432492556	-158.43866703401008
0.09289663867799372	2.8569512287127465	-159.46863568130138
0.09375620069258811	2.688062469559497	-160.3920741104963
0.09462371613657934	2.5352983645703637	-161.22415575218116
0.09549925860214364	2.3965656080999143	-161.97737833162824
0.0963829023623971	2.270102530602473	-162.6621128290472
0.09727472237769656	2.1544193140312724	-163.28702658559402
0.09817479430199849	2.0482498161634695	-163.85941185277017
0.09908319448927681	1.950512721046303	-164.38544285076168
0.10000000000000005	1.8602801377532197	-164.87037840120587
0.10092528860766849	1.7767521356762002	-165.31872282848315
0.10185913880541175	1.6992360132477247	-165.73435463077266
0.10280162981264741	1.6271293481106965	-166.1206300798836
0.10375284158180131	1.5599060770805304	-166.48046718128685
0.10471285480509002	1.4971050123314709	-166.8164141437257
0.1056817509213659	1.4383203243099425	-167.1307055502269
0.10665961212302584	1.3831936190381733	-167.42530870237377
0.10764652136298355	1.3314073135574092	-167.70196206478022
0.10864256236170661	1.2826790729258424	-167.96220732152565
0.10964781961431856	1.2367571190869784	-168.20741623793037
0.1106623783977667	1.1934162589020514	-168.43881327534322
0.11168632477805618	1.1524545078951083	-168.6574947158206
0.1127197456175511	1.1136902094909034	-168.86444490453349
0.11376272858234315	1.0769595680459787	-169.06055010063662
0.11481536214968835	1.0421145287964584	-169.24661033481595
0.11587773561551268	1.0090209497587765	-169.42334959822912
0.11694993910198717	0.9775570202304611	-169.59142462887266
0.11803206356517304	0.9476118883247965	-169.75143251430896
0.11912420080273756	0.9190844663050382	-169.903917291711
0.12022644346174137	0.8918823876538514	-170.04937569541522
0.1213388850464978	0.8659210940505031	-170.18826217713635
0.12246161992650495	0.8411230339134285	-170.32099330353597
0.12359474334445113	0.8174169570429141	-170.4479516190453
0.12473835142429439	0.7947372922822572	-170.56948904800618
0.1258925411794168	0.7730235970972316	-170.68592989875032
0.12705741052085426	0.7522200696264663	-170.79757352273722
0.12823305826560225	0.7322751151382005	-170.9046966739538
0.1294195841449987	0.7131409599898687	-171.00755560716237
0.13061708881318423	0.6947733071644294	-171.1063879480312
0.1318256738556408	0.6771310282827008	-171.20141436351037
0.13304544179780922	0.6601758876901922	-171.29284005687148
0.13427649611378642	0.6438722948105533	-171.3808561084916
0.13551894123510363	0.6281870814634594	-171.46564068062443
0.13677288255958495	0.6130893012764808	-171.5473601019891
0.13803842646028852	0.5985500486900616	-171.62616984594317
0.13931568029453034	0.5845422953718552	-171.70221541424357
0.14060475241299142	0.5710407421296342	-171.77563313688145
0.14190575216890927	0.5580216846471534	-171.84655089717666
0.1432187899273544	0.5454628915706947	-171.91508879019023
0.1445439770745928	0.53334349365023	-171.98135972154398
0.1458814260275349	0.5216438827918807	-172.0454699528928
0.14723125024327194	0.510345620011511	-172.10751959956525
0.14859356422870074	0.49943135139506617	-172.16760308525133
0.1499684835502374	0.48888473127261	-172.2258095580624
0.15135612484362088	0.47869035190160514	-172.28222327180387
0.15275660582380732	0.46883367903263656	-172.33692393587728
0.154170045294956	0.4593009927990837	-172.3899870368568
0.1555965631605075	0.4500793334322488	-172.44148413445922
0.15703628043335532	0.4411564513564363	-172.49148313433923
0.15848931924611143	0.43252076126522127	-172.5400485398891
0.15995580286146696	0.4241612998215269	-172.58724168499842
0.1614358556826487	0.41606768666078026	-172.63312094953253
0.1629296032639723	0.40823008840898983	-172.67774195911454
0.16443717232149324	0.400639185456477	-172.72115777064027
0.16595869074375613	0.39328614125383987	-172.76341904481876
0.16749428760264382	0.3861625739196503	-172.80457420691056
0.1690440931643265	0.3792605299700014	-172.8446695967266
0.17060823890031243	0.372572459998375	-172.88374960885454
0.17218685749860077	0.3660911961508298	-172.92185682399654
0.17378008287493762	0.35980993125630967	-172.95903213222283
0.1753880501841762	0.3537221994852674	-172.99531484888197
0.1770108958317422	0.3478218584217368	-173.0307428238463
0.17864875748520517	0.34210307244499255	-173.0653525447195
0.180301774085957	0.33656029732667747	-173.09917923458548
0.18197008586099844	0.3311882659583082	-173.132256944838
0.18365383433483473	0.32598197513217125	-173.16461864359184
0.18535316234148125	0.32093667330609404	-173.19629630014717
0.18706821403658017	0.316047849289388	-173.22732096594981
0.18879913490962946	0.3113112217935399	-173.25772285246714
0.19054607179632482	0.30672272979702375	-173.2875314063796
0.19230917289101596	0.3022785236790088	-173.31677538247192
0.19408858775927793	0.29797495708172844	-173.3454829145945
0.19588446735059908	0.2938085794660516	-173.3736815850565
0.1976969640111862	0.28977612932919594	-173.40139849280501
0.19952623149688808	0.28587452805787045	-173.42866032074232
0.20137242498623895	0.2821008743941352	-173.45549340253186
0.2032357010936223	0.278452439495336	-173.48192378924776
0.20511621788255666	0.27492666257330567	-173.5079773162285
0.20701413487910436	0.2715211471019471	-173.5336796705057
0.2089296130854041	0.268233657586193	-173.5590564591923
0.2108628149933291	0.26506211688927495	-173.58413327923336
0.21281390459827135	0.2620046041193355	-173.60893578894343
0.21478304741305343	0.2590593530806434	-173.63348978178277
0.21677041048196952	0.256224751299149	-173.6578212628573
0.2187761623949553	0.2534993396368994	-173.68195652866507
0.22080047330189004	0.2508818125149739	-173.7059222506585
0.22284351492703042	0.248371018770235	-173.72974556324468
0.22490546058357816	0.24596596317737515	-173.75345415690902
0.22698648518838224	0.24366580867460375	-173.7770763772195
0.22908676527677735	0.24146987933906153	-173.80064133055427
0.23120647901755953	0.23937766416672046	-173.82417899749498
0.23334580622810033	0.23738882172148304	-173.84772035494117
0.23550492838960102	0.23550318572947393	-173.87129750813813
0.23768402866248772	0.2337207717077016	-173.89494383396604
0.2398832919019491	0.2320417847313707	-173.9186941370234
0.2421029046736179	0.23046662846185087	-173.94258482025344
0.24434305526939726	0.2289959155781736	-173.96665407211822
0.246603933723434	0.2276304797793835	-173.99094207262584
0.24888573182823917	0.2263713895543369	-174.01549122087562
0.25118864315095807	0.2252199639503407	-174.0403463872125
0.2535128630497908	0.22417779061404425	-174.06555519359554
0.25585858869056466	0.22324674642874787	-174.0911683264015
0.2582260190634597	0.22242902113431234	-174.11723988663482
0.26061535499988964	0.2217271443920863	-174.143827783428
0.2630267991895383	0.22114401685172708	-174.17099417784036
0.26546055619755404	0.22068294589500287	-174.19880598535607
0.2679168324819033	0.22034768688100365	-174.22733544722246
0.2703958364108845	0.22014249090790985	-174.25666078297004
0.2728977782808042	0.2200721603527663	-174.28686693926326
0.27542287033381674	0.22014211377332538	-174.31804645386106
0.277971326775929	0.22035846218397315	-174.35030045822472
0.2805433637951715	0.2207280992949725	-174.38373984863918
0.28313919957993805	0.2212588090957695	-174.41848666427921
0.2857590543374948	0.22195939526934005	-174.4546757224583
0.2884031503126607	0.22283983850366884	-174.4924565779075
0.29107171180666064	0.2239114900754047	-174.5319958968176
0.2937649651961532	0.2251873135628686	-174.57348037148884
0.2964831389524344	0.22668219209390142	-174.6171203537873
0.29922646366081906	0.22841332960091082	-174.66315446034457
0.30199517204020176	0.23040125025067906	-174.71187104634527
0.30478949896279844	0.23266798861986882	-174.76354000055434
0.307609681474071	0.23524336507314803	-174.8185746046552
0.3104559588128357	0.23816100876785845	-174.87739846474125
0.3133285724315587	0.24146346734737284	-174.94054283431956
0.3162277660168381	0.24520527457081082	-175.0086706362212
0.31915378551007634	0.2494592936087414	-175.08264169624516
0.3221068791283436	0.2543285302053883	-175.16363378460292
0.32508729738543457	0.2599703302223169	-175.25339069483928
0.3280952931131192	0.2666522732966925	-175.35479951496083
0.3311311214825913	0.2749038999144059	-175.47348239393764
0.33419504002611444	0.2860385621010537	-175.62342289326966
0.3372873086588691	0.3048435853423502	-175.85744352865672
0.34040818970100106	0.3789468690041025	-176.77690326676867
0.34355794789987465	0.21678308078215472	-175.3754349213602
0.34673685045253166	0.2744086283941556	-175.74437326509874
0.3499451670283573	0.2957315080954265	-175.98666227090877
0.353183169791957	0.31256233442765285	-176.20638031258147
0.35645113342624424	0.32904335759318404	-176.43334100675133
0.3597493351557423	0.34658551210570204	-176.6803107104512
0.36307805477010135	0.36602228754543126	-176.95646236093535
0.36643757464783333	0.3880820689665197	-177.27095325045062
0.3698281797802663	0.4135673917543235	-177.6346039158056
0.3732501577957206	0.4434760579603752	-178.0613268446944
0.37670379898390893	0.4791348128278023	-178.56993659413635
0.38018939632056126	0.5223913925978774	-179.18690240495414
0.38370724549227886	0.5759261613876132	-179.9509273967094
0.3872576449216173	0.6437966459104139	179.0789150547229
0.3908408957924021	0.7324537561131362	177.8077229050678
0.39445730207527846	0.8527799583667349	176.07298983890408
0.3981071705534973	1.0245360386158284	173.5725599724034
0.40179081084894	1.2870363059325443	169.67946963005244
0.40550853544838394	1.7268681263779857	162.8851111974175
0.40926065973001097	2.5357218751873347	148.87763294854827
0.41304750199016144	3.72816525481338	116.84632727534898
0.4168693834703355	3.5068919539477617	69.64988128420033
0.4207266283844442	2.251367179188216	41.98914363440639
0.424619563946313	1.5276019663779958	30.25815111320731
0.4285485203974396	1.132897888578499	24.340998296481693
0.43251383103500884	0.8931123237301208	20.85113966361584
0.4365158322401661	0.7339673563641198	18.56900849915332
0.44055486350655343	0.6213246366652112	16.96862809776443
0.4446312674691088	0.5377285481903026	15.789379271363014
0.4487453899331323	0.4734247336731131	14.888256175432108
0.4528975799036209	0.42256498439794393	14.180538476412353
0.4570881896148752	0.3814409695251622	13.61297971907977
0.46131757456037953	0.3475923596643623	13.150520806380785
0.4655860935229591	0.31932506911693437	12.769205561900323
0.4698941086052156	0.29543605159275343	12.452172470733073
0.4742419852602448	0.275048538594869	12.18727354427378
0.47863009232263853	0.2575093991265199	11.965601285405485
0.48305880203977286	0.24232298842274613	11.780546012433689
0.4875284901033865	0.22910724779489075	11.627175150317814
0.4920395356814511	0.2175638245532282	11.50181442631834
0.49659232145033627	0.20745728414481257	11.401758844984892
0.5011872336272725	0.19860037085683283	11.325067984227061
0.5058246620031143	0.19084338207954057	11.270414849744427
0.5105049999754064	0.18406638846869006	11.236964715763104
0.5152286445817567	0.17817343562513654	11.224261840173385
0.5199959965335162	0.17308809297886926	11.23209754452169
0.5248074602497729	0.1687498062284267	11.260320866822005
0.5296634438916581	0.1651104380572183	11.308528291053898
0.5345643593969719	0.16213003060900105	11.375523774455397
0.5395106225151278	0.15976985710248262	11.458361620333354
0.5445026528424215	0.1579783251285236	11.550656674896942
0.5495408738576248	0.15665854624412423	11.639660838892008
0.5546257129579107	0.1555865316296744	11.70139495795684
0.5597576014951101	0.15418141987624837	11.692984625398262
0.5649369748123025	0.15073803580378617	11.540878414389962
0.5701642722807475	0.13886010649279756	11.115203412544693
0.5754399373371569	0.06934290722295267	10.622309658568495
0.580764417521312	0.4133689995742837	12.729553203961562
0.5861381645140288	0.27463087750054044	9.704805318556655
0.591561634175474	0.26513402323975366	8.140061137759114
0.5970352865838369	0.27342717337639105	6.683765497262058
0.6025595860743578	0.29200056974077376	5.237480908631869
0.6081350012787179	0.3219845783648721	3.662278280179275
0.6137620051647943	0.36863909631053704	1.6799723243366789
0.6194410750767815	0.44329074985290534	-1.2515615941901588
0.6251726927756859	0.5705727941519331	-6.339909424103494
0.6309573444801934	0.8031024041573661	-16.8013052661242
0.6367955209079159	1.1503385542410949	-39.62474543811539
0.6426877173170198	1.5525031199248749	-58.52914911079131
0.6486344335482385	2.043307927450596	-133.31538839750664
0.654636174067275	1.7742970659017618	-156.15738582771792
0.6606934480075961	0.27485338869568104	23.52616817648758
0.6668067692136223	0.09818688383806894	-161.84126084403056
0.6729766562843178	0.12408050176534896	-164.88555585705197
0.6792036326171846	0.11559460941166856	-167.13562436597
0.6854882264526617	0.10202965527325138	-168.85789289644782
0.6918309709189366	0.08897927659090127	-170.18279490690082
0.6982324040771715	0.07759825981944554	-171.201213818395
0.7046930689671471	0.06795475397807586	-171.9845653130928
0.7112135136533292	0.059842741937703996	-172.58941983228203
0.7177942912713619	0.05301197087241908	-173.05968873075727
0.7244359600749902	0.04723425446224706	-173.42877791069228
0.7311390834834176	0.04231870893713515	-173.72175990366836
0.7379042301291011	0.03811083534522859	-173.95732408675366
0.7447319739059892	0.0344871512906445	-174.14938066025138
0.7516228940182057	0.031349350627310646	-174.30831003731834
0.758577575029184	0.028619255430692277	-174.44190721104286
0.7655966069112565	0.02623489029980904	-174.55608890492516
0.7726805850957026	0.02414778042238825	-174.65543415214606
0.7798301105232589	0.02232176463621256	-174.74363931190345
0.7870457896950989	0.020734522052903347	-174.82403447307402
0.7943282347242817	0.019386724593192798	-174.9006587957175
0.8016780633876793	0.01834452391583141	-174.982828715342
0.8090958991783825	0.018059706715441222	-175.13083218496305
0.8165823713585927	0.014761155841438403	36.90784609136432
0.8241381150130026	0.012643686416142483	-175.19068429057194
0.8317637711026713	0.012536575223648795	-175.1794471019506
0.8394599865193977	0.012006838047151077	-175.22024107047474
0.8472274141405968	0.011419301460704703	-175.26725553878973
0.8550667128846836	0.010844312288670195	-175.315701252361
0.8629785477669706	0.010301678223818006	-175.36477727960354
0.870963589956081	0.009797065224691058	-175.41445922377918
0.8790225168308847	0.00933119950825127	-175.46492897775477
0.8871560120379608	0.008902910937624652	-175.5164347377548
0.8953647655495938	0.008510316465748104	-175.5692515026137
0.9036494737223014	0.008151329824576998	-175.62367090856384
0.9120108393559097	0.007823895132011989	-175.6800011504991
0.9204495717531712	0.007526097483837047	-175.73857099144283
0.9289663867799363	0.0072562158924789275	-175.79973588377675
0.9375620069258802	0.007012748887769139	-175.8638856354252
0.946237161365793	0.006794427901449445	-175.93145363418256
0.9549925860214359	0.0066002265886723884	-176.00292794838577
0.9638290236239705	0.006429370974908873	-176.07886485113676
0.9727472237769651	0.006281353873363015	-176.15990555604654
0.9817479430199844	0.006155956587259123	-176.2467972605309
0.9908319448927676	0.006053281167460015	-176.3404200228052
1.	0.005973797369232297	-176.44182162394915
1.0092528860766845	0.00591841005622667	-176.55226349826
1.0185913880541169	0.005888555444285596	-176.67328223407534
1.0280162981264735	0.005886338858047639	-176.80677335601806
1.0375284158180127	0.005914733676087006	-176.95510762152625
1.0471285480508996	0.005977872863756763	-177.12129583343403
1.0568175092136585	0.006081484716717962	-177.30922791174663
1.066596121230258	0.0062335605884979665	-177.52402899774003
1.076465213629835	0.006445409719590619	-177.77260634857356
1.0864256236170655	0.006733387918268018	-178.06451983972838
1.096478196143185	0.007121859099120869	-178.41342781525964
1.1066237839776665	0.007648551107546436	-178.83961580537272
1.1168632477805611	0.008374914388867442	-179.37471204500505
1.1271974561755105	0.009407943842104114	179.92876680778758
1.1376272858234309	0.01095162798790337	178.9758602351475
1.1481536214968828	0.013448734292606549	177.57240175020974
1.1587773561551262	0.018074442845015054	175.23602554375736
1.1694993910198712	0.029305461263123257	170.24484368945448
1.1803206356517297	0.0886361547568723	146.22995375595158
1.191242008027375	0.05133385165403589	12.372147427354935
1.2022644346174132	0.015779452078741086	-11.917792527523238
1.2133888504649775	0.013710845866215383	70.05414533576126
1.224616199265049	0.010879560154635658	24.136999903770732
1.2359474334445106	0.007949603739053686	16.058495942524782
1.2473835142429432	0.00622860432374818	12.685226694505698
1.2589254117941675	0.0050968549562299325	10.770328889489274
1.270574105208542	0.004300308376333627	9.49797113086716
1.2823305826560218	0.0037148197221306897	8.562505645276934
1.2941958414499863	0.003272049075905329	7.82091841875405
1.3061708881318417	0.002931320132084851	7.195237283233255
1.3182567385564075	0.0026671748938257283	6.637152954796741
1.3304544179780915	0.002463284812088839	6.1125966139426975
1.3427649611378643	0.0023093023739833097	5.593712299739682
1.3551894123510364	0.002199264575940664	5.053559740614334
1.3677288255958495	0.0021309905238982613	4.46121517363973
1.3803842646028852	0.002106371439206978	3.775269634472019
1.3931568029453034	0.002132906790546322	2.932527313440987
1.4060475241299142	0.0022277377394414235	1.8244487827349247
1.4190575216890926	0.0024280434489888725	0.23978041072715053
1.432187899273544	0.002821384505730649	-2.303235455484385
1.4454397707459279	0.0036566352538957435	-7.1958105309265115
1.4588142602753489	0.0059084716236665925	-20.50735792815473
1.4723125024327193	0.01097461284904635	-82.04535132121002
1.4859356422870074	0.00461819902851941	-145.08185294631883
1.499684835502374	0.002225399209165005	-158.18499577907406
1.5135612484362087	0.0013393988923355578	-162.98630480180321
1.5275660582380732	0.0008983259041590892	-165.46022814923572
1.54170045294956	0.0006414469422657888	-166.97257587821798
1.555965631605075	0.0004770944899898606	-167.9963780933102
1.5703628043335531	0.00036520061206555724	-168.73796989551005
1.584893192461114	0.00028559762683731703	-169.30159408676386
1.5995580286146696	0.00022708489421787155	-169.74558325047107
1.6143585568264869	0.00018297519977747512	-170.10513848589332
1.629296032639723	0.00014904900126120092	-170.40277363879542
1.6443717232149324	0.00012252527929547868	-170.65356917382928
1.6595869074375613	0.00010150557469500354	-170.8680140475577
1.6749428760264382	0.00008465592297854558	-171.05363550599358
1.690440931643265	0.00007101610789155746	-171.2159799329471
1.7060823890031243	0.00005988067185994216	-171.35922752421288
1.7218685749860079	0.00005072216762334417	-171.48659100117342
1.7378008287493762	0.00004314021627720992	-171.60058204749404
1.753880501841762	0.00003682684414927673	-171.7031940305626
1.770108958317422	0.00003154237884115281	-171.79603020367625
1.7864875748520517	0.00002709836423406223	-171.88039549532198
1.803017740859568	0.00002334524340730924	-171.9573634268136
1.8197008586099825	0.00002016334346717149	-172.0278256968675
1.8365383433483455	0.00001745618691185275	-172.09252946630951
1.8535316234148105	0.000015145467994150297	-172.1521057704572
1.8706821403657996	0.000013167237542726052	-172.20709143551292
1.8879913490962925	0.000011468976174548824	-172.25794617362953
1.9054607179632463	0.000010007328264655066	-172.30506605459416
1.9230917289101574	8.746332640386545e-6	-172.34879422291345
1.9408858775927773	7.656030366403942e-6	-172.38942949839242
1.958844673505989	6.7113613960088404e-6	-172.42723333438596
1.97696964011186	5.891284358209677e-6	-172.46243548994255
1.9952623149688788	5.178070042862386e-6	-172.4952386861634
2.0137242498623875	4.556731072368841e-6	-172.52582245385975
2.032357010936221	4.014559063981316e-6	-172.55434633254984
2.0511621788255647	3.5407471627091847e-6	-172.5809525455052
2.0701413487910414	3.1260807720600467e-6	-172.60576824878436
2.0892961308540388	2.762683061525755e-6	-172.62890743172596
2.108628149933289	2.443804696081392e-6	-172.65047253061067
2.1281390459827114	2.163649438327047e-6	-172.6705558049624
2.147830474130533	1.9172289819208943e-6	-172.6892405163938
2.167704104819694	1.7002417060300668e-6	-172.70660194237104
2.1877616239495516	1.508971083946646e-6	-172.72270825130965
2.208004733018899	1.3402003014862414e-6	-172.73762126065978
2.228435149270303	1.1911402924997547e-6	-172.75139709583118
2.2490546058357803	1.0593689178046273e-6	-172.7640867647379
2.2698648518838214	9.427794290659156e-7	-172.77573666025575
2.2908676527677723	8.395366928587506e-7	-172.78638900086133
2.312064790175594	7.480399194698558e-7	-172.79608221806473
2.333458062281002	6.668908592457831e-7	-172.8048512978872
2.355049283896009	5.948666068377201e-7	-172.81272808251117
2.376840286624876	5.308962986512857e-7	-172.81974153729956
2.39883291901949	4.7404110757947294e-7	-172.82591798760552
2.4210290467361775	4.234770367357125e-7	-172.83128132914672
2.4434305526939712	3.7848009442811137e-7	-172.83585321517586
2.4660393372343385	3.3841349922904603e-7	-172.83965322322092
2.48885731828239	3.027166192610723e-7	-172.84269900378447
2.5118864315095797	2.7089539580213744e-7	-172.84500641306226
2.535128630497907	2.4251403967330104e-7	-172.8465896314656
2.5585858869056453	2.1718782095652758e-7	-172.84746126949256
2.582260190634596	1.9457679949215427e-7	-172.84763246229159
2.6061535499988953	1.7438036621599757e-7	-172.84711295408653
2.6302679918953813	1.5633248444308493e-7	-172.845911173481
2.654605561975539	1.401975362855563e-7	-172.8440343005323
2.6791683248190314	1.2576669299720137e-7	-172.84148832637086
2.703958364108843	1.1285473957098672e-7	-172.8382781060445
2.7289777828080406	1.0129729371336492e-7	-172.83440740518168
2.7542287033381663	9.094836765726252e-8	-172.82987894099273
2.7797132677592886	8.167822838482376e-8	-172.82469441806327
2.805433637951713	7.337151790304541e-8	-172.8188545593356
2.831391995799379	6.592560041050817e-8	-172.81235913262347
2.8575905433749464	5.92491076454599e-8	-172.80520697295955
2.8840315031266055	5.3260657526877015e-8	-172.79739600103485
2.910717118066605	4.788772448519634e-8	-172.78892323795228
2.9376496519615305	4.306564270762924e-8	-172.77978481648478
2.9648313895243423	3.8736725961371615e-8	-172.7699759889971
2.992264636608189	3.48494897632614e-8	-172.75949113216424
3.019951720402016	3.135796348446612e-8	-172.74832374859412
3.047894989627983	2.822108155430554e-8	-172.73646646543776
3.076096814740708	2.5402144292881746e-8	-172.72391103005
3.1045595881283554	2.286834008724159e-8	-172.71064830274202
3.1332857243155856	2.0590321655398858e-8	-172.6966682466472
3.162277660168379	1.854183003812871e-8	-172.68195991470327
3.1915378551007616	1.6699360738310907e-8	-172.66651143373537
3.2210687912834346	1.5041867107443208e-8	-172.65030998560542
3.250872973854344	1.3550496672204291e-8	-172.63334178537636
3.2809529311311905	1.2208356612185395e-8	-172.61559205642013
3.311311214825911	1.100030505305295e-8	-172.59704500238132
3.3419504002611427	9.912765236016051e-9	-172.57768377588792
3.372873086588689	8.933559971921342e-9	-172.55749044388185
3.404081897010009	8.051764092958904e-9	-172.53644594942108
3.4355794789987466	7.257572882335445e-9	-172.51453006978346
3.4673685045253166	6.542184697122133e-9	-172.49172137067976
3.499451670283573	5.897696205939839e-9	-172.46799715635873
3.53183169791957	5.317008844784569e-9	-172.44333341536117
3.5645113342624426	4.7937452542268405e-9	-172.41770476165112
3.5974933515574232	4.322174602146289e-9	-172.39108437082274
3.630780547701014	3.897145820432372e-9	-172.3634439110472
3.664375746478333	3.5140278937458275e-9	-172.33475346838873
3.6982817978026628	3.1686564352757134e-9	-172.3049814660776
3.732501577957206	2.857285870002392e-9	-172.2740945772865
3.767037989839089	2.5765466216474547e-9	-172.24205763090583
3.801893963205613	2.3234067664480433e-9	-172.2088335097628
3.8370724549227884	2.0951376761745815e-9	-172.17438304066738
3.8725764492161727	1.8892832253303033e-9	-172.138664875604
3.908408957924021	1.7036321840262469e-9	-172.10163536331328
3.944573020752785	1.5361934593170236e-9	-172.0632484104243
3.981071705534973	1.3851738844258028e-9	-172.02345533120456
4.0179081084894	1.248958287820682e-9	-171.98220468488606
4.055085354483839	1.1260916030028479e-9	-171.93944209940335
4.09260659730011	1.0152628055449617e-9	-171.89511008023234
4.130475019901614	9.152904867399733e-10	-171.84914780284709
4.168693834703355	8.251098935023192e-10	-171.80149088709825
4.207266283844442	7.437612821787138e-10	-171.752071151548
4.24619563946313	6.703794499025144e-10	-171.70081634543504
4.285485203974396	6.04184321244879e-10	-171.6476498554357
4.325138310350088	5.444724802935992e-10	-171.5924903836073
4.365158322401661	4.906095489439782e-10	-171.53525159161913
4.405548635065534	4.420233209487746e-10	-171.47584170406697
4.446312674691089	3.9819756759306955e-10	-171.41416305914103
4.487453899331323	3.586664332811499e-10	-171.35011158522934
4.528975799036209	3.230093340892682e-10	-171.2835761593204
4.570881896148752	2.9084624921005516e-10	-171.21443774414251
4.613175745603791	2.6183322351707574e-10	-171.14256802890793
4.655860935229586	2.356576744455017e-10	-171.06782671582792
4.698941086052151	2.1203228993480455e-10	-170.99005418892764
4.742419852602444	1.9068265357694067e-10	-170.90904304901795
4.7863009232263805	1.712990920313165e-10	-170.82435332587514
4.830588020397723	1.5300749248883075e-10	-170.7313086369657
4.875284901033861	1.4114045962239264e-10	-170.6358269973207
4.920395356814506	1.2564853174471098e-10	-170.54991736127798
4.965923214503357	1.1274642407631725e-10	-170.45118178416135
5.01187233627272	1.0124736517075852e-10	-170.34765209173077
5.058246620031137	9.092622457114901e-11	-170.23943186542974
5.105049999754059	8.164540413066519e-11	-170.12631165432444
5.152286445817562	7.329491075546938e-11	-170.008013840703
5.1999599653351565	6.577997849684546e-11	-169.88422433944373
5.248074602497723	5.901685413045167e-11	-169.7545977562559
5.296634438916575	5.2930754314128805e-11	-169.6187567923794
5.345643593969713	4.7454590225464324e-11	-169.47628976401907
5.395106225151273	4.2528032600015266e-11	-169.32674717021158
5.445026528424209	3.8096760433691597e-11	-169.1696375454669
5.495408738576242	3.411182629290777e-11	-169.00442262247503
5.5462571295791046	3.052910531795566e-11	-168.83051174781397
5.597576014951099	2.7308809554935974e-11	-168.6472554490571
5.649369748123022	2.4415056098229734e-11	-168.45393801740022
5.701642722807472	2.181548105958499e-11	-168.24976893589516
5.754399373371567	1.9480893374949034e-11	-168.03387294489295
5.807644175213118	1.7384963688327582e-11	-167.8052784902464
5.861381645140285	1.5503944371802706e-11	-167.56290424331476
5.9156163417547365	1.3816417328714685e-11	-167.3055433115699
5.9703528658383656	1.2303066674324236e-11	-167.03184467056195
6.025595860743575	1.0946473744797364e-11	-166.74029123691332
6.081350012787176	9.730932179569639e-12	-166.42917386099109
6.137620051647939	8.642281071154681e-12	-166.096560337835
6.194410750767812	7.667754391049021e-12	-165.74025830359827
6.251726927756856	6.795845087708804e-12	-165.35777058579933
6.30957344480193	6.0161824176234534e-12	-164.94624118690177
6.367955209079155	5.319421216924232e-12	-164.50238957193994
6.426877173170194	4.697141951528164e-12	-164.02243026075513
6.486344335482381	4.14176050073732e-12	-163.50197383702087
6.546361740672747	3.646446734320532e-12	-162.9359043009899
6.6069344800759575	3.205051037961505e-12	-162.31822610174197
6.668067692136219	2.812038027957552e-12	-161.64187203613332
6.729766562843175	2.4624267744880457e-12	-160.89846028533998
6.792036326171843	2.151736924898386e-12	-160.07798488545325
6.854882264526613	1.8759401855575795e-12	-159.16841849997067
6.918309709189362	1.6314166843507076e-12	-158.1551989524086
6.9823240407717115	1.4149157973710902e-12	-157.02056091992506
7.046930689671467	1.2235210847753675e-12	-155.74266072647373
7.112135136533288	1.0546190442730167e-12	-154.2944246736451
7.177942912713615	9.058714587104294e-13	-152.64202994143477
7.244359600749899	7.751911884462539e-13	-150.74290435991134
7.311390834834173	6.607213385322815e-13	-148.5431164644368
7.379042301291007	5.608178046697718e-13	-145.97404570125343
7.447319739059888	4.740352348199934e-13	-142.94833815161115
7.516228940182053	3.99116336573108e-13	-139.3555132470854
7.585775750291836	3.349839710823953e-13	-135.0585049821355
7.655966069112561	2.807340699650377e-13	-129.89446918271682
7.726805850957022	2.356241281333107e-13	-123.6870726118983
7.798301105232586	1.9904583522760348e-13	-116.28281496365449
7.870457896950985	1.7046276598228451e-13	-107.6251112967538
7.943282347242813	1.4929565469322846e-13	-97.86035620464355
8.01678063387679	1.347716417846756e-13	-87.41522307790461
8.090958991783822	1.258220100597474e-13	-76.94028599034309
8.165823713585922	1.2113462044498077e-13	-67.09685834097374
8.241381150130021	1.193564185795496e-13	-58.33541564685025
8.317637711026709	1.1930877396132977e-13	-50.82437723678515
8.394599865193973	1.2009784291997084e-13	-44.52010864121423
8.472274141405963	1.2111467724189718e-13	-39.2738829291931
8.550667128846833	1.219795694566984e-13	-34.90944413890031
8.629785477669701	1.224767231509935e-13	-31.262081637945638
8.709635899560805	1.2249973398690735e-13	-28.19240340379294
8.790225168308842	1.220119718098492e-13	-25.587769752157996
8.871560120379607	1.210196411915578e-13	-23.359027490776153
8.953647655495937	1.195540699878478e-13	-21.43612701328977
9.036494737223014	1.1766027809915304e-13	-19.764026100728074
9.120108393559097	1.1538969383678624e-13	-18.299296237754263
9.204495717531712	1.1279557586085053e-13	-17.00745494214203
9.289663867799362	1.0993019310981533e-13	-15.8609186922538
9.375620069258803	1.0684314635857727e-13	-14.837447585158934
9.462371613657929	1.0358043084594231e-13	-13.918966243328125
9.549925860214358	1.0018397870754103e-13	-13.090668050198229
9.638290236239705	9.669150986689306e-14	-12.340331469095217
9.727472237769652	9.313657837159719e-14	-11.657795056988553
9.817479430199844	8.954873929045802e-14	-11.03455157083804
9.908319448927676	8.595378642084202e-14	-10.463431881710255
10.	8.237402776384355e-14	-9.93835701910903
10.092528860766844	7.882857691977329e-14	-9.454142242775294
10.18591388054117	7.533364610801781e-14	-9.006341120374879
10.280162981264736	7.190283163570465e-14	-8.59112058329596
10.375284158180126	6.854738612265064e-14	-8.205160137575247
10.471285480508996	6.527647416097774e-14	-7.8455700389908465
10.568175092136585	6.209740969754454e-14	-7.509824456417263
10.665961212302578	5.901587451287299e-14	-7.195706557778965
10.76465213629835	5.6036117892884495e-14	-6.901263139198731
10.864256236170656	5.3161138060353994e-14	-6.624766938676325
10.964781961431852	5.039284622827924e-14	-6.364685173316786
11.066237839776663	4.773221431083895e-14	-6.119653144762061
11.168632477805613	4.517940741677604e-14	-5.888451993828805
11.271974561755105	4.273390228133025e-14	-5.669989869231894
11.37627285823431	4.039459278491334e-14	-5.4632859191670065
11.481536214968829	3.8159883672832316e-14	-5.267456627771035
11.587773561551263	3.602777353986228e-14	-5.081704108094316
11.694993910198711	3.39959280830165e-14	-4.905306034510867
11.803206356517286	3.2061744560094966e-14	-4.737606954498606
11.912420080273739	3.022240832379428e-14	-4.57801076552912
12.022644346174118	2.847494223357684e-14	-4.425974179791155
12.133888504649763	2.6816249681624176e-14	-4.281001029468309
12.246161992650476	2.5243151906068434e-14	-4.142637289730243
12.359474334445094	2.3752420204884724e-14	-4.010466716588855
12.47383514242942	2.2340803607709765e-14	-3.884107013195966
12.589254117941662	2.1005052510571097e-14	-3.763206451704036
12.705741052085406	1.974193873008972e-14	-3.6474408890258707
12.823305826560205	1.854827238908866e-14	-3.5365111241473044
12.941958414499851	1.7420916004561698e-14	-3.430140552416732
13.061708881318404	1.6356796111460494e-14	-3.328073078736977
13.182567385564061	1.5352912721545333e-14	-3.230071257042605
13.304544179780901	1.4406346885403558e-14	-3.1359146280424057
13.427649611378628	1.3514266597457781e-14	-3.0453982310895684
13.551894123510351	1.2673931258148966e-14	-2.9583312693320556
13.67728825595848	1.1882694884282517e-14	-2.8745359100912986
13.803842646028839	1.1138008237567656e-14	-2.793846204799359
13.931568029453022	1.0437420022476026e-14	-2.716107114860098
14.060475241299129	9.77857728751521e-15	-2.64117363154332
14.190575216890911	9.15922514869253e-15	-2.5689099795182027
14.321878992735424	8.577205940179342e-15	-2.4991888949214465
14.454397707459265	8.03045788483355e-15	-2.4318909699679914
14.588142602753473	7.517013366167127e-15	-2.3669040570743345
14.723125024327178	7.0349968734347216e-15	-2.3041227262986865
14.859356422870059	6.582622682658698e-15	-2.243447770626768
14.996848355023726	6.158192328492742e-15	-2.184785754263107
15.135612484362072	5.7600919147696105e-15	-2.128048599637997
15.275660582380716	5.3867893052924e-15	-2.073153209321459
15.417004529495584	5.036831230837881e-15	-2.0200211194569486
15.559656316050734	4.70884034337351e-15	-1.96857818169729
15.703628043335515	4.401512244085633e-15	-1.9187542709503858
15.848931924611126	4.1136125079148645e-15	-1.8704830165285038
15.995580286146678	3.843973723846663e-15	-1.8237015545475088
16.143585568264854	3.591492567161602e-15	-1.7783502996454987
16.292960326397214	3.3551269171693244e-15	-1.734372734287897
16.443717232149307	3.1338930315940248e-15	-1.6917152141011278
16.595869074375596	2.9268627867130752e-15	-1.650326787832484
16.749428760264365	2.733160990542724e-15	-1.610159030672094
16.90440931643263	2.551962774787764e-15	-1.5711658897960348
17.060823890031227	2.3824910699002915e-15	-1.533303541099446
17.21868574986006	2.224014166403744e-15	-1.4965302561866412
17.378008287493746	2.075843364611124e-15	-1.4608062787729186
17.5388050184176	1.9373307139836313e-15	-1.4260937097313597
17.701089583174202	1.8078668426199693e-15	-1.3923564000883955
17.864875748520497	1.6868788767238487e-15	-1.3595598513351412
18.03017740859568	1.573828449353592e-15	-1.3276711224784608
18.197008586099827	1.4682097973020995e-15	-1.296658743306851
18.365383433483455	1.3695479445767256e-15	-1.2664926333924555
18.535316234148105	1.2773969706376599e-15	-1.2371440263921218
18.706821403657997	1.191338361301844e-15	-1.2085853992480273
18.879913490962927	1.110979440019491e-15	-1.180790405922453
19.054607179632463	1.0359518770755943e-15	-1.1537338153320413
19.230917289101576	9.659102741532056e-16	-1.1273914531748253
19.408858775927772	9.005308216135912e-16	-1.101740147368615
19.58844673505989	8.395100257958572e-16	-1.076757676842334
19.769696401118598	7.825635036112831e-16	-1.0524227234428272
19.952623149688787	7.294248417014933e-16	-1.0287148267386719
20.137242498623873	6.798445174417972e-16	-1.0056143415198602
20.32357010936221	6.33588879098348e-16	-0.9831023978080485
20.511621788255646	5.90439182487994e-16	-0.9611608632064671
20.701413487910415	5.50190681540387e-16	-0.9397723074317813
20.892961308540386	5.126517702212535e-16	-0.9189199688822446
21.086281499332888	4.776431733419911e-16	-0.8985877231074912
21.28139045982711	4.449971838524183e-16	-0.8787600530554546
21.47830474130533	4.1455694428937337e-16	-0.8594220209811038
21.67704104819694	3.861757701327063e-16	-0.8405592419102518
21.87761623949552	3.5971651290117387e-16	-0.8221578585594285
22.080047330188993	3.350509609029053e-16	-0.8042045176200334
22.28435149270303	3.120592756378576e-16	-0.7866863473215412
22.490546058357804	2.906294619323188e-16	-0.7695909361946457
22.698648518838212	2.706568699675666e-16	-0.7529063129607821
22.908676527677724	2.5204372744587874e-16	-0.7366209274796554
23.12064790175594	2.3469870021677004e-16	-0.7207236326911758
23.33458062281002	2.185364797643576e-16	-0.7052036674925616
23.55049283896009	2.034773960329123e-16	-0.690050640495476
23.76840286624876	1.8944705414168353e-16	-0.6752545146118226
23.9883291901949	1.763759936119316e-16	-0.6608055924202911
24.210290467361776	1.641993687985454e-16	-0.6466945022690029
24.434305526939713	1.5285664928570742e-16	-0.6329121850725894
24.660393372343385	1.4229133907063633e-16	-0.6194498817648384
24.888573182823905	1.3245071342151778e-16	-0.6062991213706209
25.118864315095795	1.2328557235531974e-16	-0.5934517096632361
25.351286304979073	1.14750009738253e-16	-0.5808997183755656
25.58585886905645	1.0680119706624717e-16	-0.5686354749355241
25.82260190634596	9.939918103496788e-17	-0.5566515526982622
26.06153549998895	9.250669405867579e-17	-0.5449407616494304
26.302679918953814	8.608897694464685e-17	-0.5334961395555327
26.54605561975539	8.011361297503318e-17	-0.5223109435390332
26.791683248190314	7.455037269096496e-17	-0.5113786420574274
27.039583641088434	6.937106871449394e-17	-0.500692907266931
27.289777828080403	6.454941998268455e-17	-0.49024760775283804
27.542287033381662	6.006092480488257e-17	-0.48003680160991624
27.797132677592884	5.588274218897975e-17	-0.4700547298574821
28.05433637951713	5.1993580915439385e-17	-0.4602958101750077
28.31391995799379	4.837359586902164e-17	-0.4507546309453174
28.575905433749465	4.500429116762534e-17	-0.4414259455935742
28.84031503126606	4.186842965551625e-17	-0.4323046672114084
29.10717118066605	3.894994835452331e-17	-0.42338586345668194
29.376496519615305	3.6233879491610593e-17	-0.41466475172050266
29.648313895243422	3.370627674466155e-17	-0.4061366945542808
29.92264636608189	3.1354146370395476e-17	-0.39779719535079844
30.19951720402016	2.9165382899152716e-17	-0.3896418942744809
30.4789498962798	2.7128709100890145e-17	-0.38166656443738345
30.76096814740705	2.5233619945189812e-17	-0.3738671083187403
31.045595881283525	2.3470330295459922e-17	-0.36623955442745626
31.332857243155825	2.1829726093845645e-17	-0.3587800542084784
31.62277660168376	2.030331880874648e-17	-0.3514848791958073
31.91537855100758	1.8883202931278633e-17	-0.3443504184168727
32.21068791283432	1.756201632060324e-17	-0.3373731760552199
32.50872973854341	1.6332903210793267e-17	-0.330549769380998
32.80952931131187	1.5189479703891086e-17	-0.32387692696163733
33.11311214825908	1.412580158505239e-17	-0.3173514871684631
33.41950400261139	1.3136334306225208e-17	-0.3109703969988888
33.72873086588685	1.2215924994712373e-17	-0.3047307112384228
34.040818970100055	1.1359776352254246e-17	-0.2986295919921182
34.35579478998743	1.0563422318974043e-17	-0.29266430862151344
34.67368504525313	9.822705384693173e-18	-0.2868322381307838
34.994516702835696	9.133755437773998e-18	-0.28113086605501986
35.318316979195664	8.492970048815993e-18	-0.2755577879146848
35.64511334262439	7.896996093247458e-18	-0.2701107113138005
35.9749335155742	7.342712623143883e-18	-0.2647874587759069
36.3078054770101	6.827214904493866e-18	-0.2595859714321042
36.64375746478329	6.347799541646246e-18	-0.25450431370046284
36.98281797802659	5.9019506158334774e-18	-0.24954067912714112
37.32501577957203	5.487326769494107e-18	-0.2446933975982964
37.670379898390856	5.101749172636648e-18	-0.23996094418055247
38.01893963205609	4.7431903117126495e-18	-0.23534194990932256
38.370724549227845	4.409763545420421e-18	-0.23083521492256134
38.72576449216169	4.099713375556812e-18	-0.22643972443780216
39.08408957924017	3.811406384490966e-18	-0.22215466819967788
39.44573020752781	3.543322794064228e-18	-0.21797946419329595
39.81071705534969	3.2940486037402794e-18	-0.213913787639144
40.17908108489396	3.06226826865118e-18	-0.20995760657634657
40.55085354483835	2.846757880821443e-18	-0.2061112257292549
40.92606597300105	2.6463788193152518e-18	-0.2023753408748782
41.304750199016105	2.4600718373520953e-18	-0.1987511066392502
41.68693834703351	2.286851556584214e-18	-0.1952402216278136
42.07266283844438	2.125801340734197e-18	-0.19184503615400095
42.46195639463126	1.976068522662515e-18	-0.18856868974489222
42.85485203974392	1.8368599606796728e-18	-0.18541528833732251
43.251383103500835	1.7074379015442786e-18	-0.18239013504120652
43.65158322401656	1.587116129101949e-18	-0.17950003418441787
44.0554863506553	1.4752563789255805e-18	-0.17675369710344774
44.46312674691084	1.3712650006175026e-18	-0.17416229151322793
44.87453899331318	1.2745898506271536e-18	-0.17174019715214417
45.28975799036204	1.1847173995165937e-18	-0.1695060637228151
45.708818961487474	1.1011700385505622e-18	-0.16748432177737171
46.13175745603791	1.0235035712539942e-18	-0.1657073893795491
46.55860935229586	9.513048760732884e-19	-0.1642189780896906
46.98941086052151	8.841897262915026e-19	-0.16307919256205028
47.42419852602443	8.218007524134609e-19	-0.16237266672970566
47.8630092322638	7.638055292316379e-19	-0.16222206678975795
48.30588020397723	7.098947618245433e-19	-0.16281157173026506
48.7528490103386	6.597805237618422e-19	-0.16443005783559306
49.20395356814506	6.131944417449493e-19	-0.16755614718022344
49.65923214503358	5.698855350595856e-19	-0.17304056802168663
50.118723362727195	5.296167330853776e-19	-0.18254139006414197
50.58246620031137	4.921559448836106e-19	-0.19971082083349265
51.0504999975406	4.572376064682701e-19	-0.23387783735573342
51.52286445817562	4.2427262369656644e-19	-0.30475863589528757
51.99959965335157	3.9244928821010604e-19	-0.029155709508953024
52.48074602497723	3.6669667067215973e-19	0.060690074803762574
52.966344389165755	3.4114165202578355e-19	-0.0008612334754690305
53.45643593969714	3.171210484331369e-19	-0.029793301233080764
53.95106225151273	2.947417223288477e-19	-0.04495552505931622
54.450265284242086	2.7392534127500297e-19	-0.05372222629586191
54.95408738576243	2.545717946333331e-19	-0.0590807806261517
55.462571295791044	2.3658149385318816e-19	-0.062431867032182065
55.97576014951099	2.1985980566619736e-19	-0.06451201004259509
56.49369748123023	2.0431798047650543e-19	-0.0657434587540388
57.01642722807472	1.8987318050942092e-19	-0.06638490535411191
57.543993733715666	1.764482398492728e-19	-0.06660333964895358
58.07644175213118	1.639713433214431e-19	-0.06651118241284561
58.61381645140285	1.523756876072247e-19	-0.06618676752726552
59.15616341754737	1.4159914804671642e-19	-0.0656862615873116
59.70352865838366	1.3158396009949755e-19	-0.06505091829749264
60.255958607435744	1.2227641869459182e-19	-0.06431166442428658
60.81350012787176	1.1362659627690233e-19	-0.06349209486658337
61.37620051647939	1.0558807929161648e-19	-0.06261048478531875
61.94410750767812	9.811772237641397e-20	-0.06168117523325275
62.51726927756855	9.117541933307176e-20	-0.060715548412545735
63.0957344480193	8.472388988267269e-20	-0.05972272754825543
63.67955209079155	7.87284812053857e-20	-0.05871008793446377
64.26877173170195	7.315698329418277e-20	-0.05768363597460609
64.86344335482381	6.797945719542631e-20	-0.056648294314181294
65.46361740672747	6.316807525945396e-20	-0.055608119102984695
66.06934480075958	5.869697257658692e-20	-0.05456646749280474
66.68067692136219	5.45421088259588e-20	-0.053526128162304246
67.29766562843174	5.06811398149323e-20	-0.05248942403848443
67.92036326171844	4.709329803499021e-20	-0.05145829387592266
68.54882264526613	4.3759281605535157e-20	-0.05043435759288089
69.18309709189363	4.066115101992467e-20	-0.04941896900879865
69.82324040771712	3.7782233148305244e-20	-0.04841325872331996
70.46930689671467	3.5107031989457096e-20	-0.04741816921756006
71.12135136533288	3.2621145699045625e-20	-0.04643448377231892
71.77942912713615	3.0311189454503406e-20	-0.04546285043620707
72.44359600749898	2.816472374737992e-20	-0.04450380200491788
73.11390834834172	2.617018772252746e-20	-0.043557772767033584
73.79042301291008	2.4316837210072095e-20	-0.04262511261462443
74.47319739059888	2.2594687120870995e-20	-0.0417060989961458
75.16228940182053	2.0994457899211216e-20	-0.0408009470958365
75.85775750291836	1.950752574796999e-20	-0.03990981855146102
76.55966069112561	1.8125876361444106e-20	-0.03903282896606808
77.26805850957021	1.684206191967337e-20	-0.038170054426008314
77.98301105232578	1.5649161115427414e-20	-0.03732153720429721
78.70457896950977	1.4540742001192424e-20	-0.03648729080384158
79.43282347242805	1.3510827458582585e-20	-0.03566730447807694
80.16780633876782	1.2553863106691762e-20	-0.03486154735682557
80.90958991783813	1.1664687479105193e-20	-0.034069972303071724
81.65823713585914	1.0838504311691839e-20	-0.03329251963313775
82.41381150130013	1.0070856795021679e-20	-0.03252912085103883
83.176377110267	9.357603656425997e-21	-0.031779702582197165
83.94599865193965	8.694896947522202e-21	-0.03104419095008186
84.72274141405954	8.079161423698173e-21	-0.030322516735097952
85.50667128846823	7.50707541295322e-21	-0.029614621811215696
86.29785477669692	6.975553083190432e-21	-0.02892046761281176
87.09635899560797	6.481728030471421e-21	-0.028240046814631933
87.90225168308834	6.02293812748049e-21	-0.02757340014623962
88.71560120379598	5.596711594354453e-21	-0.026920641566510296
89.53647655495928	5.20075428845106e-21	-0.02628199740658933
90.36494737223005	4.8329382659230594e-21	-0.02565786961735113
91.20108393559087	4.4912917672949025e-21	-0.025048942258495663
92.04495717531702	4.173990967097603e-21	-0.024456369227831003
92.89663867799354	3.8793542080004464e-21	-0.023882123275371207
93.75620069258792	3.605840268289002e-21	-0.02332968726172455
94.6237161365792	3.352054172614246e-21	-0.02280553361043534
95.4992586021435	3.1167691915361464e-21	-0.022322616387402402
96.38290236239695	2.8989889651013745e-21	-0.0219097442974056
97.2747223776964	2.6981277439849833e-21	-0.021641633415608767
98.17479430199833	2.5146316809763217e-21	-0.0217647128634277
99.08319448927665	2.353032442303969e-21	-0.023534109833861915
99.9999999999999	2.258454619190031e-21	-0.047493021224469106