0.01000000000000001	0.0047121697091879345	-5.800653734550362
0.010092528860766855	0.00471365146801574	-5.802355376664126
0.01018591388054118	0.004715161677436561	-5.804089695035967
0.010280162981264745	0.00471670090110303	-5.805857337162194
0.010375284158180138	0.0047182697144986805	-5.807658964134247
0.010471285480509006	0.004719868705211241	-5.809495250952933
0.010568175092136596	0.004721498473213885	-5.81136688685173
0.01066596121230259	0.004723159631153171	-5.813274575627872
0.010764652136298361	0.0047248528046452895	-5.815219035982941
0.010864256236170667	0.004726578632579744	-5.817201001872084
0.010964781961431863	0.004728337767432134	-5.819221222863561
0.011066237839776675	0.004730130875584312	-5.821280464506959
0.011168632477805623	0.004731958637654227	-5.823379508712421
0.011271974561755117	0.004733821748834239	-5.825519154139664
0.011376272858234322	0.004735720919239093	-5.827700216598116
0.01148153621496884	0.004737656874263403	-5.829923529457988
0.011587773561551273	0.004739630354949021	-5.832189944072749
0.011694993910198724	0.004741642118362792	-5.834500330213521
0.01180320635651731	0.004743692937984902	-5.836855576515678
0.011912420080273762	0.004745783604108437	-5.8392565909383
0.012022644346174144	0.004747914924249527	-5.84170430123597
0.012133888504649786	0.004750087723570289	-5.844199655445079
0.012246161992650502	0.004752302845312999	-5.846743622383227
0.01235947433444512	0.004754561151247335	-5.849337192163589
0.012473835142429446	0.00475686352213023	-5.8519813767238285
0.012589254117941687	0.004759210858179353	-5.854677210370695
0.012705741052085433	0.004761604079560368	-5.857425750340443
0.012823305826560232	0.004764044126888676	-5.860228077376012
0.01294195841449987	0.004766531961745651	-5.863085296320798
0.013061708881318424	0.004769068567210756	-5.8659985367307605
0.013182567385564082	0.004771654948409018	-5.868968953504255
0.01330454417978092	0.004774292133075702	-5.871997727531504
0.013427649611378649	0.004776981172137094	-5.8750860663628615
0.01355189412351037	0.004779723140309863	-5.878235204898265
0.013677288255958502	0.004782519136718346	-5.881446406097421
0.013803842646028859	0.004785370285530597	-5.884720961711595
0.013931568029453043	0.004788277736614671	-5.888060193038678
0.01406047524129915	0.004791242666214744	-5.891465451701158
0.014190575216890933	0.004794266277648688	-5.894938120448678
0.014321878992735446	0.00479734980202762	-5.898479613986098
0.014454397707459286	0.0048004944989981065	-5.902091379827455
0.014588142602753497	0.004803701657507806	-5.905774899177045
0.014723125024327202	0.004806972596595869	-5.909531687839013
0.014859356422870082	0.004810308666208968	-5.913363297156392
0.014996848355023748	0.0048137112480429655	-5.917271314979821
0.015135612484362095	0.004817181756412839	-5.921257366668672
0.015275660582380739	0.004820721639150667	-5.92532311612459
0.015417004529495607	0.004824332378533151	-5.9294702668590915
0.015559656316050758	0.004828015492240106	-5.9337005630967665
0.01570362804333554	0.00483177253434483	-5.938015790915298
0.015848931924611148	0.0048356050963374395	-5.942417779423438
0.015995580286146702	0.004839514808183248	-5.946908401979372
0.016143585568264878	0.004843503339416639	-5.951489577449994
0.016292960326397238	0.004847572400272358	-5.956163271513359
0.01644371723214933	0.004851723742855906	-5.960931498006149
0.016595869074375623	0.004855959162354216	-5.965796320317622
0.01674942876026439	0.004860280498288738	-5.970759852832403
0.016904409316432657	0.00486468963581167	-5.975824262423149
0.017060823890031253	0.004869188507048906	-5.980991769996904
0.017218685749860088	0.004873779092489782	-5.986264652095537
0.017378008287493772	0.004878463422426899	-5.991645242553964
0.01753880501841763	0.004883243578447216	-5.997135934217349
0.01770108958317423	0.004888121694977534	-6.002739180721196
0.017864875748520526	0.004893099960885702	-6.008457498335656
0.018030177408595707	0.0048981806211409965	-6.01429346787808
0.018197008586099853	0.004903365978535173	-6.020249736695549
0.018365383433483484	0.004908658395467564	-6.026329020721427
0.018535316234148135	0.004914060295797144	-6.032534106608972
0.018706821403658026	0.004919574166763573	-6.0388678539447795
0.018879913490962956	0.004925202560981303	-6.045333197546341
0.019054607179632494	0.00493094809851007	-6.051933149847908
0.019230917289101597	0.004936813469003641	-6.058670803376608
0.019408858775927792	0.004942801433942969	-6.065549333325992
0.01958844673505991	0.004948914828954686	-6.072572000228195
0.01976969640111862	0.004955156566221735	-6.0797421527323054
0.01995262314968881	0.004961529636987973	-6.087063230491443
0.020137242498623895	0.004968037114162411	-6.094538767164767
0.02032357010936223	0.0049746821550281884	-6.102172393540413
0.020511621788255666	0.004981468004059515	-6.1099678407833
0.020701413487910436	0.004988397995853405	-6.117928943815353
0.02089296130854041	0.004995475558181071	-6.126059644834109
0.02108628149933291	0.005002704215164465	-6.134363996975797
0.021281390459827135	0.005010087590584519	-6.142846168130685
0.021478304741305354	0.0050176294113272535	-6.1515104449177525
0.02167704104819696	0.005025333510974463	-6.160361236826402
0.02187761623949554	0.00503320383354682	-6.169403080534394
0.022080047330189013	0.005041244437405767	-6.178640644409356
0.022284351492703053	0.005049459499323628	-6.188078733204785
0.022490546058357826	0.005057853318729359	-6.197722292959125
0.022698648518838235	0.0050664303221391255	-6.2075764161086315
0.022908676527677748	0.005075195067782049	-6.21764634682593
0.023120647901755963	0.005084152250429855	-6.227937486594521
0.023334580622810044	0.005093306706442316	-6.238455400032885
0.023550492838960112	0.0051026634190388265	-6.2492058209803
0.023768402866248782	0.00511222752380919	-6.260194658859419
0.02398832919019492	0.005122004314475249	-6.271428005329319
0.0242102904673618	0.005131999248917436	-6.282912141245129
0.02443430552693974	0.005142217955480699	-6.294653543941139
0.024660393372343412	0.005152666239575061	-6.306658894855134
0.02488857318282393	0.0051633500905863714	-6.318935087511961
0.025118864315095822	0.005174275689115375	-6.331489235887415
0.025351286304979098	0.005185449414563184	-6.344328683173503
0.02558585886905648	0.005196877853081893	-6.357461010966715
0.025822601906345985	0.005208567805912306	-6.37089404890511
0.026061535499988978	0.0052205262981305815	-6.384635884779295
0.026302679918953843	0.0052327605878263635	-6.398694875143724
0.026546055619755416	0.005245278175739487	-6.413079656459793
0.026791683248190343	0.005258086815379944	-6.427799156799432
0.027039583641088463	0.005271194523662031	-6.442862608145153
0.027289777828080432	0.005284609592081113	-6.458279559319812
0.02754228703338169	0.005298340598467901	-6.474059889586568
0.02779713267759291	0.005312396419353054	-6.490213822957332
0.02805433637951716	0.005326786242981482	-6.506751943255546
0.028313919957993816	0.005341519583015633	-6.523685209979201
0.028575905433749497	0.005356606292970111	-6.541024975013326
0.028840315031266085	0.005372056581425066	-6.558783000247353
0.02910717118066608	0.005387881028066418	-6.57697147615344
0.029376496519615335	0.005404090600606768	-6.595603041388543
0.029648313895243455	0.005420696672643415	-6.614690803486219
0.02992264636608192	0.0054377110425147205	-6.634248360709538
0.030199517204020192	0.005455145953220736	-6.6542898251422145
0.03047894989627986	0.005473014113478414	-6.67482984710008
0.03076096814740711	0.005491328719988049	-6.695883640952579
0.031045595881283587	0.005510103480992264	-6.717467012449312
0.03133285724315589	0.005529352641216464	-6.739596387655682
0.031622776601683826	0.005549091008285999	-6.762288843609165
0.03191537855100765	0.005569333980722725	-6.785562140816392
0.03221068791283438	0.0055900975776324545	-6.80943475772171
0.03250872973854347	0.0056113984702036825	-6.833925927288188
0.03280952931131194	0.005633254015146594	-6.859055675842521
0.03311311214825915	0.005655682290214772	-6.884844864350642
0.03341950400261146	0.005678702131961327	-6.911315232302325
0.03372873086588692	0.00570233317589473	-6.938489444398688
0.034040818970100126	0.005726595899214587	-6.966391140254359
0.0343557947899875	0.005751511666322487	-6.995044987343678
0.0346736850452532	0.005777102777319509	-7.024476737439796
0.034994516702835765	0.005803392519721727	-7.054713286818603
0.035318316979195734	0.00583040522364577	-7.085782740524607
0.03564511334262446	0.005858166320737388	-7.117714481019937
0.03597493351557427	0.005886702407142109	-7.150539241569282
0.03630780547701017	0.005916041310846603	-7.184289184747954
0.03664375746478335	0.0059462121637456344	-7.2189979864923295
0.03698281797802665	0.005977245478826362	-7.254700926154984
0.037325015779572084	0.006009173232898189	-7.291434983070656
0.037670379898390914	0.00604202895533763	-7.329238940188173
0.038018939632056145	0.006075847823362674	-7.368153495377381
0.0383707245492279	0.00611066676440395	-7.408221381082691
0.038725764492161745	0.006146524566194738	-7.449487493060803
0.03908408957924023	0.0061834619952661025	-7.491999029016567
0.03944573020752787	0.0062215219246037415	-7.535805638035299
0.039810717055349755	0.006260749471300666	-7.580959581802909
0.04017908108489402	0.0063011921451292105	-7.6275159087119695
0.040550853544838415	0.006342900009053468	-7.67553264206971
0.040926065973001115	0.006385925852812586	-7.725070983754958
0.041304750199016166	0.006430325380831488	-7.77619553482307
0.04168693834703357	0.006476157415851926	-7.828974534722346
0.04207266283844444	0.006523484119835995	-7.883480120977733
0.04246195639463132	0.0065723712338691	-7.939788611408779
0.042854852039743985	0.006622888338991049	-7.997980811193272
0.04325138310350091	0.00667510914010764	-8.058142347359448
0.04365158322401663	0.006729111775391908	-8.120364033601247
0.044055486350655364	0.0067849791538772694	-8.184742268667874
0.04446312674691091	0.006842799324270362	-8.251379471976218
0.04487453899331325	0.006902665878393022	-8.320384560559999
0.04528975799036211	0.006964678393088554	-8.391873471991659
0.04570881896148754	0.0070289429149227945	-8.465969738518792
0.04613175745603798	0.007095572492568369	-8.542805118344607
0.04655860935229591	0.007164687762412421	-8.622520290783044
0.04698941086052156	0.007236417593667874	-8.705265622933315
0.04742419852602448	0.0073108998001255275	-8.791202016580137
0.04786300923226385	0.0073882819266771005	-8.880501845256934
0.04830588020397728	0.007468722119881798	-8.973349992832258
0.04875284901033865	0.007552390093182381	-9.069945006643085
0.04920395356814511	0.007639468198922692	-9.170500380134786
0.04965923214503363	0.007730152621122327	-9.275245982233514
0.05011872336272725	0.007824654705074695	-9.384429653336626
0.05058246620031143	0.007923202442303979	-9.498318990932145
0.051050499997540646	0.008026042132322877	-9.617203351549001
0.05152286445817567	0.00813344024605196	-9.741396100102225
0.05199959965335162	0.008245685519805871	-9.871237142878682
0.052480746024977286	0.00836309131354031	-10.007095786574924
0.05296634438916581	0.008485998272743957	-10.149373973162566
0.05345643593969719	0.00861477734014774	-10.298509949189407
0.05395106225151279	0.008749833171531442	-10.454982438737419
0.05445026528424214	0.008891608019642715	-10.61931540208219
0.05495408738576248	0.009040586161951662	-10.792083477628129
0.0554625712957911	0.009197298962109576	-10.973918223594639
0.05597576014951104	0.009362330672111948	-11.165515299006538
0.05649369748123028	0.009536325103010748	-11.36764275186643
0.05701642722807478	0.009719993317446112	-11.581150617269996
0.05754399373371572	0.0099141225284278	-11.806982071422482
0.05807644175213124	0.010119586427083858	-12.04618644121139
0.05861381645140291	0.010337357209371352	-12.299934436134128
0.05915616341754743	0.01056851963028177	-12.569536053698508
0.05970352865838372	0.010814287486865358	-12.856461715913326
0.06025595860743581	0.011076023022239175	-13.162367329737073
0.060813500127871824	0.011355259856480728	-13.489124137066225
0.061376200516479455	0.011653730193219764	-13.838854441752902
0.06194410750767818	0.011973397230805687	-14.213974587959063
0.06251726927756862	0.012316493934361428	-14.61724693721474
0.06309573444801936	0.0126855696127859	-15.051843079930844
0.06367955209079162	0.01308354610897875	-15.52142116063776
0.064268771731702	0.013513785872078443	-16.030221049877152
0.06486344335482389	0.0139801747605801	-16.583182235548286
0.06546361740672754	0.014487223150470087	-17.18609083866432
0.06606934480075964	0.015040189816776335	-17.84576423073533
0.06668067692136226	0.015645234132930674	-18.570284549036646
0.06729766562843183	0.016309603370356477	-19.369296259538476
0.0679203632617185	0.01704186318392249	-20.25438820265896
0.0685488226452662	0.01785218047059091	-21.239587813049795
0.0691830970918937	0.01875266806249421	-22.3420051356423
0.06982324040771719	0.01975779879060433	-23.582677718869625
0.07046930689671474	0.020884889435366195	-24.98768530814712
0.07112135136533296	0.02215463697535391	-26.58962585398364
0.07177942912713622	0.02359164813624368	-28.429570193279254
0.07244359600749906	0.02522481397065722	-30.559634997480558
0.0731139083483418	0.027087195778147312	-33.04631147955146
0.07379042301291015	0.02921471607805708	-35.974606614022875
0.07447319739059896	0.03164223174938607	-39.452763471961305
0.07516228940182061	0.03439429146130926	-43.61653746832313
0.07585775750291844	0.03746596749097142	-48.63014841916225
0.07655966069112569	0.04078751925048997	-54.67727323365391
0.07726805850957029	0.04416965706150912	-61.92961372573767
0.07798301105232593	0.0472450908688897	-70.47694818900113
0.07870457896950993	0.04946762788348212	-80.2170520675919
0.07943282347242822	0.05026521379737666	-90.75775547379453
0.08016780633876798	0.0493421876373049	-101.44470951325225
0.0809095899178383	0.04688763961293246	-111.56950747148906
0.0816582371358593	0.04345378524921112	-120.62104620550151
0.0824138115013003	0.03964032259312457	-128.38864707264236
0.08317637711026717	0.035880045971468856	-134.89982399515966
0.08394599865193982	0.032405079251259856	-140.30447936662353
0.08472274141405972	0.029303064232660846	-144.78708425360483
0.08550667128846841	0.0265810893263079	-148.5216294135358
0.0862978547766971	0.024209421781720454	-151.65549612230183
0.08709635899560814	0.022145652664432306	-154.30751164951727
0.08790225168308852	0.020346306263248674	-156.57139991370883
0.08871560120379617	0.018771677822091572	-158.52051884744964
0.08953647655495947	0.017387362380783835	-160.212289775821
0.09036494737223023	0.016164303595599026	-161.69185375497068
0.09120108393559107	0.015078260237188734	-162.9949321799498
0.09204495717531722	0.014109105839543636	-164.15001123769704
0.09289663867799372	0.013240140209785676	-165.1799938502157
0.09375620069258811	0.012457479841023949	-166.10344650434095
0.09462371613657934	0.011749543950439248	-166.93554263548995
0.09549925860214364	0.011106631811047922	-167.68877997385573
0.0963829023623971	0.010520579549746282	-168.3735295046603
0.09727472237769656	0.009984483096792953	-168.99845857416537
0.09817479430199849	0.009492474932533024	-169.57085943907305
0.09908319448927681	0.009039544052625168	-170.09690632486686
0.10000000000000005	0.008621390449784078	-170.58185805858022
0.10092528860766849	0.008234307106293122	-171.0302189700901
0.10185913880541175	0.007875083921934738	-171.44586756317443
0.10280162981264741	0.007540929165725539	-171.83216011534554
0.10375284158180131	0.007229404968177041	-172.19201463788355
0.10471285480509002	0.006938374103402177	-172.52797934544915
0.1056817509213659	0.00666595588534768	-172.8422888270966
0.10665961212302584	0.006410489452687554	-173.136910390549
0.10764652136298355	0.006170503069506403	-173.41358250667437
0.10864256236170661	0.005944688345401327	-173.67384686592254
0.10964781961431856	0.00573187849597552	-173.91907524010298
0.1106623783977667	0.005531029936057859	-174.1504920971744
0.11168632477805618	0.005341206633554754	-174.36919372592635
0.1127197456175511	0.0051615667594992745	-174.57616447838802
0.11376272858234315	0.004991351255688004	-174.7722906207003
0.11481536214968835	0.004829874009989127	-174.9583721906653
0.11587773561551268	0.00467651338461032	-175.13513318668933
0.11694993910198717	0.004530704887153797	-175.30323035415262
0.11803206356517304	0.0043919348103703855	-175.46326078813865
0.11912420080273756	0.004259734695867618	-175.6157685334817
0.12022644346174137	0.004133676500985211	-175.76125033232216
0.1213388850464978	0.004013368367685814	-175.90016064432388
0.12246161992650495	0.0038984509084592257	-176.03291604424587
0.12359474334445113	0.0037885939375714977	-176.15989908476746
0.12473835142429439	0.0036834935870362706	-176.2814616986321
0.1258925411794168	0.003582869755868307	-176.39792820273001
0.12705741052085426	0.0034864638488383234	-176.5095979572382
0.12823305826560225	0.003394036767356662	-176.61674772502369
0.1294195841449987	0.0033053671204936034	-176.71963376989436
0.13061708881318423	0.0032202496286737434	-176.81849372673238
0.1318256738556408	0.0031384936964067725	-176.91354827187357
0.13304544179780922	0.0030599221336572763	-177.00500261815006
0.13427649611378642	0.002984370008207168	-177.09304785567755
0.13551894123510363	0.002911683613707893	-177.17786215662986
0.13677288255958495	0.0028417195401201838	-177.2596118598311
0.13803842646028852	0.002774343834951914	-177.33845244893217
0.13931568029453034	0.002709431245174144	-177.41452943617492
0.14060475241299142	0.0026468645309604597	-177.48797916223108
0.14190575216890927	0.0025865338434844683	-177.55892952129997
0.1432187899273544	0.002528336159952717	-177.6275006195249
0.1445439770745928	0.002472174769866823	-177.69380537381653
0.1458814260275349	0.0024179588072164833	-177.75795005732903
0.14723125024327194	0.0023656028239220908	-177.8200347971045
0.14859356422870074	0.002315026400382212	-177.88015402876488
0.1499684835502374	0.002266153789450797	-177.93839691257597
0.15135612484362088	0.0022189135905795903	-177.99484771472405
0.15275660582380732	0.0021732384512210164	-178.04958615722254
0.154170045294956	0.002129064792903414	-178.10268773949247
0.1555965631605075	0.002086332559668497	-178.15422403433706
0.15703628043335532	0.0020449849868065446	-178.20426296074157
0.15848931924611143	0.0020049683880413506	-178.25286903567735
0.15995580286146696	0.0019662319595088323	-178.30010360686617
0.1614358556826487	0.0019287275990429512	-178.34602506826377
0.1629296032639723	0.0018924097394336257	-178.39068905984627
0.16443717232149324	0.0018572351944551356	-178.4341486531302
0.16595869074375613	0.0018231630165833279	-178.47645452371813
0.16749428760264382	0.0017901543654261856	-178.51765511204204
0.1690440931643265	0.001758172385987771	-178.55779677336704
0.17060823890031243	0.0017271820959707319	-178.59692391802358
0.17218685749860077	0.0016971502813990691	-178.6350791427501
0.17378008287493762	0.0016680453999114778	-178.67230335395251
0.1753880501841762	0.001639837491137686	-178.70863588361985
0.1770108958317422	0.0016124980936254986	-178.74411459857535
0.17864875748520517	0.0015860001678372774	-178.77877600369004
0.180301774085957	0.0015603180247797262	-178.8126553396375
0.18197008586099844	0.001535427259872735	-178.84578667572933
0.18365383433483473	0.0015113046917005362	-178.87820299833274
0.18535316234148125	0.00148792830532309	-178.90993629534103
0.18706821403658017	0.0014652771998571908	-178.94101763714033
0.18879913490962946	0.0014433315400658904	-178.97147725449182
0.19054607179632482	0.001422072511721681	-179.0013446137302
0.19230917289101596	0.0014014822805339647	-179.03064848966136
0.19408858775927793	0.0013815439544544224	-179.05941703653082
0.19588446735059908	0.0013622415491960863	-179.0876778574237
0.1976969640111862	0.0013435599568222736	-179.11545807245128
0.19952623149688808	0.001325484917281716	-179.14278438607522
0.20137242498623895	0.0013080029927847836	-179.16968315392117
0.2032357010936223	0.001291101544934536	-179.19618044943593
0.20511621788255666	0.001274768714544183	-179.2223021307485
0.20701413487910436	0.001258993404090659	-179.24807390810696
0.2089296130854041	0.001243765262772095	-179.27352141227476
0.2108628149933291	0.0012290746741551702	-179.29867026428934
0.21281390459827135	0.0012149127464174108	-179.323546147008
0.21478304741305343	0.0012012713052091055	-179.3481748788927
0.21677041048196952	0.0011881428891802577	-179.3725824905183
0.2187761623949553	0.0011755207482402469	-179.39679530432826
0.22080047330189004	0.0011633988446416996	-179.42084001820535
0.22284351492703042	0.0011517718570062496	-179.44474379348154
0.22490546058357816	0.0011406351874385882	-179.4685343480706
0.22698648518838224	0.0011299849719070703	-179.49224005548191
0.22908676527677735	0.0011198180941051083	-179.51589005055806
0.23120647901755953	0.0011101322030478622	-179.5395143428774
0.23334580622810033	0.0011009257347049401	-179.56314393887894
0.23550492838960102	0.0010921979380222608	-179.58681097390027
0.23768402866248772	0.0010839489057474078	-179.6105488554772
0.2398832919019491	0.0010761796105430048	-179.63439241943757
0.2421029046736179	0.0010688919469549368	-179.6583781005388
0.24434305526939726	0.0010620887798991597	-179.68254411965276
0.246603933723434	0.001055774000444437	-179.70693068980438
0.24888573182823917	0.0010499525898042684	-179.73158024372813
0.25118864315095807	0.001044630692612907	-179.75653768603422
0.2535128630497908	0.0010398157007555115	-179.78185067358896
0.25585858869056466	0.0010355163492582233	-179.80756992833042
0.2582260190634597	0.0010317428260319661	-179.8337495874908
0.26061535499988964	0.0010285068976178583	-179.8604475971093
0.2630267991895383	0.0010258220535207634	-179.88772615584398
0.26546055619755404	0.0010237036722665557	-179.9156522174825
0.2679168324819033	0.0010221692130121562	-179.94429806229402
0.2703958364108845	0.0010212384374231138	-179.97374194956274
0.2728977782808042	0.0010209336676772626	179.99593113354757
0.27542287033381674	0.0010212800879510697	179.96462860801867
0.277971326775929	0.0010223060987324993	179.932249300356
0.2805433637951715	0.0010240437359844423	179.89868227145243
0.28313919957993805	0.0010265291708579304	179.86380543850714
0.2857590543374948	0.0010298033107906716	179.82748393976152
0.2884031503126607	0.001033912530158197	179.789568175205
0.29107171180666064	0.0010389095693649345	179.7498914325168
0.2937649651961532	0.00104485465742891	179.70826697240005
0.2964831389524344	0.0010518169388717522	179.66448439510927
0.29922646366081906	0.0010598763370974955	179.6183050352337
0.30199517204020176	0.0010691281938384923	179.56944048789268
0.30478949896279844	0.0010796748733326509	179.51762081369097
0.307609681474071	0.0010916548849420375	179.46243267936302
0.3104559588128357	0.0011052244328200427	179.40345242626296
0.3133285724315587	0.001120581132211803	179.34014874734282
0.3162277660168381	0.001137978252889877	179.2718586652234
0.31915378551007634	0.0011577541679565707	179.1977222985308
0.3221068791283436	0.001180387195014437	179.11656182043268
0.32508729738543457	0.0012066079279172122	179.02663337969733
0.3280952931131192	0.001237658706868371	178.9250498295449
0.3311311214825913	0.0012759979608284381	178.8061889611249
0.33419504002611444	0.0013277227134800883	178.65606715192885
0.3372873086588691	0.0014150566748152343	178.42186182409864
0.34040818970100106	0.0017590951515422842	177.5022139476344
0.34355794789987465	0.001006354267459628	178.9034906442574
0.34673685045253166	0.0012739079325225357	178.53435707555923
0.3499451670283573	0.0013729443122691733	178.29186920163414
0.353183169791957	0.0014511332448016992	178.07194858044582
0.35645113342624424	0.001527704609690885	177.84478152582653
0.3597493351557423	0.0016092094241862336	177.59760160989728
0.36307805477010135	0.0016995184821881897	177.32123582321984
0.36643757464783333	0.0018020151496214978	177.00652679999953
0.3698281797802663	0.0019204276800373265	176.64265392849026
0.3732501577957206	0.002059391742123739	176.21570464464386
0.37670379898390893	0.0022250714162030823	175.70686431364322
0.38018939632056126	0.0024260514379484325	175.08966361539646
0.38370724549227886	0.0026747850938005084	174.32539934957285
0.3872576449216173	0.002990124212958826	173.35499805799975
0.3908408957924021	0.003402040711825775	172.08355761254646
0.39445730207527846	0.0039610963568775595	170.34857161234783
0.3981071705534973	0.004759103433150367	167.84788408651295
0.40179081084894	0.005978724584047566	163.95453127081575
0.40550853544838394	0.008022267485005365	157.15990546042818
0.40926065973001097	0.011780403720319283	143.15215483729094
0.41304750199016144	0.017321068831661998	111.12057169945203
0.4168693834703355	0.01629383392333474	63.92384305765446
0.4207266283844442	0.010460898676342574	36.26281747374887
0.424619563946313	0.0070983113500559195	24.531531635670888
0.4285485203974396	0.005264512820575841	18.614080018107767
0.43251383103500884	0.0041504626282627775	15.123916997330904
0.4365158322401661	0.0034110697877043124	12.841475752808076
0.44055486350655343	0.00288772814559092	11.240779472134832
0.4446312674691088	0.0024993388594630427	10.061208858112302
0.4487453899331323	0.0022005830379039225	9.159757955033317
0.4528975799036209	0.001964289775366433	8.451706316030219
0.4570881896148752	0.0017732300783572942	7.8838073704113985
0.46131757456037953	0.0016159732052493728	7.421001903454107
0.4655860935229591	0.001484648413836513	7.039333618829635
0.4698941086052156	0.0013736663570864261	6.721940879430598
0.4742419852602448	0.0012789535970575783	6.456675572116471
0.47863009232263853	0.001197475735911296	6.234630072856186
0.48305880203977286	0.0011269300761220335	6.049194570615542
0.4875284901033865	0.0010655416603427448	5.895436358541198
0.4920395356814511	0.0010119244494011617	5.769681029559072
0.49659232145033627	0.0009649847434994898	5.669223451313005
0.5011872336272725	0.0009238527057852714	5.592123062184849
0.5058246620031143	0.0008878329982320628	5.537052725672864
0.5105049999754064	0.0008563686402201015	5.503177571075584
0.5152286445817567	0.0008290140736989629	5.49004170857556
0.5199959965335162	0.0008054144873664901	5.497436309176412
0.5248074602497729	0.0007852888726865612	5.5252102574581885
0.5296634438916581	0.0007684139498196584	5.572959881018016
0.5345643593969719	0.0007546044650328679	5.639488977704644
0.5395106225151278	0.000743680861281598	5.721851688368999
0.5445026528424215	0.0007354036571780243	5.813662693636857
0.5495408738576248	0.0007293224398927721	5.9021737254808215
0.5546257129579107	0.0007243948975003967	5.96340545751268
0.5597576014951101	0.0007179166584280795	5.954483307694463
0.5649369748123025	0.0007019467537761376	5.801855670470652
0.5701642722807475	0.0006466940645544966	5.3756494512726505
0.5754399373371569	0.00032297152793523803	4.882214503103892
0.580764417521312	0.001925491786493112	6.98890668816999
0.5861381645140288	0.001279367995602488	3.963597083345332
0.591561634175474	0.0012352496014490537	2.398280627339142
0.5970352865838369	0.001274016000588065	0.9414019553356898
0.6025595860743578	0.0013606977890649485	-0.5054766254972068
0.6081350012787179	0.0015005782920576465	-2.0812844152155696
0.6137620051647943	0.0017181910062280378	-4.064206913802105
0.6194410750767815	0.0020663602888692685	-6.996368973096539
0.6251726927756859	0.0026599694732570046	-12.085356762560634
0.6309573444801934	0.003744429300664038	-22.54740460797436
0.6367955209079159	0.005364020387328745	-45.37150905664703
0.6426877173170198	0.0072401605550869675	-64.2765895132153
0.6486344335482385	0.009530187833602268	-139.06351832952404
0.654636174067275	0.008276502898146838	-161.90621827818094
0.6606934480075961	0.0012822583018268384	17.776619970819333
0.6668067692136223	0.0004581237384275514	-167.59153829442488
0.6729766562843178	0.0005790136244216832	-170.6365762994079
0.6792036326171846	0.0005394855214613097	-172.88740181029297
0.6854882264526617	0.0004762408754166947	-174.61044162067273
0.6918309709189366	0.00041538254482016137	-175.9361294621578
0.6982324040771715	0.0003623027121746425	-176.95534903438417
0.7046930689671471	0.00031732245586505955	-177.73951630357035
0.7112135136533292	0.0002794827161885819	-178.34520200066004
0.7177942912713619	0.0002476173673104988	-178.8163177758199
0.7244359600749902	0.0002206627821632589	-179.18626983243104
0.7311390834834176	0.00019772907005030226	-179.4801310092392
0.7379042301291011	0.00017809589548785173	-179.71659099655835
0.7447319739059892	0.00016118749848295	-179.90956031414663
0.7516228940182057	0.0001465454906645567	179.9305802990453
0.758577575029184	0.00013380533460109016	179.79603551766246
0.7655966069112565	0.00012267805249797245	179.68088827932925
0.7726805850957026	0.00011293764357767448	179.58055920524097
0.7798301105232589	0.00010441557834206201	179.49135158368455
0.7870457896950989	0.00009700798533609477	179.40993496623074
0.7943282347242817	0.00009071853305923177	179.3322698260802
0.8016780633876793	0.00008585737614800195	179.24903935364517
0.8090958991783825	0.0000845401361914287	179.0999552143338
0.8165823713585927	0.00006911228011760836	31.137532314857392
0.8241381150130026	0.000059209682151517756	179.03787985394897
0.8317637711026713	0.00005871967774310254	179.04797365538516
0.8394599865193977	0.000056249770578576117	179.00601457825675
0.8472274141405968	0.00005350823587729958	178.95781285837415
0.8550667128846836	0.000050824577310245846	178.90815732020909
0.8629785477669706	0.000048291657312014594	178.85784845658046
0.870963589956081	0.00004593611223791054	178.80691021656733
0.8790225168308847	0.000043761438505282944	178.75516025055694
0.8871560120379608	0.00004176224384043658	178.70234989629319
0.8953647655495938	0.00003992978999045938	178.6482036794207
0.9036494737223014	0.00003825438069561514	178.59242947848833
0.9120108393559097	0.000036726456878534524	178.5347186034715
0.9204495717531712	0.00003533711576244331	178.47474178608516
0.9289663867799363	0.00003407835999078929	178.41214305833054
0.9375620069258802	0.00003294321873194467	178.34653208608023
0.946237161365793	0.00003192581161965972	178.27747494451495
0.9549925860214359	0.00003102139375991747	178.20448301720904
0.9638290236239705	0.00003022640476014763	178.1269994716599
0.9727472237769651	0.000029538537997073446	178.0443825232894
0.9817479430199844	0.00002895684435009259	177.9558843918872
0.9908319448927676	0.000028481885867395645	177.8606244243484
1.	0.000028115958983559895	177.75755423233397
1.0092528860766845	0.00002786341451407865	177.64541176163632
1.0185913880541169	0.000027731114182742674	177.52265979106704
1.0280162981264735	0.000027729083714415444	177.3874021499156
1.0375284158180127	0.00002787145569631185	177.23726742111515
1.0471285480508996	0.000028177850940906644	177.06924412834923
1.0568175092136585	0.000028675442876550773	176.87944166395621
1.066596121230258	0.000029402120722912997	176.66273418450012
1.076465213629835	0.000030411486192885936	176.4122137158207
1.0864256236170655	0.00003178104195751585	176.1183196502474
1.096478196143185	0.0000336262196838066	175.76739289599095
1.1066237839776665	0.00003612574889849147	175.33914715920116
1.1168632477805611	0.00003957072242471475	174.80195342500915
1.1271974561755105	0.0000444679585061131	174.10329423875447
1.1376272858234309	0.000051783695914709636	173.148208268905
1.1481536214968828	0.00006361517562949815	171.7425281974434
1.1587773561551262	0.00008552878902404914	169.4038873661034
1.1694993910198712	0.00013872899621214936	164.41039698117189
1.1803206356517297	0.00041976296681293414	140.39315372515125
1.191242008027375	0.00024320635128046155	6.5329483767732865
1.2022644346174132	0.00007479011616417838	-17.759437220218757
1.2133888504649775	0.00006501315043487983	64.21000743337403
1.224616199265049	0.00005161031245935401	18.290320258196857
1.2359474334445106	0.000037727879887248816	10.20922503317087
1.2473835142429432	0.000029573524321093835	6.833313991974225
1.2589254117941675	0.000024211057449114377	4.915722833333032
1.270574105208542	0.00002043685303834748	3.640619106788548
1.2823305826560218	0.00001766277644971038	2.7023539617555015
1.2941958414499863	0.00001556509556566269	1.9579122830854978
1.3061708881318417	0.000013951150012858791	1.3293207769624085
1.3182567385564075	0.000012700392084432015	0.7682690085265533
1.3304544179780915	0.000011735546565741124	0.24068698150038514
1.3427649611378643	0.000011007705836866268	-0.2812824683192304
1.3551894123510364	0.000010488784457283059	-0.8245808429555189
1.3677288255958495	0.000010168696883695634	-1.4201331636664645
1.3803842646028852	0.000010056789551924119	-2.1093496817326933
1.3931568029453034	0.000010189233442096203	-2.9554275231137583
1.4060475241299142	0.000010648382140744062	-4.066907462033333
1.4190575216890926	0.000011612634147216985	-5.655044507446619
1.432187899273544	0.000013501940142437545	-8.201597721319658
1.4454397707459279	0.00001750975781609152	-13.097780260323384
1.4588142602753489	0.00002831022561848721	-26.413006712109034
1.4723125024327193	0.000052617746982815414	-87.9547522601641
1.4859356422870074	0.000022156228512847926	-150.9950806854405
1.499684835502374	0.000010683576452291438	-164.1021265444933
1.5135612484362087	6.434424519849578e-6	-168.90741643783832
1.5275660582380732	4.3184744077387765e-6	-171.3854001566404
1.54170045294956	3.0857414862218137e-6	-172.90188945348348
1.555965631605075	2.296737757143897e-6	-173.92991616905715
1.5703628043335531	1.7593517100361721e-6	-174.6758171820061
1.584893192461114	1.3768797053639504e-6	-175.2438371146048
1.5995580286146696	1.0956102268508287e-6	-175.6923104144647
1.6143585568264869	8.834720360463629e-7	-176.05644009018638
1.629296032639723	7.202260732676346e-7	-176.3587419432863
1.6443717232149324	5.92531219394586e-7	-176.61429844191014
1.6595869074375613	4.912786673666197e-7	-176.83360059523233
1.6749428760264382	4.100668675503084e-7	-177.02417775241793
1.690440931643265	3.442869020664589e-7	-177.19157845244297
1.7060823890031243	2.905519039607624e-7	-177.3399850998056
1.7218685749860079	2.463290105826292e-7	-177.47261267970816
1.7378008287493762	2.0969505500200412e-7	-177.59197519638627
1.753880501841762	1.7917031493424262e-7	-177.70006839624153
1.770108958317422	1.5360289532671688e-7	-177.798497971782
1.7864875748520517	1.3208677016341687e-7	-177.88857135272005
1.803017740859568	1.1390268992076693e-7	-177.97136462549312
1.8197008586099825	9.847492511633823e-8	-178.04777211979203
1.8365383433483455	8.533916880779316e-8	-178.11854369529314
1.8535316234148105	7.411842568256687e-8	-178.18431315614035
1.8706821403657996	6.450469833485229e-8	-178.24562016951754
1.8879913490962925	5.6244935716464864e-8	-178.30292736297514
1.9054607179632463	4.9130151986991817e-8	-178.35663379846065
1.9230917289101574	4.298692898009524e-8	-178.40708569184025
1.9408858775927773	3.767072842247672e-8	-178.45458501600817
1.958844673505989	3.306059067423737e-8	-178.49939646176597
1.97696964011186	2.905490464082584e-8	-178.54175311269697
1.9952623149688788	2.55680116522314e-8	-178.58186110436318
2.0137242498623875	2.2527463309753327e-8	-178.61990347491263
2.032357010936221	1.9871795587908782e-8	-178.6560433671434
2.0511621788255647	1.7548713025282493e-8	-178.69042670674082
2.0701413487910414	1.551360057285579e-8	-178.7231844546295
2.0892961308540388	1.3728298668757714e-8	-178.75443451092104
2.108628149933289	1.2160090862232214e-8	-178.78428333217116
2.1281390459827114	1.0780863892733832e-8	-178.81282731142448
2.147830474130533	9.566408327324034e-9	-178.8401539609592
2.167704104819694	8.495834248416882e-9	-178.86634293011437
2.1877616239495516	7.551081492655503e-9	-178.89146688461864
2.208004733018899	6.7165078902604654e-9	-178.915592269089
2.228435149270303	5.978542083349828e-9	-178.9387799705576
2.2490546058357803	5.325389993877787e-9	-178.96108589781616
2.2698648518838214	4.746786006031964e-9	-178.98256148888217
2.2908676527677723	4.233781530817582e-9	-179.0032541568649
2.312064790175594	3.778564914418417e-9	-179.0232076828561
2.333458062281002	3.374307700572178e-9	-179.04246256310725
2.355049283896009	3.0150331103894814e-9	-179.06105631663482
2.376840286624876	2.6955032997695118e-9	-179.0790237584626
2.39883291901949	2.4111225255151352e-9	-179.0963972429377
2.4210290467361775	2.1578538207032193e-9	-179.11320688090873
2.4434305526939712	1.9321471671026744e-9	-179.12948073401392
2.4660393372343385	1.7308774728338619e-9	-179.1452449888707
2.48885731828239	1.551290929342878e-9	-179.16052411357276
2.5118864315095797	1.3909585430222878e-9	-179.17534099857548
2.535128630497907	1.2477358214324906e-9	-179.18971708377393
2.5585858869056453	1.1197277485297989e-9	-179.2036724733405
2.582260190634596	1.0052583128414217e-9	-179.21722603968965
2.6061535499988953	9.028439614227289e-10	-179.23039551776208
2.6302679918953813	8.111704441880207e-10	-179.24319759067473
2.654605561975539	7.290725906908036e-10	-179.25564796765292
2.6791683248190314	6.555166270023194e-10	-179.26776145505227
2.703958364108843	5.895846959426471e-10	-179.27955202118048
2.7289777828080406	5.304612911656022e-10	-179.29103285554868
2.7542287033381663	4.774213558194737e-10	-179.30221642310673
2.7797132677592886	4.298198308082798e-10	-179.31311451395644
2.805433637951713	3.8708246698538075e-10	-179.32373828898054
2.831391995799379	3.486977406932257e-10	-179.33409832177696
2.8575905433749464	3.1420973356434957e-10	-179.34420463724626
2.8840315031266055	2.832118559601436e-10	-179.35406674714247
2.910717118066605	2.553413092996142e-10	-179.36369368286532
2.9376496519615305	2.3027419620285006e-10	-179.37309402574215
2.9648313895243423	2.0772119916603713e-10	-179.3822759350239
2.992264636608189	1.874237586694036e-10	-179.39124717379448
3.019951720402016	1.691506904274888e-10	-179.4000151329756
3.047894989627983	1.526951891186872e-10	-179.40858685358907
3.076096814740708	1.3787217254466441e-10	-179.41696904742392
3.1045595881283554	1.2451592591187268e-10	-179.4251681162413
3.1332857243155856	1.1247801091786202e-10	-179.43319016963747
3.162277660168379	1.0162540866776661e-10	-179.44104104167363
3.1915378551007616	9.183886922947575e-11	-179.44872630637192
3.2210687912834346	8.301144393537116e-11	-179.45625129216734
3.250872973854344	7.504717941892314e-11	-179.4636210953971
3.2809529311311905	6.785995489175974e-11	-179.47084059290202
3.311311214825911	6.13724463689541e-11	-179.47791445380815
3.3419504002611427	5.5515203478591745e-11	-179.4848471505496
3.372873086588689	5.0225826181778004e-11	-179.49164296919014
3.404081897010009	4.5448230211949886e-11	-179.4983060190944
3.4355794789987466	4.1131991344237826e-11	-179.50484024199648
3.4673685045253166	3.723175974974388e-11	-179.51124942050882
3.499451670283573	3.370673669591924e-11	-179.51753718611084
3.53183169791957	3.0520206740058135e-11	-179.52370702665397
3.5645113342624426	2.7639119343319623e-11	-179.52976229341573
3.5974933515574232	2.5033714520737733e-11	-179.53570620773326
3.630780547701014	2.26771877497516e-11	-179.54154186724392
3.664375746478333	2.0545389895819333e-11	-179.54727225175776
3.6982817978026628	1.8616558387315473e-11	-179.5529002287848
3.732501577957206	1.6871076290707172e-11	-179.55842855873686
3.767037989839089	1.5291256307559165e-11	-179.56385989982195
3.801893963205613	1.3861147043006465e-11	-179.56919681264617
3.8370724549227884	1.2566359186003146e-11	-179.57444176453532
3.8725764492161727	1.1393909499338838e-11	-179.57959713358503
3.908408957924021	1.0332080745985751e-11	-179.58466521244432
3.944573020752785	9.37029588120457e-12	-179.58964821183125
3.981071705534973	8.499005019984632e-12	-179.59454826377328
4.0179081084894	7.709583849443576e-12	-179.59936742455304
4.055085354483839	6.9942422980657016e-12	-179.6041076773263
4.09260659730011	6.345942400132063e-12	-179.6087709343544
4.130475019901614	5.758324406149559e-12	-179.61335903875766
4.168693834703355	5.225640290044719e-12	-179.61787376563848
4.207266283844442	4.742693892650204e-12	-179.6223168223249
4.24619563946313	4.304787019634616e-12	-179.6266898473224
4.285485203974396	3.907670881288853e-12	-179.63099440727203
4.325138310350088	3.547502321858116e-12	-179.6352319906855
4.365158322401661	3.220804337106151e-12	-179.6394039962296
4.405548635065534	2.9244304189348057e-12	-179.6435117113426
4.446312674691089	2.655532290804553e-12	-179.64755627280775
4.487453899331323	2.4115305965331066e-12	-179.6515385916361
4.528975799036209	2.1900880501751116e-12	-179.65545920236855
4.570881896148752	1.9890843713006402e-12	-179.65931793852516
4.613175745603791	1.806591794501038e-12	-179.66311316448363
4.655860935229586	1.6408482911951273e-12	-179.6668397120836
4.698941086052151	1.4902197580161342e-12	-179.67048226543892
4.742419852602444	1.3531158301737324e-12	-179.67398768572127
4.7863009232263805	1.2276445150131045e-12	-179.67708109596776
4.830588020397723	1.1077630507362245e-12	-179.67526300552743
4.875284901033861	1.0325947552372977e-12	-179.67464119050425
4.920395356814506	9.29207360442826e-13	-179.68742842439238
4.965923214503357	8.43087719806723e-13	-179.6914459624536
5.01187233627272	7.657940864211408e-13	-179.69496168550822
5.058246620031137	6.958652890370519e-13	-179.69833373175473
5.105049999754059	6.324572881200097e-13	-179.70162755134908
5.152286445817562	5.749089374020117e-13	-179.70486283837656
5.1999599653351565	5.226538039968292e-13	-179.70804755251794
5.248074602497723	4.751912342854171e-13	-179.71118569308643
5.296634438916575	4.3207304956499316e-13	-179.71427965699766
5.345643593969713	3.9289566503204286e-13	-179.7173311005772
5.395106225151273	3.572945390513124e-13	-179.7203412997055
5.445026528424209	3.2493982670970965e-13	-179.7233113164817
5.495408738576242	2.955327631694113e-13	-179.7262420828631
5.5462571295791046	2.6880254954555794e-13	-179.7291344455383
5.597576014951099	2.4450361871074107e-13	-179.73198919141066
5.649369748123022	2.2241320713785501e-13	-179.73480706281129
5.701642722807472	2.023291835971146e-13	-179.7375887670006
5.754399373371567	1.8406809912568762e-13	-179.74033498235698
5.807644175213118	1.674634308015695e-13	-179.74304636257125
5.861381645140285	1.5236399707865095e-13	-179.74572353960048
5.9156163417547365	1.3863252605261487e-13	-179.74836712582632
5.9703528658383656	1.2614436068506272e-13	-179.75097771568906
6.025595860743575	1.147862870714597e-13	-179.75355588696667
6.081350012787176	1.0445547349802517e-13	-179.7561022018078
6.137620051647939	9.505850941235206e-14	-179.75861720759025
6.194410750767812	8.651053460565015e-14	-179.76110143765163
6.251726927756856	7.87344499184682e-14	-179.76355541192615
6.30957344480193	7.166020166861427e-14	-179.76597963750862
6.367955209079155	6.52241327823285e-14	-179.7683746091629
6.426877173170194	5.936839430421603e-14	-179.7707408097855
6.486344335482381	5.4040411580687276e-14	-179.77307871083303
6.546361740672747	4.919239996571558e-14	-179.7753887727195
6.6069344800759575	4.4780925394698486e-14	-179.77767144518847
6.668067692136219	4.07665056188625e-14	-179.77992716766335
6.729766562843175	3.711324829466259e-14	-179.7821563695786
6.792036326171843	3.3788522484880046e-14	-179.78435947069448
6.854882264526613	3.076266045485894e-14	-179.78653688139656
6.918309709189362	2.8008686942232232e-14	-179.78868900298164
6.9823240407717115	2.550207334484755e-14	-179.79081622793132
7.046930689671467	2.3220514512293274e-14	-179.7929189401743
7.112135136533288	2.1143726044010714e-14	-179.79499751533777
7.177942912713615	1.925326019376175e-14	-179.79705232098937
7.244359600749899	1.7532338658233956e-14	-179.79908371686955
7.311390834834173	1.596570068865659e-14	-179.80109205511545
7.379042301291007	1.4539465110108986e-14	-179.8030776804766
7.447319739059888	1.3241004965212982e-14	-179.80504093052275
7.516228940182053	1.2058833618439336e-14	-179.80698213584446
7.585775750291836	1.098250126552876e-14	-179.80890162024653
7.655966069112561	1.000250089060744e-14	-179.81079970093512
7.726805850957022	9.110182802441549e-15	-179.81267668869808
7.798301105232586	8.297676961801377e-15	-179.8145328880794
7.870457896950985	7.557822384889155e-15	-179.816368597548
7.943282347242813	6.884102973939883e-15	-179.81818410966068
8.01678063387679	6.270589186078618e-15	-179.8199797112199
8.090958991783822	5.711885005896254e-15	-179.82175568342632
8.165823713585922	5.203079736516199e-15	-179.82351230202673
8.241381150130021	4.739704168644439e-15	-179.82524983745674
8.317637711026709	4.317690727658326e-15	-179.82696855497946
8.394599865193973	3.933337235583765e-15	-179.82866871481954
8.472274141405963	3.583273958192129e-15	-179.83035057229299
8.550667128846833	3.2644336377358562e-15	-179.83201437793315
8.629785477669701	2.9740242393243467e-15	-179.83366037761252
8.709635899560805	2.7095041638836167e-15	-179.83528881266122
8.790225168308842	2.468559703279414e-15	-179.83689991998136
8.871560120379607	2.2490845337300363e-15	-179.83849393215837
8.953647655495937	2.0491610622870917e-15	-179.84007107756872
9.036494737223014	1.8670434580949075e-15	-179.84163158048455
9.120108393559097	1.7011422155133584e-15	-179.84317566117497
9.204495717531712	1.5500101101482357e-15	-179.8447035360048
9.289663867799362	1.412329421509933e-15	-179.84621541752983
9.375620069258803	1.2869003075332458e-15	-179.84771151458983
9.462371613657929	1.1726302266471357e-15	-179.84919203239835
9.549925860214358	1.0685243125801815e-15	-179.8506571726304
9.638290236239705	9.736766157145649e-16	-179.85210713350727
9.727472237769652	8.872621326383965e-16	-179.85354210987919
9.817479430199844	8.0852955266639e-16	-179.8549622933052
9.908319448927676	7.367946565680511e-16	-179.8563678721314
10.	6.714343086207704e-16	-179.8577590315664
10.092528860766844	6.118809884467603e-16	-179.85913595375516
10.18591388054117	5.576178139470522e-16	-179.86049881785027
10.280162981264736	5.081740110574753e-16	-179.8618478000818
10.375284158180126	4.631207900613049e-16	-179.86318307382487
10.471285480508996	4.220675918379487e-16	-179.86450480966548
10.568175092136585	3.846586707400657e-16	-179.86581317546452
10.665961212302578	3.5056998380329554e-16	-179.86710833642036
10.76465213629835	3.195063587308215e-16	-179.86839045512923
10.864256236170656	2.9119891558435545e-16	-179.86965969164447
10.964781961431852	2.6540271937652057e-16	-179.87091620353397
11.066237839776663	2.4189464281769926e-16	-179.87216014593628
11.168632477805613	2.2047142034182176e-16	-179.87339167161514
11.271974561755105	2.0094787623747575e-16	-179.8746109310126
11.37627285823431	1.8315531125839881e-16	-179.87581807230094
11.481536214968829	1.6694003349507785e-16	-179.8770132414331
11.587773561551263	1.5216202056939285e-16	-179.87819658219195
11.694993910198711	1.3869370137877687e-16	-179.87936823623838
11.803206356517286	1.264188466755657e-16	-179.88052834315798
11.912420080273739	1.1523155873076778e-16	-179.8816770405069
12.022644346174118	1.0503535120805384e-16	-179.88281446385645
12.133888504649763	9.574231117113536e-17	-179.8839407468366
12.246161992650476	8.727233587326325e-17	-179.8850560211784
12.359474334445094	7.955243763760523e-17	-179.88616041675567
12.47383514242942	7.251611073787083e-17	-179.8872540616256
12.589254117941662	6.610275473501944e-17	-179.88833708206818
12.705741052085406	6.025714922315595e-17	-179.8894096026252
12.823305826560205	5.4928975390229546e-17	-179.89047174613802
12.941958414499851	5.0072380210938e-17	-179.89152363378471
13.061708881318404	4.5645579464000366e-17	-179.89256538511643
13.182567385564061	4.161049610702529e-17	-179.89359711809274
13.304544179780901	3.7932430852616484e-17	-179.89461894911668
13.427649611378628	3.457976207188854e-17	-179.89563099306866
13.551894123510351	3.1523672408722473e-17	-179.89663336334002
13.67728825595848	2.8737899722169114e-17	-179.89762617186565
13.803842646028839	2.619851018747763e-17	-179.8986095291564
13.931568029453022	2.388369158018721e-17	-179.8995835443303
14.060475241299129	2.177356494428574e-17	-179.90054832514397
14.190575216890911	1.9850013006181175e-17	-179.90150397802267
14.321878992735424	1.8096523842566952e-17	-179.9024506080906
14.454397707459265	1.6498048443492748e-17	-179.90338831920005
14.588142602753473	1.5040870933249128e-17	-179.9043172139607
14.723125024327178	1.3712490322115152e-17	-179.90523739376795
14.859356422870059	1.2501512762575258e-17	-179.90614895883115
14.996848355023726	1.1397553375170859e-17	-179.90705200820148
15.135612484362072	1.0391146792525706e-17	-179.90794663979915
15.275660582380716	9.473665646000396e-18	-179.90883295044068
15.417004529495584	8.637246288564451e-18	-179.90971103586546
15.559656316050734	7.874721110427864e-18	-179.9105809907625
15.703628043335515	7.179556861306034e-18	-179.91144290879643
15.848931924611126	6.545798445401626e-18	-179.9122968826336
15.995580286146678	5.968017702736671e-18	-179.91314300396783
16.143585568264854	5.441266733773186e-18	-179.9139813635462
16.292960326397214	4.961035363701091e-18	-179.9148120511943
16.443717232149307	4.52321237869446e-18	-179.91563515584178
16.595869074375596	4.124050199155277e-18	-179.91645076554752
16.749428760264365	3.7601326847646216e-18	-179.91725896752482
16.90440931643263	3.4283457933054073e-18	-179.91805984816673
17.060823890031227	3.1258508399456194e-18	-179.9188534930711
17.21868574986006	2.8500601261932033e-18	-179.91963998706592
17.378008287493746	2.5986147282486426e-18	-179.9204194142345
17.5388050184176	2.369364253170314e-18	-179.92119185794095
17.701089583174202	2.1603483882914308e-18	-179.9219574008558
17.864875748520497	1.969780084836401e-18	-179.9227161249816
18.03017740859568	1.7960302308125703e-18	-179.923468111679
18.197008586099827	1.6376136811245496e-18	-179.92421344169284
18.365383433483455	1.493176524584276e-18	-179.9249521951788
18.535316234148105	1.361484478172868e-18	-179.92568445173035
18.706821403657997	1.2414123086433319e-18	-179.92641029040584
18.879913490962927	1.1319341904205561e-18	-179.92712978975644
19.054607179632463	1.0321149168343153e-18	-179.92784302785438
19.230917289101576	9.411018890820394e-19	-179.92855008232175
19.408858775927772	8.581178140251097e-19	-179.92925103036004
19.58844673505989	7.824540480334283e-19	-179.92994594878033
19.769696401118598	7.134645296612634e-19	-179.93063491403413
19.952623149688787	6.505602490109353e-19	-179.93131800224543
20.137242498623873	5.932042062640464e-19	-179.93199528924325
20.32357010936221	5.40906816072505e-19	-179.93266685059538
20.511621788255646	4.932217183402939e-19	-179.93333276164344
20.701413487910415	4.497419594248098e-19	-179.93399309753872
20.892961308540386	4.1009651097414586e-19	-179.93464793327973
21.086281499332888	3.739470965213493e-19	-179.93529734375096
21.28139045982711	3.4098529860366583e-19	-179.93594140376325
21.47830474130533	3.1092992158697744e-19	-179.9365801880958
21.67704104819694	2.835245875738879e-19	-179.93721377154017
21.87761623949552	2.585355447772201e-19	-179.93784222894604
22.080047330188993	2.3574966956637123e-19	-179.93846563526924
22.28435149270303	2.1497264505781852e-19	-179.9390840656223
22.490546058357804	1.9602730063742774e-19	-179.939697595327
22.698648518838212	1.7875209818415012e-19	-179.94030629997042
22.908676527677724	1.6299975202421689e-19	-179.94091025546322
23.12064790175594	1.4863597079283422e-19	-179.94150953810188
23.33458062281002	1.3553831042656327e-19	-179.9421042246337
23.55049283896009	1.2359512846312057e-19	-179.94269439232636
23.76840286624876	1.1270463069438521e-19	-179.94328011904113
23.9883291901949	1.0277400201051755e-19	-179.9438614833108
24.210290467361776	9.371861399503984e-20	-179.9444385644225
24.434305526939713	8.546130248878493e-20	-179.94501144250594
24.660393372343385	7.793170894039301e-20	-179.9455801986271
24.888573182823905	7.106567990772477e-20	-179.94614491488912
25.118864315095795	6.480471957286767e-20	-179.946705674539
25.351286304979073	5.909549058760713e-20	-179.9472625620829
25.58585886905645	5.388935898024675e-20	-179.94781566340907
25.82260190634596	4.9141979232034156e-20	-179.94836506592006
26.06153549998895	4.4812915975440267e-20	-179.94891085867488
26.302679918953814	4.086529908009287e-20	-179.94945313254198
26.54605561975539	3.7265509177991057e-20	-179.94999198036416
26.791683248190314	3.39828909401628e-20	-179.9505274971365
27.039583641088434	3.0989491654431904e-20	-179.95105978019888
27.289777828080403	2.8259822870452656e-20	-179.95158892944423
27.542287033381662	2.5770643075527422e-20	-179.95211504754428
27.797132677592884	2.350075954462476e-20	-179.95263824019466
28.05433637951713	2.1430847672015884e-20	-179.95315861638133
28.31391995799379	1.9543286241449515e-20	-179.95367628867064
28.575905433749465	1.782200722807276e-20	-179.9541913735254
28.84031503126606	1.625235884954611e-20	-179.95470399165032
29.10717118066605	1.4820980697064405e-20	-179.9552142683695
29.376496519615305	1.3515689880245433e-20	-179.95572233404
29.648313895243422	1.2325377213979334e-20	-179.9562283245053
29.92264636608189	1.1239912561142065e-20	-179.95673238159404
30.19951720402016	1.0250058523307638e-20	-179.95723465366842
30.4789498962798	9.347391742912966e-21	-179.95773529622895
30.76096814740705	8.524231145348235e-21	-179.95823447258252
31.045595881283525	7.773572508723208e-21	-179.95873235458126
31.332857243155825	7.089028803097447e-21	-179.95922912344182
31.62277660168376	6.464775790234146e-21	-179.95972497065472
31.91537855100758	5.895502419851144e-21	-179.96022009899667
32.21068791283432	5.376365599294975e-21	-179.96071472365915
32.50872973854341	4.902948950897456e-21	-179.9612090735089
32.80952931131187	4.471225205312939e-21	-179.96170339249997
33.11311214825908	4.077521910167195e-21	-179.9621979412577
33.41950400261139	3.7184901616420485e-21	-179.96269299886083
33.72873086588685	3.391076092415527e-21	-179.96318886485068
34.040818970100055	3.092494872896038e-21	-179.96368586150186
34.35579478998743	2.820207004131298e-21	-179.96418433639613
34.67368504525313	2.571896700323203e-21	-179.96468466534694
34.994516702835696	2.3454521767042353e-21	-179.96518725573165
35.318316979195664	2.1389476747824793e-21	-179.96569255030067
35.64511334262439	1.9506270717799108e-21	-179.96620103154365
35.9749335155742	1.778888934598275e-21	-179.96671322671105
36.3078054770101	1.622272890964843e-21	-179.96722971360927
36.64375746478329	1.4794472016409573e-21	-179.96775112731106
36.98281797802659	1.3491974278167402e-21	-179.9682781679556
37.32501577957203	1.2304160971514551e-21	-179.96881160984967
37.670379898390856	1.1220932804323331e-21	-179.96935231213115
38.01893963205609	1.0233079985863605e-21	-179.96990123131633
38.370724549227845	9.332203868569024e-22	-179.97045943613168
38.72576449216169	8.510645494099108e-22	-179.97102812513006
39.08408957924017	7.761420435183254e-22	-179.97160864772127
39.44573020752781	7.078159378380172e-22	-179.97220252941437
39.81071705534969	6.455053941803451e-22	-179.9728115022895
40.17908108489396	5.886807266465791e-22	-179.97343754200853
40.55085354483835	5.368588960563342e-22	-179.974082913061
40.92606597300105	4.895994013103404e-22	-179.97475022446494
41.304750199016105	4.465005327090225e-22	-179.9754424988526
41.68693834703351	4.0719595533133477e-22	-179.9761632588475
42.07266283844438	3.7135159338924846e-22	-179.97691663599923
42.46195639463126	3.386627890363703e-22	-179.97770750945566
42.85485203974392	3.088517114459099e-22	-179.97854168428822
43.251383103500835	2.816649941036983e-22	-179.9794261233479
43.65158322401656	2.568715802040314e-22	-179.9803692523679
44.0554863506553	2.3426075780609186e-22	-179.98138136677827
44.46312674691084	2.136403680212593e-22	-179.9824751820678
44.87453899331318	1.9483517096960647e-22	-179.98366659038933
45.28975799036204	1.776853555783178e-22	-179.9849757194313
45.708818961487474	1.6204518050419668e-22	-179.9864284442045
46.13175745603791	1.4778173455156034e-22	-179.98805859457812
46.55860935229586	1.3477380592371175e-22	-179.98991126211146
46.98941086052151	1.229108504750745e-22	-179.99204790047256
47.42419852602443	1.1209204977531144e-22	-179.99455446241882
47.8630092322638	1.022254501336953e-22	-179.9975549035546
48.30588020397723	9.322717343607408e-23	179.99876533639338
48.7528490103386	8.502068879733734e-23	179.994116148344
49.20395356814506	7.753612776264875e-23	179.98801770466335
49.65923214503358	7.070960495249856e-23	179.9796180980877
50.118723362727195	6.448242812213969e-23	179.9672581057962
50.58246620031137	5.87997228704213e-23	179.9472843923912
51.0504999975406	5.360573083382921e-23	179.91036687759447
51.52286445817562	4.881067627185536e-23	179.83678828590126
51.99959965335157	4.4305498371744954e-23	-179.89025493156365
52.48074602497723	4.062458803561056e-23	-179.8030046747693
52.966344389165755	3.7087559961691884e-23	-179.86710190491164
53.45643593969714	3.3832462653561906e-23	-179.8985312778034
53.95106225151273	3.085806152474557e-23	-179.91614315773572
54.450265284242086	2.81436941347896e-23	-179.92731281303662
54.95408738576243	2.566754687684564e-23	-179.93502854615798
55.462571295791044	2.3409023445928702e-23	-179.94069194311507
55.97576014951099	2.1349121568416307e-23	-179.94504041620402
56.49369748123023	1.9470429734967455e-23	-179.94849708348005
57.01642722807472	1.775703416486651e-23	-179.951321487724
57.543993733715666	1.6194405463261053e-23	-179.95368145140202
58.07644175213118	1.4769284840271636e-23	-179.95569021043536
58.61381645140285	1.346957609646964e-23	-179.95742689674827
59.15616341754737	1.2284245225451893e-23	-179.95894845827206
59.70352865838366	1.1203227951139482e-23	-179.96029691372843
60.255958607435744	1.0217344947312815e-23	-179.9615039389585
60.81350012787176	9.318224277258744e-24	-179.9625938623604
61.37620051647939	8.498230526274325e-24	-179.96358567737596
61.94410750767812	7.750400095162009e-24	-179.9644944284685
62.51726927756855	7.068382143874667e-24	-179.96533218671888
63.0957344480193	6.446384705848103e-24	-179.96610875002898
63.67955209079155	5.8791255283433264e-24	-179.96683215448925
64.26877173170195	5.36178722908137e-24	-179.96750905373202
64.86344335482381	4.889976393094239e-24	-179.96814500436918
65.46361740672747	4.459686265377745e-24	-179.96874468355176
66.06934480075958	4.067262724373418e-24	-179.96931205675705
66.68067692136219	3.7093732484882584e-24	-179.96985050859604
67.29766562843174	3.382978612850786e-24	-179.97036294580974
67.92036326171844	3.085307076415315e-24	-179.97085187911694
68.54882264526613	2.813830840498755e-24	-179.97131948881162
69.18309709189363	2.566244579010218e-24	-179.9717676777556
69.82324040771712	2.340445858153075e-24	-179.97219811450606
70.46930689671467	2.134517279376536e-24	-179.97261226865962
71.12135136533288	1.9467101939573177e-24	-179.97301144000667
71.77942912713615	1.7754298509187892e-24	-179.97339678273062
72.44359600749898	1.6192218521549624e-24	-179.97376932561193
73.11390834834172	1.4767597997206274e-24	-179.97412998899384
73.79042301291008	1.346834030369464e-24	-179.97447959910704
74.47319739059888	1.2283413416534058e-24	-179.9748189002317
75.16228940182053	1.1202756223173859e-24	-179.97514856508104
75.85775750291836	1.0217193074042256e-24	-179.97546920371812
76.55966069112561	9.318355854900462e-25	-179.97578137126214
77.26805850957021	8.498612918606607e-25	-179.97608557459617
77.98301105232578	7.751004272679501e-25	-179.9763822782558
78.70457896950977	7.069182472219237e-25	-179.9766719096534
79.43282347242805	6.447358716246369e-25	-179.97695486377518
80.16780633876782	5.880253689772205e-25	-179.97723150747981
80.90958991783813	5.363052734302405e-25	-179.9775021835235
81.65823713585914	4.891364966345367e-25	-179.97776721444487
82.41381150130013	4.461185997180732e-25	-179.97802690645977
83.176377110267	4.0688639379449382e-25	-179.97828155355236
83.94599865193965	3.711068402308113e-25	-179.97853144200488
84.72274141405954	3.3847622449417174e-25	-179.9787768557065
85.50667128846823	3.087175797918493e-25	-179.97901808273642
86.29785477669692	2.8157833894976743e-25	-179.97925542397363
87.09635899560797	2.5682819508700167e-25	-179.97948920491692
87.90225168308834	2.34257153699791e-25	-179.97971979263588
88.71560120379598	2.136737608671049e-25	-179.97994762107894
89.53647655495928	1.9490349460186365e-25	-179.9801732303469
90.36494737223005	1.7778730921690022e-25	-179.9803973300681
91.20108393559087	1.6218032659141124e-25	-179.98062090601212
92.04495717531702	1.47950674772307e-25	-179.9808454079412
92.89663867799354	1.349784865221112e-25	-179.98107309874345
93.75620069258792	1.2315509582524515e-25	-179.98130774580798
94.6237161365792	1.1238252932329116e-25	-179.9815561005912
95.4992586021435	1.0257354280112933e-25	-179.9818313908077
96.38290236239695	9.365290743552909e-26	-179.98216269353603
97.2747223776964	8.556225617898478e-26	-179.98262498805653
98.17479430199833	7.82780739478388e-26	-179.98346496163188
99.08319448927665	7.190195239368908e-26	-179.9859379946342
99.9999999999999	6.774420171582666e-26	179.98941246772188