0.01000000000000001	0.010402157094087362	-0.00400739242147066
0.010092528860766855	0.010402234432135287	-0.004007434047014456
0.01018591388054118	0.010402313209296273	-0.004007476429145001
0.010280162981264745	0.01040239345237406	-0.0040075195812549706
0.010375284158180138	0.010402475188669245	-0.004007563516943842
0.010471285480509006	0.01040255844599896	-0.004007608250037873
0.010568175092136596	0.010402643252696568	-0.0040076537945956895
0.01066596121230259	0.010402729637617137	-0.004007700164900215
0.010764652136298361	0.010402817630166155	-0.004007747375464238
0.010864256236170667	0.010402907260290722	-0.004007795441049762
0.010964781961431863	0.010402998558494051	-0.004007844376643069
0.011066237839776675	0.010403091555856805	-0.004007894197482494
0.011168632477805623	0.01040318628403616	-0.004007944919037312
0.011271974561755117	0.010403282775278777	-0.004007996557046014
0.011376272858234322	0.010403381062434741	-0.004008049127476068
0.01148153621496884	0.010403481178976156	-0.004008102646563736
0.011587773561551273	0.010403583158979312	-0.004008157130790642
0.011694993910198724	0.010403687037179182	-0.00400821259690411
0.01180320635651731	0.010403792848945517	-0.004008269061908976
0.011912420080273762	0.010403900630319526	-0.004008326543081259
0.012022644346174144	0.010404010417999047	-0.0040083850579537795
0.012133888504649786	0.010404122249381951	-0.00400844462433738
0.012246161992650502	0.010404236162569684	-0.004008505260315548
0.01235947433444512	0.010404352196354341	-0.004008566984234645
0.012473835142429446	0.010404470390273248	-0.004008629814737024
0.012589254117941687	0.010404590784596919	-0.0040086937707294245
0.012705741052085433	0.010404713420343591	-0.0040087588714089175
0.012823305826560232	0.010404838339297187	-0.004008825136252238
0.01294195841449987	0.010404965584034434	-0.00400889258502507
0.013061708881318424	0.010405095197920218	-0.004008961237779084
0.013182567385564082	0.010405227225130834	-0.004009031114857469
0.01330454417978092	0.010405361710667698	-0.004009102236893262
0.013427649611378649	0.010405498700380227	-0.004009174624819655
0.01355189412351037	0.010405638240956925	-0.004009248299847842
0.013677288255958502	0.010405780379992291	-0.0040093232835062735
0.013803842646028859	0.010405925165942449	-0.004009399597608436
0.013931568029453043	0.010406072648181108	-0.0040094772642606125
0.01406047524129915	0.010406222877012034	-0.00400955630588606
0.014190575216890933	0.010406375903660283	-0.004009636745181529
0.014321878992735446	0.010406531780342685	-0.004009718605170361
0.014454397707459286	0.010406690560216479	-0.004009801909151558
0.014588142602753497	0.010406852297468103	-0.004009886680742234
0.014723125024327202	0.010407017047268326	-0.004009972943836448
0.014859356422870082	0.010407184865846457	-0.004010060722651176
0.014996848355023748	0.01040735581047425	-0.00401015004168151
0.015135612484362095	0.010407529939492828	-0.004010240925719869
0.015275660582380739	0.010407707312341597	-0.004010333399853124
0.015417004529495607	0.0104078879895741	-0.004010427489459109
0.015559656316050758	0.010408072032877065	-0.00401052322020522
0.01570362804333554	0.010408259505096114	-0.004010620618035734
0.015848931924611148	0.010408450470251908	-0.0040107197091814074
0.015995580286146702	0.010408644993564095	-0.004010820520143925
0.016143585568264878	0.01040884314148547	-0.0040109230777038846
0.016292960326397238	0.01040904498170075	-0.004011027408900368
0.01644371723214933	0.010409250583178804	-0.004011133541031947
0.016595869074375623	0.010409460016168288	-0.004011241501649616
0.01674942876026439	0.010409673352250445	-0.004011351318557259
0.016904409316432657	0.010409890664341028	-0.004011463019780447
0.017060823890031253	0.010410112026722363	-0.00401157663358857
0.017218685749860088	0.010410337515087888	-0.004011692188461024
0.017378008287493772	0.010410567206531243	-0.00401180971307904
0.01753880501841763	0.010410801179606395	-0.00401192923632437
0.01770108958317423	0.010411039514340468	-0.004012050787260216
0.017864875748520526	0.010411282292267251	-0.004012174395117123
0.018030177408595707	0.010411529596446168	-0.004012300089269033
0.018197008586099853	0.010411781511505352	-0.004012427899241331
0.018365383433483484	0.010412038123659755	-0.004012557854664377
0.018535316234148135	0.010412299520747379	-0.004012689985274462
0.018706821403658026	0.010412565792258008	-0.0040128243208740816
0.018879913490962956	0.01041283702936501	-0.0040129608913297135
0.019054607179632494	0.01041311332495881	-0.004013099726535596
0.019230917289101597	0.010413394773671751	-0.004013240856385571
0.019408858775927792	0.010413681471930359	-0.004013384310756837
0.01958844673505991	0.010413973517964971	-0.00401353011946767
0.01976969640111862	0.010414271011859665	-0.004013678312246681
0.01995262314968881	0.010414574055588733	-0.004013828918702661
0.020137242498623895	0.010414882753041976	-0.0040139819682882645
0.02032357010936223	0.01041519721007386	-0.004014137490251833
0.020511621788255666	0.01041551753452397	-0.004014295513601111
0.020701413487910436	0.010415843836280034	-0.0040144560670545325
0.02089296130854041	0.010416176227291067	-0.004014619178989554
0.02108628149933291	0.010416514821618369	-0.0040147848773977755
0.021281390459827135	0.010416859735483446	-0.004014953189823951
0.021478304741305354	0.0104172110872964	-0.0040151241432937355
0.02167704104819696	0.0104175689977104	-0.004015297764279575
0.02187761623949554	0.010417933589646045	-0.004015474078589647
0.022080047330189013	0.010418304988352304	-0.004015653111332582
0.022284351492703053	0.010418683321450212	-0.004015834886814751
0.022490546058357826	0.010419068718967339	-0.004016019428462982
0.022698648518838235	0.010419461313388995	-0.004016206758737626
0.022908676527677748	0.010419861239711782	-0.0040163968990306964
0.023120647901755963	0.010420268635485735	-0.004016589869562229
0.023334580622810044	0.01042068364085766	-0.004016785689272591
0.023550492838960112	0.010421106398642648	-0.004016984375703868
0.023768402866248782	0.010421537054346454	-0.004017185944876616
0.02398832919019492	0.010421975756238254	-0.004017390411150868
0.0242102904673618	0.010422422655391686	-0.004017597787076919
0.02443430552693974	0.010422877905756332	-0.004017808083261862
0.024660393372343412	0.010423341664193836	-0.0040180213081794855
0.02488857318282393	0.010423814090537357	-0.0040182374680056785
0.025118864315095822	0.010424295347664862	-0.004018456566439618
0.025351286304979098	0.010424785601542806	-0.004018678604487247
0.02558585886905648	0.010425285021288257	-0.004018903580259043
0.025822601906345985	0.010425793779224845	-0.0040191314887208516
0.026061535499988978	0.010426312050972237	-0.004019362321477148
0.026302679918953843	0.010426840015468291	-0.0040195960664772806
0.026546055619755416	0.010427377855065747	-0.004019832707751887
0.026791683248190343	0.010427925755589618	-0.004020072225109606
0.027039583641088463	0.010428483906396203	-0.0040203145938047325
0.027289777828080432	0.010429052500449055	-0.0040205597842002784
0.02754228703338169	0.010429631734396429	-0.004020807761395314
0.02779713267759291	0.010430221808629063	-0.004021058484815822
0.02805433637951716	0.010430822927367626	-0.00402131190781594
0.028313919957993816	0.0104314352987114	-0.004021567977179447
0.028575905433749497	0.01043205913475179	-0.004021826632669339
0.028840315031266085	0.010432694651617579	-0.00402208780647968
0.02910717118066608	0.010433342069575273	-0.004022351422681622
0.029376496519615335	0.010434001613103492	-0.004022617396601462
0.029648313895243455	0.010434673510963378	-0.004022885634185958
0.02992264636608192	0.01043535799630402	-0.004023156031284845
0.030199517204020192	0.01043605530673433	-0.004023428472922619
0.03047894989627986	0.010436765684409623	-0.004023702832454037
0.03076096814740711	0.010437489376135103	-0.004023978970721785
0.031045595881283587	0.01043822663344027	-0.004024256735099737
0.03133285724315589	0.010438977712680512	-0.004024535958490285
0.031622776601683826	0.010439742875135317	-0.004024816458224695
0.03191537855100765	0.01044052238709925	-0.00402509803489894
0.03221068791283438	0.010441316519989243	-0.004025380471102857
0.03250872973854347	0.010442125550424399	-0.0040256635300315565
0.03280952931131194	0.010442949760361794	-0.0040259469540327155
0.03311311214825915	0.01044378943717975	-0.004026230462990924
0.03341950400261146	0.010444644873786128	-0.004026513752603022
0.03372873086588692	0.010445516368739726	-0.004026796492509292
0.034040818970100126	0.010446404226345669	-0.0040270783242615776
0.0343557947899875	0.010447308756791774	-0.004027358859127339
0.0346736850452532	0.010448230276240809	-0.004027637675718715
0.034994516702835765	0.010449169106969237	-0.004027914317394352
0.035318316979195734	0.010450125577480224	-0.00402818828946596
0.03564511334262446	0.01045110002263202	-0.004028459056149897
0.03597493351557427	0.010452092783753081	-0.004028726037240813
0.03630780547701017	0.010453104208785001	-0.004028988604519771
0.03664375746478335	0.01045413465241524	-0.004029246077813984
0.03698281797802665	0.010455184476201624	-0.004029497720726139
0.037325015779572084	0.010456254048715535	-0.004029742735941867
0.037670379898390914	0.010457343745682173	-0.004029980260147633
0.038018939632056145	0.010458453950122328	-0.004030209358443623
0.0383707245492279	0.010459585052501136	-0.004030429018240903
0.038725764492161745	0.010460737450878747	-0.0040306381425909196
0.03908408957924023	0.01046191155106252	-0.004030835542858528
0.03944573020752787	0.010463107766750806	-0.004031019930681553
0.039810717055349755	0.010464326519709388	-0.004031189909160354
0.04017908108489402	0.010465568239930277	-0.004031343963147753
0.040550853544838415	0.010466833365786661	-0.004031480448572618
0.040926065973001115	0.010468122344203544	-0.0040315975806768075
0.041304750199016166	0.010469435630842489	-0.004031693421043375
0.04168693834703357	0.010470773690262883	-0.004031765863233692
0.04207266283844444	0.010472136996111594	-0.004031812616969703
0.04246195639463132	0.010473526031300908	-0.004031831190562362
0.042854852039743985	0.0104749412881885	-0.004031818871435109
0.04325138310350091	0.010476383268780021	-0.004031772704554699
0.04365158322401663	0.010477852484916662	-0.004031689468378412
0.044055486350655364	0.010479349458463523	-0.004031565648136943
0.04446312674691091	0.01048087472152765	-0.004031397406009512
0.04487453899331325	0.010482428816647694	-0.004031180547840395
0.04528975799036211	0.010484012297010103	-0.004030910485920863
0.04570881896148754	0.010485625726662217	-0.004030582197284939
0.04613175745603798	0.01048726968071527	-0.004030190176924208
0.04655860935229591	0.010488944745584695	-0.004029728385204285
0.04698941086052156	0.010490651519185741	-0.004029190188690682
0.04742419852602448	0.010492390611181604	-0.004028568293345783
0.04786300923226385	0.01049416264320181	-0.004027854669105692
0.04830588020397728	0.010495968249083859	-0.0040270404644310856
0.04875284901033865	0.010497808075096085	-0.004026115909380097
0.04920395356814511	0.010499682780181466	-0.004025070205431346
0.04965923214503363	0.010501593036193052	-0.004023891399911182
0.05011872336272725	0.010503539528141478	-0.004022566242650616
0.05058246620031143	0.010505522954442799	-0.00402108002189792
0.051050499997540646	0.010507544027146012	-0.004019416376050879
0.05152286445817567	0.010509603472193865	-0.004017557077163225
0.05199959965335162	0.010511702029660083	-0.004015481781278693
0.052480746024977286	0.010513840453988418	-0.004013167739771406
0.05296634438916581	0.010516019514242043	-0.004010589464677692
0.05345643593969719	0.010518239994346095	-0.004007718339559007
0.05395106225151279	0.010520502693276921	-0.004004522165639669
0.05445026528424214	0.010522808425353187	-0.004000964630913687
0.05495408738576248	0.010525158020389128	-0.003997004686888293
0.0554625712957911	0.010527552323941928	-0.003992595814736301
0.05597576014951104	0.010529992197466588	-0.0039876851578475045
0.05649369748123028	0.010532478518514956	-0.00398221249296464
0.05701642722807478	0.010535012180859013	-0.003976109004936007
0.05754399373371572	0.010537594094630086	-0.00396929582194334
0.05807644175213124	0.010540225186390193	-0.003961682256861689
0.05861381645140291	0.010542906399203205	-0.003953163686701535
0.05915616341754743	0.010545638692583716	-0.0039436189837649014
0.05970352865838372	0.010548423042506725	-0.0039329073890357795
0.06025595860743581	0.01055126044121186	-0.00392086468742256
0.060813500127871824	0.010554151897031886	-0.00390729850456757
0.061376200516479455	0.01055709843407015	-0.0038919824916471297
0.06194410750767818	0.010560101091788829	-0.003874649093996907
0.06251726927756862	0.010563160924423332	-0.0038549805046257943
0.06309573444801936	0.010566279000299425	-0.003832597276113975
0.06367955209079162	0.010569456400954743	-0.0038070438908502633
0.064268771731702	0.010572694220051592	-0.0037777703526172208
0.06486344335482389	0.010575993562123477	-0.0037441085363858714
0.06546361740672754	0.01057935554114253	-0.0037052415815699217
0.06606934480075964	0.01058278127890984	-0.003660163985213946
0.06668067692136226	0.010586271903483192	-0.003607629172252391
0.06729766562843183	0.01058982854774246	-0.0035460800865200165
0.0679203632617185	0.010593452348642425	-0.003473556616645698
0.0685488226452662	0.010597144447865334	-0.0033875712563635535
0.0691830970918937	0.010600905995320379	-0.0032849410708302783
0.06982324040771719	0.010604738158101291	-0.0031615595757592224
0.07046930689671474	0.010608642139288646	-0.003012086475297044
0.07112135136533296	0.010612619214719766	-0.0028295269003664283
0.07177942912713622	0.010616670801752182	-0.0026046671741047564
0.07244359600749906	0.010620798584850086	-0.002325338218212096
0.0731139083483418	0.010625004740978942	-0.00197550911600721
0.07379042301291015	0.010629292337142143	-0.0015343179276630355
0.07447319739059896	0.010633666013808182	-0.0009754298903362572
0.07516228940182061	0.010638133106454279	-0.00026779176623943727
0.07585775750291844	0.010642705318969855	0.0006197201977968035
0.07655966069112569	0.01064740071587338	0.0017048765990283147
0.07726805850957029	0.010652244642317196	0.002963169343068757
0.07798301105232593	0.01065726583161914	0.0042826972575235175
0.07870457896950993	0.010662482555289269	0.00543067590687322
0.07943282347242822	0.010667881121793359	0.006102325291010784
0.08016780633876798	0.010673407887326602	0.00608883582651944
0.0809095899178383	0.010678995604320514	0.005430945373383153
0.0816582371358593	0.01068460286439667	0.0043759289924267
0.0824138115013003	0.010690226633752036	0.003199347906126787
0.08317637711026717	0.010695887142865592	0.0020851103990988528
0.08394599865193982	0.010701609721651876	0.001114879240386829
0.08472274141405972	0.0107074157052212	0.00030509451527918375
0.08550667128846841	0.010713320574687062	-0.0003579612511185569
0.0862978547766971	0.01071933499820318	-0.0008976100664441745
0.08709635899560814	0.010725466364743537	-0.0013373906823761314
0.08790225168308852	0.010731720019285849	-0.0016976864671251015
0.08871560120379617	0.010738100097182464	-0.001995043240208326
0.08953647655495947	0.0107446100472398	-0.002242503790917854
0.09036494737223023	0.010751252948602154	-0.002450224728304303
0.09120108393559107	0.010758031699767336	-0.0026260903478645767
0.09204495717531722	0.010764949130777897	-0.0027762325884740516
0.09289663867799372	0.010772008069634817	-0.0029054430502819533
0.09375620069258811	0.0107792113817919	-0.003017489534817886
0.09462371613657934	0.01078656199363045	-0.0031153558471989423
0.09549925860214364	0.01079406290657659	-0.003201422555330018
0.0963829023623971	0.010801717205706737	-0.0032776032565781242
0.09727472237769656	0.01080952806513795	-0.003345447621749016
0.09817479430199849	0.010817498751539452	-0.0034062196964181005
0.09908319448927681	0.010825632626736081	-0.003460957752784254
0.10000000000000005	0.010833933149718429	-0.0035105203358051437
0.10092528860766849	0.010842403878486211	-0.0035556219276161494
0.10185913880541175	0.010851048471823044	-0.0035968607598606127
0.10280162981264741	0.010859870691180617	-0.0036347406501679898
0.10375284158180131	0.01086887440264001	-0.0036696882611552094
0.10471285480509002	0.010878063579055531	-0.0037020668302319916
0.1056817509213659	0.01088744230238383	-0.0037321871606427353
0.10665961212302584	0.010897014766173992	-0.003760316473523031
0.10764652136298355	0.01090678527825766	-0.0037866855789869375
0.10864256236170661	0.01091675826362938	-0.0038114947180285116
0.10964781961431856	0.010926938267520515	-0.0038349183473655266
0.1106623783977667	0.010937329958624151	-0.0038571090786640497
0.11168632477805618	0.010947938132576504	-0.0038782009377892027
0.1127197456175511	0.010958767715562813	-0.0038983120741565135
0.11376272858234315	0.010969823768152748	-0.003917547023322351
0.11481536214968835	0.01098111148930363	-0.00393599860469516
0.11587773561551268	0.010992636220598994	-0.003953749519930989
0.11694993910198717	0.011004403450628105	-0.00397087370458665
0.11803206356517304	0.011016418819641764	-0.003987437475628215
0.11912420080273756	0.011028688124345933	-0.004003500509187748
0.12022644346174137	0.01104121732299487	-0.004019116676724949
0.1213388850464978	0.011054012540621253	-0.00403433476252623
0.12246161992650495	0.011067080074585206	-0.004049199081472727
0.12359474334445113	0.01108042640030455	-0.00406375001264634
0.12473835142429439	0.011094058177268277	-0.004078024461670099
0.1258925411794168	0.011107982255316017	-0.004092056262537993
0.12705741052085426	0.011122205681168977	-0.00410587652787287
0.12823305826560225	0.011136735705284973	-0.004119513955094574
0.1294195841449987	0.011151579788980504	-0.004132995094836741
0.13061708881318423	0.011166745611883643	-0.004146344586863149
0.1318256738556408	0.011182241079742784	-0.0041595853680564
0.13304544179780922	0.011198074332527789	-0.004172738856168328
0.13427649611378642	0.011214253752947488	-0.004185825112700244
0.13551894123510363	0.011230787975328185	-0.004198862987584727
0.13677288255958495	0.011247685894893108	-0.00421187024806832
0.13803842646028852	0.011264956677470312	-0.004224863693833247
0.13931568029453034	0.011282609769665514	-0.004237859260090587
0.14060475241299142	0.01130065490946041	-0.004250872110166129
0.14190575216890927	0.011319102137362362	-0.0042639167188662265
0.1432187899273544	0.011337961808023649	-0.004277006947790376
0.1445439770745928	0.011357244602457024	-0.00429015611354499
0.1458814260275349	0.011376961540794457	-0.004303377049741369
0.14723125024327194	0.011397123995700502	-0.004316682163529998
0.14859356422870074	0.011417743706388662	-0.004330083487330328
0.1499684835502374	0.011438832793366356	-0.004343592726368993
0.15135612484362088	0.011460403773867969	-0.004357221302484083
0.15275660582380732	0.011482469578094491	-0.004370980394779413
0.154170045294956	0.011505043566223875	-0.004384880977395054
0.1555965631605075	0.01152813954631091	-0.004398933854897676
0.15703628043335532	0.01155177179309462	-0.004413149695566162
0.15848931924611143	0.011575955067753833	-0.004427539062894057
0.15995580286146696	0.011600704638709524	-0.0044421124456238805
0.1614358556826487	0.011626036303502915	-0.004456880286541295
0.1629296032639723	0.011651966411829702	-0.00447185301032346
0.16443717232149324	0.011678511889795332	-0.004487041050669342
0.16595869074375613	0.011705690265502403	-0.004502454876935637
0.16749428760264382	0.011733519695976108	-0.004518105020525983
0.1690440931643265	0.011762018995615743	-0.00453400210128705
0.17060823890031243	0.011791207666189315	-0.00455015685408781
0.17218685749860077	0.011821105928493126	-0.004566580155883089
0.17378008287493762	0.01185173475584397	-0.004583283053470902
0.1753880501841762	0.011883115909410434	-0.004600276792258253
0.1770108958317422	0.011915271975638988	-0.004617572846257616
0.17864875748520517	0.011948226405793128	-0.0046351829496788415
0.180301774085957	0.011982003557876054	-0.004653119130432596
0.18197008586099844	0.01201662874096777	-0.004671393745891464
0.18365383433483473	0.012052128262269965	-0.004690019521376847
0.18535316234148125	0.012088529476965234	-0.004709009591766859
0.18706821403658017	0.012125860841138493	-0.004728377546804216
0.18879913490962946	0.012164151967965456	-0.004748137480635065
0.19054607179632482	0.012203433687394558	-0.004768304046265628
0.19230917289101596	0.012243738109611588	-0.004788892515676051
0.19408858775927793	0.012285098692554924	-0.004809918846459252
0.19588446735059908	0.012327550313772645	-0.004831399755950675
0.1976969640111862	0.012371129346989088	-0.004853352803957473
0.19952623149688808	0.012415873743693566	-0.004875796485411562
0.20137242498623895	0.012461823120228066	-0.004898750334387111
0.2032357010936223	0.01250901885069369	-0.004922235041200842
0.20511621788255666	0.012557504166265504	-0.004946272584581877
0.20701413487910436	0.012607324261330616	-0.004970886381174093
0.2089296130854041	0.012658526407106943	-0.0049961014550313635
0.2108628149933291	0.012711160073273121	-0.0050219446301471675
0.21281390459827135	0.012765277058342309	-0.0050484447496216426
0.21478304741305343	0.012820931629531136	-0.005075632925597149
0.21677041048196952	0.012878180672893565	-0.005103542824818841
0.2187761623949553	0.012937083854692845	-0.005132210995512166
0.22080047330189004	0.012997703794926476	-0.00516167724214004
0.22284351492703042	0.013060106254157147	-0.005191985055882302
0.22490546058357816	0.013124360334893654	-0.005223182109953942
0.22698648518838224	0.013190538698730077	-0.005255320830455308
0.22908676527677735	0.013258717800916147	-0.005288459055497688
0.23120647901755953	0.01332897814384078	-0.005322660797460506
0.23334580622810033	0.013401404551384952	-0.005357997126163382
0.23550492838960102	0.013476086466158534	-0.005394547193851624
0.23768402866248772	0.013553118271825754	-0.005432399426954247
0.2398832919019491	0.013632599643144125	-0.005471652914196325
0.2421029046736179	0.013714635926618137	-0.005512419026614165
0.24434305526939726	0.013799338554742581	-0.005554823311533599
0.246603933723434	0.013886825497743666	-0.005599007711516906
0.24888573182823917	0.013977221756462106	-0.005645133168908931
0.25118864315095807	0.014070659901316172	-0.005693382689682697
0.2535128630497908	0.014167280662186563	-0.005743964955005928
0.25585858869056466	0.014267233575140282	-0.005797118588011882
0.2582260190634597	0.014370677692582231	-0.00585311720610069
0.26061535499988964	0.014477782364410262	-0.005912275417745144
0.2630267991895383	0.014588728098415339	-0.005974955957557421
0.26546055619755404	0.014703707510152795	-0.006041578197917805
0.2679168324819033	0.01482292637294702	-0.006112628329279891
0.2703958364108845	0.014946604781336399	-0.00618867157059731
0.2728977782808042	0.0150749784423516	-0.006270366856755852
0.27542287033381674	0.015208300111959708	-0.006358484559311707
0.277971326775929	0.01534684119647539	-0.006453927934654281
0.2805433637951715	0.01549089354177007	-0.006557759169625666
0.28313919957993805	0.015640771437282337	-0.006671231120293632
0.2857590543374948	0.015796813866484107	-0.006795826129845108
0.2884031503126607	0.015959387040373155	-0.006933303686465725
0.29107171180666064	0.01612888725810089	-0.007085759171634748
0.2937649651961532	0.016305744146301343	-0.007255696588387166
0.2964831389524344	0.016490424338891058	-0.007446119001945069
0.29922646366081906	0.01668343567123315	-0.007660641542677205
0.30199517204020176	0.01688533197750133	-0.007903633312947701
0.30478949896279844	0.017096718598865874	-0.00818039654643445
0.307609681474071	0.017318258733299677	-0.008497394088782523
0.3104559588128357	0.017550680787513442	-0.008862539988139155
0.3133285724315587	0.0177947869289342	-0.009285573114317826
0.3162277660168381	0.01805146308334946	-0.00977854086954264
0.31915378551007634	0.018321690686587795	-0.010356430107207548
0.3221068791283436	0.01860656057926945	-0.011037996675899163
0.32508729738543457	0.01890728954153141	-0.011846865598080342
0.3280952931131192	0.019225240107610453	-0.012813003926240515
0.3311311214825913	0.019561944495250404	-0.013974712754170199
0.33419504002611444	0.019919133751559504	-0.015381351620551547
0.3372873086588691	0.02029877359026866	-0.01709711058386548
0.34040818970100106	0.020703108924764603	-0.019206304208739006
0.34355794789987465	0.021134719869571703	-0.021820914756380632
0.34673685045253166	0.0215965931203236	-0.02509152519456785
0.3499451670283573	0.022092214367335092	-0.029223483218514118
0.353183169791957	0.022625690314545664	-0.03450147212961403
0.35645113342624424	0.023201853539090652	-0.04142299404675316
0.3597493351557423	0.023826769284923357	-0.05027258919284939
0.36307805477010135	0.024507507766540648	-0.06220050423071942
0.36643757464783333	0.0252531482710549	-0.0784072466962531
0.3698281797802663	0.02607524229454143	-0.10094927651768568
0.3732501577957206	0.026989039707910795	-0.1332379722225901
0.37670379898390893	0.02801555734469215	-0.18130542132526045
0.38018939632056126	0.02918562011620773	-0.2568115656902587
0.38370724549227886	0.030549053105725678	-0.3854953111707604
0.3872576449216173	0.03220094702318514	-0.6379028886622934
0.3908408957924021	0.03438888782951823	-1.3044095988413715
0.39445730207527846	0.038014561128880894	-5.719684042944823
0.3981071705534973	0.03395620375648524	-0.49939820337277796
0.40179081084894	0.039390482560032525	-0.1559388089641891
0.40550853544838394	0.04465795643661236	-1.1685985535924142
0.40926065973001097	0.05270175955845213	-3.8094036120217716
0.41304750199016144	0.06824331765436187	-13.251250231247415
0.4168693834703355	0.07235718896192388	-54.570276334319075
0.4207266283844442	0.028026589306483437	-53.101782648085546
0.424619563946313	0.02831974246734645	-20.59793696167588
0.4285485203974396	0.03472035383565721	-10.434615089212334
0.43251383103500884	0.040951952820506045	-6.783860552111019
0.4365158322401661	0.04732694633985387	-5.126282456071058
0.44055486350655343	0.05443885394974722	-4.284035954737737
0.4446312674691088	0.06295889191074869	-3.862326362553678
0.4487453899331323	0.07382291458545585	-3.7126037342198415
0.4528975799036209	0.0885906814556823	-3.793180134529743
0.4570881896148752	0.1102752308266811	-4.141408822214278
0.46131757456037953	0.1457504355978652	-4.920936513130945
0.4655860935229591	0.2150873775971654	-6.685115120807315
0.4698941086052156	0.4093062752530077	-12.79748985591591
0.4742419852602448	2.03029954557078	-73.40587478753527
0.47863009232263853	0.45196139731532625	-168.24114044219053
0.48305880203977286	0.22058488510961113	-174.47333386774048
0.4875284901033865	0.14450707811925587	-176.45913717924378
0.4920395356814511	0.10677890379733761	-177.413419124861
0.49659232145033627	0.08423753261307984	-177.96257709847998
0.5011872336272725	0.06924105276993578	-178.3117188207811
0.5058246620031143	0.05853770938386942	-178.54738874420792
0.5105049999754064	0.050509786556760215	-178.71211116175894
0.5152286445817567	0.04426178695337388	-178.82895875171423
0.5199959965335162	0.03925780025473652	-178.9112757274495
0.5248074602497729	0.03515741025415897	-178.96703618667522
0.5296634438916581	0.03173394180291294	-179.0009697286173
0.5345643593969719	0.028830568747080506	-179.01564647736367
0.5395106225151278	0.02633529633581744	-179.01202327162014
0.5445026528424215	0.024165989005684677	-178.98967642204107
0.5495408738576248	0.022261045220044524	-178.94682609495234
0.5546257129579107	0.020573402910840467	-178.88020681514814
0.5597576014951101	0.019066600896996397	-178.78483567053755
0.5649369748123025	0.017712170507613985	-178.6537915528649
0.5701642722807475	0.016487923050249178	-178.47830464420048
0.5754399373371569	0.015376814124997843	-178.24885795246564
0.580764417521312	0.014365978505305488	-177.9585859809175
0.5861381645140288	0.013445167942191772	-177.61016130445324
0.591561634175474	0.012603438369628043	-177.2236414705947
0.5970352865838369	0.011823876648662981	-176.83254823112875
0.6025595860743578	0.01107968618740468	-176.44962140631353
0.6081350012787179	0.010335972484839322	-176.00474895647426
0.6137620051647943	0.009552439483036827	-175.2643059882441
0.6194410750767815	0.008675041888380686	-173.59131676880466
0.6251726927756859	0.00764276406342502	-168.60798860637945
0.6309573444801934	0.007390116790115226	-150.0382681242949
0.6367955209079159	0.011387504371938587	-155.60787665262794
0.6426877173170198	0.01118851077250095	-163.32196237567854
0.6486344335482385	0.010322369626958539	-176.20479595150158
0.654636174067275	0.008225564813068005	-179.72185670263954
0.6606934480075961	0.009298850315846681	-178.61108713804384
0.6668067692136223	0.008059717848293702	-179.56291162246097
0.6729766562843178	0.007411254780601245	-179.79922305860438
0.6792036326171846	0.006905001100425757	-179.9009651640417
0.6854882264526617	0.006471428436764816	-179.95109851218655
0.6918309709189366	0.006084863807607152	-179.97705883926236
0.6982324040771715	0.005732377807993848	-179.99088802873092
0.7046930689671471	0.0054063005300320184	-179.99858815494778
0.7112135136533292	0.005101596953519498	179.99672548836782
0.7177942912713619	0.004814724822389809	179.9934470021926
0.7244359600749902	0.004543058872679125	179.99077028452746
0.7311390834834176	0.00428456878905038	179.98830245769167
0.7379042301291011	0.004037625469549858	179.98585553192189
0.7447319739059892	0.003800877738839418	179.98333791403752
0.7516228940182057	0.003573169354844398	179.9807000694152
0.758577575029184	0.003353478684771053	179.97790856044125
0.7655966069112565	0.0031408689109527956	179.97493499649178
0.7726805850957026	0.0029344372867877045	179.97175423932975
0.7798301105232589	0.0027332461646598057	179.96835297913742
0.7870457896950989	0.0025361968263949105	179.9647625695371
0.7943282347242817	0.0023417303221014364	179.96117631046698
0.8016780633876793	0.002146911781819687	179.95845723432797
0.8090958991783825	0.0019434737821707388	179.96138937750754
0.8165823713585927	0.0016837695087245585	-179.96842095366125
0.8241381150130026	0.002201902538367622	-178.97386518525116
0.8317637711026713	0.001582511134231304	179.97911436989253
0.8394599865193977	0.0013692926741743232	179.93369961552406
0.8472274141405968	0.0011844748611403607	179.9094571300828
0.8550667128846836	0.0010083485517666051	179.88484723495418
0.8629785477669706	0.0008359491361923182	179.85324215841197
0.870963589956081	0.0006651767717115401	179.80690176203873
0.8790225168308847	0.0004947918512414766	179.72920600462098
0.8871560120379608	0.00032386976454763507	179.56895592253895
0.8953647655495938	0.00015160935323889357	179.04044608239002
0.9036494737223014	0.000022961206552566577	6.622981730330503
0.9120108393559097	0.00020013992650783183	0.7920266230097314
0.9204495717531712	0.00038120284342493604	0.4352731217351369
0.9289663867799363	0.0005669452560721871	0.3070991786106994
0.9375620069258802	0.0007583796164043903	0.2415729434014214
0.946237161365793	0.0009566496288084907	0.2021476499584217
0.9549925860214359	0.001163060602246099	0.17613244840322995
0.9638290236239705	0.001379119005187498	0.15796609629132338
0.9727472237769651	0.0016065823500253133	0.14483501999466153
0.9817479430199844	0.0018475229517855923	0.13517158939828092
0.9908319448927676	0.0021044106707843336	0.12804258307866576
1.	0.0023802219105417363	0.12286826771994587
1.0092528860766845	0.0026785854034116967	0.11928167415666878
1.0185913880541169	0.0030039803553423283	0.1170538308331524
1.0280162981264735	0.0033620104746414285	0.11605298387868168
1.0375284158180127	0.0037597902681930995	0.11622309680324039
1.0471285480508996	0.004206501351726243	0.11757477878267945
1.0568175092136585	0.004714213128352543	0.1201858981329231
1.066596121230258	0.005299127165454168	0.1242118723507981
1.076465213629835	0.005983524671401026	0.12990829876653373
1.0864256236170655	0.006798928954889641	0.13767243471812962
1.096478196143185	0.007791470171880522	0.1481170905175936
1.1066237839776665	0.009031477248969817	0.16220529243765824
1.1168632477805611	0.010631772230240392	0.18150821038356785
1.1271974561755105	0.012785525095664245	0.20873537730686287
1.1376272858234309	0.015853382709127114	0.2489303197443501
1.1481536214968828	0.020595548012357624	0.312503552129237
1.1587773561551262	0.028938944705621233	0.4240497000454394
1.1694993910198712	0.04762793350182328	0.647495587186548
1.1803206356517297	0.12837085865576278	0.7151224486451434
1.191242008027375	0.21460998627285702	179.77346378876518
1.2022644346174132	0.05838220578984391	179.47044987407463
1.2133888504649775	0.034075267359963836	179.62963335014942
1.224616199265049	0.024198224311501277	179.71991242736
1.2359474334445106	0.0188316822357114	179.7739030842653
1.2473835142429432	0.015454150811028295	179.8087239420355
1.2589254117941675	0.013128866972182615	179.83234234673444
1.270574105208542	0.01142777615155749	179.8487959711046
1.2823305826560218	0.010127470325591517	179.8602879764715
1.2941958414499863	0.00909994668247723	179.8680726942303
1.3061708881318417	0.008266602031351024	179.87285917056226
1.3182567385564075	0.007576515341289216	179.87500134928462
1.3304544179780915	0.006995271266964778	179.87457950970435
1.3427649611378643	0.006498807307165642	179.87141172497823
1.3551894123510364	0.006069841910056106	179.8649997755572
1.3677288255958495	0.005695716777728467	179.85438290942867
1.3803842646028852	0.005367065613004924	179.83782051787296
1.3931568029453034	0.005077011532970631	179.81210001799465
1.4060475241299142	0.004820771839517737	179.77091011384823
1.4190575216890926	0.004595726613090154	179.7005300816911
1.432187899273544	0.004402387718959503	179.56626070812428
1.4454397707459279	0.0042480410670308055	179.25730207816383
1.4588142602753489	0.004160001549862392	178.24891815150895
1.4723125024327193	0.004103878087320381	172.12960396401238
1.4859356422870074	0.0031432042104274725	174.0488421897527
1.499684835502374	0.0031752355923703457	178.93455896446676
1.5135612484362087	0.0031279312329301366	179.63359006669137
1.5275660582380732	0.003044696740385922	179.83040077461976
1.54170045294956	0.0029515674407929117	179.90818988534357
1.555965631605075	0.002856996193037538	179.94531233759042
1.5703628043335531	0.002764170527045623	179.96527127123105
1.584893192461114	0.002674378103374846	179.97691996674806
1.5995580286146696	0.0025881165723698543	179.9841376442986
1.6143585568264869	0.002505523593288223	179.98881776137077
1.629296032639723	0.0024265642103601707	179.99196249242635
1.6443717232149324	0.0023511197154859227	179.99413679360265
1.6595869074375613	0.002279032399256801	179.9956756353229
1.6749428760264382	0.0022101290068370543	179.99678600108678
1.690440931643265	0.0021442332992832134	179.9976002662496
1.7060823890031243	0.0020811727883033133	179.99820558932464
1.7218685749860079	0.002020782250770649	179.9986608035298
1.7378008287493762	0.0019629054231737574	179.99900648625336
1.753880501841762	0.0019073956551571034	179.9992711544439
1.770108958317422	0.0018541159679745574	179.99947518298217
1.7864875748520517	0.0018029387784111253	179.99963334377918
1.803017740859568	0.001753745442710312	179.99975648687735
1.8197008586099825	0.0017064257128945332	179.99985267504866
1.8365383433483455	0.0016608771607117597	179.99992796285315
1.8535316234148105	0.001617004601892374	179.9999869399452
1.8706821403657996	0.001574719539563196	-179.99996688465853
1.8879913490962925	0.001533939637126026	-179.99993080729018
1.9054607179632463	0.001494588225630247	-179.9999027300933
1.9230917289101574	0.0014565938474301158	-179.99988101483132
1.9408858775927773	0.0014198898359588776	-179.99986437471932
1.958844673505989	0.0013844139303044083	-179.999851793658
1.97696964011186	0.0013501079226370433	-179.99984246541956
1.9952623149688788	0.001316917336230264	-179.99983574749817
2.0137242498623875	0.0012847911317075684	-179.99983112583553
2.032357010936221	0.0012536814391656986	-179.9998281876768
2.0511621788255647	0.0012235433139147667	-179.99982660055156
2.0701413487910414	0.0011943345137074555	-179.99982609590285
2.0892961308540388	0.0011660152954809041	-179.99982645626628
2.108628149933289	0.0011385482297934324	-179.9998275051785
2.1281390459827114	0.0011118980312952518	-179.99982909919575
2.147830474130533	0.0010860314037232054	-179.99983112155317
2.167704104819694	0.0010609168980513406	-179.99983347710648
2.1877616239495516	0.0010365247825606266	-179.99983608828066
2.208004733018899	0.0010128269237117357	-179.99983889181382
2.228435149270303	0.0009897966768146918	-179.99984183613037
2.2490546058357803	0.0009674087855888579	-179.99984487921583
2.2698648518838214	0.0009456392897967062	-179.9998479868918
2.2908676527677723	0.0009244654402157184	-179.99985113141202
2.312064790175594	0.0009038656202857637	-179.99985429031693
2.333458062281002	0.0008838192738345353	-179.9998574454965
2.355049283896009	0.0008643068383423088	-179.99986058242217
2.376840286624876	0.0008453096832599117	-179.9998636895157
2.39883291901949	0.000826810052940868	-179.99986675762997
2.4210290467361775	0.0008087910137909833	-179.99986977962064
2.4434305526939712	0.0007912364052764651	-179.9998727499928
2.4660393372343385	0.0007741307944657813	-179.99987566460848
2.48885731828239	0.0007574594338108418	-179.99987852044492
2.5118864315095797	0.0007412082219005724	-179.99988131539385
2.535128630497907	0.0007253636669445763	-179.99988404809534
2.5585858869056453	0.0007099128527666758	-179.99988671779985
2.582260190634596	0.0006948434071081156	-179.99988932425364
2.6061535499988953	0.0006801434720581466	-179.99989186760382
2.6302679918953813	0.0006658016764458929	-179.99989434831917
2.654605561975539	0.0006518071100420333	-179.9998967671248
2.6791683248190314	0.0006381492994320147	-179.99989912494777
2.703958364108843	0.0006248181854344433	-179.99990142287203
2.7289777828080406	0.0006118041019490971	-179.99990366210113
2.7542287033381663	0.0005990977561287815	-179.9999058439274
2.7797132677592886	0.0005866902097780977	-179.9999079697067
2.805433637951713	0.0005745728618902528	-179.99991004083728
2.831391995799379	0.0005627374322403207	-179.99991205874298
2.8575905433749464	0.0005511759459600143	-179.99991402485907
2.8840315031266055	0.0005398807190250587	-179.99991594062095
2.910717118066605	0.0005288443445917525	-179.9999178074552
2.9376496519615305	0.0005180596801243162	-179.99991962677203
2.9648313895243423	0.0005075198352591944	-179.99992139995967
2.992264636608189	0.0004972181603566539	-179.9999231283799
3.019951720402016	0.00048714823569382434	-179.99992481336446
3.047894989627983	0.00047730386125682285	-179.99992645621265
3.076096814740708	0.0004676790470927872	-179.9999280581894
3.1045595881283554	0.00045826800418557003	-179.99992962052397
3.1332857243155856	0.0004490651358215216	-179.99993114440943
3.162277660168379	0.00044006502941425327	-179.99993263100197
3.1915378551007616	0.0004312624487595188	-179.99993408142106
3.2210687912834346	0.0004226523266934426	-179.99993549674983
3.250872973854344	0.0004142297581292145	-179.9999368780352
3.2809529311311905	0.0004059899934491384	-179.99993822628863
3.311311214825911	0.00039792843223053	-179.99993954248697
3.3419504002611427	0.0003900406172854587	-179.9999408275732
3.372873086588689	0.0003823222289956952	-179.99994208245724
3.404081897010009	0.00037476907992550003	-179.9999433080171
3.4355794789987466	0.0003673771096960578	-179.99994450509985
3.4673685045253166	0.00036014238010644944	-179.99994567452248
3.499451670283573	0.0003530610704870503	-179.99994681707315
3.53183169791957	0.00034612947327217707	-179.99994793351203
3.5645113342624426	0.0003393439897796588	-179.9999490245725
3.5974933515574232	0.00033270112618580933	-179.99995009096193
3.630780547701014	0.00032619748968501364	-179.99995113336297
3.664375746478333	0.00031982978482382555	-179.9999521524342
3.6982817978026628	0.00031359481000011304	-179.99995314881124
3.732501577957206	0.00030748945411837776	-179.99995412310773
3.767037989839089	0.0003015106933929226	-179.999955075916
3.801893963205613	0.0002956555882910578	-179.9999560078081
3.8370724549227884	0.00028992128060900565	-179.99995691933643
3.8725764492161727	0.00028430499067361224	-179.99995781103476
3.908408957924021	0.00027880401466338456	-179.99995868341875
3.944573020752785	0.0002734157220427574	-179.99995953698678
3.981071705534973	0.0002681375531038521	-179.9999603722206
4.0179081084894	0.0002629670166103253	-179.99996118958595
4.055085354483839	0.00025790168753821397	-179.99996198953306
4.09260659730011	0.00025293920490897893	-179.9999627724974
4.130475019901614	0.0002480772697102134	-179.99996353889995
4.168693834703355	0.00024331364289973247	-179.99996428914758
4.207266283844442	0.00023864614348899864	-179.99996502363365
4.24619563946313	0.0002340726467020316	-179.9999657427378
4.285485203974396	0.0002295910822061466	-179.99996644682614
4.325138310350088	0.00022519943241101014	-179.99996713625086
4.365158322401661	0.00022089573083260627	-179.99996781134928
4.405548635065534	0.00021667806051872904	-179.9999684724422
4.446312674691089	0.00021254455253248976	-179.9999691198302
4.487453899331323	0.0002084933844898906	-179.9999697537872
4.528975799036209	0.00020452277914638186	-179.99997037454688
4.570881896148752	0.00020063100302447845	-179.9999709822741
4.613175745603791	0.00019681636506697293	-179.99997157699855
4.655860935229586	0.00019307721527818343	-179.99997215844172
4.698941086052151	0.00018941194324004473	-179.99997272548362
4.742419852602444	0.0001858189760649583	-179.99997327406493
4.7863009232263805	0.00018229677333713815	-179.99997378469948
4.830588020397723	0.00017884378998591147	-179.99997403031927
4.875284901033861	0.00017545925652070763	-179.9999722377557
4.920395356814506	0.0001721402525324636	-179.99997532266454
4.965923214503357	0.00016888653108201442	-179.99997590882316
5.01187233627272	0.00016569647477373097	-179.9999764239969
5.058246620031137	0.00016256873995627253	-179.99997691793612
5.105049999754059	0.0001595020260804934	-179.99997739863642
5.152286445817562	0.00015649506514114016	-179.99997786842175
5.1999599653351565	0.00015354661916639614	-179.99997832825903
5.248074602497723	0.0001506554789616855	-179.9999787786759
5.296634438916575	0.00014782046317947414	-179.99997922002646
5.345643593969713	0.00014504041750947372	-179.9999796525853
5.395106225151273	0.0001423142139289848	-179.99998007658576
5.445026528424209	0.00013964074999182682	-179.99998049223728
5.495408738576242	0.0001370189481467791	-179.99998089973417
5.5462571295791046	0.0001344477550810863	-179.99998129925984
5.597576014951099	0.00013192614108650284	-179.99998169098978
5.649369748123022	0.00012945309944622921	-179.99998207509276
5.701642722807472	0.00012702764584152857	-179.99998245173214
5.754399373371567	0.00012464881777705293	-179.9999828210661
5.807644175213118	0.00012231567402404224	-179.99998318324867
5.861381645140285	0.00012002729408065763	-179.99998353842952
5.9156163417547365	0.00011778277764876604	-179.99998388675448
5.9703528658383656	0.00011558124412654423	-179.99998422836575
6.025595860743575	0.0001134218321163106	-179.99998456340205
6.081350012787176	0.00011130369894702038	-179.99998489199865
6.137620051647939	0.00010922602021089191	-179.99998521428776
6.194410750767812	0.00010718798931365648	-179.99998553039828
6.251726927756856	0.00010518881703794552	-179.9999858404563
6.30957344480193	0.0001032277311193525	-179.99998614458485
6.367955209079155	0.00010130397583472602	-179.9999864429043
6.426877173170194	0.00009941681160226921	-179.9999867355321
6.486344335482381	0.00009756551459303854	-179.99998702258324
6.546361740672747	0.00009574937635345207	-179.99998730416996
6.6069344800759575	0.00009396770343843294	-179.99998758040215
6.668067692136219	0.0000922198170548291	-179.99998785138715
6.729766562843175	0.00009050505271476456	-179.99998811723003
6.792036326171843	0.00008882275989859129	-179.9999883780335
6.854882264526613	0.00008717230172712378	-179.99998863389797
6.918309709189362	0.0000855530546428513	-179.99998888492175
6.9823240407717115	0.00008396440809983366	-179.9999891312011
7.046930689671467	0.00008240576426199906	-179.99998937283
7.112135136533288	0.00008087653770957216	-179.99998960990058
7.177942912713615	0.00007937615515337139	-179.9999898425029
7.244359600749899	0.00007790405515672533	-179.9999900707252
7.311390834834173	0.00007645968786476552	-179.99999029465377
7.379042301291007	0.00007504251474086312	-179.9999905143731
7.447319739059888	0.00007365200830998697	-179.99999072996593
7.516228940182053	0.00007228765190876568	-179.9999909415132
7.585775750291836	0.00007094893944204767	-179.99999114909423
7.655966069112561	0.00006963537514575743	-179.99999135278657
7.726805850957022	0.00006834647335585702	-179.99999155266636
7.798301105232586	0.0000670817582832258	-179.999991748808
7.870457896950985	0.00006584076379427976	-179.99999194128432
7.943282347242813	0.00006462303319715731	-179.99999213016682
8.01678063387679	0.00006342811903330584	-179.9999923155254
8.090958991783822	0.00006225558287430716	-179.99999249742856
8.165823713585922	0.00006110499512378789	-179.99999267594347
8.241381150130021	0.00005997593482426428	-179.9999928511358
8.317637711026709	0.00005886798946877786	-179.99999302307003
8.394599865193973	0.00005778075481718181	-179.99999319180924
8.472274141405963	0.000056713834716943566	-179.99999335741526
8.550667128846833	0.00005566684092833399	-179.99999351994867
8.629785477669701	0.00005463939295387702	-179.99999367946887
8.709635899560805	0.0000536311178719385	-179.99999383603404
8.790225168308842	0.00005264165017433731	-179.99999398970118
8.871560120379607	0.00005167063160786459	-179.99999414052618
8.953647655495937	0.00005071771101960233	-179.99999428856387
9.036494737223014	0.000049782544205934696	-179.99999443386787
9.120108393559097	0.00004886479376514996	-179.99999457649082
9.204495717531712	0.00004796412895353344	-179.99999471648434
9.289663867799362	0.000047080225544856165	-179.99999485389895
9.375620069258803	0.00004621276569316566	-179.9999949887843
9.462371613657929	0.000045361437798789735	-179.9999951211889
9.549925860214358	0.000044525936377465744	-179.9999952511605
9.638290236239705	0.0000437059619325113	-179.99999537874578
9.727472237769652	0.00004290122082995526	-179.99999550399053
9.817479430199844	0.000042111425176549205	-179.99999562693972
9.908319448927676	0.00004133629270058376	-179.99999574763737
10.	0.000040575546635435054	-179.9999958661267
10.092528860766844	0.00003982891560576985	-179.99999598245006
10.18591388054117	0.00003909613351633956	-179.999996096649
10.280162981264736	0.00003837693944329559	-179.9999962087643
10.375284158180126	0.00003767107752796105	-179.9999963188359
10.471285480508996	0.000036978296872994724	-179.999996426903
10.568175092136585	0.000036298351440886454	-179.9999965330041
10.665961212302578	0.00003563099995472379	-179.99999663717685
10.76465213629835	0.000034976005801172367	-179.9999967394583
10.864256236170656	0.00003433313693561365	-179.99999683988474
10.964781961431852	0.000033702165789385614	-179.9999969384918
11.066237839776663	0.000033082869179073434	-179.9999970353144
11.168632477805613	0.000032475028217799005	-179.99999713038682
11.271974561755105	0.000031878428228459334	-179.99999722374272
11.37627285823431	0.000031292858658865254	-179.99999731541507
11.481536214968829	0.000030718112998733844	-179.99999740543635
11.587773561551263	0.00003015398869848849	-179.9999974938382
11.694993910198711	0.000029600287089822667	-179.9999975806519
11.803206356517286	0.000029056813307984007	-179.99999766590804
11.912420080273739	0.00002852337621573673	-179.99999774963666
12.022644346174118	0.000027999788328962643	-179.99999783186723
12.133888504649763	0.00002748586574385961	-179.99999791262874
12.246161992650476	0.00002698142806570065	-179.99999799194953
12.359474334445094	0.000026486298339115185	-179.99999806985753
12.47383514242942	0.000026000302979856646	-179.99999814638008
12.589254117941662	0.000025523271708020994	-179.9999982215441
12.705741052085406	0.00002505503748268169	-179.99999829537592
12.823305826560205	0.000024595436437907824	-179.9999983679015
12.941958414499851	0.0000241443078201328	-179.99999843914622
13.061708881318404	0.00002370149392684198	-179.9999985091351
13.182567385564061	0.000023266840046548426	-179.99999857789265
13.304544179780901	0.00002284019440002688	-179.99999864544296
13.427649611378628	0.00002242140808277679	-179.99999871180967
13.551894123510351	0.0000220103350086859	-179.999998777016
13.67728825595848	0.000021606831854866866	-179.9999988410848
13.803842646028839	0.00002121075800763993	-179.99999890403848
13.931568029453022	0.000020821975509635567	-179.99999896589907
14.060475241299129	0.000020440349007991287	-179.99999902668813
14.190575216890911	0.000020065745703618126	-179.99999908642698
14.321878992735424	0.000019698035301512246	-179.99999914513648
14.454397707459265	0.00001933708996208832	-179.99999920283716
14.588142602753473	0.000018982784253511544	-179.9999992595492
14.723125024327178	0.00001863499510500594	-179.99999931529237
14.859356422870059	0.00001829360176111712	-179.9999993700862
14.996848355023726	0.00001795848573690823	-179.99999942394973
15.135612484362072	0.000017629530774068306	-179.99999947690193
15.275660582380716	0.00001730662279791279	-179.99999952896118
15.417004529495584	0.000016989649875256707	-179.99999958014573
15.559656316050734	0.000016678502173140882	-179.99999963047347
15.703628043335515	0.000016373071918392866	-179.99999967996195
15.848931924611126	0.00001607325335800399	-179.9999997286285
15.995580286146678	0.000015778942720304896	-179.99999977649014
16.143585568264854	0.000015490038176922038	-179.99999982356363
16.292960326397214	0.000015206439805498243	-179.99999986986535
16.443717232149307	0.000014928049553160749	-179.9999999154116
16.595869074375596	0.000014654771200720584	-179.99999996021828
16.749428760264365	0.000014386510327587511	179.99999999569891
16.90440931643263	0.000014123174277385155	179.99999995232452
17.060823890031227	0.000013864672124251268	179.9999999096433
17.21868574986006	0.000013610914639808563	179.9999998676403
17.378008287493746	0.0000133618142607917	179.9999998263008
17.5388050184176	0.000013117285057316507	179.99999978561024
17.701089583174202	0.000012877242701777826	179.99999974555433
17.864875748520497	0.000012641604438362627	179.99999970611896
18.03017740859568	0.000012410289053165387	179.99999966729024
18.197008586099827	0.000012183216844893047	179.99999962905449
18.365383433483455	0.000011960309596147156	179.9999995913982
18.535316234148105	0.000011741490545271057	179.99999955430803
18.706821403657997	0.00001152668435875031	179.9999995177709
18.879913490962927	0.00001131581710415478	179.99999948177384
19.054607179632463	0.000011108816223611074	179.99999944630406
19.230917289101576	0.000010905610507794328	179.99999941134897
19.408858775927772	0.000010706130070428553	179.99999937689614
19.58844673505989	0.00001051030632328495	179.99999934293325
19.769696401118598	0.000010318071951668012	179.99999930944819
19.952623149688787	0.000010129360890379198	179.99999927642895
20.137242498623873	9.944108300148455e-6	179.99999924386367
20.32357010936221	9.762250544523971e-6	179.9999992117407
20.511621788255646	9.58372516721065e-6	179.99999918004838
20.701413487910415	9.408470869848243e-6	179.99999914877532
20.892961308540386	9.236427490220082e-6	179.99999911791016
21.086281499332888	9.067535980883674e-6	179.9999990874417
21.28139045982711	8.901738388214528e-6	179.9999990573588
21.47830474130533	8.738977831854795e-6	179.9999990276505
21.67704104819694	8.5791984845586e-6	179.9999989983059
21.87761623949552	8.422345552425935e-6	179.9999989693142
22.080047330188993	8.268365255517317e-6	179.99999894066465
22.28435149270303	8.117204808841453e-6	179.99999891234668
22.490546058357804	7.968812403708517e-6	179.99999888434974
22.698648518838212	7.82313718944155e-6	179.99999885666332
22.908676527677724	7.680129255438856e-6	179.99999882927705
23.12064790175594	7.539739613580398e-6	179.99999880218058
23.33458062281002	7.4019201809711726e-6	179.99999877536368
23.55049283896009	7.266623763015001e-6	179.99999874881607
23.76840286624876	7.133804036811949e-6	179.9999987225276
23.9883291901949	7.003415534873137e-6	179.99999869648815
24.210290467361776	6.875413629146414e-6	179.99999867068757
24.434305526939713	6.749754515346861e-6	179.99999864511588
24.660393372343385	6.62639519758604e-6	179.99999861976295
24.888573182823905	6.505293473294019e-6	179.99999859461883
25.118864315095795	6.386407918428456e-6	179.99999856967347
25.351286304979073	6.269697872964996e-6	179.99999854491688
25.58585886905645	6.155123426663498e-6	179.999998520339
25.82260190634596	6.04264540510458e-6	179.99999849592993
26.06153549998895	5.932225355991249e-6	179.99999847167956
26.302679918953814	5.823825535710304e-6	179.99999844757784
26.54605561975539	5.717408896148527e-6	179.99999842361476
26.791683248190314	5.612939071758539e-6	179.99999839978014
27.039583641088434	5.510380366869558e-6	179.99999837606387
27.289777828080403	5.409697743238154e-6	179.99999835245572
27.542287033381662	5.310856807834394e-6	179.99999832894545
27.797132677592884	5.21382380085876e-6	179.99999830552272
28.05433637951713	5.118565583985304e-6	179.99999828217716
28.31391995799379	5.025049628826696e-6	179.99999825889822
28.575905433749465	4.933244005616813e-6	179.99999823567532
28.84031503126606	4.843117372106632e-6	179.99999821249784
29.10717118066605	4.75463896266933e-6	179.99999818935493
29.376496519615305	4.667778577610495e-6	179.99999816623568
29.648313895243422	4.582506572679488e-6	179.99999814312903
29.92264636608189	4.498793848778088e-6	179.99999812002378
30.19951720402016	4.416611841862562e-6	179.99999809690857
30.4789498962798	4.335932513035473e-6	179.99999807377188
30.76096814740705	4.2567283388235036e-6	179.99999805060202
31.045595881283525	4.178972301637836e-6	179.99999802738702
31.332857243155825	4.102637880413379e-6	179.99999800411487
31.62277660168376	4.027699041423612e-6	179.99999798077314
31.91537855100758	3.954130229267502e-6	179.99999795734936
32.21068791283432	3.8819063580253056e-6	179.9999979338306
32.50872973854341	3.811002802579952e-6	179.99999791020386
32.80952931131187	3.7413953901008586e-6	179.99999788645567
33.11311214825908	3.6730603916870657e-6	179.9999978625724
33.41950400261139	3.6059745141666554e-6	179.99999783854
33.72873086588685	3.540114892049427e-6	179.99999781434417
34.040818970100055	3.475459079629965e-6	179.99999778997014
34.35579478998743	3.411985043238167e-6	179.99999776540278
34.67368504525313	3.349671153634471e-6	179.99999774062658
34.994516702835696	3.2884961785469875e-6	179.99999771562563
35.318316979195664	3.2284392753478664e-6	179.99999769038345
35.64511334262439	3.1694799838662295e-6	179.99999766488313
35.9749335155742	3.1115982193350765e-6	179.99999763910722
36.3078054770101	3.0547742654696494e-6	179.9999976130377
36.64375746478329	2.9989887676746927e-6	179.99999758665604
36.98281797802659	2.944222726378262e-6	179.99999755994304
37.32501577957203	2.8904574904895955e-6	179.9999975328788
37.670379898390856	2.837674750978757e-6	179.99999750544285
38.01893963205609	2.785856534575714e-6	179.9999974776138
38.370724549227845	2.7349851975866208e-6	179.99999744936957
38.72576449216169	2.685043419825068e-6	179.9999974206873
39.08408957924017	2.6360141986561578e-6	179.9999973915432
39.44573020752781	2.5878808431512423e-6	179.99999736191248
39.81071705534969	2.5406269683512754e-6	179.99999733176946
40.17908108489396	2.4942364896367116e-6	179.99999730108738
40.55085354483835	2.4486936172019568e-6	179.9999972698383
40.92606597300105	2.4039828506324003e-6	179.99999723799314
41.304750199016105	2.3600889735821113e-6	179.99999720552154
41.68693834703351	2.3169970485503147e-6	179.9999971723918
42.07266283844438	2.2746924117547603e-6	179.9999971385708
42.46195639463126	2.233160668100229e-6	179.99999710402386
42.85485203974392	2.192387686240351e-6	179.99999706871475
43.251383103500835	2.1523595937310036e-6	179.9999970326054
43.65158322401656	2.1130627722735935e-6	179.99999699565595
44.0554863506553	2.0744838530465317e-6	179.99999695782466
44.46312674691084	2.0366097121232647e-6	179.99999691906754
44.87453899331318	1.999427465975256e-6	179.99999687933845
45.28975799036204	1.962924467058328e-6	179.99999683858886
45.708818961487474	1.9270882994808426e-6	179.99999679676762
46.13175745603791	1.891906774752177e-6	179.99999675382094
46.55860935229586	1.857367927610028e-6	179.99999670969197
46.98941086052151	1.8234600119250863e-6	179.99999666432078
47.42419852602443	1.7901714966816593e-6	179.99999661764411
47.8630092322638	1.7574910620328478e-6	179.99999656959503
48.30588020397723	1.7254075954288987e-6	179.9999965201027
48.7528490103386	1.6939101878174145e-6	179.99999646909217
49.20395356814506	1.6629881299141032e-6	179.99999641648392
49.65923214503358	1.6326309085427812e-6	179.99999636219363
50.118723362727195	1.6028282030433938e-6	179.9999963061318
50.58246620031137	1.573569881746809e-6	179.9999962482032
51.0504999975406	1.5448459985152103e-6	179.9999961883066
51.52286445817562	1.516646789346896e-6	179.99999612633414
51.99959965335157	1.4889626690443668e-6	179.99999606217088
52.48074602497723	1.4617842279445768e-6	179.99999599569415
52.966344389165755	1.4351022287102709e-6	179.99999592677293
53.45643593969714	1.408907603181344e-6	179.9999958552671
53.95106225151273	1.383191449285212e-6	179.99999578102668
54.450265284242086	1.3579450280051913e-6	179.999995703891
54.95408738576243	1.3331597604059153e-6	179.99999562368754
55.462571295791044	1.3088272247148777e-6	179.99999554023117
55.97576014951099	1.2849391534591762e-6	179.99999545332267
56.49369748123023	1.2614874306566225e-6	179.99999536274765
57.01642722807472	1.2384640890603699e-6	179.9999952682749
57.543993733715666	1.215861307456275e-6	179.99999516965482
58.07644175213118	1.1936714080122686e-6	179.99999506661777
58.61381645140285	1.1718868536790043e-6	179.99999495887178
59.15616341754737	1.1505002456411588e-6	179.99999484610038
59.70352865838366	1.1295043208187793e-6	179.9999947279601
60.255958607435744	1.1088919494181397e-6	179.99999460407753
60.81350012787176	1.0886561325316364e-6	179.9999944740461
61.37620051647939	1.0687899997863319e-6	179.9999943374224
61.94410750767812	1.049286807040832e-6	179.9999941937221
62.51726927756855	1.0301399341302736e-6	179.99999404241512
63.0957344480193	1.0113428826593335e-6	179.99999388292045
63.67955209079155	9.928892738432662e-7	179.9999937146
64.26877173170195	9.747728463971387e-7	179.9999935367515
64.86344335482381	9.569874544736122e-7	179.99999334860073
65.46361740672747	9.395270656498007e-7	179.9999931492922
66.06934480075958	9.223857589639949e-7	179.99999293787863
66.68067692136219	9.05557723003319e-7	179.99999271330867
67.29766562843174	8.890372540437121e-7	179.99999247441272
67.92036326171844	8.728187542440628e-7	179.99999221988656
68.54882264526613	8.568967298967994e-7	179.99999194827177
69.18309709189363	8.412657897378355e-7	179.99999165793346
69.82324040771712	8.259206433195325e-7	179.9999913470334
70.46930689671467	8.108560994512044e-7	179.99999101349871
71.12135136533288	7.96067064712835e-7	179.99999065498477
71.77942912713615	7.815485420490614e-7	179.99999026883052
72.44359600749898	7.672956294521968e-7	179.99998985200548
73.11390834834172	7.533035187452651e-7	179.99998940104604
73.79042301291008	7.395674944787879e-7	179.99998891197782
74.47319739059888	7.260829329585809e-7	179.9999883802221
75.16228940182053	7.128453014263606e-7	179.99998780048097
75.85775750291836	6.99850157420823e-7	179.99998716659601
76.55966069112561	6.870931483545051e-7	179.99998647137383
77.26805850957021	6.745700113517868e-7	179.99998570636794
77.98301105232578	6.622765734067455e-7	179.99998486160555
78.70457896950977	6.502087519374017e-7	179.99998392524134
79.43282347242805	6.383625558370752e-7	179.9999828831158
80.16780633876782	6.26734087156503e-7	179.9999817181866
80.90958991783813	6.153195435960145e-7	179.99998040978917
81.65823713585914	6.041152220508e-7	179.99997893266513
82.41381150130013	5.931175235427609e-7	179.99997725567135
83.176377110267	5.8232296000241e-7	179.99997534004305
83.94599865193965	5.717281635541901e-7	179.9999731370258
84.72274141405954	5.613298992405589e-7	179.9999705845987
85.50667128846823	5.511250825467896e-7	179.99996760286675
86.29785477669692	5.411108037470729e-7	179.99996408746463
87.09635899560797	5.31284362132328e-7	179.9999598999249
87.90225168308834	5.216433148632352e-7	179.99995485329848
88.71560120379598	5.12185547993121e-7	179.9999486901443
89.53647655495928	5.029093820154314e-7	179.99994104787356
90.36494737223005	4.938137328492087e-7	179.99993140238854
91.20108393559087	4.848983650368212e-7	179.99991897293086
92.04495717531702	4.7616430473852394e-7	179.99990255426394
92.89663867799354	4.676145433557923e-7	179.99988020494555
93.75620069258792	4.5925530127031897e-7	179.99984863089404
94.6237161365792	4.5109845039779213e-7	179.99980186865943
95.4992586021435	4.431665574541193e-7	179.9997281840712
96.38290236239695	4.35504580956346e-7	179.9996017662782
97.2747223776964	4.282113468865845e-7	179.99935615438068
98.17479430199833	4.2154512552756485e-7	179.99877322797983
99.08319448927665	4.164382424211524e-7	179.996745943991
99.9999999999999	4.206385636680179e-7	179.97516806151265