0.01000000000000001	0.01014984127959229	-0.003964513243174455
0.010092528860766855	0.010149916116935243	-0.003964554570921892
0.01018591388054118	0.010149992346856172	-0.003964596650292704
0.010280162981264745	0.010150069995292022	-0.00396463949460976
0.010375284158180138	0.010150149088660552	-0.003964683117402506
0.010471285480509006	0.010150229653879298	-0.003964727532426916
0.010568175092136596	0.01015031171836537	-0.003964772753670729
0.01066596121230259	0.010150395310040724	-0.0039648187953459976
0.010764652136298361	0.010150480457359872	-0.00396486567189423
0.010864256236170667	0.010150567189301478	-0.003964913398005979
0.010964781961431863	0.01015065553538232	-0.003964961988595894
0.011066237839776675	0.010150745525677922	-0.003965011458830527
0.011168632477805623	0.010150837190821705	-0.003965061824107626
0.011271974561755117	0.010150930562017487	-0.003965113100093508
0.011376272858234322	0.010151025671053013	-0.003965165302684238
0.01148153621496884	0.01015112255031787	-0.003965218448044185
0.011587773561551273	0.010151221232786395	-0.003965272552583631
0.011694993910198724	0.010151321752070194	-0.003965327632978575
0.01180320635651731	0.010151424142395187	-0.003965383706163047
0.011912420080273762	0.010151528438636979	-0.003965440789342354
0.012022644346174144	0.010151634676306661	-0.003965498899979249
0.012133888504649786	0.010151742891592618	-0.0039655580558151104
0.012246161992650502	0.010151853121364043	-0.003965618274864406
0.01235947433444512	0.010151965403158538	-0.003965679575405391
0.012473835142429446	0.010152079775234742	-0.00396574197601297
0.012589254117941687	0.010152196276560771	-0.00396580549552767
0.012705741052085433	0.01015231494682832	-0.003965870153081034
0.012823305826560232	0.01015243582647001	-0.003965935968085654
0.01294195841449987	0.01015255895668555	-0.0039660029602444245
0.013061708881318424	0.010152684379437346	-0.0039660711495474255
0.013182567385564082	0.010152812137472992	-0.0039661405562781095
0.01330454417978092	0.010152942274338491	-0.003966211201011301
0.013427649611378649	0.010153074834400387	-0.003966283104623739
0.01355189412351037	0.01015320986283727	-0.003966356288272838
0.013677288255958502	0.01015334740570425	-0.003966430773434541
0.013803842646028859	0.010153487509890324	-0.0039665065818730565
0.013931568029453043	0.010153630223172349	-0.003966583735647669
0.01406047524129915	0.010153775594227105	-0.003966662257137307
0.014190575216890933	0.010153923672622979	-0.003966742168997842
0.014321878992735446	0.010154074508887868	-0.003966823494214381
0.014454397707459286	0.01015422815445985	-0.0039669062560519055
0.014588142602753497	0.010154384661772724	-0.003966990478096538
0.014723125024327202	0.010154544084212945	-0.003967076184216141
0.014859356422870082	0.01015470647619111	-0.003967163398604985
0.014996848355023748	0.010154871893126622	-0.003967252145740908
0.015135612484362095	0.010155040391473644	-0.003967342450403233
0.015275660582380739	0.010155212028749085	-0.003967434337671615
0.015417004529495607	0.010155386863547932	-0.003967527832921837
0.015559656316050758	0.010155564955561696	-0.003967622961825625
0.01570362804333554	0.010155746365603301	-0.003967719750337624
0.015848931924611148	0.010155931155622678	-0.003967818224705988
0.015995580286146702	0.01015611938872997	-0.003967918411456878
0.016143585568264878	0.010156311129228539	-0.003968020337403289
0.016292960326397238	0.010156506442613846	-0.003968124029624264
0.01644371723214933	0.010156705395623898	-0.003968229515468011
0.016595869074375623	0.010156908056235167	-0.003968336822543562
0.01674942876026439	0.010157114493713508	-0.003968445978722896
0.016904409316432657	0.010157324778616137	-0.00396855701211009
0.017060823890031253	0.010157538982822662	-0.003968669951064096
0.017218685749860088	0.010157757179578045	-0.003968784824165451
0.017378008287493772	0.01015797944348225	-0.003968901660208936
0.01753880501841763	0.010158205850548255	-0.003969020488203029
0.01770108958317423	0.010158436478214546	-0.00396914133735165
0.017864875748520526	0.010158671405377484	-0.0039692642370405895
0.018030177408595707	0.010158910712409755	-0.003969389216814879
0.018197008586099853	0.010159154481201934	-0.003969516306387233
0.018365383433483484	0.010159402795180092	-0.0039696455355931175
0.018535316234148135	0.010159655739340814	-0.003969776934392212
0.018706821403658026	0.010159913400279033	-0.003969910532830234
0.018879913490962956	0.010160175866218753	-0.00397004636103738
0.019054607179632494	0.010160443227045495	-0.0039701844491938434
0.019230917289101597	0.010160715574330318	-0.003970324827502196
0.019408858775927792	0.010160993001380361	-0.003970467526173247
0.01958844673505991	0.010161275603248258	-0.003970612575384742
0.01976969640111862	0.010161563476780357	-0.003970760005252223
0.01995262314968881	0.010161856720652028	-0.003970909845800715
0.020137242498623895	0.010162155435392181	-0.003971062126929155
0.02032357010936223	0.010162459723430776	-0.003971216878365275
0.020511621788255666	0.010162769689118695	-0.003971374129630463
0.020701413487910436	0.010163085438788598	-0.003971533909992784
0.02089296130854041	0.010163407080767763	-0.003971696248418145
0.02108628149933291	0.010163734725427403	-0.0039718611735270505
0.021281390459827135	0.010164068485228966	-0.003972028713535845
0.021478304741305354	0.01016440847475168	-0.003972198896187732
0.02167704104819696	0.01016475481074521	-0.003972371748720284
0.02187761623949554	0.010165107612153295	-0.003972547297758022
0.022080047330189013	0.010165467000172674	-0.0039727255692793865
0.022284351492703053	0.010165833098295319	-0.00397290658851741
0.022490546058357826	0.010166206032341881	-0.003973090379885995
0.022698648518838235	0.010166585930511193	-0.003973276966895954
0.022908676527677748	0.010166972923432055	-0.003973466372057089
0.023120647901755963	0.010167367144204053	-0.003973658616778928
0.023334580622810044	0.010167768728439516	-0.003973853721266105
0.023550492838960112	0.010168177814332602	-0.003974051704405248
0.023768402866248782	0.010168594542681098	-0.003974252583646084
0.02398832919019492	0.010169019056956713	-0.003974456374866838
0.0242102904673618	0.010169451503344881	-0.003974663092231264
0.02443430552693974	0.010169892030813775	-0.003974872748059888
0.024660393372343412	0.010170340791149424	-0.0039750853526465115
0.02488857318282393	0.010170797939013172	-0.003975300914099868
0.025118864315095822	0.010171263632012558	-0.003975519438171016
0.025351286304979098	0.01017173803074361	-0.003975740928044604
0.02558585886905648	0.010172221298850998	-0.0039759653841439195
0.025822601906345985	0.010172713603082162	-0.00397619280389008
0.026061535499988978	0.010173215113373756	-0.003976423181493519
0.026302679918953843	0.0101737260028733	-0.003976656507669821
0.026546055619755416	0.010174246448032581	-0.003976892769386013
0.026791683248190343	0.010174776628663224	-0.003977131949567265
0.027039583641088463	0.01017531672799383	-0.003977374026775985
0.027289777828080432	0.010175866932743473	-0.003977618974886998
0.02754228703338169	0.010176427433196559	-0.003977866762726834
0.02779713267759291	0.010176998423258853	-0.003978117353679248
0.02805433637951716	0.010177580100541988	-0.0039783707052997224
0.028313919957993816	0.010178172666410726	-0.003978626768833545
0.028575905433749497	0.010178776326092586	-0.003978885488781168
0.028840315031266085	0.010179391288721798	-0.00397914680236798
0.02910717118066608	0.010180017767436317	-0.00397941063900937
0.029376496519615335	0.010180655979449803	-0.0039796769197092624
0.029648313895243455	0.010181306146119833	-0.003979945556446422
0.02992264636608192	0.010181968493049793	-0.003980216451481168
0.030199517204020192	0.010182643250158526	-0.0039804894966517426
0.03047894989627986	0.010183330651764078	-0.0039807645725565425
0.03076096814740711	0.01018403093668379	-0.003981041547740763
0.031045595881283587	0.010184744348306374	-0.003981320277770583
0.03133285724315589	0.010185471134690174	-0.00398160060426343
0.031622776601683826	0.010186211548658198	-0.003981882353824838
0.03191537855100765	0.010186965847886174	-0.003982165336921934
0.03221068791283438	0.010187734295006325	-0.003982449346654432
0.03250872973854347	0.010188517157684701	-0.003982734157411122
0.03280952931131194	0.010189314708752445	-0.003983019523464427
0.03311311214825915	0.010190127226286459	-0.00398330517740743
0.03341950400261146	0.010190954993714222	-0.003983590828485239
0.03372873086588692	0.010191798299931196	-0.00398387616078619
0.034040818970100126	0.010192657439393198	-0.003984160831276577
0.0343557947899875	0.01019353271224829	-0.003984444467674653
0.0346736850452532	0.01019442442442616	-0.003984726666157167
0.034994516702835765	0.010195332887772302	-0.003985006988843882
0.035318316979195734	0.010196258420157414	-0.003985284961094772
0.03564511334262446	0.010197201345601623	-0.003985560068559088
0.03597493351557427	0.010198161994385965	-0.003985831753956485
0.03630780547701017	0.010199140703190628	-0.003986099413599322
0.03664375746478335	0.010200137815223415	-0.003986362393579387
0.03698281797802665	0.01020115368034029	-0.003986619985633452
0.037325015779572084	0.010202188655183944	-0.003986871422601016
0.037670379898390914	0.010203243103319524	-0.0039871158735045814
0.038018939632056145	0.01020431739537189	-0.00398735243814039
0.0383707245492279	0.010205411909169569	-0.003987580141170566
0.038725764492161745	0.01020652702989059	-0.003987797925665187
0.03908408957924023	0.0102076631502098	-0.003988004646008562
0.03944573020752787	0.01020882067043813	-0.00398819906011418
0.039810717055349755	0.01020999999869327	-0.00398837982089513
0.04017908108489402	0.010211201551053416	-0.0039885454668621674
0.040550853544838415	0.010212425751707367	-0.0039886944117859015
0.040926065973001115	0.010213673033119666	-0.003988824933307941
0.041304750199016166	0.010214943836209437	-0.003988935160380098
0.04168693834703357	0.010216238610506616	-0.003989023059356616
0.04207266283844444	0.01021755781433548	-0.003989086418678064
0.04246195639463132	0.01021890191498704	-0.003989122831856455
0.042854852039743985	0.010220271388893337	-0.003989129678614449
0.04325138310350091	0.010221666721823579	-0.003989104103999959
0.04365158322401663	0.010223088409065852	-0.003989042995093062
0.044055486350655364	0.010224536955609619	-0.003988942955134536
0.04446312674691091	0.010226012876356865	-0.003988800274643405
0.04487453899331325	0.010227516696305929	-0.0039886108991848196
0.04528975799036211	0.010229048950760935	-0.003988370393328506
0.04570881896148754	0.010230610185538318	-0.003988073900260852
0.04613175745603798	0.01023220095716363	-0.003987716096476946
0.04655860935229591	0.010233821833104381	-0.003987291140856301
0.04698941086052156	0.01023547339195989	-0.003986792617356701
0.04742419852602448	0.01023715622370173	-0.0039862134703174835
0.04786300923226385	0.010238870929885674	-0.003985545931415994
0.04830588020397728	0.01024061812388605	-0.003984781436912031
0.04875284901033865	0.010242398431112154	-0.003983910533777037
0.04920395356814511	0.010244212489244875	-0.00398292277298924
0.04965923214503363	0.01024606094846539	-0.003981806587918285
0.05011872336272725	0.01024794447169562	-0.003980549155498568
0.05058246620031143	0.01024986373483906	-0.003979136237310832
0.051050499997540646	0.010251819427002271	-0.00397755199724431
0.05152286445817567	0.010253812250748534	-0.003975778791820924
0.05199959965335162	0.010255842922328982	-0.003973796928391345
0.052480746024977286	0.01025791217191567	-0.003971584385562493
0.05296634438916581	0.010260020743844859	-0.003969116489065205
0.05345643593969719	0.010262169396853916	-0.003966365534865501
0.05395106225151279	0.010264358904267225	-0.003963300349585116
0.05445026528424214	0.010266590054280392	-0.003959885776316021
0.05495408738576248	0.010268863650112231	-0.003956082070973143
0.0554625712957911	0.010271180510247654	-0.00395184419153546
0.05597576014951104	0.010273541468592043	-0.00394712095788492
0.05649369748123028	0.010275947374668621	-0.003941854055305928
0.05701642722807478	0.010278399093743609	-0.003935976847773656
0.05754399373371572	0.010280897506967316	-0.0039294129592484595
0.05807644175213124	0.010283443511450843	-0.003922074570336997
0.05861381645140291	0.010286038020343436	-0.0039138603644131315
0.05915616341754743	0.010288681962793356	-0.0039046530395386117
0.05970352865838372	0.010291376283968442	-0.0038943162801487294
0.06025595860743581	0.01029412194488048	-0.003882691052525957
0.060813500127871824	0.01029691992223462	-0.003869591049443739
0.061376200516479455	0.010299771208135414	-0.003854797057737968
0.06194410750767818	0.010302676809709239	-0.0038380499541950117
0.06251726927756862	0.010305637748562092	-0.0038190419433497213
0.06309573444801936	0.010308655060146645	-0.0037974055272210782
0.06367955209079162	0.010311729792944424	-0.0037726995289254807
0.064268771731702	0.010314863007450647	-0.0037443912625941475
0.06486344335482389	0.010318055775002761	-0.0037118336261143386
0.06546361740672754	0.010321309176440118	-0.0036742354557759453
0.06606934480075964	0.010324624300595928	-0.003630622872860163
0.06668067692136226	0.010328002242825896	-0.0035797885004581723
0.06729766562843183	0.01033144410366615	-0.0035202242340473993
0.0679203632617185	0.010334950988141873	-0.003450031574054907
0.0685488226452662	0.010338524006398328	-0.003366801189746395
0.0691830970918937	0.01034216427702197	-0.0032674501601556312
0.06982324040771719	0.010345872935520112	-0.0031480010128790517
0.07046930689671474	0.010349651152101663	-0.0030032811978810926
0.07112135136533296	0.010353500166436687	-0.002826515526265429
0.07177942912713622	0.010357421352646312	-0.002608779632133805
0.07244359600749906	0.01036141633798523	-0.0023382864716253544
0.0731139083483418	0.01036548721583404	-0.00199950828425532
0.07379042301291015	0.010369636921351443	-0.0015722377295517816
0.07447319739059896	0.010373869877270504	-0.0010309660502969987
0.07516228940182061	0.010378193053686507	-0.0003456134238189697
0.07585775750291844	0.010382617549327282	0.000513969488442099
0.07655966069112569	0.010387160474126645	0.00156499992514359
0.07726805850957029	0.0103918458187434	0.0027837459779436725
0.07798301105232593	0.010396700776806043	0.004061827535882894
0.07870457896950993	0.010401742658100696	0.0051737732757650996
0.07943282347242822	0.01040695857143663	0.005824366515396971
0.08016780633876798	0.010412297874433723	0.005811335258079208
0.0809095899178383	0.010417697069690974	0.005174116823828278
0.0816582371358593	0.010423117075461754	0.004152211041361936
0.0824138115013003	0.01042855507178246	0.003012528426205138
0.08317637711026717	0.010434030223256965	0.0019332105197379915
0.08394599865193982	0.010439566514805893	0.0009933638677150462
0.08472274141405972	0.010445184158121245	0.0002089180686287493
0.08550667128846841	0.0104508978346901	-0.00043341012413881995
0.0862978547766971	0.010456717679402113	-0.0009562084739488175
0.08709635899560814	0.010462650729829243	-0.0013822756372782942
0.08790225168308852	0.010468702093391525	-0.001731354507869997
0.08871560120379617	0.010474875735802844	-0.0020194712235905472
0.08953647655495947	0.010481174975377266	-0.0022592590403380333
0.09036494737223023	0.010487602782499718	-0.00246055573550486
0.09120108393559107	0.010494161958271481	-0.0026309981574990085
0.09204495717531722	0.010500855240564828	-0.002776525834051625
0.09289663867799372	0.010507685366820467	-0.0029017800415637855
0.09375620069258811	0.010514655111410753	-0.0030104104005286036
0.09462371613657934	0.010521767307865111	-0.0031053071457600155
0.09549925860214364	0.010529024862255357	-0.0031887762092095585
0.0963829023623971	0.010536430761374128	-0.0032626712081437457
0.09727472237769656	0.01054398807787652	-0.0033284932541991054
0.09817479430199849	0.010551699973646996	-0.003387466796857034
0.09908319448927681	0.010559569702311544	-0.003440597596767458
0.10000000000000005	0.010567600611189321	-0.0034887173268227266
0.10092528860766849	0.01057579614308943	-0.0035325181174229157
0.10185913880541175	0.01058415983804403	-0.0035725794961465915
0.10280162981264741	0.01059269533514768	-0.003609389539119844
0.10375284158180131	0.010601406374470688	-0.0036433615885824843
0.10471285480509002	0.01061029679914755	-0.003674847552016337
0.1056817509213659	0.010619370557642786	-0.0037041485484430037
0.10665961212302584	0.010628631706170929	-0.003731523482867584
0.10764652136298355	0.010638084411308058	-0.0037571959924820987
0.10864256236170661	0.01064773295278574	-0.003781360105400284
0.10964781961431856	0.010657581726470598	-0.0038041848754908195
0.1106623783977667	0.010667635247488658	-0.00382581819811665
0.11168632477805618	0.01067789815359616	-0.003846389967245276
0.1127197456175511	0.010688375208669948	-0.0038660146998947195
0.11376272858234315	0.010699071306418496	-0.0038847937278473263
0.11481536214968835	0.010709991474254443	-0.0039028170359191893
0.11587773561551268	0.010721140877393624	-0.003920164810311802
0.11694993910198717	0.010732524823089853	-0.003936908747955948
0.11803206356517304	0.010744148765135842	-0.003953113168121979
0.11912420080273756	0.010756018308496965	-0.003968835959594785
0.12022644346174137	0.010768139214233668	-0.003984129390707976
0.1213388850464978	0.010780517404556109	-0.003999040804427522
0.12246161992650495	0.010793158968186112	-0.004013613216843929
0.12359474334445113	0.010806070165894154	-0.004027885834136622
0.12473835142429439	0.01081925743630943	-0.004041894500519259
0.1258925411794168	0.010832727401986554	-0.004055672087566681
0.12705741052085426	0.01084648687571499	-0.0040692488335955556
0.12823305826560225	0.010860542867141115	-0.004082652640339374
0.1294195841449987	0.010874902589648074	-0.004095909333060601
0.13061708881318423	0.010889573467554854	-0.004109042889184994
0.1318256738556408	0.010904563143658794	-0.00412207563988881
0.13304544179780922	0.010919879487060353	-0.004135028448211664
0.13427649611378642	0.01093553060138967	-0.004147920866959189
0.13551894123510363	0.010951524833381658	-0.00416077127898261
0.13677288255958495	0.010967870781837964	-0.004173597022159967
0.13803842646028852	0.01098457730700262	-0.004186414501053906
0.13931568029453034	0.011001653540386323	-0.004199239286924052
0.14060475241299142	0.011019108895001507	-0.00421208620756777
0.14190575216890927	0.011036953076129577	-0.004224969428237309
0.1432187899273544	0.011055196092541332	-0.00423790252476237
0.1445439770745928	0.011073848268292984	-0.0042508985498057586
0.1458814260275349	0.011092920255046544	-0.004263970093104269
0.14723125024327194	0.01111242304502183	-0.004277129336427607
0.14859356422870074	0.0111323679845308	-0.004290388103890708
0.1499684835502374	0.011152766788214781	-0.004303757908217233
0.15135612484362088	0.011173631553946111	-0.004317249993394612
0.15275660582380732	0.011194974778508044	-0.004330875374290487
0.154170045294956	0.011216809374018633	-0.004344644873485865
0.1555965631605075	0.011239148685213073	-0.004358569155815638
0.15703628043335532	0.011262006507601917	-0.004372658760883037
0.15848931924611143	0.011285397106544352	-0.00438692413386097
0.15995580286146696	0.011309335237331766	-0.004401375654885739
0.1614358556826487	0.011333836166309397	-0.004416023667265262
0.1629296032639723	0.011358915693113827	-0.004430878504788158
0.16443717232149324	0.011384590174088745	-0.004445950518355327
0.16595869074375613	0.01141087654698626	-0.00446125010215162
0.16749428760264382	0.011437792356959518	-0.004476787719599642
0.1690440931643265	0.01146535578402781	-0.004492573929342777
0.17060823890031243	0.011493585672030845	-0.004508619411428833
0.17218685749860077	0.011522501559189663	-0.004524934993989888
0.17378008287493762	0.011552123710435751	-0.0045415316806210766
0.1753880501841762	0.011582473151514987	-0.004558420678767932
0.1770108958317422	0.011613571705112577	-0.0045756134293377946
0.17864875748520517	0.011645442029017116	-0.004593121637892943
0.180301774085957	0.01167810765658416	-0.004610957307735283
0.18197008586099844	0.011711593039529601	-0.0046291327752194635
0.18365383433483473	0.011745923593335345	-0.004647660747754717
0.18535316234148125	0.011781125745370453	-0.004666554344880471
0.18706821403658017	0.01181722698596651	-0.004685827142983842
0.18879913490962946	0.011854255922645033	-0.004705493224177547
0.19054607179632482	0.011892242337715051	-0.004725567230011663
0.19230917289101596	0.011931217249520069	-0.0047460644207421784
0.19408858775927793	0.011971212977592488	-0.00476700074100648
0.19588446735059908	0.012012263211996664	-0.004788392892851222
0.1976969640111862	0.012054403087214872	-0.0048102584171975295
0.19952623149688808	0.012097669260877844	-0.004832615785040274
0.20137242498623895	0.012142099997799555	-0.004855484499792221
0.2032357010936223	0.012187735259624844	-0.00487888521245445
0.20511621788255666	0.01223461680065811	-0.004902839851559262
0.20701413487910436	0.012282788270273407	-0.004927371770100103
0.2089296130854041	0.012332295322539542	-0.004952505912054817
0.2108628149933291	0.012383185733571906	-0.004978269001478685
0.21281390459827135	0.012435509527317298	-0.005004689757697155
0.21478304741305343	0.012489319110496085	-0.005031799140642717
0.21677041048196952	0.01254466941744387	-0.005059630631092872
0.2187761623949553	0.01260161806579073	-0.005088220551384274
0.22080047330189004	0.012660225523860133	-0.005117608433030204
0.22284351492703042	0.012720555290898822	-0.005147837438926033
0.22490546058357816	0.012782674091336902	-0.0051789548490730345
0.22698648518838224	0.012846652084242703	-0.00521101262029727
0.22908676527677735	0.012912563089584949	-0.005244068032452517
0.23120647901755953	0.012980484832730515	-0.005278184435665906
0.23334580622810033	0.01305049920906308	-0.005313432116054111
0.23550492838960102	0.013122692570664287	-0.0053498893004023705
0.23768402866248772	0.013197156037181926	-0.00538764332426439
0.2398832919019491	0.013273985833414626	-0.0054267919925012655
0.2421029046736179	0.013353283656408562	-0.005467445167107426
0.24434305526939726	0.013435157074932797	-0.0055097266235815765
0.246603933723434	0.01351971996509859	-0.00555377622587261
0.24888573182823917	0.013607092985633614	-0.0055997524793780905
0.25118864315095807	0.013697404097568314	-0.005647835534310587
0.2535128630497908	0.013790789132998717	-0.005698230726202019
0.25585858869056466	0.013887392418625338	-0.005751172759035551
0.2582260190634597	0.013987367460414795	-0.005806930658936057
0.26061535499988964	0.014090877696680182	-0.005865813654495109
0.2630267991895383	0.014198097327518009	-0.005928178173981872
0.26546055619755404	0.014309212230448952	-0.00599443619347355
0.2679168324819033	0.014424420972529809	-0.006065065222825752
0.2703958364108845	0.014543935931748927	-0.00614062028456205
0.2728977782808042	0.014667984541562719	-0.006221748324774477
0.27542287033381674	0.014796810675258818	-0.006309205602707814
0.277971326775929	0.014930676189206939	-0.0064038787412632175
0.2805433637951715	0.01506986264697216	-0.00650681029368446
0.28313919957993805	0.015214673250279526	-0.006619229903714605
0.2857590543374948	0.015365435007291426	-0.006742592422115502
0.2884031503126607	0.015522501173386575	-0.0068786247113977825
0.29107171180666064	0.01568625400687812	-0.007029383352464119
0.2937649651961532	0.01585710788927672	-0.007197326096026517
0.2964831389524344	0.01603551286951305	-0.007385400731503208
0.29922646366081906	0.016221958703186053	-0.007597156146547773
0.30199517204020176	0.016416979472262352	-0.007836881819373939
0.30478949896279844	0.016621158888702053	-0.008109783962912133
0.307609681474071	0.016835136407750282	-0.008422209219663686
0.3104559588128357	0.01705961430517061	-0.008781930470960974
0.3133285724315587	0.01729536590861761	-0.009198514379611689
0.3162277660168381	0.017543245219150256	-0.009683797325679552
0.31915378551007634	0.0178041982191256	-0.010252506304366815
0.3221068791283436	0.018079276240125883	-0.010923075452289094
0.32508729738543457	0.018369651868081885	-0.01171872917002343
0.3280952931131192	0.01867663799991837	-0.012668932421790824
0.3311311214825913	0.01900171085315691	-0.013811352610703771
0.33419504002611444	0.019346537985605785	-0.01519454326677003
0.3372873086588691	0.019713012740154176	-0.016881660428589847
0.34040818970100106	0.020103297037079484	-0.0189556793958799
0.34355794789987465	0.02051987517240353	-0.021526829153515743
0.34673685045253166	0.02096562237022836	-0.02474336950938042
0.3499451670283573	0.021443893507868957	-0.02880752709483808
0.353183169791957	0.021958640223478862	-0.03399972245713028
0.35645113342624424	0.022514511905637125	-0.040809800940695445
0.3597493351557423	0.023117339986408914	-0.04951920919723354
0.36307805477010135	0.023773922817385735	-0.06126061140847752
0.36643757464783333	0.024492984912297233	-0.07721795425162714
0.3698281797802663	0.0252856216726051	-0.09941901495944411
0.3732501577957206	0.026166472612351332	-0.13122810461159573
0.37670379898390893	0.027155699568319754	-0.1785947799452777
0.38018939632056126	0.02828284817936742	-0.25302027691561274
0.38370724549227886	0.029595623756675203	-0.3798936807325285
0.3872576449216173	0.031184944834054956	-0.6288009749004586
0.3908408957924021	0.033287125625910116	-1.2861655837600903
0.39445730207527846	0.036759329953686276	-5.6416848473995875
0.3981071705534973	0.032916837910358134	-0.49057164380176416
0.40179081084894	0.038126180740842626	-0.1567896005610075
0.40550853544838394	0.043185580920608535	-1.1607057646033423
0.40926065973001097	0.05091032267109591	-3.782937846922086
0.41304750199016144	0.0658208372244918	-13.175479150725778
0.4168693834703355	0.06963194843129067	-54.30562783635554
0.4207266283844442	0.027133312163384788	-52.41779456055806
0.424619563946313	0.027564832372047248	-20.295985693547635
0.4285485203974396	0.03374534697582041	-10.305646710549118
0.43251383103500884	0.03975368789001527	-6.7115026675749645
0.4365158322401661	0.04590318672494204	-5.078316228317807
0.44055486350655343	0.05276717003842757	-4.248766775247395
0.4446312674691088	0.060993358999102645	-3.8345256900784888
0.4487453899331323	0.07148532444501492	-3.6895712840160475
0.4528975799036209	0.08574956449393836	-3.7733677571961106
0.4570881896148752	0.10669668196963054	-4.1238539901439255
0.46131757456037953	0.14096721540403484	-4.904995589318775
0.4655860935229591	0.20795115108709814	-6.670299580689254
0.4698941086052156	0.3955802128859096	-12.782501378235102
0.4742419852602448	1.9615089110026467	-73.3926693402806
0.47863009232263853	0.43648323619840834	-168.22838042479188
0.48305880203977286	0.21294908938430945	-174.46083049495508
0.4875284901033865	0.13945015344681883	-176.44674525820344
0.4920395356814511	0.10300068414099882	-177.40100550332568
0.49659232145033627	0.08122299870251413	-177.95001252386058
0.5011872336272725	0.06673424712042267	-178.29887164463662
0.5058246620031143	0.05639291429613824	-178.5341188137844
0.5105049999754064	0.04863612662701909	-178.6982632062974
0.5152286445817567	0.042598741525686074	-178.8143546145319
0.5199959965335162	0.03776300917481598	-178.89570466383617
0.5248074602497729	0.03380004240103693	-178.95024218624067
0.5296634438916581	0.030490834889103105	-178.982634390223
0.5345643593969719	0.02768385672645258	-178.99536528787362
0.5395106225151278	0.02527088445688513	-178.98927209637478
0.5445026528424215	0.02317253596095752	-178.9637634378163
0.5495408738576248	0.0213292611596373	-178.91682209569362
0.5546257129579107	0.019695551045715996	-178.8448437213927
0.5597576014951101	0.018236134443097796	-178.74235968626684
0.5649369748123025	0.01692346272353216	-178.60175620635738
0.5701642722807475	0.015736064730177145	-178.41329769867565
0.5754399373371569	0.014657464477550453	-178.16619393819326
0.580764417521312	0.0136752622142649	-177.85209437699382
0.5861381645140288	0.0127796062651984	-177.47235687771172
0.591561634175474	0.011959868713425248	-177.04655194330908
0.5970352865838369	0.011199251982409435	-176.6086310489198
0.6025595860743578	0.010470629160630834	-176.1701874236156
0.6081350012787179	0.009738070138127906	-175.65157230693873
0.6137620051647943	0.008959323255848134	-174.7870105833814
0.6194410750767815	0.008077381867130168	-172.83625175559044
0.6251726927756859	0.007034047644590733	-166.9784416595087
0.6309573444801934	0.006926548322037814	-145.55268669817835
0.6367955209079159	0.01119549112087977	-153.12207169093438
0.6426877173170198	0.011023117488116407	-161.3795512650237
0.6486344335482385	0.010136345833753734	-175.63491562588294
0.654636174067275	0.00794459628484375	-179.58533459757382
0.6606934480075961	0.009060779992876942	-178.41723928068947
0.6668067692136223	0.00778728927834038	-179.4702723279809
0.6729766562843178	0.007129515467048532	-179.74257167912327
0.6792036326171846	0.006620394531983056	-179.8636175065139
0.6854882264526617	0.0061869768573271765	-179.92536512785685
0.6918309709189366	0.0058022312369546865	-179.95862867968128
0.6982324040771715	0.005452543775521642	-179.97711366034068
0.7046930689671471	0.005129853104494341	-179.9877870377287
0.7112135136533292	0.004828880870292004	-179.99437185744077
0.7177942912713619	0.004545924990664424	-179.99886571312416
0.7244359600749902	0.004278251638317999	179.99767424006265
0.7311390834834176	0.004023755328986568	179.99469613418825
0.7379042301291011	0.00378075434249307	179.99191206557288
0.7447319739059892	0.0035478604177897445	179.98916757094824
0.7516228940182057	0.0033238910332958	179.9863730076688
0.758577575029184	0.0031078058169414593	179.9834685397192
0.7655966069112565	0.00289865444066385	179.98040742477662
0.7726805850957026	0.0026955241787180516	179.9771507818717
0.7798301105232589	0.0024974695829646136	179.97367455146957
0.7870457896950989	0.0023033850050461933	179.97000366303868
0.7943282347242817	0.002111703577225793	179.96634050723924
0.8016780633876793	0.0019194771209052569	179.9636335277472
0.8090958991783825	0.0017184019481768765	179.96727471030752
0.8165823713585927	0.0014606233689883183	-179.95153712700974
0.8241381150130026	0.001983915724149027	-178.84062384521957
0.8317637711026713	0.0013644611054692867	179.99182059353316
0.8394599865193977	0.0011527925635152043	179.9393048036505
0.8472274141405968	0.0009694528445119665	179.91051821133152
0.8550667128846836	0.0007946447679880395	179.87957166406858
0.8629785477669706	0.000623379060633385	179.8360265776418
0.870963589956081	0.0004535428410249361	179.76223318090172
0.8790225168308847	0.0002838866397035998	179.60140583402077
0.8871560120379608	0.00011348163893139136	178.95601372707895
0.8953647655495938	0.000058571016419791964	2.1167964351574073
0.9036494737223014	0.00023290245577223124	0.5571198913895835
0.9120108393559097	0.00041043334641346533	0.33130059374145004
0.9204495717531712	0.0005920002333072844	0.24111226605880481
0.9289663867799363	0.0007785377569646998	0.19287210010863234
0.9375620069258802	0.000971085698448964	0.1630841389362479
0.946237161365793	0.0011708167174885608	0.14308244979041534
0.9549925860214359	0.0013790698508354042	0.12893018978369009
0.9638290236239705	0.0015973915419949475	0.11858634290229075
0.9727472237769651	0.001827587063465985	0.11089296177688451
0.9817479430199844	0.002071786178547207	0.10515054651358587
0.9908319448927676	0.0023325283420879295	0.10091868398072659
1.	0.002612874936889123	0.09791439593648328
1.0092528860766845	0.002916559393553655	0.09595723008320364
1.0185913880541169	0.0032481912278767176	0.09493869455308321
1.0280162981264735	0.0036135382179311006	0.09480551646752612
1.0375284158180127	0.004019924180998216	0.09555165850647729
1.0471285480508996	0.0044768018031166095	0.09721684113877213
1.0568175092136585	0.004996597658057136	0.09989107491697191
1.066596121230258	0.005595993434209529	0.10372621850610511
1.076465213629835	0.0062979309705557505	0.10895747738729562
1.0864256236170655	0.007134867958040063	0.11594090948039901
1.096478196143185	0.008154300374848706	0.12521911123000576
1.1066237839776665	0.009428635231975967	0.13764030789984447
1.1168632477805611	0.011074017704816587	0.15458642507336137
1.1271974561755105	0.013289280386615641	0.1784430983445382
1.1376272858234309	0.01644556460248781	0.21366429124245995
1.1481536214968828	0.021324928010445613	0.26949214897275303
1.1587773561551262	0.029908459553742852	0.3679647787540013
1.1694993910198712	0.04912063089819425	0.5676771200895356
1.1803206356517297	0.1318882222904076	0.6421905842608736
1.191242008027375	0.2206114160764218	179.95292222817577
1.2022644346174132	0.0600372625475018	179.56520279974055
1.2133888504649775	0.035004936961522834	179.6885191676997
1.224616199265049	0.02483095102901444	179.762290611984
1.2359474334445106	0.019303508296660037	179.80710888112839
1.2473835142429432	0.015825304591740502	179.83622735165903
1.2589254117941675	0.013431225247737082	179.85605390156346
1.270574105208542	0.01168022570687905	179.86988907104424
1.2823305826560218	0.010342109207749743	179.8795490701148
1.2941958414499863	0.009284979161924794	179.88607189543103
1.3061708881318417	0.00842783762701424	179.8900436149192
1.3182567385564075	0.007718207613629329	179.89175293950896
1.3304544179780915	0.0071206159256155975	179.89125673676457
1.3427649611378643	0.006610251632601634	179.88838705482954
1.3551894123510364	0.006169282887013696	179.8827021221154
1.3677288255958495	0.005784629040637817	179.87335736295967
1.3803842646028852	0.005446580702272954	179.85882693060046
1.3931568029453034	0.005147957090047047	179.83629694182227
1.4060475241299142	0.004883666511924727	179.80023897309854
1.4190575216890926	0.004650703580720256	179.738626788864
1.432187899273544	0.00444895729090086	179.62101175326129
1.4454397707459279	0.00428437953064936	179.34998262073148
1.4588142602753489	0.004180536685229411	178.46269588636108
1.4723125024327193	0.004103161423982093	173.06406869057489
1.4859356422870074	0.0032362650459772557	174.90997445773183
1.499684835502374	0.0032463220060971296	179.08275303568672
1.5135612484362087	0.003185799991213562	179.68372204619854
1.5275660582380732	0.0030948584667396897	179.8535243029737
1.54170045294956	0.002996367258271567	179.92074386682313
1.555965631605075	0.0028976654972921313	179.9528447749029
1.5703628043335531	0.002801461818579381	179.970107490629
1.584893192461114	0.002708802291705247	179.98018133064826
1.5995580286146696	0.0026200473461984093	179.98642077476381
1.6143585568264869	0.0025352493282467504	179.99046404826328
1.629296032639723	0.002454316359832207	179.99317854058688
1.6443717232149324	0.002377089562340945	179.99505332758514
1.6595869074375613	0.0023033815726362645	179.99637841718095
1.6749428760264382	0.0022329964348274094	179.9973330103254
1.690440931643265	0.0021657400101866386	179.99803170502804
1.7060823890031243	0.0021014253514910035	179.9985499431078
1.7218685749860079	0.0020398753220222223	179.9989386372392
1.7378008287493762	0.0019809236794815807	179.99923289149407
1.753880501841762	0.0019244153002413885	179.99945736714523
1.770108958317422	0.001870205927605322	179.99962967643793
1.7864875748520517	0.0018181616661080442	179.99976258171677
1.803017740859568	0.0017681583517733066	179.9998654513633
1.8197008586099825	0.0017200808745497082	179.9999452423448
1.8365383433483455	0.0016738224972718465	-179.99999282521023
1.8535316234148105	0.00162928419633449	-179.9999447976432
1.8706821403657996	0.0015863740376565077	-179.99990765514602
1.8879913490962925	0.001545006594465632	-179.99987907352593
1.9054607179632463	0.0015051024091803143	-179.9998572515694
1.9230917289101574	0.0014665874991391732	-179.99984078459744
1.9408858775927773	0.0014293929044759653	-179.9998285709385
1.958844673505989	0.0013934542756551067	-179.9998197421207
1.97696964011186	0.001358711497815239	-179.99981361033005
1.9952623149688788	0.00132510834895598	-179.99980962855693
2.0137242498623875	0.0012925921890439849	-179.99980736014913
2.032357010936221	0.0012611136772440524	-179.99980645539534
2.0511621788255647	0.001230626514657985	-179.99980663340355
2.0701413487910414	0.0012010872101528196	-179.99980766799578
2.0892961308540388	0.0011724548670641974	-179.99980937667013
2.108628149933289	0.0011446909887609226	-179.99981161191837
2.1281390459827114	0.0011177593012470359	-179.99981425436582
2.147830474130533	0.0010916255911554021	-179.99981720732552
2.167704104819694	0.0010662575576502896	-179.99982039245884
2.1877616239495516	0.001041624676905623	-179.99982374630355
2.208004733018899	0.0010176980779607449	-179.99982721748617
2.228435149270303	0.0009944504288774553	-179.99983076447657
2.2490546058357803	0.0009718558322317182	-179.9998343537734
2.2698648518838214	0.000949889729071794	-179.99983795843372
2.2908676527677723	0.0009285288105624511	-179.99984155687793
2.312064790175594	0.0009077509366138349	-179.99984513191671
2.333458062281002	0.0008875350608638352	-179.99984866995626
2.355049283896009	0.0008678611614457507	-179.99985216034844
2.376840286624876	0.0008487101770293158	-179.99985559485773
2.39883291901949	0.0008300639476733815	-179.999858967224
2.4210290467361775	0.0008119051600735396	-179.99986227280274
2.4434305526939712	0.0007942172968281309	-179.99986550826912
2.4660393372343385	0.0007769845893822261	-179.99986867137366
2.48885731828239	0.0007601919743412903	-179.9998717607412
2.5118864315095797	0.000743825052875275	-179.99987477570468
2.535128630497907	0.0007278700529598309	-179.99987771616787
2.5585858869056453	0.0007123137942246268	-179.99988058249207
2.582260190634596	0.0006971436551997562	-179.99988337540256
2.6061535499988953	0.0006823475427700854	-179.99988609591145
2.6302679918953813	0.0006679138636643605	-179.99988874525368
2.654605561975539	0.0006538314978212467	-179.99989132483483
2.6791683248190314	0.0006400897734882755	-179.9998938361877
2.703958364108843	0.0006266784439221731	-179.99989628093695
2.7289777828080406	0.0006135876655703313	-179.99989866077007
2.7542287033381663	0.0006008079776234066	-179.99990097741357
2.7797132677592886	0.0005883302828382796	-179.9999032326138
2.805433637951713	0.0005761458295390135	-179.99990542812134
2.831391995799379	0.0005642461947110577	-179.99990756567846
2.8575905433749464	0.000552623268110871	-179.99990964700916
2.8840315031266055	0.0005412692373194255	-179.99991167381134
2.910717118066605	0.0005301765736737882	-179.9999136477505
2.9376496519615305	0.0005193380190161821	-179.99991557045539
2.9648313895243423	0.0005087465732046997	-179.99991744351416
2.992264636608189	0.0004983954823341762	-179.99991926847218
3.019951720402016	0.00048827822761969184	-179.99992104683014
3.047894989627983	0.00047838851489880496	-179.99992278004316
3.076096814740708	0.0004687202647119297	-179.99992446952015
3.1045595881283554	0.00045926760292331064	-179.99992611662395
3.1332857243155856	0.00045002485184782864	-179.99992772267143
3.162277660168379	0.0004409865218514306	-179.99992928893417
3.1915378551007616	0.0004321473033953077	-179.99993081663928
3.2210687912834346	0.00042350205949611666	-179.99993230697027
3.250872973854344	0.0004150458185765022	-179.99993376106812
3.2809529311311905	0.00040677376768201076	-179.9999351800327
3.311311214825911	0.00039868124604215574	-179.99993656492367
3.3419504002611427	0.00039076373895494804	-179.9999379167621
3.372873086588689	0.0003830168719756205	-179.99993923653147
3.404081897010009	0.00037543640539160255	-179.99994052517937
3.4355794789987466	0.00036801822896700195	-179.99994178361848
3.4673685045253166	0.00036075835694098825	-179.99994301272815
3.499451670283573	0.0003536529232654954	-179.9999442133555
3.53183169791957	0.0003466981770686362	-179.99994538631674
3.5645113342624426	0.00033989047833109855	-179.9999465323986
3.5974933515574232	0.0003332262937636267	-179.99994765235925
3.630780547701014	0.0003267021928744503	-179.9999487469296
3.664375746478333	0.0003203148442162337	-179.9999498168144
3.6982817978026628	0.00031406101180277986	-179.99995086269334
3.732501577957206	0.0003079375516863314	-179.99995188522217
3.767037989839089	0.00030194140868687846	-179.9999528850335
3.801893963205613	0.00029606961326542015	-179.99995386273793
3.8370724549227884	0.00029031927853360626	-179.9999548189249
3.8725764492161727	0.0002846875973926566	-179.99995575416355
3.908408957924021	0.00027917183979487046	-179.99995666900364
3.944573020752785	0.00027376935012144755	-179.99995756397624
3.981071705534973	0.0002684775446707033	-179.99995843959445
4.0179081084894	0.000263293909251111	-179.99995929635423
4.055085354483839	0.0002582159968739266	-179.9999601347349
4.09260659730011	0.0002532414255404488	-179.9999609551998
4.130475019901614	0.00024836787611924783	-179.99996175819695
4.168693834703355	0.0002435930903089514	-179.9999625441592
4.207266283844442	0.00023891486868242104	-179.99996331350485
4.24619563946313	0.0002343310688083571	-179.99996406663774
4.285485203974396	0.00022983960344656907	-179.99996480394728
4.325138310350088	0.00022543843881330213	-179.99996552580814
4.365158322401661	0.00022112559291311782	-179.99996623257934
4.405548635065534	0.00021689913393385755	-179.99996692460263
4.446312674691089	0.00021275717870109252	-179.9999676021989
4.487453899331323	0.00020869789118803375	-179.9999682656616
4.528975799036209	0.00020471948107574057	-179.99996891524336
4.570881896148752	0.00020082020235562753	-179.99996955112726
4.613175745603791	0.0001969983519587208	-179.9999701733606
4.655860935229586	0.0001932522683739917	-179.99997078168164
4.698941086052151	0.00018958033014235013	-179.99997137498622
4.742419852602444	0.00018598095378751973	-179.99997194922832
4.7863009232263805	0.0001824525887318726	-179.99997248492483
4.830588020397723	0.0001789936800978147	-179.99997275487718
4.875284901033861	0.00017560345007627042	-179.99997098476382
4.920395356814506	0.00017227896709950564	-179.99997409477308
4.965923214503357	0.00016901997732464598	-179.9999747038894
5.01187233627272	0.0001658248547333357	-179.99997524146994
5.058246620031137	0.00016269224774213066	-179.99997575731052
5.105049999754059	0.0001596208482075964	-179.99997625942436
5.152286445817562	0.00015660938084014712	-179.99997675014907
5.1999599653351565	0.00015365660067815992	-179.9999772304639
5.248074602497723	0.00015076129181873735	-179.99997770090823
5.296634438916575	0.00014792226647546088	-179.99997816184734
5.345643593969713	0.000145138364157214	-179.99997861356673
5.395106225151273	0.0001424084509076975	-179.99997905631025
5.445026528424209	0.00013973141858403184	-179.99997949029765
5.495408738576242	0.00013710618416533482	-179.99997991573312
5.5462571295791046	0.00013453168908680196	-179.9999803328097
5.597576014951099	0.00013200689859674107	-179.99998074171228
5.649369748123022	0.00012953080113489355	-179.99998114261874
5.701642722807472	0.00012710240773081138	-179.99998153570124
5.754399373371567	0.00012472075142130144	-179.99998192112668
5.807644175213118	0.0001223848866860846	-179.9999822990573
5.861381645140285	0.00012009388890091314	-179.99998266965102
5.9156163417547365	0.00011784685380745022	-179.9999830330615
5.9703528658383656	0.00011564289699926552	-179.99998338943874
6.025595860743575	0.00011348115342333981	-179.99998373892888
6.081350012787176	0.0001113607768965037	-179.99998408167448
6.137620051647939	0.00010928093963626414	-179.99998441781483
6.194410750767812	0.00010724083180550057	-179.99998474748577
6.251726927756856	0.00010523966107053336	-179.99998507082012
6.30957344480193	0.00010327665217209093	-179.9999853879474
6.367955209079155	0.00010135104650872219	-179.99998569899432
6.426877173170194	0.0000994621017322205	-179.9999860040846
6.486344335482381	0.00009760909135464196	-179.99998630333923
6.546361740672747	0.00009579130436652059	-179.99998659687637
6.6069344800759575	0.00009400804486589751	-179.9999868848116
6.668067692136219	0.00009225863169779685	-179.99998716725784
6.729766562843175	0.000090542398103797	-179.9999874443256
6.792036326171843	0.00008885869138135841	-179.99998771612286
6.854882264526613	0.00008720687255258393	-179.99998798275524
6.918309709189362	0.0000855863160420995	-179.99998824432612
6.9823240407717115	0.00008399640936375523	-179.9999885009365
7.046930689671467	0.00008243655281585964	-179.9999887526853
7.112135136533288	0.00008090615918466906	-179.99998899966926
7.177942912713615	0.0000794046534558666	-179.99998924198297
7.244359600749899	0.00007793147253377454	-179.99998947971906
7.311390834834173	0.00007648606496805326	-179.99998971296824
7.379042301291007	0.00007506789068764922	-179.99998994181914
7.447319739059888	0.000073676420741765	-179.9999901663586
7.516228940182053	0.00007231113704762996	-179.99999038667158
7.585775750291836	0.00007097153214486087	-179.99999060284136
7.655966069112561	0.00006965710895620806	-179.99999081494929
7.726805850957022	0.00006836738055449073	-179.99999102307515
7.798301105232586	0.00006710186993553238	-179.99999122729702
7.870457896950985	0.0000658601097969131	-179.99999142769133
7.943282347242813	0.00006464164232236373	-179.99999162433295
8.01678063387679	0.00006344601897163149	-179.9999918172952
8.090958991783822	0.00006227280027565335	-179.99999200664996
8.165823713585922	0.0000611215556368802	-179.99999219246743
8.241381150130021	0.00005999186313459825	-179.99999237481654
8.317637711026709	0.000058883309335101566	-179.99999255376483
8.394599865193973	0.00005779548910657342	-179.9999927293783
8.472274141405963	0.00005672800543853926	-179.9999929017218
8.550667128846833	0.0000556804692657596	-179.99999307085872
8.629785477669701	0.00005465249929643439	-179.99999323685125
8.709635899560805	0.000053643721844595525	-179.99999339976029
8.790225168308842	0.000052653770666568795	-179.99999355964547
8.871560120379607	0.00005168228680138879	-179.99999371656537
8.953647655495937	0.00005072891841505669	-179.99999387057724
9.036494737223014	0.00004979332064853208	-179.99999402173725
9.120108393559097	0.00004887515546935527	-179.99999417010048
9.204495717531712	0.00004797409152679893	-179.99999431572087
9.289663867799362	0.00004708980401045201	-179.99999445865126
9.375620069258803	0.000046221974512141044	-179.99999459894354
9.462371613657929	0.00004537029089109832	-179.9999947366485
9.549925860214358	0.000044534447142287813	-179.99999487181597
9.638290236239705	0.00004371414326780389	-179.99999500449476
9.727472237769652	0.000042909085151260065	-179.99999513473279
9.817479430199844	0.000042118984435086995	-179.99999526257693
9.908319448927676	0.00004134355840066299	-179.99999538807324
10.	0.00004058252985120097	-179.99999551126686
10.092528860766844	0.00003983562699731962	-179.999995632202
10.18591388054117	0.000039102583345227855	-179.9999957509221
10.280162981264736	0.00003838313758745405	-179.99999586746966
10.375284158180126	0.00003767703349605409	-179.99999598188646
10.471285480508996	0.000036984019818233484	-179.99999609421334
10.568175092136585	0.00003630385017432159	-179.99999620449051
10.665961212302578	0.00003563628295803701	-179.99999631275733
10.76465213629835	0.00003498108123898601	-179.9999964190524
10.864256236170656	0.000034338012667336746	-179.99999652341356
10.964781961431852	0.00003370684938061399	-179.99999662587803
11.066237839776663	0.00003308736791256117	-179.9999967264822
11.168632477805613	0.00003247934910401726	-179.99999682526183
11.271974561755105	0.00003188257801575853	-179.99999692225202
11.37627285823431	0.0000312968438432556	-179.99999701748715
11.481536214968829	0.00003072193983329875	-179.99999711100105
11.587773561551263	0.000030157663202444818	-179.99999720282676
11.694993910198711	0.000029603815057241288	-179.9999972929968
11.803206356517286	0.00002906020031618344	-179.99999738154315
11.912420080273739	0.00002852662763336241	-179.999997468497
12.022644346174118	0.000028002909323763603	-179.99999755388916
12.133888504649763	0.00002748886129017414	-179.9999976377497
12.246161992650476	0.00002698430295166188	-179.99999772010824
12.359474334445094	0.000026489057173587167	-179.99999780099387
12.47383514242942	0.000026002950199111213	-179.999997880435
12.589254117941662	0.000025525811582165127	-179.9999979584596
12.705741052085406	0.000025057474121844745	-179.99999803509525
12.823305826560205	0.000024597773798197815	-179.9999981103688
12.941958414499851	0.00002414654970937032	-179.99999818430678
13.061708881318404	0.0000237036440100802	-179.99999825693516
13.182567385564061	0.00002326890185138722	-179.99999832827942
13.304544179780901	0.000022842171321728782	-179.99999839836465
13.427649611378628	0.0000224233033891923	-179.99999846721542
13.551894123510351	0.00002201215184499519	-179.9999985348559
13.67728825595848	0.000021608573248144944	-179.99999860130984
13.803842646028839	0.00002121242687125176	-179.9999986666005
13.931568029453022	0.000020823574647467506	-179.99999873075078
14.060475241299129	0.000020441881118525157	-179.99999879378316
14.190575216890911	0.00002006721338385357	-179.9999988557197
14.321878992735424	0.000019699441050743235	-179.99999891658211
14.454397707459265	0.00001933843618553922	-179.99999897639168
14.588142602753473	0.000018984073265837932	-179.99999903516937
14.723125024327178	0.000018636229133665345	-179.99999909293575
14.859356422870059	0.000018294782949614455	-179.99999914971102
14.996848355023726	0.00001795961614792062	-179.99999920551505
15.135612484362072	0.000017630612392453864	-179.9999992603674
15.275660582380716	0.000017307657533607625	-179.99999931428718
15.417004529495584	0.000016990639566064312	-179.99999936729336
15.559656316050734	0.000016679448587418	-179.99999941940436
15.703628043335515	0.00001637397675763561	-179.99999947063856
15.848931924611126	0.000016074118259337997	-179.9999995210138
15.995580286146678	0.000015779769258883043	-179.9999995705477
16.143585568264854	0.00001549082786823319	-179.99999961925766
16.292960326397214	0.000015207194107590341	-179.99999966716067
16.443717232149307	0.00001492876986878141	-179.99999971427357
16.595869074375596	0.000014655458879378319	-179.9999997606128
16.749428760264365	0.000014387166667536451	-179.9999998061947
16.90440931643263	0.00001412380052753622	-179.9999998510351
17.060823890031227	0.000013865269486012407	-179.9999998951499
17.21868574986006	0.000013611484268856785	-179.99999993855442
17.378008287493746	0.000013362357268779384	-179.99999998126404
17.5388050184176	0.000013117802513514463	179.99999997670633
17.701089583174202	0.00001287773563465741	179.99999993534183
17.864875748520497	0.000012642073837119216	179.999999894628
18.03017740859568	0.00001241073586918538	179.99999985455042
18.197008586099827	0.00001218364199316646	179.99999981509498
18.365383433483455	0.000011960713956627855	179.99999977624782
18.535316234148105	0.000011741874964186581	179.99999973799515
18.706821403657997	0.00001152704964986311	179.99999970032346
18.879913490962927	0.000011316164049976713	179.9999996632194
19.054607179632463	0.000011109145576572864	179.99999962666988
19.230917289101576	0.000010905922991371676	179.99999959066184
19.408858775927772	0.000010706426380226489	179.99999955518257
19.58844673505989	0.000010510587128081978	179.99999952021935
19.769696401118598	0.000010318337894421544	179.99999948575976
19.952623149688787	0.000010129612589193679	179.99999945179147
20.137242498623873	9.944346349207625e-6	179.9999994183023
20.32357010936221	9.762475514988504e-6	179.9999993852803
20.511621788255646	9.58393760808253e-6	179.99999935271356
20.701413487910415	9.40867130880305e-6	179.99999932059032
20.892961308540386	9.23661643440842e-6	179.99999928889898
21.086281499332888	9.067713917702843e-6	179.9999992576281
21.28139045982711	8.90190578605156e-6	179.9999992267663
21.47830474130533	8.739135140801926e-6	179.99999919630235
21.67704104819694	8.57934613710215e-6	179.9999991662251
21.87761623949552	8.422483964109656e-6	179.99999913652357
22.080047330188993	8.268494825581056e-6	179.99999910718677
22.28435149270303	8.117325920836139e-6	179.99999907820393
22.490546058357804	7.96892542608826e-6	179.99999904956428
22.698648518838212	7.823242476133769e-6	179.99999902125717
22.908676527677724	7.680227146393213e-6	179.99999899327204
23.12064790175594	7.5398304352972965e-6	179.99999896559837
23.33458062281002	7.4020042470106534e-6	179.99999893822576
23.55049283896009	7.266701374486657e-6	179.99999891114382
23.76840286624876	7.133875482846663e-6	179.99999888434226
23.9883291901949	7.003481093077221e-6	179.99999885781077
24.210290467361776	6.8754735660388726e-6	179.99999883153922
24.434305526939713	6.74980908678036e-6	179.99999880551738
24.660393372343385	6.626444649152192e-6	179.9999987797351
24.888573182823905	6.505338040713583e-6	179.99999875418231
25.118864315095795	6.386447827926968e-6	179.99999872884896
25.351286304979073	6.269733341634414e-6	179.99999870372488
25.58585886905645	6.155154662810351e-6	179.9999986788001
25.82260190634596	6.042672608585121e-6	179.99999865406454
26.06153549998895	5.932248718534097e-6	179.99999862950813
26.302679918953814	5.823845241227044e-6	179.9999986051208
26.54605561975539	5.71742512103269e-6	179.99999858089248
26.791683248190314	5.612951985173424e-6	179.99999855681307
27.039583641088434	5.510390131025269e-6	179.99999853287238
27.289777828080403	5.409704513658288e-6	179.99999850906028
27.542287033381662	5.310860733612736e-6	179.99999848536655
27.797132677592884	5.213825024906364e-6	179.99999846178088
28.05433637951713	5.118564243268316e-6	179.99999843829295
28.31391995799379	5.025045854595253e-6	179.9999984148923
28.575905433749465	4.933237923625357e-6	179.9999983915685
28.84031503126606	4.843109102825952e-6	179.9999983683109
29.10717118066605	4.754628621490634e-6	179.99999834510888
29.376496519615305	4.6677662750418055e-6	179.9999983219516
29.648313895243422	4.582492414534664e-6	179.99999829882816
29.92264636608189	4.498777936358707e-6	179.9999982757275
30.19951720402016	4.416594272132963e-6	179.9999982526385
30.4789498962798	4.335913378791195e-6	179.99999822954973
30.76096814740705	4.256707728853362e-6	179.99999820644973
31.045595881283525	4.178950300879875e-6	179.99999818332682
31.332857243155825	4.102614570104938e-6	179.99999816016916
31.62277660168376	4.027674499245689e-6	179.9999981369646
31.91537855100758	3.9541045294836725e-6	179.9999981137009
32.21068791283432	3.88187957161535e-6	179.99999809036552
32.50872973854341	3.8109749973684173e-6	179.9999980669457
32.80952931131187	3.7413666308807357e-6	179.9999980434283
33.11311214825908	3.673030740338749e-6	179.9999980198001
33.41950400261139	3.605944029772372e-6	179.99999799604743
33.72873086588685	3.540083631003297e-6	179.9999979721563
34.040818970100055	3.4754270957438537e-6	179.99999794811245
34.35579478998743	3.4119523878434833e-6	179.9999979239012
34.67368504525313	3.3496378756800586e-6	179.9999978995075
34.994516702835696	3.288462324693258e-6	179.9999978749159
35.318316979195664	3.228404890057309e-6	179.9999978501105
35.64511334262439	3.169445109490425e-6	179.99999782507496
35.9749335155742	3.1115628961983498e-6	179.99999779979242
36.3078054770101	3.054738531949481e-6	179.9999977742455
36.64375746478329	2.998952660279009e-6	179.9999977484163
36.98281797802659	2.944186279819712e-6	179.9999977222863
37.32501577957203	2.8904207377569294e-6	179.99999769583638
37.670379898390856	2.8376377234054055e-6	179.9999976690468
38.01893963205609	2.7858192619056815e-6	179.999997641897
38.370724549227845	2.734947708037772e-6	179.99999761436587
38.72576449216169	2.6850057401499166e-6	179.9999975864313
39.08408957924017	2.635976354200231e-6	179.99999755807048
39.44573020752781	2.5878428579091314e-6	179.9999975292597
39.81071705534969	2.5405888650204233e-6	179.9999974999743
40.17908108489396	2.4941982896690406e-6	179.99999747018862
40.55085354483835	2.4486553408534087e-6	179.99999743987593
40.92606597300105	2.4039445170104486e-6	179.99999740900836
41.304750199016105	2.3600506006913326e-6	179.99999737755687
41.68693834703351	2.3169586533360678e-6	179.99999734549115
42.07266283844438	2.274654010145058e-6	179.9999973127795
42.46195639463126	2.2331222750458434e-6	179.99999727938882
42.85485203974392	2.192349315753223e-6	179.99999724528442
43.251383103500835	2.1523212589210056e-6	179.99999721043002
43.65158322401656	2.1130244853837044e-6	179.99999717478755
44.0554863506553	2.074445625486468e-6	179.99999713831713
44.46312674691084	2.0365715545016185e-6	179.9999971009768
44.87453899331318	1.9993893881301855e-6	179.9999970627226
45.28975799036204	1.9628864780868405e-6	179.99999702350817
45.708818961487474	1.9270504077667142e-6	179.99999698328483
46.13175745603791	1.891868987992541e-6	179.9999969420012
46.55860935229586	1.8573302528406728e-6	179.99999689960322
46.98941086052151	1.823422455544493e-6	179.9999968560337
47.42419852602443	1.7901340644738069e-6	179.99999681123248
47.8630092322638	1.757453759188818e-6	179.9999967651357
48.30588020397723	1.7253704265673e-6	179.99999671767597
48.7528490103386	1.6938731570036521e-6	179.99999666878193
49.20395356814506	1.6629512406785142e-6	179.9999966183779
49.65923214503358	1.6325941638976497e-6	179.99999656638363
50.118723362727195	1.6027916054988589e-6	179.99999651271386
50.58246620031137	1.5735334333256796e-6	179.9999964572781
51.0504999975406	1.5448097007666923e-6	179.99999639997995
51.52286445817562	1.5166106433592374e-6	179.99999634071685
51.99959965335157	1.488926675456419e-6	179.99999627937947
52.48074602497723	1.46174838695627e-6	179.9999962158511
52.966344389165755	1.4350665400919967e-6	179.99999615000718
53.45643593969714	1.4088720662822355e-6	179.99999608171444
53.95106225151273	1.3831560630402964e-6	179.99999601083027
54.450265284242086	1.3579097909414054e-6	179.99999593720187
54.95408738576243	1.3331246706469453e-6	179.9999958606653
55.462571295791044	1.3087922799847937e-6	179.9999957810445
55.97576014951099	1.2849043510848248e-6	179.99999569815012
56.49369748123023	1.2614527675687195e-6	179.99999561177827
57.01642722807472	1.2384295617932439e-6	179.99999552170925
57.543993733715666	1.21582691214619e-6	179.9999954277059
58.07644175213118	1.1936371403942518e-6	179.99999532951182
58.61381645140285	1.1718527090820852e-6	179.99999522684953
59.15616341754737	1.1504662189819214e-6	179.99999511941832
59.70352865838366	1.1294704065931017e-6	179.9999950068917
60.255958607435744	1.108858141690991e-6	179.99999488891487
60.81350012787176	1.0886224249247693e-6	179.99999476510138
61.37620051647939	1.0687563854636943e-6	179.99999463503
61.94410750767812	1.0492532786914906e-6	179.99999449824034
62.51726927756855	1.0301064839486113e-6	179.99999435422882
63.0957344480193	1.0113095023222513e-6	179.99999420244328
63.67955209079155	9.928559544840765e-7	179.9999940422774
64.26877173170195	9.747395785757903e-7	179.99999387306391
64.86344335482381	9.569542281428314e-7	179.99999369406714
65.46361740672747	9.394938701166708e-7	179.99999350447428
66.06934480075958	9.223525828464181e-7	179.9999933033852
66.68067692136219	9.055245541807168e-7	179.99999308980094
67.29766562843174	8.890040796012132e-7	179.9999928626103
67.92036326171844	8.727855604093062e-7	179.99999262057398
68.54882264526613	8.568635019683247e-7	179.99999236230633
69.18309709189363	8.41232512003859e-7	179.999992086254
69.82324040771712	8.258872989656892e-7	179.99999179067038
70.46930689671467	8.108226704555808e-7	179.9999914735861
71.12135136533288	7.960335317262978e-7	179.99999113277337
71.77942912713615	7.815148842585076e-7	179.9999907657039
72.44359600749898	7.672618244238809e-7	179.99999036949845
73.11390834834172	7.532695422447772e-7	179.99998994086607
73.79042301291008	7.395333202635471e-7	179.99998947603072
74.47319739059888	7.260485325378099e-7	179.99998897064208
75.16228940182053	7.128106437823927e-7	179.9999884196665
75.85775750291836	6.99815208684183e-7	179.99998781725276
76.55966069112561	6.870578714234085e-7	179.99998715656628
77.26805850957021	6.745343654444139e-7	179.9999864295819
77.98301105232578	6.622405135316781e-7	179.99998562682424
78.70457896950977	6.501722282637623e-7	179.99998473703874
79.43282347242805	6.383255129408458e-7	179.99998374677207
80.16780633876782	6.266964631127942e-7	179.99998263983179
80.90958991783813	6.15281268878063e-7	179.9999813965837
81.65823713585914	6.040762181843057e-7	179.9999799930289
82.41381150130013	5.93077701447461e-7	179.99997839957678
83.176377110267	5.822822179296109e-7	179.99997657939502
83.94599865193965	5.716863844962683e-7	179.99997448615932
84.72274141405954	5.612869476416636e-7	179.99997206093963
85.50667128846823	5.510808000758526e-7	179.99996922782205
86.29785477669692	5.410650037931851e-7	179.99996588764074
87.09635899560797	5.312368225294901e-7	179.99996190882553
87.90225168308834	5.215937681142978e-7	179.9999571137373
88.71560120379598	5.12133667885464e-7	179.99995125775243
89.53647655495928	5.028547649031686e-7	179.99994399632942
90.36494737223005	4.937558708309922e-7	179.99993483144806
91.20108393559087	4.848366064195535e-7	179.99992302118312
92.04495717531702	4.7609779379797695e-7	179.99990742021646
92.89663867799354	4.675421248633896e-7	179.99988618357096
93.75620069258792	4.5917536178072553e-7	179.9998561807275
94.6237161365792	4.5100863835641256e-7	179.99981174408614
95.4992586021435	4.43063251087326e-7	179.99974172095722
96.38290236239695	4.3538177125230337e-7	179.99962157755587
97.2747223776964	4.2805794671561827e-7	179.99938813389562
98.17479430199833	4.2133699977342865e-7	179.99883399776598
99.08319448927665	4.1610450701646517e-7	179.99690617605071
99.9999999999999	4.1972080285892757e-7	179.97635810481952