0.01000000000000001	0.011663736166638745	-0.004193960793597966
0.010092528860766855	0.011663826008211546	-0.0041940036534077055
0.01018591388054118	0.011663917521572838	-0.004194047290256451
0.010280162981264745	0.011664010737860307	-0.004194091717819043
0.010375284158180138	0.011664105688788775	-0.004194136949978102
0.010471285480509006	0.011664202406673306	-0.004194183000843893
0.010568175092136596	0.0116643009244286	-0.004194229884760407
0.01066596121230259	0.011664401275575265	-0.004194277616296452
0.010764652136298361	0.011664503494273611	-0.0041943262102513154
0.010864256236170667	0.011664607615313013	-0.0041943756816744246
0.010964781961431863	0.011664713674128776	-0.004194426045839147
0.011066237839776675	0.011664821706827266	-0.004194477318271298
0.011168632477805623	0.011664931750184506	-0.004194529514726976
0.011271974561755117	0.011665043841661287	-0.004194582651232035
0.011376272858234322	0.011665158019419447	-0.004194636744039538
0.01148153621496884	0.011665274322343667	-0.0041946918096711
0.011587773561551273	0.01166539279001998	-0.004194747864892318
0.011694993910198724	0.011665513462800208	-0.004194804926732825
0.01180320635651731	0.011665636381773242	-0.004194863012477999
0.011912420080273762	0.011665761588808318	-0.004194922139682302
0.012022644346174144	0.011665889126537054	-0.004194982326154347
0.012133888504649786	0.011666019038404694	-0.004195043589977952
0.012246161992650502	0.01166615136867398	-0.004195105949506237
0.01235947433444512	0.011666286162409433	-0.004195169423350935
0.012473835142429446	0.011666423465541882	-0.004195234030416521
0.012589254117941687	0.011666563324853756	-0.004195299789866412
0.012705741052085433	0.011666705787996034	-0.004195366721149668
0.012823305826560232	0.011666850903509177	-0.004195434843988959
0.01294195841449987	0.011666998720854983	-0.004195504178389831
0.013061708881318424	0.01166714929041067	-0.004195574744636694
0.013182567385564082	0.011667302663496141	-0.004195646563298249
0.01330454417978092	0.011667458892389843	-0.0041957196552249035
0.013427649611378649	0.011667618030355528	-0.004195794041558271
0.01355189412351037	0.011667780131631292	-0.004195869743708151
0.013677288255958502	0.011667945251508613	-0.004195946783391627
0.013803842646028859	0.011668113446279193	-0.004196025182599691
0.013931568029453043	0.011668284773301042	-0.004196104963603353
0.01406047524129915	0.011668459291012805	-0.004196186148978584
0.014190575216890933	0.011668637058922926	-0.004196268761560186
0.014321878992735446	0.01166881813769289	-0.004196352824494997
0.014454397707459286	0.011669002589075758	-0.004196438361189466
0.014588142602753497	0.011669190476021128	-0.004196525395350925
0.014723125024327202	0.011669381862621384	-0.004196613950945125
0.014859356422870082	0.011669576814199318	-0.004196704052241698
0.014996848355023748	0.01166977539728854	-0.004196795723767203
0.015135612484362095	0.011669977679664883	-0.004196888990322827
0.015275660582380739	0.011670183730380305	-0.004196983876980834
0.015417004529495607	0.011670393619781116	-0.004197080409079257
0.015559656316050758	0.01167060741953006	-0.004197178612218509
0.01570362804333554	0.011670825202636351	-0.004197278512247239
0.015848931924611148	0.01167104704347424	-0.00419738013527003
0.015995580286146702	0.011671273017810865	-0.004197483507629964
0.016143585568264878	0.011671503202846309	-0.004197588655915135
0.016292960326397238	0.011671737677211462	-0.004197695606934842
0.01644371723214933	0.011671976521029493	-0.004197804387719447
0.016595869074375623	0.01167221981591006	-0.004197915025510481
0.01674942876026439	0.011672467645011333	-0.004198027547758972
0.016904409316432657	0.011672720093041678	-0.004198141982090791
0.017060823890031253	0.011672977246297065	-0.004198258356327655
0.017218685749860088	0.011673239192713314	-0.004198376698448349
0.017378008287493772	0.011673506021852418	-0.004198497036578714
0.01753880501841763	0.011673777824973294	-0.00419861939898708
0.01770108958317423	0.011674054695046293	-0.0041987438140614
0.017864875748520526	0.011674336726792285	-0.004198870310291854
0.018030177408595707	0.011674624016704447	-0.004198998916242257
0.018197008586099853	0.011674916663098672	-0.004199129660555739
0.018365383433483484	0.011675214766134307	-0.0041992625719024365
0.018535316234148135	0.01167551842785642	-0.004199397678976872
0.018706821403658026	0.011675827752229119	-0.0041995350104527315
0.018879913490962956	0.011676142845172512	-0.004199674594976542
0.019054607179632494	0.01167646381460165	-0.004199816461125899
0.019230917289101597	0.01167679077045518	-0.004199960637375398
0.019408858775927792	0.011677123824756594	-0.0042001071520749965
0.01958844673505991	0.011677463091624802	-0.004200256033401292
0.01976969640111862	0.01167780868733248	-0.00420040730932012
0.01995262314968881	0.011678160730348547	-0.004200561007549961
0.020137242498623895	0.011678519341367237	-0.004200717155517815
0.02032357010936223	0.011678884643365566	-0.004200875780303552
0.020511621788255666	0.011679256761626632	-0.0042010369085957
0.020701413487910436	0.011679635823813518	-0.004201200566633511
0.02089296130854041	0.01168002195998388	-0.004201366780146444
0.02108628149933291	0.011680415302649485	-0.004201535574300339
0.021281390459827135	0.011680815986832148	-0.004201706973625344
0.021478304741305354	0.011681224150096306	-0.004201881001932554
0.02167704104819696	0.011681639932612682	-0.004202057682270319
0.02187761623949554	0.011682063477186108	-0.004202237036798727
0.022080047330189013	0.011682494929326777	-0.0042024190867432695
0.022284351492703053	0.011682934437301002	-0.004202603852277668
0.022490546058357826	0.01168338215217097	-0.004202791352432715
0.022698648518838235	0.011683838227854368	-0.004202981604994086
0.022908676527677748	0.01168430282118678	-0.004203174626383982
0.023120647901755963	0.011684776091970512	-0.004203370431540598
0.023334580622810044	0.011685258203024743	-0.004203569033792443
0.023550492838960112	0.01168574932026925	-0.0042037704447201165
0.023768402866248782	0.01168624961274962	-0.004203974674013528
0.02398832919019492	0.011686759252722315	-0.00420418172930999
0.0242102904673618	0.011687278415702105	-0.0042043916160226175
0.02443430552693974	0.011687807280545501	-0.004204604337183035
0.024660393372343412	0.011688346029492296	-0.004204819893224205
0.02488857318282393	0.01168889484823467	-0.004205038281788422
0.025118864315095822	0.011689453926002801	-0.004205259497520454
0.025351286304979098	0.011690023455615189	-0.004205483531818001
0.02558585886905648	0.011690603633550952	-0.0042057103725977275
0.025822601906345985	0.011691194660014679	-0.004205940004009552
0.026061535499988978	0.011691796739041074	-0.004206172406183659
0.026302679918953843	0.011692410078519679	-0.004206407554895196
0.026546055619755416	0.011693034890308011	-0.004206645421259071
0.026791683248190343	0.01169367139029803	-0.004206885971380925
0.027039583641088463	0.011694319798484495	-0.004207129165975929
0.027289777828080432	0.01169498033905342	-0.0042073749599805645
0.02754228703338169	0.011695653240472236	-0.004207623302124318
0.02779713267759291	0.011696338735556585	-0.004207874134461142
0.02805433637951716	0.011697037061572286	-0.004208127391909311
0.028313919957993816	0.011697748460291242	-0.0042083830016832165
0.028575905433749497	0.011698473178124297	-0.004208640882772726
0.028840315031266085	0.011699211466172948	-0.004208900945317402
0.02910717118066608	0.011699963580346523	-0.00420916308996997
0.029376496519615335	0.011700729781448418	-0.004209427207185861
0.029648313895243455	0.011701510335257598	-0.004209693176494627
0.02992264636608192	0.01170230551265163	-0.004209960865679838
0.030199517204020192	0.011703115589689833	-0.004210230129944232
0.03047894989627986	0.011703940847713841	-0.004210500810945711
0.03076096814740711	0.011704781573468171	-0.0042107727358321224
0.031045595881283587	0.011705638059186268	-0.004211045716148573
0.03133285724315589	0.011706510602708706	-0.004211319546690536
0.031622776601683826	0.011707399507597402	-0.004211594004248405
0.03191537855100765	0.011708305083241123	-0.0042118688462762215
0.03221068791283438	0.011709227644980351	-0.00421214380944044
0.03250872973854347	0.011710167514199399	-0.004212418608036248
0.03280952931131194	0.011711125018485053	-0.004212692932326365
0.03311311214825915	0.011712100491722693	-0.004212966446698631
0.03341950400261146	0.01171309427422213	-0.004213238787697822
0.03372873086588692	0.011714106712858873	-0.004213509561892733
0.034040818970100126	0.011715138161184515	-0.004213778343559688
0.0343557947899875	0.011716188979585686	-0.004214044672176805
0.0346736850452532	0.011717259535390535	-0.0042143080497214075
0.034994516702835765	0.011718350203030388	-0.004214567937707298
0.035318316979195734	0.011719461364170748	-0.004214823754000445
0.03564511334262446	0.01172059340786046	-0.004215074869344241
0.03597493351557427	0.011721746730665115	-0.004215320603570393
0.03630780547701017	0.011722921736833309	-0.004215560221503852
0.03664375746478335	0.01172411883845079	-0.004215792928475353
0.03698281797802665	0.011725338455584685	-0.004216017865454887
0.037325015779572084	0.011726581016449878	-0.0042162341037093685
0.037670379898390914	0.01172784695757179	-0.004216440639011982
0.038018939632056145	0.011729136723950878	-0.004216636385281133
0.0383707245492279	0.011730450769235313	-0.004216820167631329
0.038725764492161745	0.011731789555895857	-0.004216990714777997
0.03908408957924023	0.011733153555402396	-0.00421714665069604
0.03944573020752787	0.011734543248390437	-0.004217286485468307
0.039810717055349755	0.011735959124866222	-0.004217408605255609
0.04017908108489402	0.011737401684390776	-0.00421751126124586
0.040550853544838415	0.011738871436259317	-0.0042175925575037455
0.040926065973001115	0.011740368899699075	-0.004217650437584206
0.041304750199016166	0.011741894604083808	-0.004217682669770851
0.04168693834703357	0.011743449089120258	-0.0042176868307356235
0.04207266283844444	0.011745032905068155	-0.0042176602875385796
0.04246195639463132	0.01174664661294619	-0.0042176001776387485
0.042854852039743985	0.011748290784740194	-0.004217503386737868
0.04325138310350091	0.011749966003638037	-0.0042173665242400725
0.04365158322401663	0.01175167286424646	-0.0042171858958946155
0.044055486350655364	0.011753411972808712	-0.004216957473404051
0.04446312674691091	0.011755183947457159	-0.0042166768605011945
0.04487453899331325	0.01175698941843202	-0.004216339255093746
0.04528975799036211	0.011758829028331332	-0.004215939406934088
0.04570881896148754	0.011760703432357026	-0.004215471570189712
0.04613175745603798	0.011762613298548667	-0.0042149294502377655
0.04655860935229591	0.011764559308061334	-0.00421430614386646
0.04698941086052156	0.011766542155389952	-0.0042135940719822485
0.04742419852602448	0.01176856254865579	-0.004212784903648018
0.04786300923226385	0.011770621209857165	-0.00421186947031693
0.04830588020397728	0.011772718875147395	-0.0042108376686707544
0.04875284901033865	0.011774856295090059	-0.004209678350410809
0.04920395356814511	0.011777034234938555	-0.004208379196982337
0.04965923214503363	0.011779253474905264	-0.004206926576802027
0.05011872336272725	0.011781514810444458	-0.004205305382279624
0.05058246620031143	0.01178381905253496	-0.004203498843260099
0.051050499997540646	0.01178616702793791	-0.004201488312980041
0.05152286445817567	0.011788559579493419	-0.004199253021934843
0.05199959965335162	0.011790997566388193	-0.004196769794038873
0.052480746024977286	0.011793481864424417	-0.00419401271846114
0.05296634438916581	0.011796013366299847	-0.004190952769160356
0.05345643593969719	0.011798592981878445	-0.004187557362505322
0.05395106225151279	0.011801221638396458	-0.0041837898413241955
0.05445026528424214	0.011803900280787729	-0.004179608871385773
0.05495408738576248	0.01180662987184365	-0.004174967732905845
0.0554625712957911	0.011809411392482764	-0.004169813486333511
0.05597576014951104	0.011812245841908186	-0.004164085986290404
0.05649369748123028	0.011815134237814811	-0.004157716712027476
0.05701642722807478	0.011818077616503483	-0.00415062737467151
0.05754399373371572	0.01182107703301054	-0.004142728252214558
0.05807644175213124	0.011824133561152665	-0.004133916190489842
0.05861381645140291	0.011827248293566753	-0.004124072192784408
0.05915616341754743	0.011830422341599138	-0.004113058499932911
0.05970352865838372	0.011833656835260574	-0.004100715036452931
0.06025595860743581	0.011836952922929873	-0.004086855063182382
0.060813500127871824	0.011840311771077848	-0.004071259831510636
0.061376200516479455	0.011843734563801845	-0.004053671973742971
0.06194410750767818	0.011847222502242972	-0.004033787283906296
0.06251726927756862	0.011850776803783747	-0.004011244435610619
0.06309573444801936	0.011854398701115315	-0.003985612038586423
0.06367955209079162	0.011858089441055857	-0.00395637223832129
0.064268771731702	0.011861850283103107	-0.003922899793928561
0.06486344335482389	0.011865682497770834	-0.003884435198749697
0.06546361740672754	0.011869587364694987	-0.0038400498949723453
0.06606934480075964	0.011873566170516096	-0.003788600919027132
0.06668067692136226	0.011877620206802268	-0.003728671315260458
0.06729766562843183	0.011881750768152134	-0.0036584912537744024
0.0679203632617185	0.011885959151168487	-0.0035758328229982786
0.0685488226452662	0.011890246655218541	-0.003477868723927591
0.0691830970918937	0.011894614586825307	-0.0033609813116598176
0.06982324040771719	0.011899064271014951	-0.0032205033571990126
0.07046930689671474	0.011903597075226835	-0.003050365471543061
0.07112135136533296	0.011908214456135538	-0.0028426179739160866
0.07177942912713622	0.011912918047282239	-0.002586789748761713
0.07244359600749906	0.011917709819181435	-0.0022690512945927133
0.0731139083483418	0.011922592366727767	-0.0018711848784522494
0.07379042301291015	0.01192756941615635	-0.0013694835997301446
0.07447319739059896	0.011932646696626848	-0.0007340228866906509
0.07516228940182061	0.011937833370549052	0.00007048074982733784
0.07585775750291844	0.011943144167655509	0.001079385238843801
0.07655966069112569	0.011948601925434526	0.002312864657930232
0.07726805850957029	0.01195423876154829	0.0037430349555578756
0.07798301105232593	0.011960091107749638	0.005242688442356716
0.07870457896950993	0.011966182044027223	0.006547253879406603
0.07943282347242822	0.011972493876850588	0.007310388327983299
0.08016780633876798	0.011978957955055429	0.007294875028756296
0.0809095899178383	0.011985488280265747	0.00654711267740392
0.0816582371358593	0.011992031811195047	0.005348173909971063
0.0824138115013003	0.01199858444508166	0.004011217524510179
0.08317637711026717	0.012005171741888808	0.0027452125476835373
0.08394599865193982	0.012011825756509296	0.0016429287814556648
0.08472274141405972	0.012018573441114285	0.0007230229416008045
0.08550667128846841	0.012025434274914055	-0.00003011094415785043
0.0862978547766971	0.012032421592354693	-0.0006429867559859259
0.08709635899560814	0.012039544539400836	-0.0011423602123147667
0.08790225168308852	0.012046809648805747	-0.0015513984876025576
0.08871560120379617	0.012054221904106	-0.001888906115619807
0.08953647655495947	0.01206178540656443	-0.0021697058198783398
0.09036494737223023	0.012069503779118881	-0.002405339908743991
0.09120108393559107	0.012077380407247644	-0.002604768112650734
0.09204495717531722	0.012085418581843256	-0.0027749586030754282
0.09289663867799372	0.012093621583707127	-0.002921356291340033
0.09375620069258811	0.01210199273369977	-0.0030482425922601394
0.09462371613657934	0.012110535422461467	-0.003159007962731737
0.09549925860214364	0.01211925312818961	-0.0032563573319646546
0.0963829023623971	0.012128149427379333	-0.003342464963383523
0.09727472237769656	0.012137228001457424	-0.0034190915581089865
0.09817479430199849	0.012146492641016813	-0.0034876732384605136
0.09908319448927681	0.0121559472488766	-0.003549389564065426
0.10000000000000005	0.0121655958423844	-0.0036052158583442023
0.10092528860766849	0.012175442555493113	-0.003655963736802502
0.10185913880541175	0.012185491640743526	-0.0037023127119827103
0.10280162981264741	0.012195747471373015	-0.0037448350073914375
0.10375284158180131	0.012206214543516489	-0.003784015169564954
0.10471285480509002	0.01221689747862741	-0.003820265669599567
0.1056817509213659	0.012227801026122993	-0.00385393939239363
0.10665961212302584	0.012238930066225163	-0.003885339695220158
0.10764652136298355	0.012250289613043334	-0.003914728556094054
0.10864256236170661	0.012261884817886929	-0.003942333211728294
0.10964781961431856	0.01227372097281105	-0.003968351594289673
0.1106623783977667	0.012285803514344112	-0.003992956807248892
0.11168632477805618	0.012298138027522165	-0.004016300828552867
0.1127197456175511	0.012310730250072493	-0.004038517588918899
0.11376272858234315	0.012323586076870716	-0.004059725542473564
0.11481536214968835	0.012336711564597548	-0.004080029822753573
0.11587773561551268	0.012350112936675034	-0.00409952405859604
0.11694993910198717	0.012363796588369695	-0.004118291909646547
0.11803206356517304	0.012377769092222836	-0.004136408369884206
0.11912420080273756	0.01239203720364333	-0.004153940878251262
0.12022644346174137	0.012406607866854463	-0.004170950268386813
0.1213388850464978	0.012421488221001595	-0.004187491583505595
0.12246161992650495	0.012436685606636265	-0.004203614777948823
0.12359474334445113	0.01245220757241303	-0.004219365323090237
0.12473835142429439	0.012468061882119932	-0.004234784732252329
0.1258925411794168	0.012484256522021632	-0.004249911016850169
0.12705741052085426	0.012500799708498064	-0.004264779083921696
0.12823305826560225	0.012517699896064247	-0.004279421083545682
0.1294195841449987	0.012534965785703468	-0.004293866713345025
0.13061708881318423	0.012552606333589154	-0.004308143486046458
0.1318256738556408	0.012570630760225089	-0.004322276965282991
0.13304544179780922	0.012589048559928106	-0.004336290973842176
0.13427649611378642	0.012607869510800406	-0.004350207778173238
0.13551894123510363	0.012627103685125401	-0.0043640482521969115
0.13677288255958495	0.012646761460234125	-0.004377832023139184
0.13803842646028852	0.01266685352987476	-0.004391577601703466
0.13931568029453034	0.012687390916128168	-0.004405302498549349
0.14060475241299142	0.012708384981822234	-0.004419023328803858
0.14190575216890927	0.01272984744359429	-0.00443275590606763
0.1432187899273544	0.012751790385503916	-0.00444651532723818
0.1445439770745928	0.01277422627334653	-0.004460316049235027
0.1458814260275349	0.012797167969604019	-0.004474171958625967
0.14723125024327194	0.012820628749164453	-0.004488096435009336
0.14859356422870074	0.01284462231574924	-0.004502102408896962
0.1499684835502374	0.012869162819196107	-0.004516202414792361
0.15135612484362088	0.012894264873549739	-0.004530408639984738
0.15275660582380732	0.012919943576099843	-0.004544732969711865
0.154170045294956	0.012946214527323833	-0.0045591870290020925
0.1555965631605075	0.012973093851874439	-0.004573782221755126
0.15703628043335532	0.01300059822063312	-0.004588529767375797
0.15848931924611143	0.013028744873876813	-0.004603440735322997
0.15995580286146696	0.01305755164567451	-0.004618526077923756
0.1614358556826487	0.013087036989547296	-0.004633796661712536
0.1629296032639723	0.013117220005486502	-0.004649263297620813
0.16443717232149324	0.013148120468406294	-0.004664936770272481
0.16595869074375613	0.013179758858161732	-0.004680827866634293
0.16749428760264382	0.013212156391138303	-0.00469694740429568
0.1690440931643265	0.01324533505363527	-0.004713306259656955
0.17060823890031243	0.01327931763706213	-0.004729915396223357
0.17218685749860077	0.013314127775091538	-0.0047467858933350595
0.17378008287493762	0.013349789982966745	-0.004763928975563204
0.1753880501841762	0.01338632969897	-0.004781356043117474
0.1770108958317422	0.013423773328353969	-0.004799078703509688
0.17864875748520517	0.01346214828975675	-0.004817108804871087
0.180301774085957	0.01350148306441968	-0.00483545847126967
0.18197008586099844	0.01354180724824343	-0.004854140140406481
0.18365383433483473	0.01358315160702851	-0.004873166604199842
0.18535316234148125	0.013625548135025239	-0.004892551052691444
0.18706821403658017	0.013669030117085106	-0.0049123071219035214
0.18879913490962946	0.013713632194654945	-0.004932448946227719
0.19054607179632482	0.013759390435880096	-0.004952991216094753
0.19230917289101596	0.013806342410157874	-0.004973949241729804
0.19408858775927793	0.013854527267456467	-0.004995339023940745
0.19588446735059908	0.01390398582274257	-0.005017177332992107
0.1976969640111862	0.013954760645950845	-0.005039481796772712
0.19952623149688808	0.014006896157863552	-0.00506227099970029
0.20137242498623895	0.014060438732462651	-0.005085564593933581
0.2032357010936223	0.014115436806130642	-0.0051093834247643724
0.20511621788255666	0.014171940994395893	-0.00513374967235286
0.20701413487910436	0.014230004216710812	-0.00515868701227239
0.2089296130854041	0.014289681830038804	-0.005184220797760148
0.2108628149933291	0.01435103177187478	-0.005210378266986095
0.21281390459827135	0.01441411471356369	-0.00523718877926142
0.21478304741305343	0.014478994224803476	-0.005264684084682495
0.21677041048196952	0.014545736950239896	-0.00529289863249369
0.2187761623949553	0.01461441279930204	-0.005321869924358131
0.22080047330189004	0.01468509515035764	-0.005351638919673474
0.22284351492703042	0.014757861070548993	-0.005382250501453896
0.22490546058357816	0.014832791552778503	-0.0054137540126812465
0.22698648518838224	0.014909971771268874	-0.00544620387473923
0.22908676527677735	0.014989491357674961	-0.005479660301759207
0.23120647901755953	0.015071444699495883	-0.00551419012699871
0.23334580622810033	0.015155931263099042	-0.005549867760532733
0.23550492838960102	0.015243055943735479	-0.005586776300912953
0.23768402866248772	0.015332929445151635	-0.005625008827827603
0.2398832919019491	0.015425668691899468	-0.005664669907801763
0.2421029046736179	0.015521397277775063	-0.005705877351393199
0.24434305526939726	0.01562024595390176	-0.0057487642673878705
0.246603933723434	0.015722353161080668	-0.005793481469119124
0.24888573182823917	0.015827865610717654	-0.005840200298422211
0.25118864315095807	0.01593693892017008	-0.005889115946789037
0.2535128630497908	0.016049738308242155	-0.005940451369140536
0.25585858869056466	0.016166439357833202	-0.0059944619061262526
0.2582260190634597	0.01628722885353973	-0.006051440755406899
0.26061535499988964	0.01641230570318329	-0.006111725463147528
0.2630267991895383	0.016541881953027224	-0.006175705644279782
0.26546055619755404	0.01667618390880012	-0.006243832187874696
0.2679168324819033	0.016815453375164532	-0.006316628261649392
0.2703958364108845	0.016959949029408995	-0.006394702503922852
0.2728977782808042	0.017109947946435625	-0.006478764882796162
0.27542287033381674	0.01726574729560876	-0.0065696458194232565
0.277971326775929	0.017427666232968157	-0.00666831931961269
0.2805433637951715	0.017596048015916976	-0.006775931045992195
0.28313919957993805	0.01777126237246183	-0.006893832504001457
0.2857590543374948	0.017953708162622536	-0.0070236228247979576
0.2884031503126607	0.018143816375492557	-0.0071672000280859705
0.29107171180666064	0.01834205351441504	-0.007326824169800141
0.2937649651961532	0.018548925431641466	-0.0075051954605261035
0.2964831389524344	0.018764981686018506	-0.0077055513380328115
0.29922646366081906	0.01899082051173108	-0.007931787666572558
0.30199517204020176	0.01922709450398979	-0.008188610822035246
0.30478949896279844	0.01947451715001744	-0.00848172955542016
0.307609681474071	0.01973387036142832	-0.00881809841698568
0.3104559588128357	0.020006013199671942	-0.009206228472863065
0.3133285724315587	0.020291892031042407	-0.009656586490003366
0.3162277660168381	0.02059255240497619	-0.010182111342557526
0.31915378551007634	0.02090915302466863	-0.010798887050177845
0.3221068791283436	0.02124298227594292	-0.011527027010843023
0.32508729738543457	0.02159547790998561	-0.012391845798302742
0.3280952931131192	0.02196825064762099	-0.013425426685321503
0.3311311214825913	0.022363112707744673	-0.01466874006864285
0.33419504002611444	0.022782112584025294	-0.01617453857791936
0.3372873086588691	0.02322757784449498	-0.018011362531362467
0.34040818970100106	0.023702168368229932	-0.020269157400003353
0.34355794789987465	0.024208943362491853	-0.023067272305093083
0.34673685045253166	0.024751446880931532	-0.026566045180720903
0.3499451670283573	0.025333818679449373	-0.030983920311373987
0.353183169791957	0.025960940791894187	-0.03662345619617978
0.35645113342624424	0.02663856174004941	-0.044014302020874294
0.3597493351557423	0.02737391582967998	-0.05345374559268386
0.36307805477010135	0.028175432595785622	-0.06616582745219667
0.36643757464783333	0.029053965202429425	-0.08342021510429094
0.3698281797802663	0.030023345639197247	-0.10739319775212126
0.3732501577957206	0.031101875604816857	-0.14169263049557718
0.37670379898390893	0.03231484701695653	-0.19269482437132102
0.38018939632056126	0.03369948140915916	-0.2727210755155256
0.38370724549227886	0.035316203521485914	-0.4089666550180121
0.3872576449216173	0.037280968165026226	-0.6759709314475981
0.3908408957924021	0.03989774248237721	-1.3805155327197045
0.39445730207527846	0.044291594059656283	-6.043358612665461
0.3981071705534973	0.039153043149624325	-0.5365016347398154
0.40179081084894	0.04571199176464398	-0.15239078655690802
0.40550853544838394	0.052019844569622734	-1.2013605406660506
0.40926065973001097	0.06165908326257449	-3.918664189569893
0.41304750199016144	0.08035718621456905	-13.56157337235684
0.4168693834703355	0.08600214209554312	-55.6417030820701
0.4207266283844442	0.032542965529249644	-55.95433313810114
0.424619563946313	0.032104424286533935	-21.894317126438676
0.4285485203974396	0.039597636948106696	-10.984161233381041
0.43251383103500884	0.04694410711825271	-7.090236141963915
0.4365158322401661	0.0544461638862486	-5.328482837605372
0.44055486350655343	0.06279753350301322	-4.432215082527473
0.4446312674691088	0.07278674278254844	-3.978807567328458
0.4487453899331323	0.08551101488114157	-3.8088768815034144
0.4528975799036209	0.10279639880884278	-3.8758145119373184
0.4570881896148752	0.12816810437918008	-4.214478593431183
0.46131757456037953	0.16966667717324901	-4.987158948482891
0.4655860935229591	0.2507686890366798	-6.7465444242278245
0.4698941086052156	0.4779369348436476	-12.85951839828321
0.4742419852602448	2.374254054931739	-73.4604237227971
0.47863009232263853	0.5293524801505824	-168.29374749168463
0.48305880203977286	0.25876399340869954	-174.52478194887556
0.4875284901033865	0.16979178475647427	-176.51002466790442
0.4920395356814511	0.12567006370117914	-177.4642908930108
0.49659232145033627	0.09931025186314657	-178.0139581259905
0.5011872336272725	0.08177512363153876	-178.36413982010077
0.5058246620031143	0.06926172317120133	-178.60141065696237
0.5105049999754064	0.05987812215421472	-178.76835132032767
0.5152286445817567	0.052577049040224984	-178.8881212551457
0.5199959965335162	0.04673179079928236	-178.97418903752785
0.5248074602497729	0.04194428603010408	-179.0347019052175
0.5296634438916581	0.037949515538138495	-179.07462810239895
0.5345643593969719	0.03456417224992229	-179.09686666634158
0.5395106225151278	0.031657405451190355	-179.1028302310462
0.5445026528424215	0.02913331320453764	-179.09273196156852
0.5495408738576248	0.026920038074275555	-179.06568988779975
0.5546257129579107	0.024962754989693553	-179.01971390530355
0.5597576014951101	0.023219056617748098	-178.95163805095578
0.5649369748123025	0.02165588067769454	-178.85711276321211
0.5701642722807475	0.020247462084744386	-178.73091817993568
0.5754399373371569	0.018973933257246826	-178.56815145037447
0.580764417521312	0.017820131233304615	-178.36720028755187
0.5861381645140288	0.016773865188843672	-178.13511760917882
0.591561634175474	0.01582265181934846	-177.89293898085262
0.5970352865838369	0.014949029464118014	-177.6713278134544
0.6025595860743578	0.014127901345401598	-177.48515995964323
0.6081350012787179	0.013329788490237453	-177.29491491270304
0.6137620051647943	0.01252513518527953	-176.97160382723237
0.6194410750767815	0.01167898198575053	-176.20322453735068
0.6251726927756859	0.010747207572333549	-173.9476885033019
0.6309573444801934	0.010180945851439008	-165.46717972013403
0.6367955209079159	0.012635684815200629	-166.68569785034668
0.6426877173170198	0.012191131770284925	-172.1365677123032
0.6486344335482385	0.01126627832915082	-178.76923547700912
0.654636174067275	0.009630985326134624	179.7150495921748
0.6606934480075961	0.010490581016973016	-179.44825332146223
0.6668067692136223	0.009422121914090292	-179.94574154375914
0.6729766562843178	0.008820039200100145	179.97181089811204
0.6792036326171846	0.008328068927241373	179.95058716522027
0.6854882264526617	0.007893701681471193	179.94805404222498
0.6918309709189366	0.007498033968942626	179.9516317522785
0.6982324040771715	0.00713155176996839	179.95645487860554
0.7046930689671471	0.006788539835491146	179.96060178103406
0.7112135136533292	0.006465178749587267	179.96347825698837
0.7177942912713619	0.006158724940627013	179.96507601533077
0.7244359600749902	0.005867095765980057	179.9655986654367
0.7311390834834176	0.005588636665578574	179.9652855825099
0.7379042301291011	0.005321981585590561	179.96434261795505
0.7447319739059892	0.00506596475744	179.96292441888403
0.7516228940182057	0.0048195613249597	179.96113788557963
0.758577575029184	0.004581843345212207	179.95905224549875
0.7655966069112565	0.0043519415486632405	179.9567101667059
0.7726805850957026	0.004129003082053744	179.9541391990623
0.7798301105232589	0.003912129298919007	179.95136674965315
0.7870457896950989	0.003700256131294614	179.948449838878
0.7943282347242817	0.003491864219049151	179.94556107998613
0.8016780633876793	0.0032840852400184777	179.9433300738479
0.8090958991783825	0.0030688331243737673	179.9449118320352
0.8165823713585927	0.002799501351674558	179.98753385625105
0.8241381150130026	0.0032919442559130735	-179.37536274136656
0.8317637711026713	0.0026727618740145336	179.94668134825426
0.8394599865193977	0.0024517933198950183	179.9205222828683
0.8472274141405968	0.002259584946896692	179.90718089736933
0.8550667128846836	0.0020768675197230645	179.8949398498618
0.8629785477669706	0.0018987998856439254	179.88150167360246
0.870963589956081	0.0017233480211445529	179.86568012962942
0.8790225168308847	0.0015493246749727788	179.8462917153772
0.8871560120379608	0.0013758562502025934	179.82173154426727
0.8953647655495938	0.0012021919076987072	179.7895092461657
0.9036494737223014	0.0010276195129366493	179.74539461692152
0.9120108393559097	0.0008514207534774097	179.68148798590843
0.9204495717531712	0.0006728418826654135	179.58108053309917
0.9289663867799363	0.0004910708384631811	179.4015909533567
0.9375620069258802	0.00030521872086398976	178.99287224924473
0.946237161365793	0.00011434207247248114	177.17672328757894
0.9549925860214359	0.00008321082796868173	4.090639435021502
0.9638290236239705	0.0002878105635983648	1.2508497954787074
0.9727472237769651	0.0005015895982507577	0.763201781862565
0.9817479430199844	0.0007262285232626825	0.5633960114009836
0.9908319448927676	0.0009638394343868526	0.45624873845461295
1.	0.001216971319333208	0.3907528949711669
1.0092528860766845	0.0014887284973183826	0.347756191140359
1.0185913880541169	0.001782938222744803	0.3185031490707059
1.0280162981264735	0.002104383667002734	0.29847851941913545
1.0375284158180127	0.0024591327043529034	0.2851804961919148
1.0471285480508996	0.0028550115857259883	0.2771863340708534
1.0568175092136585	0.0033023039038923025	0.2737229261385336
1.066596121230258	0.003814810727468819	0.27446534696983527
1.076465213629835	0.004411510307965037	0.27945682579062664
1.0864256236170655	0.005119254386957155	0.28911220328075604
1.096478196143185	0.005977344621768203	0.30430452756682885
1.1066237839776665	0.00704572065832922	0.3265707282123522
1.1168632477805611	0.008420591161858344	0.3585342557091938
1.1271974561755105	0.010266818030688093	0.40478606909523246
1.1376272858234309	0.012892588161272906	0.47385459242296313
1.1481536214968828	0.01694886706838537	0.5830875373323958
1.1587773561551262	0.02409188682046159	0.7721801029945895
1.1694993910198712	0.04016614213559742	1.1355658127586667
1.1803206356517297	0.11078775471043041	1.1492382677620174
1.191242008027375	0.184640574358494	178.70130436541078
1.2022644346174132	0.05010979160821947	178.90281662730115
1.2133888504649775	0.029427561575986506	179.2793993017003
1.224616199265049	0.021034825131184147	179.46978106968803
1.2359474334445106	0.016472663113563796	179.5793414742746
1.2473835142429432	0.013598444069907806	179.64868710928954
1.2589254117941675	0.011617114589631614	179.69527064699096
1.270574105208542	0.010165555068678438	179.72761599391634
1.2823305826560218	0.009054295524176628	179.75028469017826
1.2941958414499863	0.008174799585383734	179.76585471797372
1.3061708881318417	0.007460436653781878	179.7757952984498
1.3182567385564075	0.006868064896756619	179.78087563158434
1.3304544179780915	0.006368557913450888	179.78134633121732
1.3427649611378643	0.005941595199863525	179.77698316897153
1.3551894123510364	0.00557264664711859	179.76701147475782
1.3677288255958495	0.00525116578492707	179.7498725604132
1.3803842646028852	0.004969502027035686	179.722705164288
1.3931568029453034	0.004722298554231748	179.68020997498903
1.4060475241299142	0.004506319011690987	179.611986006621
1.4190575216890926	0.004320874578704634	179.49550578129495
1.432187899273544	0.004169604199960339	179.27416334368007
1.4454397707459279	0.004066524414113292	178.76906788677604
1.4588142602753489	0.00405822084240848	177.14774765747842
1.4723125024327193	0.0041237858928949035	167.475738666419
1.4859356422870074	0.0026907398825343665	168.86336266138156
1.499684835502374	0.002820170322502504	178.08159114026893
1.5135612484362087	0.0028386277545963097	179.3522726573631
1.5275660582380732	0.002793896348658207	179.70232854818659
1.54170045294956	0.002727570688367372	179.83923411454268
1.555965631605075	0.002653650480546249	179.90418694130662
1.5703628043335531	0.002577714390426897	179.93899123706788
1.584893192461114	0.002502257302428865	179.95926712558466
1.5995580286146696	0.0024284627697343294	179.97182139626833
1.6143585568264869	0.0023568949518717225	179.9799634258157
1.629296032639723	0.002287803480589395	179.98543971429814
1.6443717232149324	0.0022212704908682506	179.98923265568962
1.6595869074375613	0.0021572865378510445	179.99192375824452
1.6749428760264382	0.0020957918701048077	179.9938719004607
1.690440931643265	0.0020366997467053485	179.99530639788202
1.7060823890031243	0.001979909973561692	179.9963781482299
1.7218685749860079	0.0019253168952679401	179.9971889779592
1.7378008287493762	0.001872814142120929	179.9978091130265
1.753880501841762	0.001822297430054821	179.99828791601746
1.770108958317422	0.0017736661700339512	179.99866067069783
1.7864875748520517	0.0017268243400714093	179.99895297502812
1.803017740859568	0.0016816808974953734	179.99918364792165
1.8197008586099825	0.00163814990468881	179.99936669011143
1.8365383433483455	0.0015961504779612625	179.9995126300777
1.8535316234148105	0.0015556066297178525	179.9996294624623
1.8706821403657996	0.0015164470491230435	179.9997233117089
1.8879913490962925	0.001478604850447597	179.99979890749142
1.9054607179632463	0.0014420173078946515	179.99985992935757
1.9230917289101574	0.0014066255888960607	179.99990925928776
1.9408858775927773	0.0013723744933821012	179.99994916863022
1.958844673505989	0.001339212203557679	179.9999814577431
1.97696964011186	0.001307090046751404	-179.99999243879748
1.9952623149688788	0.0012759622726059483	-179.99997137230403
2.0137242498623875	0.0012457858450289267	-179.99995441885866
2.032357010936221	0.001216520248776736	-179.99994083223575
2.0511621788255647	0.0011881273102009838	-179.99993000740704
2.0701413487910414	0.0011605710314825538	-179.9999214520804
2.0892961308540388	0.0011338174375660462	-179.99991476437907
2.108628149933289	0.001107834434957338	-179.99990961524404
2.1281390459827114	0.0010825916815374865	-179.99990573449153
2.147830474130533	0.001058060466563213	-179.99990289971475
2.167704104819694	0.00103421360005745	-179.99990092741083
2.1877616239495516	0.0010110253108363896	-179.99989966585773
2.208004733018899	0.0009884711524673375	-179.99989898937343
2.228435149270303	0.0009665279165014435	-179.99989879367237
2.2490546058357803	0.0009451735523750594	-179.9998989920958
2.2698648518838214	0.0009243870934217137	-179.99989951254264
2.2908676527677723	0.0009041485884824523	-179.9999002949614
2.312064790175594	0.0008844390386457651	-179.9999012892961
2.333458062281002	0.0008652403386883553	-179.9999024537982
2.355049283896009	0.0008465352228253859	-179.9999037536364
2.376840286624876	0.0008283072144131516	-179.99990515974852
2.39883291901949	0.0008105405792785353	-179.9999066478914
2.4210290467361775	0.0007932202823784158	-179.9999081978526
2.4434305526939712	0.0007763319475183298	-179.9999097927952
2.4660393372343385	0.0007598618198837338	-179.9999114187124
2.48885731828239	0.0007437967311587595	-179.99991306397203
2.5118864315095797	0.0007281240670272076	-179.99991471893628
2.535128630497907	0.0007128317368684387	-179.99991637564298
2.5585858869056453	0.0006979081454770465	-179.99991802753883
2.582260190634596	0.0006833421666500278	-179.999919669255
2.6061535499988953	0.0006691231184985589	-179.99992129641896
2.6302679918953813	0.0006552407403536524	-179.99992290549577
2.654605561975539	0.0006416851711460564	-179.99992449365456
2.6791683248190314	0.0006284469291507946	-179.99992605865594
2.703958364108843	0.0006155168929958715	-179.99992759875693
2.7289777828080406	0.0006028862838429978	-179.99992911263072
2.7542287033381663	0.0005905466486557214	-179.99993059929892
2.7797132677592886	0.000578489844477249	-179.99993205807417
2.805433637951713	0.0005667080236465061	-179.9999334885117
2.831391995799379	0.0005551936198866879	-179.99993489036837
2.8575905433749464	0.0005439393352057807	-179.99993626356795
2.8840315031266055	0.0005329381275532707	-179.9999376081718
2.910717118066605	0.0005221831991816167	-179.99993892435427
2.9376496519615305	0.0005116679856650267	-179.99994021238135
2.9648313895243423	0.000501386145531705	-179.99994147259346
2.992264636608189	0.0004913315504690762	-179.9999427053902
3.019951720402016	0.0004814982760645182	-179.99994391121783
3.047894989627983	0.00047188059304694173	-179.9999450905588
3.076096814740708	0.0004624729589971025	-179.99994624392278
3.1045595881283554	0.00045327001049689304	-179.99994737183926
3.1332857243155856	0.00044426655569001106	-179.99994847485124
3.162277660168379	0.00043545756722838957	-179.99994955351008
3.1915378551007616	0.00042683817558059566	-179.99995060837128
3.2210687912834346	0.00041840366268009176	-179.9999516399908
3.250872973854344	0.00041014945589279444	-179.99995264892215
3.2809529311311905	0.000402071122284794	-179.99995363571412
3.311311214825911	0.0003941643631724169	-179.99995460090872
3.3419504002611427	0.00038642500893802786	-179.9999555450397
3.372873086588689	0.00037884901409608335	-179.99995646863132
3.404081897010009	0.0003714324525950011	-179.9999573721974
3.4355794789987466	0.00036417151334134924	-179.99995825624057
3.4673685045253166	0.0003570624959337672	-179.99995912125192
3.499451670283573	0.00035010180659483635	-179.99995996771034
3.53183169791957	0.00034328595428989236	-179.99996079608263
3.5645113342624426	0.0003366115470224698	-179.99996160682312
3.5974933515574232	0.00033007528829673136	-179.9999624003738
3.630780547701014	0.0003236739737378392	-179.99996317716437
3.664375746478333	0.00031740448786179325	-179.99996393761234
3.6982817978026628	0.0003112638009867864	-179.99996468212308
3.732501577957206	0.00030524896627861657	-179.99996541109027
3.767037989839089	0.0002993571169231497	-179.99996612489585
3.801893963205613	0.00029358546341925226	-179.99996682391054
3.8370724549227884	0.0002879312909860079	-179.99996750849397
3.8725764492161727	0.0002823919570783961	-179.99996817899498
3.908408957924021	0.00027696488900596063	-179.99996883575187
3.944573020752785	0.0002716475816493112	-179.99996947909284
3.981071705534973	0.00026643759526960104	-179.9999701093361
4.0179081084894	0.0002613325534064011	-179.9999707267901
4.055085354483839	0.00025633014085965487	-179.99997133175413
4.09260659730011	0.00025142810175163375	-179.99997192451806
4.130475019901614	0.0002466242376650447	-179.99997250536293
4.168693834703355	0.000241916405853641	-179.99997307456078
4.207266283844442	0.00023730251752188957	-179.99997363237495
4.24619563946313	0.00023278053617040718	-179.99997417905985
4.285485203974396	0.00022834847600403704	-179.9999747148608
4.325138310350088	0.00022400440039955274	-179.99997524001338
4.365158322401661	0.00021974642043005052	-179.99997575474245
4.405548635065534	0.00021557269344308865	-179.9999762592601
4.446312674691089	0.00021148142168947798	-179.99997675376213
4.487453899331323	0.0002074708509991768	-179.99997723842114
4.528975799036209	0.00020353926949958997	-179.99997771337297
4.570881896148752	0.00019968500636873525	-179.9999781786882
4.613175745603791	0.00019590643060823535	-179.9999786343056
4.655860935229586	0.0001922019497991439	-179.9999790798597
4.698941086052151	0.00018857000872851942	-179.99997951414917
4.742419852602444	0.00018500908745215265	-179.9999799330453
4.7863009232263805	0.00018151769636346718	-179.99998031704465
4.830588020397723	0.00017809433942639672	-179.99998043973335
4.875284901033861	0.0001747382887428952	-179.99997853373412
4.920395356814506	0.00017144667969725438	-179.99998149192592
4.965923214503357	0.00016821929986885796	-179.99998196216765
5.01187233627272	0.0001650545749757082	-179.99998236422485
5.058246620031137	0.00016195120102698287	-179.99998274761782
5.105049999754059	0.00015890791544497933	-179.99998312025176
5.152286445817562	0.00015592348664610628	-179.99998348438095
5.1999599653351565	0.0001529967116075781	-179.999983840909
5.248074602497723	0.00015012641467642714	-179.9999841903034
5.296634438916575	0.00014731144669954117	-179.99998453286054
5.345643593969713	0.00014455068427077328	-179.99998486879915
5.395106225151273	0.00014184302903542216	-179.99998519829853
5.445026528424209	0.00013918740703080238	-179.99998552151573
5.495408738576242	0.0001365827680540011	-179.999985838594
5.5462571295791046	0.00013402808505250867	-179.99998614966745
5.597576014951099	0.0001315223535353123	-179.99998645486352
5.649369748123022	0.00012906459100290807	-179.99998675430442
5.701642722807472	0.00012665383639511534	-179.9999870481081
5.754399373371567	0.0001242891495558107	-179.99998733638887
5.807644175213118	0.00012196961071383065	-179.99998761925784
5.861381645140285	0.00011969431997938077	-179.9999878968231
5.9156163417547365	0.00011746239685534558	-179.99998816919006
5.9703528658383656	0.00011527297976293822	-179.99998843646165
6.025595860743575	0.00011312522558116478	-179.9999886987382
6.081350012787176	0.00011101830919960396	-179.99998895611793
6.137620051647939	0.00010895142308403114	-179.99998920869672
6.194410750767812	0.00010692377685443644	-179.9999894565684
6.251726927756856	0.00010493459687500658	-179.9999896998246
6.30957344480193	0.00010298312585566073	-179.99998993855522
6.367955209079155	0.00010106862246474537	-179.999990172848
6.426877173170194	0.00009919036095251304	-179.99999040278885
6.486344335482381	0.00009734763078502183	-179.99999062846203
6.546361740672747	0.00009553973628810969	-179.99999084994985
6.6069344800759575	0.00009376599630111024	-179.99999106733293
6.668067692136219	0.0000920257438399904	-179.99999128069032
6.729766562843175	0.00009031832576960254	-179.99999149009932
6.792036326171843	0.00008864310248475581	-179.99999169563574
6.854882264526613	0.00008699944759982314	-179.9999918973738
6.918309709189362	0.00008538674764661049	-179.99999209538615
6.9823240407717115	0.00008380440178022596	-179.99999228974409
7.046930689671467	0.00008225182149269644	-179.9999924805174
7.112135136533288	0.00008072843033408784	-179.9999926677745
7.177942912713615	0.0000792336636408955	-179.99999285158236
7.244359600749899	0.00007776696827147952	-179.99999303200673
7.311390834834173	0.00007632780234832702	-179.99999320911198
7.379042301291007	0.00007491563500693275	-179.99999338296118
7.447319739059888	0.00007352994615109682	-179.99999355361624
7.516228940182053	0.00007217022621444456	-179.99999372113774
7.585775750291836	0.00007083597592798181	-179.9999938855852
7.655966069112561	0.00006952670609350436	-179.99999404701688
7.726805850957022	0.00006824193736268846	-179.99999420548994
7.798301105232586	0.00006698120002169317	-179.9999943610604
7.870457896950985	0.00006574403378111313	-179.99999451378318
7.943282347242813	0.00006452998757112525	-179.99999466371222
8.01678063387679	0.00006333861934167777	-179.99999481090032
8.090958991783822	0.0000621694958675764	-179.9999949553993
8.165823713585922	0.0000610221925583264	-179.99999509726
8.241381150130021	0.00005989629327259446	-179.99999523653227
8.317637711026709	0.000058791390137159354	-179.999995373265
8.394599865193973	0.000057707083370223846	-179.99999550750613
8.472274141405963	0.000056642981108965165	-179.9999956393027
8.550667128846833	0.000055598699241205985	-179.9999957687009
8.629785477669701	0.00005457386124109024	-179.999995895746
8.709635899560805	0.00005356809800865339	-179.99999602048237
8.790225168308842	0.000052581047713179955	-179.99999614295362
8.871560120379607	0.000051612355640243607	-179.99999626320252
8.953647655495937	0.00005066167404233054	-179.999996381271
9.036494737223014	0.000049728661992947834	-179.9999964972002
9.120108393559097	0.00004881298524412349	-179.99999661103053
9.204495717531712	0.00004791431608720606	-179.9999967228016
9.289663867799362	0.000047032333216877024	-179.9999968325523
9.375620069258803	0.00004616672159828878	-179.99999694032084
9.462371613657929	0.00004531717233724684	-179.99999704614467
9.549925860214358	0.00004448338255335539	-179.9999971500605
9.638290236239705	0.00004366505525604836	-179.99999725210444
9.727472237769652	0.0000428618992234313	-179.99999735231188
9.817479430199844	0.000042073628883860286	-179.9999974507176
9.908319448927676	0.00004129996420018763	-179.9999975473557
10.	0.0000405406305566055	-179.99999764225967
10.092528860766844	0.00003979535864802102	-179.99999773546236
10.18591388054117	0.00003906388437189809	-179.9999978269961
10.280162981264736	0.00003834594872250341	-179.9999979168925
10.375284158180126	0.000037641297687495986	-179.9999980051827
10.471285480508996	0.000036949682146800975	-179.99999809189717
10.568175092136585	0.00003627085777371081	-179.999998177066
10.665961212302578	0.00003560458493815773	-179.99999826071854
10.76465213629835	0.00003495062861210415	-179.99999834288369
10.864256236170656	0.00003430875827699823	-179.99999842358986
10.964781961431852	0.00003367874783324369	-179.99999850286488
11.066237839776663	0.000033060375511634725	-179.99999858073616
11.168632477805613	0.000032453423786707714	-179.99999865723055
11.271974561755105	0.000031857679291963354	-179.99999873237442
11.37627285823431	0.00003127293273691354	-179.9999988061937
11.481536214968829	0.00003069897882590935	-179.99999887871388
11.587773561551263	0.00003013561617870685	-179.99999894995995
11.694993910198711	0.000029582647252729585	-179.99999901995642
11.803206356517286	0.000029039878266986868	-179.9999990887275
11.912420080273739	0.000028507119127608365	-179.99999915629684
12.022644346174118	0.000027984183354957843	-179.9999992226877
12.133888504649763	0.00002747088801228694	-179.999999287923
12.246161992650476	0.000026967053635894538	-179.99999935202524
12.359474334445094	0.000026472504166755317	-179.99999941501642
12.47383514242942	0.000025987066883583806	-179.9999994769183
12.589254117941662	0.000025510572337300347	-179.99999953775222
12.705741052085406	0.000025042854286866415	-179.99999959753907
12.823305826560205	0.00002458374963645788	-179.99999965629948
12.941958414499851	0.000024133098373945228	-179.9999997140537
13.061708881318404	0.000023690743510650886	-179.99999977082163
13.182567385564061	0.000023256531022354455	-179.99999982662277
13.304544179780901	0.00002283030979151735	-179.9999998814764
13.427649611378628	0.000022411931550699276	-179.99999993540143
13.551894123510351	0.000022001250827139462	-179.99999998841642
13.67728825595848	0.000021598124888476458	179.99999995946038
13.803842646028839	0.000021202413689580823	179.99999990821095
13.931568029453022	0.00002081397982047585	179.99999985781764
14.060475241299129	0.000020432688455321936	179.99999980826308
14.190575216890911	0.000020058407302440913	179.99999975953017
14.321878992735424	0.000019691006555357282	179.99999971160207
14.454397707459265	0.000019330358844833832	179.99999966446228
14.588142602753473	0.000018976339191879607	179.99999961809448
14.723125024327178	0.00001862882496170891	179.99999957248266
14.859356422870059	0.000018287695818630466	179.99999952761107
14.996848355023726	0.000017952833681846285	179.99999948346417
15.135612484362072	0.000017624122682140484	179.99999944002673
15.275660582380716	0.000017301449119438612	179.99999939728366
15.417004529495584	0.000016984701421218683	179.99999935522018
15.559656316050734	0.000016673770101755312	179.99999931382175
15.703628043335515	0.000016368547722179152	179.9999992730739
15.848931924611126	0.00001606892885133396	179.99999923296264
15.995580286146678	0.000015774810027414165	179.99999919347394
16.143585568264854	0.00001548608972036627	179.9999991545941
16.292960326397214	0.000015202668295037756	179.99999911630957
16.443717232149307	0.00001492444797505744	179.99999907860703
16.595869074375596	0.00001465133280743193	179.99999904147336
16.749428760264365	0.00001438322862784281	179.99999900489556
16.90440931643263	0.000014120043026629838	179.99999896886087
17.060823890031227	0.000013861685315445585	179.9999989333567
17.21868574986006	0.00001360806649456747	179.9999988983706
17.378008287493746	0.000013359099220853273	179.99999886389028
17.5388050184176	0.000013114697776326728	179.99999882990366
17.701089583174202	0.000012874778037379915	179.99999879639876
17.864875748520497	0.000012639257444579681	179.99999876336378
18.03017740859568	0.000012408054973065429	179.99999873078707
18.197008586099827	0.000012181091103525998	179.9999986986571
18.365383433483455	0.00001195828779374366	179.99999866696248
18.535316234148105	0.000011739568450693434	179.99999863569198
18.706821403657997	0.00001152485790318631	179.99999860483447
18.879913490962927	0.00001131408237504512	179.99999857437894
19.054607179632463	0.000011107169458802131	179.9999985443145
19.230917289101576	0.000010904048089907593	179.9999985146304
19.408858775927772	0.000010704648521438873	179.99999848531598
19.58844673505989	0.000010508902299299806	179.99999845636063
19.769696401118598	0.00001031674223790037	179.99999842775395
19.952623149688787	0.000010128102396306785	179.99999839948555
20.137242498623873	9.942918054852612e-6	179.99999837154513
20.32357010936221	9.761125692201307e-6	179.99999834392256
20.511621788255646	9.582662962851255e-6	179.99999831660767
20.701413487910415	9.407468675074202e-6	179.99999828959048
20.892961308540386	9.235482769278383e-6	179.99999826286097
21.086281499332888	9.066646296787834e-6	179.9999982364093
21.28139045982711	8.900901399029369e-6	179.99999821022558
21.47830474130533	8.738191287119162e-6	179.9999981843001
21.67704104819694	8.578460221840851e-6	179.99999815862307
21.87761623949552	8.421653494007342e-6	179.99999813318482
22.080047330188993	8.267717405198619e-6	179.99999810797576
22.28435149270303	8.116599248868034e-6	179.99999808298622
22.490546058357804	7.968247291809804e-6	179.9999980582067
22.698648518838212	7.822610755980445e-6	179.99999803362758
22.908676527677724	7.67963980066708e-6	179.9999980092394
23.12064790175594	7.539285504995895e-6	179.99999798503262
23.33458062281002	7.401499850773775e-6	179.99999796099775
23.55049283896009	7.266235705656712e-6	179.99999793712527
23.76840286624876	7.1334468066383816e-6	179.99999791340576
23.9883291901949	7.003087743852719e-6	179.99999788982961
24.210290467361776	6.875113944684123e-6	179.9999978663874
24.434305526939713	6.749481658179375e-6	179.99999784306948
24.660393372343385	6.626147939755277e-6	179.99999781986642
24.888573182823905	6.505070636196207e-6	179.99999779676853
25.118864315095795	6.386208370935904e-6	179.99999777376618
25.351286304979073	6.2695205296179056e-6	179.99999775084976
25.58585886905645	6.154967245929233e-6	179.99999772800948
25.82260190634596	6.04250938770188e-6	179.9999977052355
26.06153549998895	5.932108543277007e-6	179.99999768251803
26.302679918953814	5.823727008126609e-6	179.9999976598471
26.54605561975539	5.717327771727709e-6	179.99999763721272
26.791683248190314	5.612874504684121e-6	179.99999761460472
27.039583641088434	5.510331546091009e-6	179.99999759201293
27.289777828080403	5.4096638911374875e-6	179.999997569427
27.542287033381662	5.310837178942686e-6	179.9999975468365
27.797132677592884	5.213817680620733e-6	179.99999752423088
28.05433637951713	5.118572287570241e-6	179.99999750159935
28.31391995799379	5.025068499983907e-6	179.99999747893116
28.575905433749465	4.933274415574089e-6	179.99999745621523
28.84031503126606	4.843158718510032e-6	179.99999743344037
29.10717118066605	4.754690668562817e-6	179.99999741059526
29.376496519615305	4.667840090453937e-6	179.9999973876683
29.648313895243422	4.582577363403607e-6	179.99999736464767
29.92264636608189	4.498873410874991e-6	179.99999734152152
30.19951720402016	4.416699690510551e-6	179.99999731827754
30.4789498962798	4.336028184256858e-6	179.99999729490327
30.76096814740705	4.2568313886742115e-6	179.99999727138598
31.045595881283525	4.179082305427628e-6	179.99999724771268
31.332857243155825	4.102754431955582e-6	179.99999722387005
31.62277660168376	4.027821752313219e-6	179.9999971998445
31.91537855100758	3.954258728186647e-6	179.99999717562204
32.21068791283432	3.882040290075087e-6	179.9999971511884
32.50872973854341	3.811141828637623e-6	179.99999712652897
32.80952931131187	3.741539186201471e-6	179.9999971016286
33.11311214825908	3.6732086484286485e-6	179.99999707647189
33.41950400261139	3.6061269361380706e-6	179.9999970510429
33.72873086588685	3.540271197280075e-6	179.99999702532526
34.040818970100055	3.475618999060519e-6	179.99999699930217
34.35579478998743	3.4121483202115887e-6	179.9999969729562
34.67368504525313	3.3498375434065386e-6	179.99999694626948
34.994516702835696	3.2886654478156365e-6	179.9999969192235
35.318316979195664	3.228611201800656e-6	179.99999689179919
35.64511334262439	3.1696543557452565e-6	179.99999686397678
35.9749335155742	3.111774835018715e-6	179.99999683573586
36.3078054770101	3.054952933070491e-6	179.99999680705534
36.64375746478329	2.9991693046531095e-6	179.99999677791334
36.98281797802659	2.944404959171011e-6	179.99999674828712
37.32501577957203	2.8906412541529312e-6	179.9999967181532
37.670379898390856	2.8378598888455165e-6	179.99999668748714
38.01893963205609	2.786042897925878e-6	179.99999665626356
38.370724549227845	2.7351726453308636e-6	179.99999662445603
38.72576449216169	2.685231818200829e-6	179.9999965920372
39.08408957924017	2.6362034209357863e-6	179.99999655897847
39.44573020752781	2.5880707693617953e-6	179.99999652525005
39.81071705534969	2.540817485005539e-6	179.99999649082096
40.17908108489396	2.494427489475066e-6	179.99999645565885
40.55085354483835	2.4488849989446975e-6	179.9999964197299
40.92606597300105	2.404174518742157e-6	179.99999638299883
41.304750199016105	2.360280838036009e-6	179.9999963454288
41.68693834703351	2.3171890246215507e-6	179.9999963069812
42.07266283844438	2.274884419803272e-6	179.99999626761556
42.46195639463126	2.233352633372158e-6	179.99999622728967
42.85485203974392	2.1925795386759938e-6	179.99999618595908
43.251383103500835	2.152551267780995e-6	179.9999961435773
43.65158322401656	2.1132542067230386e-6	179.9999961000954
44.0554863506553	2.0746749908468486e-6	179.9999960554621
44.46312674691084	2.0368005002314935e-6	179.99999600962343
44.87453899331318	1.999617855200608e-6	179.99999596252252
45.28975799036204	1.9631144119157643e-6	179.99999591409963
45.708818961487474	1.9272777580514875e-6	179.99999586429172
46.13175745603791	1.8920957085503602e-6	179.9999958130323
46.55860935229586	1.8575563014568055e-6	179.9999957602513
46.98941086052151	1.8236477938280529e-6	179.99999570587457
47.42419852602443	1.7903586577209196e-6	179.99999564982383
47.8630092322638	1.7576775762529972e-6	179.9999955920162
48.30588020397723	1.7255934397368952e-6	179.99999553236398
48.7528490103386	1.6940953418862285e-6	179.99999547077422
49.20395356814506	1.6631725760920473e-6	179.99999540714833
49.65923214503358	1.6328146317684381e-6	179.9999953413816
50.118723362727195	1.6030111907660685e-6	179.9999952733629
50.58246620031137	1.5737521238524564e-6	179.99999520297396
51.0504999975406	1.5450274872577986e-6	179.99999513008896
51.52286445817562	1.5168275192851871e-6	179.99999505457376
51.99959965335157	1.4891426369841055e-6	179.99999497628542
52.48074602497723	1.461963432886112e-6	179.99999489507124
52.966344389165755	1.4352806718016404e-6	179.99999481076816
53.45643593969714	1.4090852876768872e-6	179.99999472320172
53.95106225151273	1.3833683805097894e-6	179.99999463218515
54.450265284242086	1.3581212133241205e-6	179.99999453751815
54.95408738576243	1.333335209200768e-6	179.99999443898585
55.462571295791044	1.3090019483652973e-6	179.99999433635742
55.97576014951099	1.2851131653309332e-6	179.99999422938455
56.49369748123023	1.2616607460961374e-6	179.99999411779982
57.01642722807472	1.2386367253960006e-6	179.99999400131483
57.543993733715666	1.2160332840067014e-6	179.9999938796184
58.07644175213118	1.1938427461023552e-6	179.99999375237394
58.61381645140285	1.1720575766636004e-6	179.9999936192172
59.15616341754737	1.1506703789373467e-6	179.99999347975324
59.70352865838366	1.1296738919471677e-6	179.99999333355333
60.255958607435744	1.1090609880538843e-6	179.99999318015142
60.81350012787176	1.0888246705659728e-6	179.99999301903995
61.37620051647939	1.0689580713995193e-6	179.9999928496653
61.94410750767812	1.0494544487875388e-6	179.9999926714227
62.51726927756855	1.0303071850385858e-6	179.99999248365037
63.0957344480193	1.0115097843447455e-6	179.9999922856227
63.67955209079155	9.930558706392146e-7	179.9999920765428
64.26877173170195	9.749391855038806e-7	179.99999185553366
64.86344335482381	9.571535861275156e-7	179.9999916216283
65.46361740672747	9.396930433154494e-7	179.99999137375818
66.06934480075958	9.225516395518785e-7	179.9999911107401
66.68067692136219	9.057235671163312e-7	179.99999083126085
67.29766562843174	8.892031262562077e-7	179.99999053385946
67.92036326171844	8.729847234178461e-7	179.9999902169066
68.54882264526613	8.570628695391728e-7	179.99998987858064
69.18309709189363	8.414321784077188e-7	179.99998951683907
69.82324040771712	8.260873650887498e-7	179.9999891293856
70.46930689671467	8.110232444293231e-7	179.99998871363078
71.12135136533288	7.96234729645522e-7	179.99998826664543
71.77942912713615	7.817168310018303e-7	179.9999877851053
72.44359600749898	7.67464654593777e-7	179.99998726522458
73.11390834834172	7.534734012477051e-7	179.9999867026761
73.79042301291008	7.397383655549921e-7	179.99998609249496
74.47319739059888	7.26254935062437e-7	179.99998542896117
75.16228940182053	7.13018589646201e-7	179.9999847054562
75.85775750291836	7.000249011040258e-7	179.9999839142868
76.55966069112561	6.872695330099904e-7	179.99998304646664
77.26805850957021	6.747482408886531e-7	179.9999820914443
77.98301105232578	6.624568727820836e-7	179.99998103676174
78.70457896950977	6.503913703056005e-7	179.99997986762193
79.43282347242805	6.38547770318224e-7	179.9999785663374
80.16780633876782	6.26922207375051e-7	179.99997711161998
80.90958991783813	6.155109171857738e-7	179.99997547765724
81.65823713585914	6.043102413832756e-7	179.9999736328995
82.41381150130013	5.933166340192643e-7	179.99997153844743
83.176377110267	5.825266703664097e-7	179.9999691458835
83.94599865193965	5.719370588438035e-7	179.99996639431475
84.72274141405954	5.615446572350416e-7	179.99996320628176
85.50667128846823	5.513464949014811e-7	179.99995948200566
86.29785477669692	5.413398035165202e-7	179.99995509115308
87.09635899560797	5.315220601465271e-7	179.99994986081205
87.90225168308834	5.218910486079341e-7	179.99994355754217
88.71560120379598	5.12444948531421e-7	179.99993585990183
89.53647655495928	5.031824675767649e-7	179.99992631519527
90.36494737223005	4.941030429403179e-7	179.99991426913783
91.20108393559087	4.852071581231955e-7	179.99989874712765
92.04495717531702	4.7649685944131015e-7	179.9998782448776
92.89663867799354	4.6797663581788195e-7	179.99985033957412
93.75620069258792	4.59654998718406e-7	179.999810921117
94.6237161365792	4.515475106048908e-7	179.99975255045206
95.4992586021435	4.4368308928845664e-7	179.99966059419813
96.38290236239695	4.3611862947733845e-7	179.99950287725378
97.2747223776964	4.289783477434126e-7	179.9991965998767
98.17479430199833	4.2258575430533815e-7	179.99847027693238
99.08319448927665	4.181069194932082e-7	179.99594862063776
99.9999999999999	4.2522737040017414e-7	179.96929489849677