0.01000000000000001	0.41669488903052676	-0.006397734851048805
0.010092528860766855	0.4166993620767161	-0.006397803724725417
0.01018591388054118	0.4167039183866874	-0.006397873880611419
0.010280162981264745	0.4167085595123312	-0.006397945342611943
0.010375284158180138	0.41671328703451993	-0.00639801813507727
0.010471285480509006	0.4167181025636838	-0.00639809228281325
0.010568175092136596	0.41672300774036225	-0.006398167811090474
0.01066596121230259	0.41672800423570305	-0.006398244745650933
0.010764652136298361	0.4167330937521565	-0.0063983231127184076
0.010864256236170667	0.4167382780239722	-0.0063984029390079696
0.010964781961431863	0.41674355881779857	-0.006398484251733338
0.011066237839776675	0.4167489379333658	-0.006398567078618286
0.011168632477805623	0.4167544172040369	-0.006398651447904279
0.011271974561755117	0.41675999849745626	-0.006398737388362669
0.011376272858234322	0.4167656837162185	-0.006398824929302125
0.01148153621496884	0.41677147479852406	-0.006398914100580516
0.011587773561551273	0.4167773737187666	-0.0063990049326142955
0.011694993910198724	0.41678338248836533	-0.006399097456389764
0.01180320635651731	0.41678950315633445	-0.0063991917034732625
0.011912420080273762	0.4167957378100637	-0.00639928770602252
0.012022644346174144	0.4168020885759594	-0.006399385496796986
0.012133888504649786	0.4168085576202891	-0.006399485109170606
0.012246161992650502	0.41681514714989326	-0.00639958657714217
0.01235947433444512	0.41682185941285943	-0.006399689935347073
0.012473835142429446	0.41682869669945094	-0.006399795219070945
0.012589254117941687	0.4168356613428069	-0.0063999024642598335
0.012705741052085433	0.4168427557197444	-0.006400011707534112
0.012823305826560232	0.41684998225163106	-0.006400122986200827
0.01294195841449987	0.41685734340521424	-0.006400236338266177
0.013061708881318424	0.41686484169347804	-0.006400351802449445
0.013182567385564082	0.41687247967647356	-0.0064004694181963185
0.01330454417978092	0.4168802599622729	-0.006400589225692458
0.013427649611378649	0.41688818520784876	-0.0064007112658779055
0.01355189412351037	0.4168962581199405	-0.006400835580460111
0.013677288255958502	0.4169044814561622	-0.0064009622119305136
0.013803842646028859	0.41691285802576267	-0.0064010912035781
0.013931568029453043	0.416921390690723	-0.006401222599503756
0.01406047524129915	0.4169300823667613	-0.006401356444638344
0.014190575216890933	0.4169389360242286	-0.006401492784754787
0.014321878992735446	0.4169479546893696	-0.006401631666487713
0.014454397707459286	0.41695714144509166	-0.006401773137347222
0.014588142602753497	0.41696649943232383	-0.006401917245736825
0.014723125024327202	0.41697603185088	-0.006402064040968963
0.014859356422870082	0.4169857419607621	-0.006402213573285546
0.014996848355023748	0.41699563308317755	-0.006402365893871007
0.015135612484362095	0.4170057086017616	-0.006402521054873859
0.015275660582380739	0.41701597196374207	-0.006402679109423795
0.015417004529495607	0.4170264266811443	-0.006402840111649833
0.015559656316050758	0.41703707633204423	-0.006403004116700877
0.01570362804333554	0.4170479245618147	-0.006403171180763016
0.015848931924611148	0.4170589750843963	-0.0064033413610815396
0.015995580286146702	0.4170702316835838	-0.006403514715979193
0.016143585568264878	0.41708169821443764	-0.006403691304878354
0.016292960326397238	0.4170933786045212	-0.006403871188321116
0.01644371723214933	0.4171052768554068	-0.006404054427990393
0.016595869074375623	0.4171173970439587	-0.006404241086732543
0.01674942876026439	0.4171297433238987	-0.006404431228579546
0.016904409316432657	0.41714231992719003	-0.006404624918770555
0.017060823890031253	0.4171551311655151	-0.006404822223776988
0.017218685749860088	0.4171681814319145	-0.006405023211324309
0.017378008287493772	0.4171814752021747	-0.006405227950416463
0.01753880501841763	0.4171950170365498	-0.006405436511361093
0.01770108958317423	0.4172088115813191	-0.00640564896579433
0.017864875748520526	0.4172228635704226	-0.0064058653867056035
0.018030177408595707	0.41723717782716774	-0.006406085848463889
0.018197008586099853	0.41725175926594354	-0.00640631042684538
0.018365383433483484	0.4172666128939411	-0.006406539199058877
0.018535316234148135	0.41728174381294236	-0.006406772243774624
0.018706821403658026	0.4172971572211447	-0.00640700964115068
0.018879913490962956	0.4173128584150124	-0.006407251472863984
0.019054607179632494	0.4173288527911576	-0.006407497822138151
0.019230917289101597	0.41734514584824733	-0.006407748773772997
0.019408858775927792	0.41736174318903635	-0.006408004414176466
0.01958844673505991	0.4173786505222784	-0.006408264831394317
0.01976969640111862	0.4173958736648264	-0.006408530115142161
0.01995262314968881	0.41741341854369984	-0.0064088003568375995
0.020137242498623895	0.41743129119822087	-0.006409075649634249
0.02032357010936223	0.417449497782166	-0.006409356088453408
0.020511621788255666	0.4174680445659705	-0.006409641770020521
0.020701413487910436	0.41748693793902275	-0.006409932792897983
0.02089296130854041	0.4175061844119127	-0.006410229257522555
0.02108628149933291	0.41752579061878237	-0.006410531266240976
0.021281390459827135	0.4175457633197875	-0.006410838923347596
0.021478304741305354	0.4175661094034651	-0.006411152335120609
0.02167704104819696	0.4175868358892563	-0.006411471609864057
0.02187761623949554	0.4176079499300216	-0.006411796857942972
0.022080047330189013	0.41762945881465235	-0.006412128191827702
0.022284351492703053	0.41765136997074337	-0.006412465726131795
0.022490546058357826	0.41767369096723644	-0.006412809577655953
0.022698648518838235	0.4176964295171992	-0.006413159865430229
0.022908676527677748	0.4177195934806238	-0.006413516710756978
0.023120647901755963	0.4177431908673464	-0.0064138802372562965
0.023334580622810044	0.41776722983985176	-0.006414250570910826
0.023550492838960112	0.41779171871641085	-0.006414627840112386
0.023768402866248782	0.4178166659739977	-0.006415012175709778
0.02398832919019492	0.4178420802514535	-0.0064154037110565245
0.0242102904673618	0.4178679703526462	-0.006415802582059602
0.02443430552693974	0.4178943452497238	-0.006416208927231669
0.024660393372343412	0.4179212140864191	-0.006416622887740397
0.02488857318282393	0.4179485861813486	-0.006417044607461689
0.025118864315095822	0.4179764710315671	-0.0064174742330341565
0.025351286304979098	0.4180048783159919	-0.006417911913911929
0.02558585886905648	0.4180338178990362	-0.006418357802422973
0.025822601906345985	0.41806329983419815	-0.00641881205382271
0.026061535499988978	0.41809333436792445	-0.006419274826355619
0.026302679918953843	0.41812393194326936	-0.006419746281312084
0.026546055619755416	0.41815510320390464	-0.006420226583090656
0.026791683248190343	0.4181868589980485	-0.006420715899258903
0.027039583641088463	0.41821921038248966	-0.006421214400617405
0.027289777828080432	0.4182521686267851	-0.006421722261264126
0.02754228703338169	0.4182857452174802	-0.006422239658660277
0.02779713267759291	0.4183199518623944	-0.006422766773697192
0.02805433637951716	0.4183548004950857	-0.0064233037907668235
0.028313919957993816	0.4183903032792266	-0.0064238508978293534
0.028575905433749497	0.4184264726133928	-0.006424408286487387
0.028840315031266085	0.41846332113560425	-0.0064249761520584975
0.02910717118066608	0.4185008617281939	-0.006425554693650052
0.029376496519615335	0.4185391075226899	-0.006426144114234894
0.029648313895243455	0.4185780719048098	-0.006426744620731615
0.02992264636608192	0.4186177685195805	-0.006427356424081921
0.030199517204020192	0.4186582112765545	-0.006427979739335178
0.03047894989627986	0.4186994143551357	-0.0064286147857286115
0.03076096814740711	0.4187413922100586	-0.006429261786775312
0.031045595881283587	0.418784159576912	-0.006429920970349684
0.03133285724315589	0.4188277314778343	-0.0064305925687775925
0.031622776601683826	0.4188721232273583	-0.006431276818926039
0.03191537855100765	0.4189173504383069	-0.006431973962297699
0.03221068791283438	0.41896342902789874	-0.00643268424512539
0.03250872973854347	0.4190103752238592	-0.006433407918468435
0.03280952931131194	0.4190582055709135	-0.0064341452383140495
0.03311311214825915	0.4191069369371156	-0.006434896465676558
0.03341950400261146	0.41915658652052146	-0.006435661866703302
0.03372873086588692	0.4192071718559794	-0.00643644171278002
0.034040818970100126	0.41925871082197463	-0.006437236280639707
0.0343557947899875	0.419311221647802	-0.0064380458524732785
0.0346736850452532	0.41936472292068155	-0.006438870716044441
0.034994516702835765	0.41941923359322253	-0.006439711164804398
0.035318316979195734	0.4194747729909547	-0.00644056749801216
0.03564511334262446	0.4195313608200617	-0.0064414400208557005
0.03597493351557427	0.41958901717524827	-0.006442329044576252
0.03630780547701017	0.41964776254784664	-0.0064432348865965956
0.03664375746478335	0.41970761783408744	-0.00644415787064967
0.03698281797802665	0.41976860434353735	-0.006445098326915083
0.037325015779572084	0.4198307438077274	-0.006446056592152211
0.037670379898390914	0.41989405838902033	-0.006447033009842705
0.038018939632056145	0.41995857068960246	-0.006448027930332401
0.0383707245492279	0.42002430376083166	-0.006449041710978283
0.038725764492161745	0.42009128111262484	-0.00645007471629873
0.03908408957924023	0.42015952672317614	-0.006451127318127276
0.03944573020752787	0.4202290650488433	-0.006452199895769857
0.039810717055349755	0.42029992103433167	-0.0064532928361665165
0.04017908108489402	0.42037212012307373	-0.006454406534056698
0.040550853544838415	0.4204456882678215	-0.006455541392148011
0.040926065973001115	0.4205206519415382	-0.0064566978212914515
0.041304750199016166	0.4205970381485723	-0.006457876240658998
0.04168693834703357	0.4206748744359858	-0.00645907707792368
0.04207266283844444	0.4207541889053082	-0.006460300769451378
0.04246195639463132	0.42083501022442404	-0.006461547760489928
0.042854852039743985	0.4209173676398475	-0.006462818505365764
0.04325138310350091	0.42100129098926364	-0.006464113467689321
0.04365158322401663	0.42108681071432486	-0.006465433120559128
0.044055486350655364	0.4211739578738433	-0.006466777946778578
0.04446312674691091	0.4212627641572574	-0.006468148439072418
0.04487453899331325	0.4213532618983913	-0.0064695451003130115
0.04528975799036211	0.42144548408967425	-0.006470968443752883
0.04570881896148754	0.42153946439657464	-0.006472418993262545
0.04613175745603798	0.4216352371724212	-0.006473897283574883
0.04655860935229591	0.42173283747373025	-0.006475403860537974
0.04698941086052156	0.4218323010756763	-0.006476939281377652
0.04742419852602448	0.42193366448815084	-0.006478504114962327
0.04786300923226385	0.42203696497215243	-0.006480098942083316
0.04830588020397728	0.4221422405566133	-0.006481724355739455
0.04875284901033865	0.4222495300555808	-0.006483380961433138
0.04920395356814511	0.42235887308592146	-0.006485069377477722
0.04965923214503363	0.4224703100854171	-0.0064867902353139325
0.05011872336272725	0.4225838823314172	-0.00648854417984151
0.05058246620031143	0.4226996319598608	-0.00649033186976085
0.051050499997540646	0.42281760198484536	-0.006492153977930588
0.05152286445817567	0.422937836318744	-0.00649401119174171
0.05199959965335162	0.42306037979273514	-0.006495904213507719
0.052480746024977286	0.423185278178033	-0.006497833760875466
0.05296634438916581	0.4233125782075	-0.006499800567256385
0.05345643593969719	0.4234423275980523	-0.0065018053822834595
0.05395106225151279	0.4235745750733268	-0.00650384897229493
0.05445026528424214	0.42370937038739376	-0.006505932120853108
0.05495408738576248	0.4238467643486914	-0.006508055629293641
0.0554625712957911	0.42398680884493806	-0.006510220317326347
0.05597576014951104	0.42412955686840226	-0.006512427023676573
0.05649369748123028	0.42427506254222813	-0.006514676606796009
0.05701642722807478	0.42442338114711653	-0.006516969945634774
0.05754399373371572	0.42457456914903213	-0.006519307940506289
0.05807644175213124	0.4247286842274908	-0.00652169151404923
0.05861381645140291	0.42488578530476273	-0.0065241216123184806
0.05915616341754743	0.4250459325756978	-0.0065265992060276005
0.05970352865838372	0.4252091875387468	-0.006529125291983803
0.06025595860743581	0.42537561302740784	-0.0065317008947611875
0.060813500127871824	0.4255452732429176	-0.006534327068672128
0.061376200516479455	0.425718233787745	-0.006537004900120328
0.06194410750767818	0.42589456170007334	-0.00653973551043967
0.06251726927756862	0.42607432548914864	-0.006542520059355182
0.06309573444801936	0.4262575951718693	-0.006545359749261119
0.06367955209079162	0.42644444231035467	-0.006548255830557792
0.064268771731702	0.4266349400505173	-0.006551209608391967
0.06486344335482389	0.4268291631619155	-0.006554222451262078
0.06546361740672754	0.4270271880787551	-0.006557295802126748
0.06606934480075964	0.4272290929420041	-0.00656043119290092
0.06668067692136226	0.42743495764299305	-0.00656363026357223
0.06729766562843183	0.42764486386810635	-0.0065668947876758674
0.0679203632617185	0.4278588951449374	-0.0065702267065892925
0.0685488226452662	0.4280771368898995	-0.006573628176143589
0.0691830970918937	0.4282996764570292	-0.006577101630537722
0.06982324040771719	0.4285266031886329	-0.0065806498706508405
0.07046930689671474	0.4287580084669945	-0.006584276186745307
0.07112135136533296	0.42899398576775316	-0.006587984529302063
0.07177942912713622	0.42923463071448015	-0.006591779745962705
0.07244359600749906	0.4294800411342188	-0.0065956679054358335
0.0731139083483418	0.4297303171134401	-0.0065996567251411465
0.07379042301291015	0.4299855610534636	-0.006603756092897481
0.07447319739059896	0.43024587772308853	-0.006607978585666679
0.07516228940182061	0.43051137430625547	-0.006612339654014747
0.07585775750291844	0.43078216044091605	-0.00661685659841398
0.07655966069112569	0.43105834825051165	-0.00662154444152577
0.07726805850957029	0.43134005238459805	-0.006626405643538467
0.07798301105232593	0.43162739012400986	-0.006631411865541233
0.07870457896950993	0.4319204816441581	-0.006636485912769653
0.07943282347242822	0.432219450442532	-0.006641510893610942
0.08016780633876798	0.43252442363688415	-0.0066463888575411766
0.0809095899178383	0.4328355317452484	-0.0066511082975573305
0.0816582371358593	0.43315290815908786	-0.006655744564903809
0.0824138115013003	0.4334766889421532	-0.006660399303166338
0.08317637711026717	0.4338070130787463	-0.006665149978486234
0.08394599865193982	0.43414402283455616	-0.006670038480661313
0.08472274141405972	0.43448786401330064	-0.0066750810301052866
0.08550667128846841	0.43483868610742094	-0.006680280346996625
0.0862978547766971	0.4351966424009467	-0.006685633663123494
0.08709635899560814	0.4355618900622354	-0.006691136818188562
0.08790225168308852	0.4359345902414797	-0.006696786013962924
0.08871560120379617	0.4363149081768498	-0.006702578411017191
0.08953647655495947	0.4367030133088819	-0.006708512222192803
0.09036494737223023	0.4370990794023475	-0.006714586617020707
0.09120108393559107	0.43750328467441163	-0.0067208015746379616
0.09204495717531722	0.43791581192926005	-0.0067271577397266325
0.09289663867799372	0.43833684869813616	-0.006733656299513169
0.09375620069258811	0.4387665873854202	-0.006740298884927553
0.09462371613657934	0.4392052254202606	-0.00674708749357075
0.09549925860214364	0.43965296541431304	-0.00675402443066322
0.0963829023623971	0.44011001532558236	-0.006761112264206358
0.09727472237769656	0.44057658862866256	-0.006768353791156945
0.09817479430199849	0.44105290449136453	-0.00677575201205672
0.09908319448927681	0.4415391879586543	-0.006783310112141625
0.10000000000000005	0.442035670143498	-0.006791031447425185
0.10092528860766849	0.4425425884253676	-0.006798919534617336
0.10185913880541175	0.4430601866565847	-0.006806978044027279
0.10280162981264741	0.4435887153770956	-0.006815210794801938
0.10375284158180131	0.44412843203764574	-0.0068236217520153825
0.10471285480509002	0.4446796012322302	-0.006832215025243591
0.1056817509213659	0.44524249493996404	-0.006840994868342764
0.10665961212302584	0.44581739277690485	-0.006849965680221394
0.10764652136298355	0.4464045822583509	-0.006859132006449852
0.10864256236170661	0.44700435907209357	-0.006868498541576006
0.10964781961431856	0.447617027363181	-0.006878070132063337
0.1106623783977667	0.4482429000306883	-0.006887851779775711
0.11168632477805618	0.4488822990373119	-0.006897848645960569
0.1127197456175511	0.44953555573213044	-0.006908066055687465
0.11376272858234315	0.45020301118750333	-0.006918509502719872
0.11481536214968835	0.4508850165505317	-0.0069291846547954155
0.11587773561551268	0.45158193341021796	-0.006940097359308716
0.11694993910198717	0.4522941341806722	-0.006951253649386369
0.11803206356517304	0.45302200250167046	-0.006962659750355106
0.11912420080273756	0.45376593365710327	-0.006974322086607071
0.12022644346174137	0.454526335012551	-0.006986247288865156
0.1213388850464978	0.4553036264727679	-0.0069984422018647
0.12246161992650495	0.456098240960448	-0.007010913892456135
0.12359474334445113	0.4569106249170767	-0.007023669658151584
0.12473835142429439	0.4577412388274085	-0.007036717036129056
0.1258925411794168	0.45859055776865887	-0.0070500638127143946
0.12705741052085426	0.4594590719859142	-0.007063718033367561
0.12823305826560225	0.460347287495171	-0.007077688013192164
0.1294195841449987	0.4612557267156239	-0.007091982348003977
0.13061708881318423	0.46218492913275455	-0.007106609925978277
0.1318256738556408	0.4631354519942885	-0.0071215799399212435
0.13304544179780922	0.4641078710405045	-0.007136901900187109
0.13427649611378642	0.4651027812712924	-0.007152585648291795
0.13551894123510363	0.46612079775195003	-0.007168641371256242
0.13677288255958495	0.46716255646006555	-0.0071850796167273025
0.13803842646028852	0.46822871517592063	-0.007201911308924501
0.13931568029453034	0.4693199544192195	-0.007219147765462658
0.14060475241299142	0.47043697843469634	-0.007236800715110989
0.14190575216890927	0.47158051622992064	-0.0072548823165408645
0.1432187899273544	0.47275132266836284	-0.007273405178138874
0.1445439770745928	0.4739501796212656	-0.007292382378944335
0.1458814260275349	0.47517789718202313	-0.007311827490794484
0.14723125024327194	0.476435314947221	-0.007331754601757643
0.14859356422870074	0.4777233033683414	-0.007352178340942533
0.1499684835502374	0.47904276517905503	-0.007373113904780372
0.15135612484362088	0.4803946369029398	-0.00739457708488364
0.15275660582380732	0.4817798904470224	-0.007416584297596649
0.154170045294956	0.48319953478682276	-0.0074391526153565765
0.1555965631605075	0.48465461774920815	-0.0074622998000005636
0.15703628043335532	0.48614622789978207	-0.007486044338163635
0.15848931924611143	0.48767549654185827	-0.0075104054789232886
0.15995580286146696	0.4892435998350348	-0.007535403273863336
0.1614358556826487	0.4908517610417692	-0.007561058619742761
0.1629296032639723	0.4925012529108549	-0.007587393303973292
0.16443717232149324	0.4941934002080057	-0.007614430053130712
0.16595869074375613	0.49592958240408863	-0.0076421925847375
0.16749428760264382	0.4977112365325453	-0.0076707056625919
0.1690440931643265	0.499539860228679	-0.007699995155926834
0.17060823890031243	0.5014170149645516	-0.007730088102726383
0.17218685749860077	0.50334432949408	-0.007761012777547623
0.17378008287493762	0.5053235035249041	-0.007792798764236085
0.1753880501841762	0.5073563116342017	-0.007825477033967583
0.1770108958317422	0.5094446074480424	-0.007859080029078756
0.17864875748520517	0.511590328104712	-0.007893641753213993
0.180301774085957	0.5137954990256351	-0.007929197868364282
0.18197008586099844	0.5160622390178199	-0.007965785799430272
0.18365383433483473	0.5183927657362817	-0.008003444847028853
0.18535316234148125	0.5207894015355081	-0.008042216309318265
0.18706821403658017	0.5232545797432756	-0.008082143613728944
0.18879913490962946	0.5257908513927584	-0.008123272459569564
0.19054607179632482	0.5284008924522996	-0.008165650972603349
0.19230917289101596	0.5310875115968162	-0.008209329872814133
0.19408858775927793	0.5338536585684246	-0.008254362656729654
0.19588446735059908	0.5367024331794564	-0.008300805795839711
0.1976969640111862	0.539637095016097	-0.008348718952831504
0.19952623149688808	0.5426610739073316	-0.008398165217595855
0.20137242498623895	0.5457779812306537	-0.008449211365191453
0.2032357010936223	0.5489916221336733	-0.008501928138263217
0.20511621788255666	0.5523060087595881	-0.008556390556720722
0.20701413487910436	0.5557253745742038	-0.008612678257886981
0.2089296130854041	0.5592541899033785	-0.008670875870752152
0.2108628149933291	0.5628971788017039	-0.008731073428489283
0.21281390459827135	0.5666593373881598	-0.00879336682398669
0.21478304741305343	0.5705459537997591	-0.008857858313834278
0.21677041048196952	0.5745626299325644	-0.008924657077024932
0.2187761623949553	0.5787153051601528	-0.008993879835566808
0.22080047330189004	0.5830102822427917	-0.009065651545321374
0.22284351492703042	0.5874542556678121	-0.009140106166689246
0.22490546058357816	0.5920543426919619	-0.009217387526303454
0.22698648518838224	0.596818117391497	-0.009297650282722985
0.22908676527677735	0.6017536480667214	-0.009381061011274798
0.23120647901755953	0.6068695383934457	-0.00946779942577805
0.23334580622810033	0.6121749727675923	-0.009558059757950972
0.23550492838960102	0.6176797663514881	-0.009652052318984533
0.23768402866248772	0.6233944204012593	-0.00975000527219565
0.2398832919019491	0.6293301835389791	-0.009852166650979908
0.2421029046736179	0.635499119730318	-0.009958806662750163
0.24434305526939726	0.6419141838408833	-0.010070220327342257
0.246603933723434	0.6485893057792567	-0.010186730507892327
0.24888573182823917	0.6555394843886574	-0.010308691403826906
0.25118864315095807	0.6627808924354409	-0.010436492589856685
0.2535128630497908	0.6703309942584146	-0.010570563702455883
0.25585858869056466	0.6782086779018125	-0.010711379897034098
0.2582260190634597	0.686434403861253	-0.010859468225982764
0.26061535499988964	0.6950303729392024	-0.011015415121453417
0.2630267991895383	0.7040207161435688	-0.011179875208884364
0.26546055619755404	0.7134317100943738	-0.01135358173035491
0.2679168324819033	0.7232920220373992	-0.011537358923993421
0.2703958364108845	0.7336329893407655	-0.011732136790948441
0.2728977782808042	0.74448893928924	-0.011938968790469242
0.27542287033381674	0.7558975561449862	-0.012159053143629547
0.277971326775929	0.7679003038599469	-0.01239375860711578
0.2805433637951715	0.7805429145727388	-0.012644655813529842
0.28313919957993805	0.7938759551971382	-0.012913555581874084
0.2857590543374948	0.8079554871218557	-0.013202556006097824
0.2884031503126607	0.8228438374452471	-0.013514100665007557
0.29107171180666064	0.8386105044749639	-0.01385105101080571
0.2937649651961532	0.8553332256929154	-0.014216776952920555
0.2964831389524344	0.8730992433932804	-0.014615270952631692
0.29922646366081906	0.8920068122338293	-0.015051292716815228
0.30199517204020176	0.9121670046804639	-0.015530554019693261
0.30478949896279844	0.9337058856996654	-0.016059956571514777
0.307609681474071	0.9567671483695576	-0.01664790060738098
0.3104559588128357	0.9815153291711454	-0.017304688604406423
0.3133285724315587	1.0081397582025344	-0.018043058179542805
0.3162277660168381	1.0368594492088052	-0.01887889218919025
0.31915378551007634	1.067929202662004	-0.01983217453246578
0.3221068791283436	1.1016472903518337	-0.020928290584509544
0.32508729738543457	1.1383652243994158	-0.022199817019692362
0.3280952931131192	1.1785003061703658	-0.02368901588346618
0.3311311214825913	1.2225519307010881	-0.025451356746143544
0.33419504002611444	1.2711230367521331	-0.027560563209964715
0.3372873086588691	1.3249487174679342	-0.030115958217922675
0.34040818970100106	1.3849349681360177	-0.03325334096295894
0.34355794789987465	1.4522120610932137	-0.0371614012893749
0.34673685045253166	1.5282094814760299	-0.04210701631452905
0.3499451670283573	1.6147634172170384	-0.04847516818637408
0.353183169791957	1.7142747763201822	-0.056833778139255255
0.35645113342624424	1.8299421478739553	-0.06816253896509433
0.3597493351557423	1.966162566082467	-0.08342394001790132
0.36307805477010135	2.129081838033694	-0.1051350274582552
0.36643757464783333	2.327673529607079	-0.1367446876872862
0.3698281797802663	2.5755518019755597	-0.18449859266689433
0.3732501577957206	2.8945007969873275	-0.25993180920566966
0.37670379898390893	3.321832745587793	-0.385894664316758
0.38018939632056126	3.927567883797304	-0.6119946167342485
0.38370724549227886	4.861222504423517	-1.0604798214070765
0.3872576449216173	6.511874174710627	-2.096149597314388
0.3908408957924021	10.312076719555614	-5.244578387241873
0.39445730207527846	27.917801591820282	-25.350360635098138
0.3981071705534973	18.578212868267794	-145.63783809535963
0.40179081084894	6.178306198037844	-152.5775130960053
0.40550853544838394	2.9590246506597535	-134.5677306039188
0.40926065973001097	2.664695610926808	-86.2033664886081
0.41304750199016144	5.961924225674742	-68.21502696196863
0.4168693834703355	12.668385448808978	-114.81308762887306
0.4207266283844442	7.906208176211884	-160.3833154534641
0.424619563946313	5.070979982104085	-171.35570935852866
0.4285485203974396	3.749516605182076	-175.04419093429937
0.43251383103500884	2.9859334225316627	-176.68579866320619
0.4365158322401661	2.4813207482818913	-177.5384174724132
0.44055486350655343	2.118145660192435	-178.01753569290923
0.4446312674691088	1.8407236503284452	-178.28798441575373
0.4487453899331323	1.6187179830970986	-178.41839407077322
0.4528975799036209	1.4333780752182705	-178.42687996549648
0.4570881896148752	1.2710252292237882	-178.2826167764979
0.46131757456037953	1.1181303463371939	-177.84675143479237
0.4655860935229591	0.9518349535111502	-176.51248802407386
0.4698941086052156	0.7036264160288603	-168.5046008037928
0.4742419852602448	2.0282348189136363	-107.56448378496938
0.47863009232263853	1.355008747273322	-177.63739744581835
0.48305880203977286	1.071851667468263	-179.60538267146688
0.4875284901033865	0.9435253032676338	-179.89730462365816
0.4920395356814511	0.8576970164514324	-179.9640654458008
0.49659232145033627	0.7911901441848845	-179.97875292868136
0.5011872336272725	0.7359640569578716	-179.9783695627927
0.5058246620031143	0.688344616895388	-179.97322202291414
0.5105049999754064	0.6463297773635084	-179.9665528373648
0.5152286445817567	0.6086871198459125	-179.95937167652187
0.5199959965335162	0.5745883661686931	-179.95189118118142
0.5248074602497729	0.5434396544157333	-179.9440038397746
0.5296634438916581	0.5147940002855413	-179.9354446334908
0.5345643593969719	0.48830219790253554	-179.92583609965365
0.5395106225151278	0.4636833211302001	-179.9146806088273
0.5445026528424215	0.44070596128029393	-179.90132008986424
0.5495408738576248	0.4191757252411631	-179.88486587824204
0.5546257129579107	0.39892661443614735	-179.86409326392337
0.5597576014951101	0.3798149951872424	-179.83729284623266
0.5649369748123025	0.3617154977960421	-179.8020785416237
0.5701642722807475	0.3445185611001557	-179.75518688170874
0.5754399373371569	0.3281294312974714	-179.69240078383038
0.580764417521312	0.3124677550957929	-179.60893527974378
0.5861381645140288	0.2974643571145504	-179.50083507367236
0.591561634175474	0.2830468698943276	-179.36746279233833
0.5970352865838369	0.26910466131735666	-179.21255981670114
0.6025595860743578	0.25544041591946604	-179.03750673135144
0.6081350012787179	0.24173640638381802	-178.82199016331018
0.6137620051647943	0.22752016195827698	-178.48945609336306
0.6194410750767815	0.21201533850299628	-177.81020569483957
0.6251726927756859	0.1938494546168753	-175.89955373412988
0.6309573444801934	0.1776749055950386	-167.96435837929602
0.6367955209079159	0.21378536319357874	-166.16301291450424
0.6426877173170198	0.20752263458177608	-169.8499381318846
0.6486344335482385	0.18482472392431115	-177.8007450258765
0.654636174067275	0.09647055259087955	-179.9387623854257
0.6606934480075961	0.2710027566904647	-177.97825999924845
0.6668067692136223	0.2004366828805254	-179.32530235859218
0.6729766562843178	0.1771854348567002	-179.62280283493325
0.6792036326171846	0.16147268331362402	-179.75204469328176
0.6854882264526617	0.14843824621121787	-179.81946192064916
0.6918309709189366	0.13663601188319408	-179.85624666500888
0.6982324040771715	0.12543801086054746	-179.8751010197441
0.7046930689671471	0.11449173435720873	-179.88209241116968
0.7112135136533292	0.10355185205343714	-179.88008426352704
0.7177942912713619	0.09241223373022485	-179.86980902663413
0.7244359600749902	0.08087039370203405	-179.84991554820473
0.7311390834834176	0.0687021121756516	-179.81592274423684
0.7379042301291011	0.05563635281879421	-179.75651049195687
0.7447319739059892	0.04132346084735439	-179.63962642348315
0.7516228940182057	0.02528831797373275	-179.33539125794235
0.758577575029184	0.006858435911299382	-177.1530284333533
0.7655966069112565	0.015006560085319481	-1.5610907305674788
0.7726805850957026	0.04186939747272345	-0.698525316482543
0.7798301105232589	0.07644427190767192	-0.502143651562177
0.7870457896950989	0.12366691253327292	-0.4354121626741743
0.7943282347242817	0.1936787433357385	-0.42886386100384677
0.8016780633876793	0.31116528672104043	-0.47854332587327003
0.8090958991783825	0.5560571696000456	-0.6360412698728133
0.8165823713585927	1.4145500275305838	-1.2660753312033293
0.8241381150130026	5.72719890594872	-175.82432869414893
0.8317637711026713	1.0977391829758103	-179.32799566909216
0.8394599865193977	0.6472034007231401	-179.6580755794189
0.8472274141405968	0.4752710001782313	-179.77832210790262
0.8550667128846836	0.3836462728234354	-179.83886177659613
0.8629785477669706	0.32616533750438037	-179.87445469464646
0.870963589956081	0.2863799212163556	-179.8973797898751
0.8790225168308847	0.25696060581867547	-179.91304439903516
0.8871560120379608	0.2341458415400069	-179.92418215052396
0.8953647655495938	0.21580581660289205	-179.932312241872
0.9036494737223014	0.2006437035854792	-179.9383386103858
0.9120108393559097	0.1878242828409889	-179.94282672649385
0.9204495717531712	0.17678499875640946	-179.9461431974544
0.9289663867799363	0.16713280296919528	-179.94853106240743
0.9375620069258802	0.15858453479034984	-179.95015251883427
0.946237161365793	0.150930805599936	-179.95111403968656
0.9549925860214359	0.1440132381883584	-179.9514813775629
0.9638290236239705	0.13770962816450777	-179.9512883800158
0.9727472237769651	0.13192398004815348	-179.95054170737492
0.9817479430199844	0.12657963842871892	-179.94922252679245
0.9908319448927676	0.12161443741126426	-179.94728562242364
1.	0.11697719555172498	-179.94465588728139
1.0092528860766845	0.11262512278007271	-179.94122170478096
1.0185913880541169	0.10852185078584484	-179.93682416077417
1.0280162981264735	0.10463588700413638	-179.9312401875274
1.0375284158180127	0.10093934543993129	-179.92415636311813
1.0471285480508996	0.09740683592376646	-179.9151276779678
1.0568175092136585	0.09401440116186528	-179.9035111481716
1.066596121230258	0.09073837621298893	-179.88835562712865
1.076465213629835	0.08755399750988292	-179.8682119304621
1.0864256236170655	0.08443348217034183	-179.84079055684143
1.096478196143185	0.08134307164483444	-179.80231029157076
1.1066237839776665	0.07823803725984976	-179.74617396461812
1.1168632477805611	0.07505349029159973	-179.66004673611522
1.1271974561755105	0.07168592229567251	-179.51870112772252
1.1376272858234309	0.06795224021149977	-179.2639051832138
1.1481536214968828	0.06348731638779657	-178.735942269211
1.1587773561551262	0.05745115128219233	-177.36293883756295
1.1694993910198712	0.04773513816317463	-171.90505886652025
1.1803206356517297	0.041346937910088685	-136.76325834648432
1.191242008027375	0.12927684537238515	-164.48834303925454
1.2022644346174132	0.09061045016121115	-175.81440523415185
1.2133888504649775	0.07908222583592071	-178.1484141297389
1.224616199265049	0.07297939101460459	-178.94665600742462
1.2359474334445106	0.06886091771154752	-179.30939548676065
1.2473835142429432	0.06569386955768332	-179.50371637893826
1.2589254117941675	0.06306511668986038	-179.61933783734415
1.270574105208542	0.06077734826231551	-179.69314553365209
1.2823305826560218	0.058724094758756125	-179.74252072288076
1.2941958414499863	0.05684245538102321	-179.77648026476257
1.3061708881318417	0.05509250625241349	-179.80002273416918
1.3182567385564075	0.05344732549524114	-179.81602284509884
1.3304544179780915	0.0518877270906559	-179.82611977661466
1.3427649611378643	0.05039925327802463	-179.8311399477327
1.3551894123510364	0.04897029674737939	-179.83126640259482
1.3677288255958495	0.047590763966581254	-179.82602169966185
1.3803842646028852	0.046250895448493395	-179.81403062702435
1.3931568029453034	0.04493985826605673	-179.79238173694446
1.4060475241299142	0.04364346721279096	-179.7550344053856
1.4190575216890926	0.04233950307775017	-179.68848671084493
1.432187899273544	0.04098611783743157	-179.5578404725618
1.4454397707459279	0.03948768980630369	-179.24850574561052
1.4588142602753489	0.03758938843039481	-178.19159765925383
1.4723125024327193	0.036237099812535416	-171.7314767402044
1.4859356422870074	0.04222004716575869	-175.9115879093138
1.499684835502374	0.03936529328914062	-179.20689655824145
1.5135612484362087	0.037616600893450286	-179.71786920123196
1.5275660582380732	0.03631667327656833	-179.86717589736986
1.54170045294956	0.03520825129213736	-179.92697042748375
1.555965631605075	0.034204082727799054	-179.95559912452282
1.5703628043335531	0.033267198039084546	-179.97097053134962
1.584893192461114	0.03237916703482557	-179.97990923847289
1.5995580286146696	0.031529632307704	-179.98542169525837
1.6143585568264869	0.03071220779125404	-179.98897770952823
1.629296032639723	0.029922651295397232	-179.99135455530217
1.6443717232149324	0.029157966210085616	-179.99298929439962
1.6595869074375613	0.02841592434952686	-179.9941401067627
1.6749428760264382	0.027694796042054996	-179.99496580256852
1.690440931643265	0.026993189263019652	-179.99556742755857
1.7060823890031243	0.026309949418669338	-179.99601114277777
1.7218685749860079	0.025644094486801407	-179.99634134563766
1.7378008287493762	0.02499477161638304	-179.99658846942154
1.753880501841762	0.02436122721564841	-179.9967737656558
1.770108958317422	0.02374278578399087	-179.99691231706936
1.7864875748520517	0.023138834569259192	-179.99701498167497
1.803017740859568	0.022548812202531188	-179.99708967402714
1.8197008586099825	0.021972200109487857	-179.99714222576327
1.8365383433483455	0.021408515899550732	-179.99717697346313
1.8535316234148105	0.020857308189979037	-179.9971971664118
1.8706821403657996	0.020318152488918207	-179.99720525336568
1.8879913490962925	0.019790647872236552	-179.99720308674898
1.9054607179632463	0.019274414264092037	-179.99719206969166
1.9230917289101574	0.01876909018290087	-179.9971732629729
1.9408858775927773	0.018274330850603638	-179.99714746349002
1.958844673505989	0.017789806588855327	-179.99711526227057
1.97696964011186	0.017315201444296335	-179.9970770876211
1.9952623149688788	0.01685021199857952	-179.99703323736261
2.0137242498623875	0.016394546328804896	-179.99698390296328
2.032357010936221	0.01594792309146123	-179.99692918758942
2.0511621788255647	0.01551007070859183	-179.9968691195368
2.0701413487910414	0.015080726639178399	-179.99680366210518
2.0892961308540388	0.014659636722027003	-179.99673272069245
2.108628149933289	0.014246554578987415	-179.996656147675
2.1281390459827114	0.013841241069330804	-179.9965737454846
2.147830474130533	0.013443463787676387	-179.99648526817634
2.167704104819694	0.013052996599100822	-179.9963904216922
2.1877616239495516	0.01266961920605293	-179.99628886295386
2.208004733018899	0.012293116742487706	-179.99618019786104
2.228435149270303	0.01192327939127216	-179.9960639782232
2.2490546058357803	0.011559902021426397	-179.9959396976073
2.2698648518838214	0.011202783842178078	-179.9958067860442
2.2908676527677723	0.01085172807114234	-179.9956646034923
2.312064790175594	0.010506541614203837	-179.99551243191348
2.333458062281002	0.010167034754892893	-179.9953494657652
2.355049283896009	0.009833020851211797	-179.99517480065316
2.376840286624876	0.009504316037995248	-179.9949874198192
2.39883291901949	0.00918073893298083	-179.9947861780507
2.4210290467361775	0.008862110344827841	-179.9945697824899
2.4434305526939712	0.008548252981358249	-179.99433676968297
2.4660393372343385	0.008238991156300432	-179.99408547803128
2.48885731828239	0.007934150492803528	-179.99381401457728
2.5118864315095797	0.007633557621949055	-179.9935202147578
2.535128630497907	0.007337039874423806	-179.99320159335696
2.5585858869056453	0.007044424963430366	-179.99285528436195
2.582260190634596	0.006755540656797898	-179.99247796670636
2.6061535499988953	0.006470214436114076	-179.99206577190796
2.6302679918953813	0.0061882731405285	-179.99161416825984
2.654605561975539	0.005909542592672714	-179.99111781435099
2.6791683248190314	0.005633847203901164	-179.99057037202968
2.703958364108843	0.0053610095557734706	-179.9899642651045
2.7289777828080406	0.005090849954368549	-179.9892903645164
2.7542287033381663	0.004823185953635958	-179.98853757247875
2.7797132677592886	0.004557831843542475	-179.9876922656656
2.805433637951713	0.004294598098252463	-179.9867375384242
2.831391995799379	0.0040332907789775154	-179.98565215694887
2.8575905433749464	0.00377371088542898	-179.98440908694855
2.8840315031266055	0.0035156536489913087	-179.9829733771799
2.910717118066605	0.0032589077597838514	-179.98129904434728
2.9376496519615305	0.0030032545186695716	-179.97932436289085
2.9648313895243423	0.002748466903974522	-179.97696451806047
2.992264636608189	0.002494308541166681	-179.9740997234086
3.019951720402016	0.0022405325619722794	-179.97055516181692
3.047894989627983	0.00198688033734124	-179.96606533639596
3.076096814740708	0.0017330800662864402	-179.96020659226923
3.1045595881283554	0.0014788451999452421	-179.95225885981105
3.1332857243155856	0.0012238726775172521	-179.94089165904265
3.162277660168379	0.000967840949358408	-179.92334370626736
3.1915378551007616	0.0007104077696574778	-179.89279307131335
3.2210687912834346	0.00045120781094772034	-179.82655546195014
3.250872973854344	0.00018985116912070179	-179.57598792678243
3.2809529311311905	0.0000741081041386376	-1.1185708252881055
3.311311214825911	0.000341071718762227	-0.2505269012313988
3.3419504002611427	0.0006115711721893603	-0.14419619537985676
3.372873086588689	0.0008861318632934945	-0.10283282891933648
3.404081897010009	0.0011653353600437008	-0.08090248559641916
3.4355794789987466	0.0014498182411691789	-0.06736938131213142
3.4673685045253166	0.0017402793814045626	-0.05822787564616256
3.499451670283573	0.0020374887946757103	-0.05167392023719105
3.53183169791957	0.00234229805266144	-0.046775613226230806
3.5645113342624426	0.0026556525637268687	-0.04300335277610497
3.5974933515574232	0.0029786061006552007	-0.04003424219258499
3.630780547701014	0.0033123380705558604	-0.037660552401998275
3.664375746478333	0.003658174150677239	-0.03574292701267143
3.6982817978026628	0.004017611082296123	-0.03418474865820621
3.732501577957206	0.004392346635634803	-0.03291729736599042
3.767037989839089	0.004784316051027477	-0.03189076187426226
3.801893963205613	0.005195736652154752	-0.03106859334999089
3.8370724549227884	0.0056291628543346	-0.03042385506954547
3.8725764492161727	0.006087554509825283	-0.029936813201046297
3.908408957924021	0.006574362523675958	-0.029593330080326764
3.944573020752785	0.007093637057762876	-0.029383798413212165
3.981071705534973	0.0076501655978653774	-0.02930245858518183
4.0179081084894	0.00824965096536195	-0.02934700534212572
4.055085354483839	0.00889894344180999	-0.02951843264986457
4.09260659730011	0.009606347224491217	-0.029821097072483885
4.130475019901614	0.010382030550854309	-0.030263007463236173
4.168693834703355	0.01123858285412258	-0.03085637779713473
4.207266283844442	0.012191784357992013	-0.03161851673597876
4.24619563946313	0.01326168902889307	-0.03257318060118168
4.285485203974396	0.014474180582751368	-0.033752599967311746
4.325138310350088	0.015863261559778723	-0.03520052953403502
4.365158322401661	0.01747451273103256	-0.03697691501105146
4.405548635065534	0.01937048594753423	-0.03916521770594369
4.446312674691089	0.021639420621638587	-0.04188429630770425
4.487453899331323	0.024409947179953317	-0.04530848791374445
4.528975799036209	0.02787719525625053	-0.049703299467578024
4.570881896148752	0.03235215933331478	-0.05549292553949026
4.613175745603791	0.0383627071306269	-0.06339842890029936
4.655860935229586	0.04688256981735602	-0.07475103203892206
4.698941086052151	0.059928144386479726	-0.09230866083931374
4.742419852602444	0.08246433795448548	-0.12286355662386803
4.7863009232263805	0.130899505931089	-0.18886530530520873
4.830588020397723	0.310882323992382	-0.43486693651626485
4.875284901033861	0.8690887508319298	-178.82007090498973
4.920395356814506	0.18284588331341003	-179.75884720155787
4.965923214503357	0.10260146931479579	-179.8684097617129
5.01187233627272	0.07148439684499731	-179.910763038773
5.058246620031137	0.05493607124533177	-179.93319079468955
5.105049999754059	0.0446551975994873	-179.94705064994773
5.152286445817562	0.03764091872198052	-179.95644805773586
5.1999599653351565	0.03254468611943465	-179.96322777283487
5.248074602497723	0.028670629104152544	-179.9683415681949
5.296634438916575	0.02562331175027582	-179.97233017937927
5.345643593969713	0.02316138780754261	-179.97552353488817
5.395106225151273	0.021129205243265232	-179.97813433430974
5.445026528424209	0.019421870754212277	-179.98030584603305
5.495408738576242	0.01796611672356753	-179.98213808390884
5.5462571295791046	0.016709215956204993	-179.9837029729367
5.597576014951099	0.015612253659869586	-179.9850535534223
5.649369748123022	0.014645881387947316	-179.986229789391
5.701642722807472	0.013787546621851233	-179.98726235811316
5.754399373371567	0.013019632446241738	-179.98817519452084
5.807644175213118	0.01232817662479942	-179.98898724296487
5.861381645140285	0.011701969934116001	-179.9897136901417
5.9156163417547365	0.01113190890933448	-179.99036684999788
5.9703528658383656	0.01061052301435102	-179.9909568100462
6.025595860743575	0.0101316237546122	-179.9914919108925
6.081350012787176	0.00969004055377373	-179.99197910710026
6.137620051647939	0.009281419354790585	-179.99242424227944
6.194410750767812	0.00890206722824299	-179.9928322612668
6.251726927756856	0.008548831175877084	-179.9932073755566
6.30957344480193	0.008219002660610406	-179.99355319356349
6.367955209079155	0.00791024170933633	-179.99387282413593
6.426877173170194	0.0076205160614927605	-179.9941689595098
6.486344335482381	0.00734805199474015	-179.99444394230935
6.546361740672747	0.007091294294350692	-179.9946998200598
6.6069344800759575	0.00684887344218241	-179.99493838984145
6.668067692136219	0.006619578550350842	-179.9951612351023
6.729766562843175	0.006402334899298272	-179.99536975618702
6.792036326171843	0.006196185191511188	-179.9955651957974
6.854882264526613	0.006000273822933837	-179.99574866033768
6.918309709189362	0.005813833620046501	-179.99592113789868
6.9823240407717115	0.005636174603050881	-179.99608351348147
7.046930689671467	0.005466674422938479	-179.99623658194147
7.112135136533288	0.0053047701885032056	-179.99638105904003
7.177942912713615	0.005149951453104475	-179.9965175909188
7.244359600749899	0.005001754173551142	-179.99664676225157
7.311390834834173	0.004859755487387114	-179.9967691032843
7.379042301291007	0.004723569182027122	-179.99688509593523
7.447319739059888	0.004592841751074082	-179.99699517909826
7.516228940182053	0.004467248950865188	-179.9970997532676
7.585775750291836	0.004346492784706455	-179.9971991845829
7.655966069112561	0.004230298854034845	-179.99729380837715
7.726805850957022	0.0041184140254173435	-179.99738393229734
7.798301105232586	0.004010604370269086	-179.99746983905638
7.870457896950985	0.003906653340772301	-179.99755178886556
7.943282347242813	0.003806360150962415	-179.9976300215903
8.01678063387679	0.003709538336522627	-179.9977047586649
8.090958991783822	0.003616014470658238	-179.9977762047966
8.165823713585922	0.003525627016639218	-179.99784454948613
8.241381150130021	0.003438225300311205	-179.99790996838658
8.317637711026709	0.00335366858816796	-179.99797262452063
8.394599865193973	0.0032718252585227864	-179.99803266937263
8.472274141405963	0.0031925720549708025	-179.99809024387062
8.550667128846833	0.003115793412745009	-179.9981454792706
8.629785477669701	0.0030413808497764105	-179.99819849795418
8.709635899560805	0.002969232415303862	-179.99824941414957
8.790225168308842	0.0028992521897699074	-179.99829833458386
8.871560120379607	0.0028313498305063897	-179.9983453590745
8.953647655495937	0.002765440158377213	-179.99839058106625
9.036494737223014	0.0027014427811201487	-179.9984340881191
9.120108393559097	0.002639281749628581	-179.9984759623529
9.204495717531712	0.002578885243848079	-179.9985162808523
9.289663867799362	0.00252018528534124	-179.99855511603673
9.375620069258803	0.002463117473904866	-179.99859253599826
9.462371613657929	0.0024076207459130953	-179.9986286048112
9.549925860214358	0.0023536371523139887	-179.99866338281538
9.638290236239705	0.0023011116544303023	-179.99869692687625
9.727472237769652	0.0022499919359116488	-179.99872929062366
9.817479430199844	0.0022002282293584765	-179.99876052467158
9.908319448927676	0.002151773156291551	-179.99879067682
10.	0.0021045815792759986	-179.99881979224128
10.092528860766844	0.002058610465129176	-179.99884791365176
10.18591388054117	0.0020138187582482685	-179.99887508147046
10.280162981264736	0.0019701672631883497	-179.99890133396556
10.375284158180126	0.0019276185357061401	-179.99892670738973
10.471285480508996	0.0018861367815600203	-179.99895123610594
10.568175092136585	0.0018456877624241478	-179.99897495270343
10.665961212302578	0.0018062387083347669	-179.99899788810572
10.76465213629835	0.0017677582361406462	-179.9990200716706
10.864256236170656	0.0017302162734780188	-179.99904153128324
10.964781961431852	0.0016935839878337363	-179.9990622934424
11.066237839776663	0.0016578337202994894	-179.99908238334106
11.168632477805613	0.001622938923655052	-179.99910182494133
11.271974561755105	0.0015888741044501917	-179.99912064104416
11.37627285823431	0.0015556147687835365	-179.99913885335428
11.481536214968829	0.0015231373715024867	-179.9991564825412
11.587773561551263	0.0014914192685716622	-179.9991735482957
11.694993910198711	0.0014604386723785386	-179.99919006938288
11.803206356517286	0.0014301746097641085	-179.99920606369176
11.912420080273739	0.001400606882583818	-179.99922154828144
12.022644346174118	0.001371716030619905	-179.99923653942463
12.133888504649763	0.0013434832966805405	-179.99925105264822
12.246161992650476	0.0013158905937343888	-179.99926510277132
12.359474334445094	0.0012889204739410674	-179.99927870394103
12.47383514242942	0.0012625560994488983	-179.99929186966585
12.589254117941662	0.0012367812148412652	-179.99930461284717
12.705741052085406	0.0012115801211219797	-179.9993169458087
12.823305826560205	0.0011869376511383738	-179.9993288803243
12.941958414499851	0.0011628391463483984	-179.99934042764397
13.061708881318404	0.0011392704348450302	-179.99935159851825
13.182567385564061	0.0011162178105576126	-179.9993624032216
13.304544179780901	0.0010936680135556754	-179.99937285157355
13.427649611378628	0.0010716082113861082	-179.9993829529596
13.551894123510351	0.0010500259813795547	-179.99939271635014
13.67728825595848	0.0010289092938664086	-179.9994021503186
13.803842646028839	0.0010082464962470144	-179.99941126305853
13.931568029453022	0.0009880262978645144	-179.99942006239957
14.060475241299129	0.0009682377556323562	-179.9994285558227
14.190575216890911	0.0009488702603717515	-179.99943675047433
14.321878992735424	0.0009299135238174138	-179.99944465317978
14.454397707459265	0.0009113575662527104	-179.9994522704561
14.588142602753473	0.000893192704737942	-179.99945960852367
14.723125024327178	0.0008754095418978747	-179.99946667331778
14.859356422870059	0.0008579989552368649	-179.999473470499
14.996848355023726	0.0008409520869519692	-179.99948000546317
15.135612484362072	0.0008242603342163481	-179.99948628335093
15.275660582380716	0.0008079153399070351	-179.99949230905645
15.417004529495584	0.0007919089837527943	-179.99949808723576
15.559656316050734	0.0007762333738792934	-179.99950362231462
15.703628043335515	0.0007608808387302771	-179.99950891849585
15.848931924611126	0.0007458439193446976	-179.9995139797662
15.995580286146678	0.0007311153619710265	-179.9995188099029
16.143585568264854	0.0007166881110010896	-179.99952341247976
16.292960326397214	0.0007025553022068454	-179.99952779087272
16.443717232149307	0.0006887102562645133	-179.9995319482653
16.595869074375596	0.0006751464725513864	-179.99953588765345
16.749428760264365	0.0006618576232015256	-179.9995396118503
16.90440931643263	0.0006488375474073451	-179.99954312349035
17.060823890031227	0.0006360802459548394	-179.9995464250334
17.21868574986006	0.0006235798759809249	-179.99954951876842
17.378008287493746	0.0006113307459420091	-179.9995524068166
17.5388050184176	0.0005993273107835339	-179.99955509113482
17.701089583174202	0.0005875641673008007	-179.9995575735181
17.864875748520497	0.0005760360496819406	-179.99955985560246
18.03017740859568	0.0005647378252243877	-179.9995619388669
18.197008586099827	0.000553664490216693	-179.99956382463566
18.365383433483455	0.0005428111659779646	-179.99956551407996
18.535316234148105	0.0005321730950476299	-179.99956700821937
18.706821403657997	0.0005217456375186192	-179.99956830792323
18.879913490962927	0.0005115242675074229	-179.9995694139117
19.054607179632463	0.0005015045697548412	-179.99957032675653
19.230917289101576	0.00049168223635155	-179.9995710468816
19.408858775927772	0.0004820530635829265	-179.99957157456333
19.58844673505989	0.0004726129488878606	-179.99957190993086
19.769696401118598	0.0004633578879265538	-179.9995720529656
19.952623149688787	0.0004542839717525527	-179.9995720035013
20.137242498623873	0.00044538738408452	-179.9995717612232
20.32357010936221	0.0004366643986734546	-179.99957132566723
20.511621788255646	0.0004281113767613048	-179.99957069621897
20.701413487910415	0.00041972476462710405	-179.9995698721124
20.892961308540386	0.00041150109121695824	-179.99956885242813
21.086281499332888	0.0004034369658543919	-179.99956763609185
21.28139045982711	0.0003955290760277271	-179.99956622187207
21.47830474130533	0.0003877741852513302	-179.99956460837788
21.67704104819694	0.0003801691309977149	-179.9995627940563
21.87761623949552	0.00037271082269763376	-179.99956077718934
22.080047330188993	0.00036539623980541775	-179.99955855589093
22.28435149270303	0.00035822242992696133	-179.99955612810342
22.490546058357804	0.0003511865070078691	-179.99955349159376
22.698648518838212	0.0003442856495793877	-179.99955064394928
22.908676527677724	0.00033751709905986357	-179.9995475825735
23.12064790175594	0.0003308781581095694	-179.99954430468122
23.33458062281002	0.0003243661890368313	-179.99954080729324
23.55049283896009	0.00031797861225349016	-179.9995370872311
23.76840286624876	0.00031171290477781567	-179.99953314111082
23.9883291901949	0.0003055665987830699	-179.99952896533688
24.210290467361776	0.00029953728019000266	-179.99952455609522
24.434305526939713	0.00029362258730163067	-179.99951990934605
24.660393372343385	0.0002878202094787261	-179.99951502081615
24.888573182823905	0.00028212788585450555	-179.99950988599065
25.118864315095795	0.0002765434040870763	-179.99950450010408
25.351286304979073	0.0002710645991482545	-179.99949885813132
25.58585886905645	0.0002656893521474302	-179.99949295477734
25.82260190634596	0.00026041558918920866	-179.99948678446682
26.06153549998895	0.0002552412802636062	-179.99948034133283
26.302679918953814	0.00025016443816763194	-179.99947361920482
26.54605561975539	0.00024518311745713245	-179.9994666115959
26.791683248190314	0.00024029541342781958	-179.99945931168924
27.039583641088434	0.00023549946112444556	-179.9994517123238
27.289777828080403	0.0002307934343771296	-179.9994438059789
27.542287033381662	0.00022617554486387655	-179.99943558475783
27.797132677592884	0.0002216440411983698	-179.9994270403708
28.05433637951713	0.00021719720804214566	-179.9994181641161
28.31391995799379	0.00021283336524029924	-179.9994089468609
28.575905433749465	0.0002085508669798983	-179.99939937901993
28.84031503126606	0.00020434810097030813	-179.99938945053364
29.10717118066605	0.0002002234876446657	-179.99937915084408
29.376496519615305	0.00019617547938176113	-179.99936846887
29.648313895243422	0.0001922025597476127	-179.99935739297968
29.92264636608189	0.00018830324275604784	-179.9993459109624
30.19951720402016	0.00018447607214761724	-179.99933400999765
30.4789498962798	0.00018071962068620139	-179.99932167662266
30.76096814740705	0.00017703248947267727	-179.99930889669724
31.045595881283525	0.000173413307275044	-179.99929565536664
31.332857243155825	0.00016986072987441132	-179.99928193702164
31.62277660168376	0.00016637343942628154	-179.99926772525592
31.91537855100758	0.00016295014383656628	-179.99925300282044
32.21068791283432	0.00015958957615179513	-179.99923775157453
32.50872973854341	0.00015629049396298584	-179.99922195243357
32.80952931131187	0.00015305167882265897	-179.9992055853129
33.11311214825908	0.00014987193567449214	-179.99918862906748
33.41950400261139	0.0001467500922951167	-179.99917106142735
33.72873086588685	0.00014368499874757218	-179.9991528589281
34.040818970100055	0.00014067552684594013	-179.99913399683624
34.35579478998743	0.00013772056963068664	-179.99911444906874
34.67368504525313	0.00013481904085425064	-179.99909418810662
34.994516702835696	0.00013196987447641775	-179.99907318490176
35.318316979195664	0.0001291720241690266	-179.99905140877615
35.64511334262439	0.000126424462829555	-179.9990288273135
35.9749335155742	0.00012372618210313617	-179.999005406242
36.3078054770101	0.00012107619191255896	-179.9989811093074
36.64375746478329	0.0001184735199957982	-179.99895589813596
36.98281797802659	0.00011591721145063004	-179.99892973208568
37.32501577957203	0.0001134063282858733	-179.99890256808519
37.670379898390856	0.00011093994897880179	-179.99887436045879
38.01893963205609	0.00010851716803826182	-179.9988450607364
38.370724549227845	0.00010613709557302344	-179.99881461744678
38.72576449216169	0.00010379885686488463	-179.99878297589265
39.08408957924017	0.00010150159194603558	-179.99875007790502
39.44573020752781	0.00009924445518017849	-179.99871586157573
39.81071705534969	0.0000970266148468822	-179.99868026096493
40.17908108489396	0.00009484725272863425	-179.99864320578106
40.55085354483835	0.0000927055637000319	-179.99860462103047
40.92606597300105	0.00009060075531853293	-179.99856442663327
41.304750199016105	0.00008853204741615961	-179.9985225370013
41.68693834703351	0.00008649867169152157	-179.99847886057432
42.07266283844438	0.00008449987130149073	-179.99843329930908
42.46195639463126	0.00008253490045182543	-179.99838574811622
42.85485203974392	0.00008060302398600009	-179.99833609423808
43.251383103500835	0.00007870351697145251	-179.99828421656085
43.65158322401656	0.00007683566428240985	-179.99822998485234
44.0554863506553	0.00007499876017839895	-179.9981732589163
44.46312674691084	0.0000731921078774842	-179.9981138876524
44.87453899331318	0.0000714150191232059	-179.99805170800957
45.28975799036204	0.00006966681374411759	-179.99798654381826
45.708818961487474	0.00006794681920473137	-179.99791820448547
46.13175745603791	0.0000662543701465875	-179.9978464835334
46.55860935229586	0.00006458880791805665	-179.99777115695937
46.98941086052151	0.00006294948009136477	-179.9976919813918
47.42419852602443	0.00006133573996519939	-179.99760869201185
47.8630092322638	0.000059746946051106256	-179.99752100020578
48.30588020397723	0.0000581824615417234	-179.99742859090657
48.7528490103386	0.000056641653758712945	-179.99733111957667
49.20395356814506	0.00005512389357804703	-179.997228208774
49.65923214503358	0.000053628554830072086	-179.99711944423342
50.118723362727195	0.00005215501367151808	-179.9970043703823
50.58246620031137	0.00005070264792632822	-179.99688248519394
51.0504999975406	0.000049270836391859655	-179.9967532342617
51.52286445817562	0.00004785895810663663	-179.99661600395493
51.99959965335157	0.00004646639157542576	-179.9964701134867
52.48074602497723	0.00004509251394693482	-179.9963148056873
52.966344389165755	0.000043736700138909416	-179.99614923623278
53.45643593969714	0.00004239832190480375	-179.99597246101936
53.95106225151273	0.000041076746835525075	-179.9957834213026
54.450265284242086	0.000039771337288981375	-179.99558092612892
54.95408738576243	0.000038481449239286294	-179.9953636314691
55.462571295791044	0.000037206431036478336	-179.99513001531147
55.97576014951099	0.00003594562206647009	-179.9948783477774
56.49369748123023	0.00003469835129964164	-179.99460665506317
57.01642722807472	0.00003346393571499522	-179.994312675675
57.543993733715666	0.0000322416785850719	-179.9939938069725
58.07644175213118	0.00003103086760485428	-179.99364703943073
58.61381645140285	0.000029830772845596033	-179.99326887521153
59.15616341754737	0.00002864064451188191	-179.9928552265076
59.70352865838366	0.000027459710477161985	-179.99240128756531
60.255958607435744	0.000026287173569449785	-179.991901372099
60.81350012787176	0.00002512220857473138	-179.99134870469334
61.37620051647939	0.000023963958920795722	-179.99073515028817
61.94410750767812	0.000022811532998528508	-179.9900508592362
62.51726927756855	0.000021664000071056416	-179.98928379556816
63.0957344480193	0.000020520385713287007	-179.9884191011089
63.67955209079155	0.000019379666715123202	-179.98743822480984
64.26877173170195	0.000018240765370648564	-179.98631770966875
64.86344335482381	0.000017102543062518477	-179.98502746929745
65.46361740672747	0.00001596379303520659	-179.98352828500683
66.06934480075958	0.000014823232232095257	-179.98176807891926
66.68067692136219	0.000013679492048973148	-179.97967620332318
67.29766562843174	0.000012531107829456157	-179.97715439513158
67.92036326171844	0.00001137650689510941	-179.97406187936858
68.54882264526613	0.00001021399486327924	-179.97018967429347
69.18309709189363	9.041739957205806e-6	-179.96521371331437
69.82324040771712	7.85775495393901e-6	-179.95860316771166
70.46930689671467	6.659876343973398e-6	-179.94942456608968
71.12135136533288	5.445740191959836e-6	-179.9358712470997
71.77942912713615	4.212754099984182e-6	-179.91393180272854
72.44359600749898	2.9580646618127617e-6	-179.87255301532917
73.11390834834172	1.678520660297686e-6	-179.76611316966552
73.79042301291008	3.7066673937377277e-7	-178.89522113581526
74.47319739059888	9.695966194063633e-7	-0.44126190082412137
75.16228940182053	2.3463652976601185e-6	-0.19087014229469937
75.85775750291836	3.764665881819825e-6	-0.12476922122920919
76.55966069112561	5.230022300306248e-6	-0.09439307000813373
77.26805850957021	6.748709569103353e-6	-0.07705590417500323
77.98301105232578	8.327882476349418e-6	-0.06593548014882125
78.70457896950977	9.975741101686707e-6	-0.05827181403961719
79.43282347242805	0.00001170173594338621	-0.05273683472161299
80.16780633876782	0.000013516823318007606	-0.04861378804322896
80.90958991783813	0.00001543378586066466	-0.045483217463390464
81.65823713585914	0.000017467638305363088	-0.04308478656583007
82.41381150130013	0.000019636146238556688	-0.041249956429332144
83.176377110267	0.000021960496307310997	-0.039866566247412145
83.94599865193965	0.000024466172113850894	-0.03885909078833509
84.72274141405954	0.00002718411341934434	-0.03817718639799137
85.50667128846823	0.000030152271666604064	-0.03778892525766798
86.29785477669692	0.00003341772946313211	-0.0376768811922101
87.09635899560797	0.00003703963791999626	-0.037836120650520166
87.90225168308834	0.000041093365354046944	-0.03827365059844824
88.71560120379598	0.000045676483213536426	-0.039009204945141776
89.53647655495928	0.00005091761408513353	-0.04007753877458341
90.36494737223005	0.000056989876582378135	-0.041532747988873284
91.20108393559087	0.00006413197757351855	-0.04345567729172649
92.04495717531702	0.00007268255792813457	-0.04596647471746215
92.89663867799354	0.00008313864434402707	-0.0492463514223001
93.75620069258792	0.00009626056128794455	-0.053576961630807544
94.6237161365792	0.00011327296537774833	-0.059416139369985015
95.4992586021435	0.00013628326735672206	-0.06755577637623399
96.38290236239695	0.00016925198369290202	-0.0794881775787371
97.2747223776964	0.00022060374422677842	-0.09839206614959309
98.17479430199833	0.000311985098091993	-0.13244007123292761
99.08319448927665	0.0005209528563417458	-0.21092086287020076
99.9999999999999	0.001490470365130701	-0.5766673965399379