0.01000000000000001	0.413221485687875	-0.006416607300341723
0.010092528860766855	0.4132273409700636	-0.006416698692359637
0.01018591388054118	0.4132333052827587	-0.006416791786209105
0.010280162981264745	0.4132393806600916	-0.006416886613627898
0.010375284158180138	0.41324556917196775	-0.006416983206954374
0.010471285480509006	0.4132518729302969	-0.006417081599156581
0.010568175092136596	0.413258294084852	-0.006417181823732903
0.01066596121230259	0.41326483482465365	-0.0064172839149341234
0.010764652136298361	0.41327149738263913	-0.006417387907552394
0.010864256236170667	0.4132782840299043	-0.006417493837070828
0.010964781961431863	0.41328519708130584	-0.006417601739624522
0.011066237839776675	0.413292238897918	-0.006417711652042603
0.011168632477805623	0.41329941188088803	-0.006417823611826801
0.011271974561755117	0.41330671847907435	-0.006417937657200778
0.011376272858234322	0.4133141611865446	-0.006418053827084177
0.01148153621496884	0.4133217425431261	-0.006418172161135769
0.011587773561551273	0.41332946513689656	-0.006418292699764306
0.011694993910198724	0.41333733160402786	-0.006418415484101498
0.01180320635651731	0.41334534463301503	-0.006418540556103405
0.011912420080273762	0.41335350695816375	-0.006418667958490113
0.012022644346174144	0.41336182136802924	-0.0064187977347645786
0.012133888504649786	0.41337029070164094	-0.006418929929225297
0.012246161992650502	0.41337891785381864	-0.006419064587117848
0.01235947433444512	0.4133877057710598	-0.006419201754375009
0.012473835142429446	0.4133966574581749	-0.0064193414779287646
0.012589254117941687	0.41340577597270733	-0.006419483805506967
0.012705741052085433	0.41341506443154075	-0.006419628785775122
0.012823305826560232	0.4134245260114278	-0.006419776468291798
0.01294195841449987	0.4134341639438682	-0.006419926903525498
0.013061708881318424	0.41344398152825285	-0.006420080142977387
0.013182567385564082	0.41345398212069273	-0.006420236239045931
0.01330454417978092	0.4134641691407194	-0.0064203952450838835
0.013427649611378649	0.41347454607528783	-0.006420557215537646
0.01355189412351037	0.4134851164731157	-0.0064207222058132885
0.013677288255958502	0.41349588395178527	-0.006420890272367122
0.013803842646028859	0.4135068521974774	-0.00642106147275718
0.013931568029453043	0.4135180249635539	-0.00642123586555272
0.01406047524129915	0.41352940607448374	-0.006421413510479589
0.014190575216890933	0.41354099942913475	-0.0064215944683635616
0.014321878992735446	0.4135528089973269	-0.006421778801223071
0.014454397707459286	0.41356483882430034	-0.006421966572189399
0.014588142602753497	0.413577093031057	-0.006422157845559285
0.014723125024327202	0.41358957581553596	-0.006422352686939262
0.014859356422870082	0.4136022914573438	-0.006422551163057552
0.014996848355023748	0.41361524431467284	-0.006422753341992178
0.015135612484362095	0.41362843882683775	-0.006422959293046306
0.015275660582380739	0.41364187952265585	-0.006423169086892754
0.015417004529495607	0.41365557100758854	-0.006423382795445876
0.015559656316050758	0.41366951797953355	-0.006423600492059656
0.01570362804333554	0.41368372522441	-0.006423822251407953
0.015848931924611148	0.41369819761782084	-0.006424048149623647
0.015995580286146702	0.41371294012689264	-0.006424278264264053
0.016143585568264878	0.4137279578145146	-0.006424512674334571
0.016292960326397238	0.41374325583619415	-0.006424751460358221
0.01644371723214933	0.413758839446834	-0.0064249947043320006
0.016595869074375623	0.4137747140021499	-0.0064252424898747365
0.01674942876026439	0.413790884954661	-0.00642549490212409
0.016904409316432657	0.41380735786306494	-0.006425752027863784
0.017060823890031253	0.4138241383923127	-0.006426013955492406
0.017218685749860088	0.41384123231147213	-0.006426280775111783
0.017378008287493772	0.41385864550078993	-0.006426552578518744
0.01753880501841763	0.4138763839497277	-0.006426829459218773
0.01770108958317423	0.41389445376579054	-0.006427111512522642
0.017864875748520526	0.41391286116616244	-0.0064273988355518855
0.018030177408595707	0.41393161249213206	-0.00642769152725169
0.018197008586099853	0.4139507141984659	-0.006427989688427908
0.018365383433483484	0.4139701728684994	-0.006428293421850319
0.018535316234148135	0.41398999520671426	-0.00642860283219687
0.018706821403658026	0.4140101880463538	-0.006428918026127091
0.018879913490962956	0.4140307583493538	-0.006429239112340457
0.019054607179632494	0.4140517132103796	-0.006429566201634204
0.019230917289101597	0.4140730598612346	-0.006429899406863852
0.019408858775927792	0.4140948056675139	-0.006430238843059813
0.01958844673505991	0.41411695813587207	-0.006430584627410582
0.01976969640111862	0.4141395249167494	-0.006430936879347191
0.01995262314968881	0.4141625138072633	-0.006431295720612462
0.020137242498623895	0.4141859327485457	-0.006431661275221301
0.02032357010936223	0.4142097898394629	-0.006432033669554494
0.020511621788255666	0.41423409332805716	-0.006432413032445259
0.020701413487910436	0.414258851621115	-0.006432799495122485
0.02089296130854041	0.41428407328736494	-0.006433193191387628
0.02108628149933291	0.41430976705573497	-0.0064335942575262945
0.021281390459827135	0.41433594182650285	-0.006434002832472401
0.021478304741305354	0.4143626066660897	-0.006434419057818023
0.02167704104819696	0.4143897708146647	-0.00643484307781947
0.02187761623949554	0.41441744368961	-0.006435275039532461
0.022080047330189013	0.41444563489144837	-0.006435715092832571
0.022284351492703053	0.4144743542007265	-0.006436163390451926
0.022490546058357826	0.4145036115843668	-0.0064366200880074794
0.022698648518838235	0.4145334172042542	-0.0064370853441701355
0.022908676527677748	0.4145637814157006	-0.0064375593206251434
0.023120647901755963	0.4145947147708344	-0.006438042182160843
0.023334580622810044	0.4146262280268486	-0.006438534096706581
0.023550492838960112	0.414658332145847	-0.006439035235454068
0.023768402866248782	0.41469103830098186	-0.006439545772864578
0.02398832919019492	0.4147243578816842	-0.006440065886785925
0.0242102904673618	0.4147583024944867	-0.006440595758447862
0.02443430552693974	0.4147928839689349	-0.006441135572579818
0.024660393372343412	0.414828114366137	-0.006441685517509758
0.02488857318282393	0.414864005976291	-0.0064422457851608505
0.025118864315095822	0.41490057132850905	-0.006442816571188992
0.025351286304979098	0.4149378231918848	-0.0064433980749696125
0.02558585886905648	0.41497577458437107	-0.006443990499812926
0.025822601906345985	0.4150144387744983	-0.006444594052898879
0.026061535499988978	0.41505382928687273	-0.006445208945455031
0.026302679918953843	0.41509395990931985	-0.006445835392784431
0.026546055619755416	0.41513484469660156	-0.006446473614375526
0.026791683248190343	0.41517649797435974	-0.00644712383393318
0.027039583641088463	0.41521893434658247	-0.006447786279546863
0.027289777828080432	0.4152621687035021	-0.006448461183732037
0.02754228703338169	0.4153062162219644	-0.006449148783561843
0.02779713267759291	0.41535109237539297	-0.0064498493206235396
0.02805433637951716	0.4153968129351884	-0.006450563041271617
0.028313919957993816	0.4154433939856073	-0.006451290196692505
0.028575905433749497	0.41549085191916024	-0.0064520310429361
0.028840315031266085	0.41553920345160805	-0.006452785841024931
0.02910717118066608	0.41558846562511653	-0.006453554857153208
0.029376496519615335	0.41563865581120996	-0.006454338362662958
0.029648313895243455	0.4156897917265345	-0.006455136634237894
0.02992264636608192	0.4157418914305455	-0.006455949953974962
0.030199517204020192	0.415794973338667	-0.006456778609475142
0.03047894989627986	0.415849056228278	-0.0064576228940973505
0.03076096814740711	0.41590415924330465	-0.006458483106818162
0.031045595881283587	0.4159603019054151	-0.0064593595525988335
0.03133285724315589	0.41601750412105504	-0.006460252542351269
0.031622776601683826	0.41607578618757096	-0.006461162393190817
0.03191537855100765	0.4161351688019073	-0.006462089428399393
0.03221068791283438	0.41619567307243505	-0.006463033977702401
0.03250872973854347	0.41625732052220255	-0.006463996377371773
0.03280952931131194	0.41632013310077143	-0.006464976970253988
0.03311311214825915	0.41638413319044365	-0.0064659761060608
0.03341950400261146	0.41644934362218716	-0.006466994141457893
0.03372873086588692	0.41651578767444336	-0.006468031440154318
0.034040818970100126	0.4165834890932863	-0.0064690883731119125
0.0343557947899875	0.41665247209291273	-0.006470165318672954
0.0346736850452532	0.41672276137198017	-0.006471262662761646
0.034994516702835765	0.41679438212292436	-0.006472380798984616
0.035318316979195734	0.4168673600387396	-0.00647352012881107
0.03564511334262446	0.416941721327108	-0.006474681061770103
0.03597493351557427	0.41701749272247235	-0.006475864015612573
0.03630780547701017	0.41709470149063393	-0.0064770694164580055
0.03664375746478335	0.4171733754511903	-0.006478297699015401
0.03698281797802665	0.417253542975086	-0.006479549306705092
0.037325015779572084	0.41733523301089154	-0.0064808246919573174
0.037670379898390914	0.4174184750891449	-0.006482124316310157
0.038018939632056145	0.41750329933340213	-0.006483448650633253
0.0383707245492279	0.4175897364795478	-0.006484798175329667
0.038725764492161745	0.41767781788445274	-0.0064861733806004076
0.03908408957924023	0.41776757554004046	-0.0064875747665478775
0.03944573020752787	0.41785904209057506	-0.0064890028435297745
0.039810717055349755	0.41795225084078214	-0.006490458132265763
0.04017908108489402	0.4180472357760777	-0.006491941164133542
0.040550853544838415	0.41814403157535346	-0.006493452481410108
0.040926065973001115	0.41824267362447	-0.006494992637460014
0.041304750199016166	0.41834319803580305	-0.006496562197070217
0.04168693834703357	0.41844564165717846	-0.006498161736563101
0.04207266283844444	0.4185500421025255	-0.006499791844302196
0.04246195639463132	0.41865643775193345	-0.006501453120716546
0.042854852039743985	0.41876486777800004	-0.006503146178675031
0.04325138310350091	0.4188753721646038	-0.006504871643865786
0.04365158322401663	0.41898799171905426	-0.0065066301548381295
0.044055486350655364	0.41910276809959646	-0.006508422363676073
0.04446312674691091	0.4192197438244949	-0.006510248935934612
0.04487453899331325	0.4193389622997674	-0.006512110551237002
0.04528975799036211	0.4194604678326053	-0.006514007903410175
0.04570881896148754	0.4195843056602026	-0.006515941700999005
0.04613175745603798	0.4197105219636003	-0.006517912667477615
0.04655860935229591	0.41983916389375825	-0.006519921541697109
0.04698941086052156	0.4199702795890851	-0.0065219690782090094
0.04742419852602448	0.4201039182053537	-0.006524056047694085
0.04786300923226385	0.42024012993483306	-0.0065261832373546755
0.04830588020397728	0.42037896603191216	-0.006528351451327749
0.04875284901033865	0.42052047883492866	-0.006530561511088515
0.04920395356814511	0.4206647217952381	-0.006532814255914165
0.04965923214503363	0.4208117495060516	-0.006535110543506127
0.05011872336272725	0.4209616177180082	-0.006537451250157145
0.05058246620031143	0.42111438338094354	-0.0065398372715390115
0.051050499997540646	0.42127010466382775	-0.006542269523151456
0.05152286445817567	0.4214288409854171	-0.006544748940896744
0.05199959965335162	0.4215906530440585	-0.006547276481590628
0.052480746024977286	0.4217556028521501	-0.0065498531237447415
0.05296634438916581	0.421923753761667	-0.006552479868090093
0.05345643593969719	0.42209517050338774	-0.006555157738433277
0.05395106225151279	0.42226991921561197	-0.00655788778227633
0.05445026528424214	0.4224480674799957	-0.006560671071703733
0.05495408738576248	0.42262968435697096	-0.006563508704313071
0.0554625712957911	0.42281484042528084	-0.006566401804122981
0.05597576014951104	0.4230036078140385	-0.006569351522712239
0.05649369748123028	0.4231960602456764	-0.006572359040317495
0.05701642722807478	0.4233922730741724	-0.006575425567213978
0.05754399373371572	0.4235923233258288	-0.0065785523451991675
0.05807644175213124	0.4237962897439343	-0.006581740649269103
0.05861381645140291	0.42400425282762183	-0.006584991789472096
0.05915616341754743	0.4242162948789352	-0.006588307113278218
0.05970352865838372	0.42443250005280114	-0.006591688008134044
0.06025595860743581	0.4246529543955074	-0.006595135904459958
0.060813500127871824	0.42487774590422384	-0.006598652279485366
0.061376200516479455	0.4251069645697925	-0.006602238661548774
0.06194410750767818	0.42534070242900224	-0.006605896635591994
0.06251726927756862	0.4255790536263868	-0.006609627849800001
0.06309573444801936	0.42582211445620766	-0.006613434023824572
0.06367955209079162	0.4260699834322728	-0.006617316959287227
0.064268771731702	0.42632276133990327	-0.006621278552963549
0.06486344335482389	0.4265805512938594	-0.00662532081374993
0.06546361740672754	0.4268434588127229	-0.006629445884713869
0.06606934480075964	0.427111591867315	-0.006633656071854133
0.06668067692136226	0.4273850609636702	-0.0066379538822885316
0.06729766562843183	0.4276639791966196	-0.006642342075100439
0.0679203632617185	0.4279484623350745	-0.006646823730060863
0.0685488226452662	0.4282386288871327	-0.0066514023411300876
0.0691830970918937	0.42853460017395406	-0.006656081944688261
0.06982324040771719	0.42883650041652477	-0.006660867297242856
0.07046930689671474	0.429144456808567	-0.0066657641220195935
0.07112135136533296	0.4294585996036577	-0.0066707794530748744
0.07177942912713622	0.42977906219800266	-0.006675922112467871
0.07244359600749906	0.4301059812194898	-0.00668120336300789
0.0731139083483418	0.43043949660931047	-0.006686637770731167
0.07379042301291015	0.4307797517169392	-0.006692244257917354
0.07447319739059896	0.43112689336262205	-0.006698047152048052
0.07516228940182061	0.43148107192367585	-0.006704076564667614
0.07585775750291844	0.4318424413684206	-0.006710366340289034
0.07655966069112569	0.43221115930099246	-0.006716945755687517
0.07726805850957029	0.4325873870034139	-0.0067238188104383504
0.07798301105232593	0.43297128962834686	-0.006730927467825139
0.07870457896950993	0.43336303668328	-0.006738115189705037
0.07943282347242822	0.433762802877458	-0.0067451452367057185
0.08016780633876798	0.4341707686844207	-0.006751818720169135
0.0809095899178383	0.43458711987341175	-0.006758110743008285
0.0816582371358593	0.43501204639980434	-0.006764171503518243
0.0824138115013003	0.435445741972387	-0.006770204390866828
0.08317637711026717	0.4358884045025372	-0.006776364226967411
0.08394599865193982	0.436340236813578	-0.006782734182581761
0.08472274141405972	0.43680144710564794	-0.006789345668334804
0.08550667128846841	0.4372722492330631	-0.006796202831745331
0.0862978547766971	0.43775286286840925	-0.006803298700509792
0.08709635899560814	0.4382435136483433	-0.006810623442871296
0.08790225168308852	0.438744433335912	-0.0068181679083735725
0.08871560120379617	0.4392558599838979	-0.00682592483458265
0.08953647655495947	0.4397780381357009	-0.006833889038195229
0.09036494737223023	0.4403112190121378	-0.006842057223658161
0.09120108393559107	0.44085566074125865	-0.006850427687483244
0.09204495717531722	0.44141162857235794	-0.006859000027731258
0.09289663867799372	0.44197939512183415	-0.006867774895917398
0.09375620069258811	0.4425592406133751	-0.006876753797081348
0.09462371613657934	0.4431514531405121	-0.0068859389338593105
0.09549925860214364	0.44375632893650335	-0.006895333086573753
0.0963829023623971	0.44437417265494716	-0.006904939521897092
0.09727472237769656	0.44500529765876745	-0.006914761923624027
0.09817479430199849	0.4456500263323504	-0.00692480434053397
0.09908319448927681	0.4463086903963139	-0.00693507114714542
0.10000000000000005	0.4469816312357628	-0.006945567014489418
0.10092528860766849	0.44766920025932266	-0.0069562968886539255
0.10185913880541175	0.44837175924514844	-0.0069672659752053195
0.10280162981264741	0.44908968073272715	-0.006978479728320794
0.10375284158180131	0.449823348409688	-0.0069899438436524545
0.10471285480509002	0.4505731575242854	-0.007001664254070493
0.1056817509213659	0.4513395153202792	-0.007013647127878004
0.10665961212302584	0.4521228414831638	-0.007025898868942727
0.10764652136298355	0.45292356861149485	-0.007038426118554784
0.10864256236170661	0.45374214271366203	-0.007051235758572549
0.10964781961431856	0.45457902371795456	-0.007064334915827769
0.1106623783977667	0.45543468601591375	-0.0070777309676901
0.11168632477805618	0.45630961902308675	-0.007091431548406932
0.1127197456175511	0.45720432777776565	-0.007105444556560853
0.11376272858234315	0.4581193335552809	-0.007119778163183264
0.11481536214968835	0.45905517452045974	-0.007134440820725699
0.11587773561551268	0.4600124064115707	-0.007149441272869994
0.11694993910198717	0.4609916032515139	-0.0071647885649524104
0.11803206356517304	0.46199335810542774	-0.0071804920553380025
0.11912420080273756	0.4630182838655182	-0.007196561427425416
0.12022644346174137	0.464067014075422	-0.0072130067024130445
0.1213388850464978	0.46514020381289317	-0.0072298382530828565
0.12246161992650495	0.4662385305913036	-0.007247066818146699
0.12359474334445113	0.46736269533344654	-0.007264703517652385
0.12473835142429439	0.4685134233783009	-0.007282759869263378
0.1258925411794168	0.4696914655549333	-0.007301247805467658
0.12705741052085426	0.47089759929421987	-0.007320179691673104
0.12823305826560225	0.4721326298217412	-0.007339568345676988
0.1294195841449987	0.47339739140591297	-0.007359427057958985
0.13061708881318423	0.4746927486693928	-0.007379769613340957
0.1318256738556408	0.47601959798084365	-0.007400610313751341
0.13304544179780922	0.4773788689184762	-0.007421964002526137
0.13427649611378642	0.4787715258205387	-0.007443846090018358
0.13551894123510363	0.48019856942449457	-0.007466272580811576
0.13677288255958495	0.48166103859316656	-0.007489260102484086
0.13803842646028852	0.4831600121460087	-0.007512825936164365
0.13931568029453034	0.4846966107957956	-0.007536988048982013
0.14060475241299142	0.4862719992051622	-0.0075617651284937545
0.14190575216890927	0.4878873881579475	-0.007587176619313966
0.1432187899273544	0.48954403686168413	-0.007613242761839672
0.1445439770745928	0.4912432554015684	-0.007639984633825536
0.1458814260275349	0.49298640732814947	-0.007667424194252492
0.14723125024327194	0.4947749124148935	-0.007695584330212899
0.14859356422870074	0.4966102495984897	-0.007724488906990051
0.1499684835502374	0.49849396008271507	-0.007754162821246328
0.15135612484362088	0.5004276506672807	-0.007784632057989116
0.15275660582380732	0.5024129972685127	-0.007815923751270624
0.154170045294956	0.5044517486891311	-0.007848066249181088
0.1555965631605075	0.5065457306343487	-0.007881089183411611
0.15703628043335532	0.5086968499744943	-0.007915023543443506
0.15848931924611143	0.5109070993498844	-0.007949901756625891
0.15995580286146696	0.5131785620266135	-0.00798575777340299
0.1614358556826487	0.5155134171321539	-0.008022627159271769
0.1629296032639723	0.5179139452544858	-0.008060547193477702
0.16443717232149324	0.5203825344179692	-0.00809955697501882
0.16595869074375613	0.522921686517069	-0.008139697537031235
0.16749428760264382	0.5255340241848359	-0.008181011969701737
0.1690440931643265	0.5282222982060982	-0.008223545553289375
0.17060823890031243	0.5309893954547493	-0.008267345901396859
0.17218685749860077	0.5338383474344905	-0.00831246311600638
0.17378008287493762	0.5367723394961468	-0.008358949955414821
0.1753880501841762	0.5397947207331484	-0.00840686201584648
0.1770108958317422	0.5429090146858309	-0.008456257928760005
0.17864875748520517	0.5461189308761578	-0.008507199574997485
0.180301774085957	0.5494283772954245	-0.008559752317711783
0.18197008586099844	0.552841473887404	-0.008613985255967037
0.18365383433483473	0.5563625671687621	-0.008669971501152481
0.18535316234148125	0.559996246068594	-0.00872778847881811
0.18706821403658017	0.5637473591283179	-0.008787518258711472
0.18879913490962946	0.5676210331768793	-0.008849247915953309
0.19054607179632482	0.5716226936636918	-0.008913069927195117
0.19230917289101596	0.575758086780059	-0.008979082605450592
0.19408858775927793	0.5800333036102675	-0.0090473905786502
0.19588446735059908	0.5844548064729573	-0.00911810531638406
0.1976969640111862	0.5890294577475411	-0.009191345711562854
0.19952623149688808	0.5937645514095472	-0.009267238722989958
0.20137242498623895	0.598667847615365	-0.009345920087100699
0.2032357010936223	0.6037476106835429	-0.009427535107522764
0.20511621788255666	0.609012650836236	-0.009512239532426787
0.20701413487910436	0.6144723701714198	-0.009600200531478965
0.2089296130854041	0.620136813381265	-0.009691597786231784
0.2108628149933291	0.6260167237916872	-0.00978662470921685
0.21281390459827135	0.6321236053416148	-0.009885489809521707
0.21478304741305343	0.638469791345059	-0.009988418226914673
0.21677041048196952	0.6450685208263994	-0.010095653458253593
0.2187761623949553	0.6519340234731633	-0.010207459305169054
0.22080047330189004	0.6590816143526554	-0.01032412207684937
0.22284351492703042	0.6665277997313963	-0.010445953087828197
0.22490546058357816	0.6742903955190995	-0.010573291496648212
0.22698648518838224	0.682388660196287	-0.010706507542228768
0.22908676527677735	0.6908434442647812	-0.010846006242412184
0.23120647901755953	0.6996773587070083	-0.010992231633572092
0.23334580622810033	0.7089149653678278	-0.011145671645482184
0.23550492838960102	0.7185829925781422	-0.011306863722632659
0.23768402866248772	0.7287105801413906	-0.01147640132875207
0.2398832919019491	0.739329558311933	-0.01165494149658203
0.2421029046736179	0.7504747665626554	-0.011843213623195807
0.24434305526939726	0.7621844188120753	-0.012042029751375074
0.246603933723434	0.774500523260285	-0.012252296633714807
0.24888573182823917	0.7874693666228324	-0.01247502994376436
0.25118864315095807	0.801142074625128	-0.012711371084024705
0.2535128630497908	0.8155752630431568	-0.012962607147468769
0.25585858869056466	0.830831797047381	-0.01323019473141342
0.2582260190634597	0.8469816803040028	-0.013515788474151911
0.26061535499988964	0.8641031005917055	-0.013821275417242622
0.2630267991895383	0.8822836650842548	-0.01414881658970633
0.26546055619755404	0.9016218666831182	-0.014500897595722116
0.2679168324819033	0.9222288335378616	-0.01488039049666319
0.2703958364108845	0.9442304277787327	-0.015290629947843432
0.2728977782808042	0.9677697775625873	-0.015735507445223593
0.27542287033381674	0.9930103507774709	-0.016219588746312415
0.277971326775929	1.020139710616984	-0.01674826115861084
0.2805433637951715	1.049374136533481	-0.017327919634868908
0.28313919957993805	1.0809643527139803	-0.017966203707065184
0.2857590543374948	1.1152026868539906	-0.018672301622896858
0.2884031503126607	1.1524320945768214	-0.0194573441739104
0.29107171180666064	1.1930576427639583	-0.02033491946318994
0.2937649651961532	1.2375612715383477	-0.02132175257196696
0.2964831389524344	1.2865209823006092	-0.02243861277976033
0.29922646366081906	1.3406360830081567	-0.023711538929336726
0.30199517204020176	1.4007608468818646	-0.025173515984665384
0.30478949896279844	1.4679500507581436	-0.026866801578415287
0.307609681474071	1.543521593757741	-0.028846205272417436
0.3104559588128357	1.6291441735814913	-0.031183791346762652
0.3133285724315587	1.7269625619923554	-0.03397575484797664
0.3162277660168381	1.8397807484718305	-0.037352696908196086
0.31915378551007634	1.9713367558662802	-0.041495365738026244
0.3221068791283436	2.126727557295066	-0.046659468812975696
0.32508729738543457	2.313089358669004	-0.05321610508295193
0.3280952931131192	2.5407322856376453	-0.0617202861203797
0.3311311214825913	2.8251280513931323	-0.07303265803144901
0.33419504002611444	3.19060601765435	-0.08854856220783178
0.3372873086588691	3.6777574859053703	-0.11066143473592024
0.34040818970100106	4.359760891549907	-0.1437923784480205
0.34355794789987465	5.3833193110201645	-0.19698639743546603
0.34673685045253166	7.092031153186315	-0.2917654526207197
0.3499451670283573	10.52366405892773	-0.4938496559146871
0.353183169791957	20.952196028271572	-1.1393562760458265
0.35645113342624424	659.7347815762416	-132.4471680160454
0.3597493351557423	19.467231529193576	-178.5023399417764
0.36307805477010135	9.66496541164651	-179.08966360404833
0.36643757464783333	6.345564073405188	-179.25222189784876
0.3698281797802663	4.671397108051259	-179.29467650936672
0.3732501577957206	3.6581614890547813	-179.27320095509097
0.37670379898390893	2.9750226342608825	-179.1981428593053
0.38018939632056126	2.479052881585208	-179.06038332933065
0.38370724549227886	2.0977892669564544	-178.83175652969183
0.3872576449216173	1.789681271984456	-178.4513012895425
0.3908408957924021	1.5278201843698187	-177.78391056567108
0.39445730207527846	1.2919446912310049	-176.4778948094195
0.3981071705534973	1.0645282014496709	-173.7162770129202
0.40179081084894	0.8275767338535307	-165.73866256772365
0.40550853544838394	0.6712854636900766	-137.36883403882587
0.40926065973001097	1.3600963235429004	-109.9474161914238
0.41304750199016144	2.0913573024180963	-145.72051435811744
0.4168693834703355	1.6928612756400927	-165.4955933732643
0.4207266283844442	1.3956143339169949	-172.31336331189826
0.424619563946313	1.1999732448586462	-175.04587362891772
0.4285485203974396	1.0612277879291814	-176.35267547936203
0.43251383103500884	0.9535224766939655	-177.04761798746003
0.4365158322401661	0.8642041793026051	-177.4189716166265
0.44055486350655343	0.7861426183104028	-177.57958768649155
0.4446312674691088	0.7144762443518331	-177.56089112786847
0.4487453899331323	0.6448947182982044	-177.32811881638526
0.4528975799036209	0.5720377993962947	-176.72989492255917
0.4570881896148752	0.48642833513037165	-175.23878996066
0.46131757456037953	0.36516304809020206	-170.19190277389475
0.4655860935229591	0.18137641911145225	-120.95035159139172
0.4698941086052156	2.2482831550226954	-81.33028444504122
0.4742419852602448	1.2168922091941647	-173.69085747311064
0.47863009232263853	0.8500441210215356	-178.6665793719261
0.48305880203977286	0.7149245599345891	-179.536524724166
0.4875284901033865	0.6385772350724185	-179.80948816980964
0.4920395356814511	0.5859276557805456	-179.91534404543086
0.49659232145033627	0.5455284172631076	-179.96063876713552
0.5011872336272725	0.5124934337775094	-179.98041539876542
0.5058246620031143	0.4843609742554981	-179.98829109584582
0.5105049999754064	0.45973925629505175	-179.990156529146
0.5152286445817567	0.4377709030748128	-179.98873295547
0.5199959965335162	0.4178912123874827	-179.98530511491506
0.5248074602497729	0.3997076749315326	-179.9804445343667
0.5296634438916581	0.38293507247990305	-179.97432846355466
0.5345643593969719	0.3673582392052094	-179.96687928113062
0.5395106225151278	0.3528095392921709	-179.95781379177535
0.5445026528424215	0.33915462115724154	-179.94663797220554
0.5495408738576248	0.32628306207240587	-179.93259851636495
0.5546257129579107	0.3141020538936946	-179.91459016498453
0.5597576014951101	0.30253211797620183	-179.8910123067042
0.5649369748123025	0.29150434663926034	-179.85957344224425
0.5701642722807475	0.28095901097135884	-179.81707466031543
0.5754399373371569	0.2708455230933746	-179.75930275804592
0.580764417521312	0.2611232937473024	-179.68138312555607
0.5861381645140288	0.25176091463336997	-179.57921159309294
0.591561634175474	0.24272644867670012	-179.4522374443535
0.5970352865838369	0.233959080075693	-179.30537567333602
0.6025595860743578	0.22532600869516572	-179.14380908699727
0.6081350012787179	0.21659097118963988	-178.95608208295363
0.6137620051647943	0.20739190869672108	-178.68610565119346
0.6194410750767815	0.1971408702801664	-178.16451011942263
0.6251726927756859	0.18479319680241085	-176.76541836226318
0.6309573444801934	0.17284449917978667	-171.1807585658629
0.6367955209079159	0.19569026115613924	-168.97079335427352
0.6426877173170198	0.1945603440004725	-170.58229054061212
0.6486344335482385	0.1761071185748375	-178.1123966942935
0.654636174067275	0.09145128274817509	-179.92400977926238
0.6606934480075961	0.3258888531922289	-177.778857249547
0.6668067692136223	0.22525807529178207	-179.39628843708837
0.6729766562843178	0.20192806010259723	-179.69237871674366
0.6792036326171846	0.1891339673218102	-179.81473652496658
0.6854882264526617	0.18000581804121493	-179.8784459219164
0.6918309709189366	0.17266301178001855	-179.91513331106208
0.6982324040771715	0.16636739948368454	-179.93731086415923
0.7046930689671471	0.16076436771660035	-179.95107693439712
0.7112135136533292	0.1556593223659792	-179.95978987469428
0.7177942912713619	0.15093484273077942	-179.96541426156134
0.7244359600749902	0.14651485648834592	-179.96912743853198
0.7311390834834176	0.14234727740944808	-179.97164114898328
0.7379042301291011	0.1383948127877694	-179.9733878684708
0.7447319739059892	0.13462974638643085	-179.97463209399328
0.7516228940182057	0.13103081085161106	-179.97553708639143
0.758577575029184	0.12758122855675988	-179.97620479695559
0.7655966069112565	0.12426743915282383	-179.97669972672938
0.7726805850957026	0.12107824734530334	-179.97706321986615
0.7798301105232589	0.11800423661556347	-179.9773220766656
0.7870457896950989	0.11503735614844683	-179.97749378688388
0.7943282347242817	0.11217062343714403	-179.97758973982965
0.8016780633876793	0.10939790588647356	-179.97761721126005
0.8090958991783825	0.10671375745673353	-179.9775805979195
0.8165823713585927	0.10411329428909603	-179.97748213924353
0.8241381150130026	0.10159210131319282	-179.97732377052094
0.8317637711026713	0.09914614593896248	-179.9771021086857
0.8394599865193977	0.09677173663338921	-179.9768175742818
0.8472274141405968	0.09446545786798681	-179.97646679428843
0.8550667128846836	0.09222413718957172	-179.9760458100512
0.8629785477669706	0.09004481083242453	-179.97554955667502
0.870963589956081	0.0879246954626888	-179.9749717427094
0.8790225168308847	0.0858611638394616	-179.97430469262522
0.8871560120379608	0.08385172342142465	-179.97353913467896
0.8953647655495938	0.08189399714478157	-179.97266392303786
0.9036494737223014	0.0799857057196916	-179.97166567929975
0.9120108393559097	0.07812465086614276	-179.97052833262032
0.9204495717531712	0.07630869894156268	-179.96923252966403
0.9289663867799363	0.0745357644085966	-179.96775487467804
0.9375620069258802	0.0728037925480722	-179.96606694477012
0.946237161365793	0.07111074073191685	-179.96413400385757
0.9549925860214359	0.06945455742373571	-179.96191330754812
0.9638290236239705	0.06783315785104804	-179.95935184543083
0.9727472237769651	0.06624439495767193	-179.95638329898622
0.9817479430199844	0.064686023752992	-179.95292388976574
0.9908319448927676	0.06315565644145878	-179.94886663248275
1.	0.06165070462090608	-179.94407325543034
1.0092528860766845	0.0601683031672104	-179.93836264425752
1.0185913880541169	0.05870520783660731	-179.93149399438397
1.0280162981264735	0.05725765451885342	-179.9231417202609
1.0375284158180127	0.055821161425746724	-179.9128571837776
1.0471285480508996	0.05439024441095167	-179.90000871768305
1.0568175092136585	0.05295799653959113	-179.8836846930512
1.066596121230258	0.051515449029246464	-179.86253120532675
1.076465213629835	0.05005056761349669	-179.8344688321702
1.0864256236170655	0.04854661581253959	-179.79617373728854
1.096478196143185	0.046979365211845245	-179.74207004703823
1.1066237839776665	0.04531208341853553	-179.66222895781542
1.1168632477805611	0.04348593494627566	-179.53758069455546
1.1271974561755105	0.04140008325384448	-179.32767305631066
1.1376272858234309	0.03886611845730387	-178.93412448749518
1.1481536214968828	0.03548965526483467	-178.06427541715647
1.1587773561551262	0.030316172688722217	-175.50618769361503
1.1694993910198712	0.021029115942993802	-161.6706897489691
1.1803206356517297	0.033833659822545485	-84.29593326722934
1.191242008027375	0.08843313890361044	-169.41988094045848
1.2022644346174132	0.06285544309738929	-176.1872139970966
1.2133888504649775	0.054377329807944665	-178.1385726223557
1.224616199265049	0.049904788719325514	-178.8876862320102
1.2359474334445106	0.04697087146083245	-179.24948166964194
1.2473835142429432	0.04478834068828045	-179.4506859383176
1.2589254117941675	0.04303122492187039	-179.57342436639055
1.270574105208542	0.041540596790850655	-179.65314377334366
1.2823305826560218	0.04022970182525603	-179.70712441392328
1.2941958414499863	0.03904703657062414	-179.74455383048897
1.3061708881318417	0.0379599272329321	-179.77061532193738
1.3182567385564075	0.036946447974477103	-179.7883219891695
1.3304544179780915	0.03599110091915259	-179.79939317777374
1.3427649611378643	0.035082323875968484	-179.80467287885523
1.3551894123510364	0.03421092060192354	-179.80428781787234
1.3677288255958495	0.03336893384387438	-179.79760122400057
1.3803842646028852	0.032548641439387634	-179.7829090918203
1.3931568029453034	0.03174134723326005	-179.756649763862
1.4060475241299142	0.030935407670540628	-179.711436661693
1.4190575216890926	0.030112151684511583	-179.63067732258727
1.432187899273544	0.02923572347556396	-179.47108195053454
1.4454397707459279	0.02822312744219117	-179.0882816295244
1.4588142602753489	0.026855769179071537	-177.74650949838335
1.4723125024327193	0.02632502478146492	-169.6585175704634
1.4859356422870074	0.031152543717858857	-175.78215803274495
1.499684835502374	0.029031830934687287	-179.14255212229355
1.5135612484362087	0.027809564731954502	-179.69009078250727
1.5275660582380732	0.02693795856951705	-179.85394215197923
1.54170045294956	0.02621486613014675	-179.92034897679414
1.555965631605075	0.02557087739146015	-179.9523560614423
1.5703628043335531	0.024976419237998298	-179.96960872108423
1.584893192461114	0.02441676095970065	-179.97966471570933
1.5995580286146696	0.023883678177975116	-179.98587480970093
1.6143585568264869	0.023372159809997156	-179.989884512164
1.629296032639723	0.02287893225072851	-179.9925668305055
1.6443717232149324	0.022401730855207094	-179.99441381335785
1.6595869074375613	0.0219389118002504	-179.995716619392
1.6749428760264382	0.021489232096904082	-179.9966545645934
1.690440931643265	0.02105171834780741	-179.99734184112305
1.7060823890031243	0.02062558498580301	-179.99785326356155
1.7218685749860079	0.020210181412284513	-179.99823905881857
1.7378008287493762	0.019804956700048747	-179.99853366948435
1.753880501841762	0.019409435346739386	-179.9987611574817
1.770108958317422	0.019023200194761246	-179.9989386112955
1.7864875748520517	0.018645880125389914	-179.9990783458902
1.803017740859568	0.01827714101056433	-179.99918935332096
1.8197008586099825	0.0179166789361258	-179.999278277421
1.8365383433483455	0.017564215040043532	-179.99935007988293
1.8535316234148105	0.017219491519559083	-179.99940850245838
1.8706821403657996	0.01688226849821291	-179.99945639216935
1.8879913490962925	0.016552321535001507	-179.99949593305007
1.9054607179632463	0.016229439619686332	-179.9995288132113
1.9230917289101574	0.015913423540930515	-179.99955634656956
1.9408858775927773	0.01560408454372715	-179.99957956242093
1.958844673505989	0.01530124321386819	-179.99959927195522
1.97696964011186	0.015004728542353058	-179.99961611806643
1.9952623149688788	0.014714377133897468	-179.99963061294744
2.0137242498623875	0.014430032531823457	-179.9996431666741
2.032357010936221	0.014151544637776669	-179.9996541090865
2.0511621788255647	0.013878769209333742	-179.9996637066476
2.0701413487910414	0.013611567422079017	-179.99967217550994
2.0892961308540388	0.013349805485418025	-179.9996796917007
2.108628149933289	0.013093354303499474	-179.99968639910284
2.1281390459827114	0.012842089174235486	-179.9996924157409
2.147830474130533	0.012595889520710658	-179.99969783875454
2.167704104819694	0.01235463865028593	-179.9997027483522
2.1877616239495516	0.012118223537507598	-179.99970721096616
2.208004733018899	0.011886534627585182	-179.99971128178186
2.228435149270303	0.011659465657747784	-179.99971500677196
2.2490546058357803	0.011436913494211245	-179.99971842433916
2.2698648518838214	0.011218777982811397	-179.99972156664666
2.2908676527677723	0.011004961811704081	-179.99972446069998
2.312064790175594	0.010795370384714955	-179.99972712922875
2.333458062281002	0.010589911704167237	-179.99972959140788
2.355049283896009	0.010388496262140905	-179.99973186344903
2.376840286624876	0.010191036939291877	-179.99973395908688
2.39883291901949	0.009997448910458919	-179.99973588998017
2.4210290467361775	0.009807649556376332	-179.9997376660429
2.4434305526939712	0.00962155838091784	-179.99973929571894
2.4660393372343385	0.009439096933356669	-179.9997407862098
2.48885731828239	0.009260188735181045	-179.9997421436642
2.5118864315095797	0.009084759211072843	-179.99974337333623
2.535128630497907	0.008912735623691026	-179.99974447971732
2.5585858869056453	0.008744047011945878	-179.9997454666466
2.582260190634596	0.00857862413248172	-179.99974633740362
2.6061535499988953	0.008416399404123219	-179.99974709478593
2.6302679918953813	0.008257306855049936	-179.99974774117464
2.654605561975539	0.008101282072505584	-179.99974827858924
2.6791683248190314	0.007948262154856008	-179.999748708734
2.703958364108843	0.007798185665831893	-179.99974903303723
2.7289777828080406	0.00765099259080634	-179.99974925268427
2.7542287033381663	0.007506624294973063	-179.99974936864535
2.7797132677592886	0.007365023483300783	-179.99974938169925
2.805433637951713	0.007226134162152492	-179.99974929245343
2.831391995799379	0.00708990160246759	-179.99974910136072
2.8575905433749464	0.006956272304408102	-179.99974880873364
2.8840315031266055	0.006825193963392326	-179.9997484147567
2.910717118066605	0.006696615437424128	-179.9997479194963
2.9376496519615305	0.006570486715656668	-179.99974732290934
2.9648313895243423	0.006446758888115058	-179.99974662485062
2.992264636608189	0.00632538411651974	-179.99974582507866
3.019951720402016	0.0062063156061502684	-179.99974492326072
3.047894989627983	0.0060895075786985	-179.999743918977
3.076096814740708	0.0059749152460596595	-179.99974281172388
3.1045595881283554	0.005862494785016389	-179.9997416009168
3.1332857243155856	0.005752203312770444	-179.99974028589216
3.162277660168379	0.00564399886328478	-179.9997388659092
3.1915378551007616	0.005537840364395328	-179.999737340151
3.2210687912834346	0.00543368761566086	-179.99973570772536
3.250872973854344	0.005331501266913659	-179.9997339676653
3.2809529311311905	0.005231242797484046	-179.99973211892907
3.311311214825911	0.00513287449606686	-179.9997301604001
3.3419504002611427	0.0050363594412040245	-179.99972809088663
3.372873086588689	0.004941661482358214	-179.99972590912094
3.404081897010009	0.004848745221549108	-179.99972361375868
3.4355794789987466	0.004757575995536207	-179.99972120337765
3.4673685045253166	0.004668119858519975	-179.99971867647665
3.499451670283573	0.004580343565344658	-179.99971603147404
3.53183169791957	0.004494214555182566	-179.99971326670598
3.5645113342624426	0.00440970093568037	-179.99971038042494
3.5974933515574232	0.004326771467552331	-179.99970737079747
3.630780547701014	0.004245395549600822	-179.9997042359022
3.664375746478333	0.004165543204150789	-179.9997009737275
3.6982817978026628	0.004087185062883162	-179.99969758216912
3.732501577957206	0.004010292353051041	-179.9996940590274
3.767037989839089	0.003934836884067113	-179.99969040200463
3.801893963205613	0.0038607910344488215	-179.99968660870195
3.8370724549227884	0.0037881277391082742	-179.9996826766162
3.8725764492161727	0.0037168204769761457	-179.9996786031367
3.908408957924021	0.003646843258947591	-179.99967438554148
3.944573020752785	0.0035781706161395	-179.99967002099373
3.981071705534973	0.0035107775884498866	-179.99966550653775
4.0179081084894	0.003444639713407593	-179.9996608390948
4.055085354483839	0.003379733015304798	-179.9996560154585
4.09260659730011	0.0033160339946022993	-179.99965103229056
4.130475019901614	0.00325351961759902	-179.99964588611553
4.168693834703355	0.003192167306357739	-179.99964057331573
4.207266283844442	0.003131954928878549	-179.99963509012585
4.24619563946313	0.0030728607895132375	-179.99962943262713
4.285485203974396	0.0030148636196121958	-179.99962359674132
4.325138310350088	0.002957942568397423	-179.99961757822422
4.365158322401661	0.0029020771940549213	-179.99961137265907
4.405548635065534	0.0028472474550393016	-179.9996049754493
4.446312674691089	0.0027934337015845666	-179.99959838181104
4.487453899331323	0.0027406166674156483	-179.9995915867653
4.528975799036209	0.0026887774616534796	-179.99958458512944
4.570881896148752	0.0026378975609092576	-179.99957737150845
4.613175745603791	0.002587958801561354	-179.99956994028574
4.655860935229586	0.0025389433722105294	-179.999562285613
4.698941086052151	0.002490833806307565	-179.9995544014
4.742419852602444	0.0024436129749489627	-179.9995462813035
4.7863009232263805	0.0023972640798354127	-179.99953791871573
4.830588020397723	0.0023517706463887797	-179.99952930675195
4.875284901033861	0.002307116517023229	-179.99952043823743
4.920395356814506	0.0022632858445655927	-179.99951130569377
4.965923214503357	0.0022202630858213944	-179.99950190132415
5.01187233627272	0.0021780329952821084	-179.999492216998
5.058246620031137	0.002136580618969656	-179.9994822442344
5.105049999754059	0.0020958912884146683	-179.99947197418487
5.152286445817562	0.002055950614764245	-179.9994613976148
5.1999599653351565	0.002016744483015935	-179.9994505048838
5.248074602497723	0.001978259046374476	-179.9994392859251
5.296634438916575	0.0019404807207273234	-179.99942773022303
5.345643593969713	0.0019033961792362852	-179.99941582679
5.395106225151273	0.0018669923470414104	-179.999403564141
5.445026528424209	0.0018312563960742993	-179.99939093026737
5.495408738576242	0.0017961757399774624	-179.9993779126081
5.5462571295791046	0.0017617380291268725	-179.9993644980199
5.597576014951099	0.001727931145754403	-179.9993506727448
5.649369748123022	0.0016947431991675137	-179.99933642237596
5.701642722807472	0.0016621625210631018	-179.99932173182077
5.754399373371567	0.001630177660932714	-179.99930658526188
5.807644175213118	0.0015987773815562263	-179.9992909661153
5.861381645140285	0.0015679506545814128	-179.9992748569857
5.9156163417547365	0.0015376866561863667	-179.9992582396182
5.9703528658383656	0.0015079747628223327	-179.99924109484763
6.025595860743575	0.0014788045470340706	-179.99922340254307
6.081350012787176	0.0014501657733551436	-179.9992051415493
6.137620051647939	0.0014220483942753773	-179.9991862896233
6.194410750767812	0.001394442546277938	-179.99916682336666
6.251726927756856	0.001367338545943119	-179.9991467181524
6.30957344480193	0.0013407268861165252	-179.9991259480466
6.367955209079155	0.001314598232138448	-179.9991044857241
6.426877173170194	0.0012889434181320872	-179.99908230237745
6.486344335482381	0.0012637534433476865	-179.99905936761894
6.546361740672747	0.0012390194685596267	-179.9990356493749
6.6069344800759575	0.0012147328125138833	-179.99901111377147
6.668067692136219	0.0011908849484225713	-179.99898572501135
6.729766562843175	0.0011674675005027859	-179.99895944524033
6.792036326171843	0.0011444722405564733	-179.99893223440267
6.854882264526613	0.0011218910845880552	-179.99890405008486
6.918309709189362	0.0010997160894566324	-179.9988748473455
6.9823240407717115	0.0010779394495589682	-179.9988445785313
7.046930689671467	0.0010565534935398167	-179.99881319307656
7.112135136533288	0.0010355506810255878	-179.99878063728525
7.177942912713615	0.001014923599377303	-179.9987468540938
7.244359600749899	0.0009946649604585217	-179.9987117828123
7.311390834834173	0.0009747675974136689	-179.99867535884212
7.379042301291007	0.0009552244614517762	-179.99863751336747
7.447319739059888	0.0009360286186305499	-179.99859817301797
7.516228940182053	0.0009171732466349505	-179.9985572594989
7.585775750291836	0.0008986516315443773	-179.99851468918627
7.655966069112561	0.0008804571645817812	-179.9984703726817
7.726805850957022	0.0008625833388376594	-179.99842421432345
7.798301105232586	0.0008450237459611782	-179.9983761116481
7.870457896950985	0.0008277720728099234	-179.99832595479725
7.943282347242813	0.000810822098049167	-179.99827362586268
8.01678063387679	0.0007941676886903354	-179.99821899816232
8.090958991783822	0.0007778027965576713	-179.99816193543904
8.165823713585922	0.000761721454670708	-179.99810229097235
8.241381150130021	0.0007459177735289242	-179.99803990659169
8.317637711026709	0.0007303859372835208	-179.99797461157945
8.394599865193973	0.0007151201997795182	-179.99790622144855
8.472274141405963	0.0007001148804494396	-179.99783453657832
8.550667128846833	0.0006853643600377116	-179.99775934068964
8.629785477669701	0.0006708630761323622	-179.99768039913658
8.709635899560805	0.0006566055184777443	-179.99759745698995
8.790225168308842	0.0006425862240387334	-179.99751023688188
8.871560120379607	0.000628799771783077	-179.99741843657804
8.953647655495937	0.0006152407771441976	-179.99732172623595
9.036494737223014	0.0006019038861217664	-179.99721974530325
9.120108393559097	0.0005887837689715475	-179.99711209899993
9.204495717531712	0.0005758751134293024	-179.99699835431963
9.289663867799362	0.0005631726174057252	-179.99687803547297
9.375620069258803	0.0005506709810802783	-179.99675061868234
9.462371613657929	0.0005383648983111977	-179.99661552621944
9.549925860214358	0.0005262490472664741	-179.9964721195573
9.638290236239705	0.0005143180801660617	-179.99631969148243
9.727472237769652	0.0005025666120083256	-179.99615745698208
9.817479430199844	0.0004909892081334706	-179.9959845426837
9.908319448927676	0.00047958037045265977	-179.99579997457673
10.	0.00046833452214291695	-179.99560266368883
10.092528860766844	0.00045724599057387234	-179.99539138931567
10.18591388054117	0.00044630898819158447	-179.99516477931414
10.280162981264736	0.00043551759103573425	-179.99492128685273
10.375284158180126	0.0004248657145074171	-179.99465916287005
10.471285480508996	0.00041434708593327837	-179.99437642330727
10.568175092136585	0.0004039552133848847	-179.99407080994484
10.665961212302578	0.00039368335010616935	-179.9937397433692
10.76465213629835	0.0003835244537717267	-179.99338026620035
10.864256236170656	0.0003734711396385462	-179.9929889741937
10.964781961431852	0.0003635156264553576	-179.99256193214723
11.066237839776663	0.0003536496737468215	-179.99209457063873
11.168632477805613	0.0003438645087807631	-179.99158155840158
11.271974561755105	0.0003341507411376067	-179.99101664350053
11.37627285823431	0.000324498262308495	-179.9903924542179
11.481536214968829	0.00031489612712066485	-179.98970024744864
11.587773561551263	0.0003053324129828579	-179.98892958805308
11.694993910198711	0.0002957940519022489	-179.98806793645872
11.803206356517286	0.00028626662886826315	-179.98710011297322
11.912420080273739	0.00027673413841863094	-179.98600759442044
12.022644346174118	0.00026717868884625393	-179.98476757971935
12.133888504649763	0.0002575801403566959	-179.98335173246923
12.246161992650476	0.0002479156592382617	-179.98172446485128
12.359474334445094	0.00023815916431593984	-179.9798405587298
12.47383514242942	0.00022828063397854298	-179.97764181033543
12.589254117941662	0.0002182452309330772	-179.97505220517672
12.705741052085406	0.00020801218610425143	-179.97197082625982
12.823305826560205	0.00019753336054632574	-179.96826116920573
12.941958414499851	0.0001867513714245186	-179.96373457978842
13.061708881318404	0.0001755971195924524	-179.95812372117516
13.182567385564061	0.0001639864832012756	-179.9510383936066
13.304544179780901	0.0001518158294946243	-179.94188849997946
13.427649611378628	0.0001389558206508534	-179.92974199877509
13.551894123510351	0.00012524270596252896	-179.91304413289885
13.67728825595848	0.00011046582407649443	-179.88901087968512
13.803842646028839	0.00009434924121067268	-179.8521541762608
13.931568029453022	0.00007652404712003476	-179.7900470130341
14.060475241299129	0.00005648527308484269	-179.66761454523265
14.190575216890911	0.00003352267591239708	-179.3340931149882
14.321878992735424	6.6149039429951825e-6	-175.8989550255106
14.454397707459265	0.000025854060928310388	-1.306813079624328
14.588142602753473	0.00006630581560097765	-0.6566049603609295
14.723125024327178	0.00011897351055291166	-0.49279157837252463
14.859356422870059	0.00019157661866950112	-0.43797003157253134
14.996848355023726	0.00030000170535091975	-0.4377451584124363
15.135612484362072	0.0004829802485799564	-0.4920263915160245
15.275660582380716	0.0008662054512976115	-0.6548478390338197
15.417004529495584	0.002218610512170079	-1.3010569403030514
15.559656316050734	0.008734973178327651	-175.8878785939047
15.703628043335515	0.0017140756717696488	-179.33596655403701
15.848931924611126	0.0010160342702904925	-179.6688371957481
15.995580286146678	0.0007492026920461148	-179.7908969246336
16.143585568264854	0.0006070109081676358	-179.85276195871214
16.292960326397214	0.0005178527089663422	-179.8894424120093
16.443717232149307	0.0004561781176145424	-179.91333694892066
16.595869074375596	0.00041059376137815166	-179.92991947739839
16.749428760264365	0.0003752506421809153	-179.94196616656174
16.90440931643263	0.0003468370652228598	-179.95102704971197
17.060823890031227	0.0003233371666462048	-179.95803114174083
17.21868574986006	0.0003034533979765684	-179.96356649939753
17.378008287493746	0.0002863125965706011	-179.9680218879218
17.5388050184176	0.00027130546995340167	-179.97166359895718
17.701089583174202	0.0002579938137509885	-179.97467950122646
17.864875748520497	0.00024605430870040936	-179.97720549226392
18.03017740859568	0.00023524310930291372	-179.97934200835164
18.197008586099827	0.00022537277165091534	-179.98116467425842
18.365383433483455	0.00021629677949317044	-179.982731370845
18.535316234148105	0.0002078989010588872	-179.98408704310646
18.706821403657997	0.0002000857041733939	-179.98526704319823
18.879913490962927	0.0001927811877584818	-179.98629950028925
19.054607179632463	0.00018592286295476856	-179.98720702987225
19.230917289101576	0.00017945884683542713	-179.98800798599112
19.408858775927772	0.00017334567604142292	-179.98871739162334
19.58844673505989	0.0001675466405101804	-179.989347638843
19.769696401118598	0.00016203049844204542	-179.98990902192253
19.952623149688787	0.00015677047446054928	-179.99041014760144
20.137242498623873	0.0001517434707178246	-179.99085825394354
20.32357010936221	0.00014692943993029251	-179.99125946040363
20.511621788255646	0.00014231088283516777	-179.99161896558937
20.701413487910415	0.0001378724421702979	-179.99194120486828
20.892961308540386	0.00013360057220680589	-179.99222997686996
21.086281499332888	0.0001294832679142378	-179.9924885456889
21.28139045982711	0.0001255098415598626	-179.9927197239532
21.47830474130533	0.00012167073731458663	-179.99292594071142
21.67704104819694	0.00011795737652024717	-179.99310929718584
21.87761623949552	0.00011436202785181236	-179.99327161276088
22.080047330188993	0.00011087769781499527	-179.99341446305795
22.28435149270303	0.00010749803794980219	-179.99353921155404
22.490546058357804	0.00010421726583240983	-179.9936470358962
22.698648518838212	0.00010103009753203427	-179.99373894982784
22.908676527677724	0.000097931689623424	-179.99381582145665
23.12064790175594	0.00009491758920712035	-179.99387838844862
23.33458062281002	0.00009198369066959525	-179.99392727061536
23.55049283896009	0.00008912619813961386	-179.99396298026812
23.76840286624876	0.00008634159277773734	-179.99398593063646
23.9883291901949	0.00008362660418202814	-179.9939964425864
24.210290467361776	0.0000809781853118808	-179.9939947498203
24.434305526939713	0.00007839349042902655	-179.9939810026968
24.660393372343385	0.00007586985563446602	-179.993955270769
24.888573182823905	0.00007340478164578258	-179.99391754410513
25.118864315095795	0.00007099591851365367	-179.9938677334223
25.351286304979073	0.00006864105202154134	-179.99380566903284
25.58585886905645	0.00006633809155020065	-179.99373109857046
25.82260190634596	0.00006408505922015524	-179.99364368342978
26.06153549998895	0.00006188008015174334	-179.99354299381608
26.302679918953814	0.00005972137370462236	-179.99342850226057
26.54605561975539	0.00005760724557744271	-179.99329957540715
26.791683248190314	0.000055536080664354765	-179.9931554638194
27.039583641088434	0.000053506336578563034	-179.9929952894853
27.289777828080403	0.00005151653776468639	-179.99281803060933
27.542287033381662	0.00004956527013153657	-179.99262250317196
27.797132677592884	0.00004765117614536433	-179.99240733859662
28.05433637951713	0.00004577295033084688	-179.99217095668442
28.31391995799379	0.000043929335133304916	-179.9919115327448
28.575905433749465	0.00004211911710097133	-179.99162695754504
28.84031503126606	0.00004034112335073149	-179.99131478829852
29.10717118066605	0.000038594218284713984	-179.99097218837457
29.376496519615305	0.00003687730052851539	-179.99059585268597
29.648313895243422	0.00003518930006477877	-179.990181914722
29.92264636608189	0.0000335291755383644	-179.98972582982864
30.19951720402016	0.00003189591171150855	-179.98922222743468
30.4789498962798	0.000030288517049207325	-179.98866472222574
30.76096814740705	0.00002870602141662048	-179.988045670404
31.045595881283525	0.000027147473871599247	-179.9873558515393
31.332857243155825	0.00002561194053651587	-179.98658404817698
31.62277660168376	0.000024098502534451408	-179.98571648278838
31.91537855100758	0.00002260625397547337	-179.98473605228895
32.21068791283432	0.000021134299979238225	-179.9836212698978
32.50872973854341	0.000019681754720481325	-179.98234477501703
32.80952931131187	0.00001824773948412246	-179.98087119047193
33.11311214825908	0.000016831380716716913	-179.9791539674912
33.41950400261139	0.000015431808060823378	-179.97713061298003
33.72873086588685	0.000014048152358542776	-179.9747152411112
34.040818970100055	0.000012679543610011121	-179.97178651900583
34.35579478998743	0.000011325108872018669	-179.96816730204833
34.67368504525313	9.983970081238797e-6	-179.96358840729934
34.994516702835696	8.655241785941193e-6	-179.9576199613073
35.318316979195664	7.338028770062158e-6	-179.94953052526742
35.64511334262439	6.031423555899035e-6	-179.93796651011462
35.9749335155742	4.734503783686191e-6	-179.92011220388653
36.3078054770101	3.4463295245439204e-6	-179.88898555772795
36.64375746478329	2.1659409613351643e-6	-179.82120890998516
36.98281797802659	8.923621222066408e-7	-179.56047054930482
37.32501577957203	3.755378183921966e-7	-1.0585458929728728
37.670379898390856	1.6385582192682916e-6	-0.24602364507429955
38.01893963205609	2.8979616733969385e-6	-0.14116717597104533
38.370724549227845	4.154830418104857e-6	-0.09999006260544153
38.72576449216169	5.4103284260405704e-6	-0.07803192821769415
39.08408957924017	6.665672909689329e-6	-0.06440907060115353
39.44573020752781	7.922138953885112e-6	-0.05515196699675617
39.81071705534969	9.181066167449452e-6	-0.048467342620530325
40.17908108489396	0.000010443866342197628	-0.0434266537541977
40.55085354483835	0.000011712032084628151	-0.03950102185582915
40.92606597300105	0.00001298714652705484	-0.03636717103188057
41.304750199016105	0.000014270894274181363	-0.03381644037357102
41.68693834703351	0.000015565073777385704	-0.03170819469109007
42.07266283844438	0.000016871611366957756	-0.02994426036943036
42.46195639463126	0.000018192577216785672	-0.028454092191707785
42.85485203974392	0.00001953020356923307	-0.027185760795724757
43.251383103500835	0.000020886905612809613	-0.026100260979485194
43.65158322401656	0.000022265305484808813	-0.025167797345582152
44.0554863506553	0.00002366825996925781	-0.02436529130050772
44.46312674691084	0.000025098892582293663	-0.023674666947475487
44.87453899331318	0.000026560630888938483	-0.0230816479355118
45.28975799036204	0.00002805725008570016	-0.022574898128035537
45.708818961487474	0.00002959292412369092	-0.022145399104476236
46.13175745603791	0.000031172285951948513	-0.021785994468534756
46.55860935229586	0.000032800498850335095	-0.021491054265137394
46.98941086052151	0.000034483341322748536	-0.021256227911861145
47.42419852602443	0.0000362273086711361	-0.021078264081110916
47.8630092322638	0.000038039735219420175	-0.020954882816715634
48.30588020397723	0.000039928942273941776	-0.020884690000031167
48.7528490103386	0.00004190441839151598	-0.020867127841417442
49.20395356814506	0.000043977040516679736	-0.020902457860880064
49.65923214503358	0.00004615934724537254	-0.02099177519245617
50.118723362727195	0.00004846587916211642	-0.02113705528270479
50.58246620031137	0.00005091360630655894	-0.021341236413156703
51.0504999975406	0.00005352246998642553	-0.021608344239608005
51.52286445817562	0.000056316076326472006	-0.0219436680581767
51.99959965335157	0.000059322593602946466	-0.022354003267170748
52.48074602497723	0.00006257592687324518	-0.02284798122326799
52.966344389165755	0.00006611727536631844	-0.023436517527045907
53.45643593969714	0.00006999722658239297	-0.02413342455412838
53.95106225151273	0.00007427861613725223	-0.024956256825581908
54.450265284242086	0.00007904050134997975	-0.025927493811856613
54.95408738576243	0.00008438378988053279	-0.027076223192183092
55.462571295791044	0.00009043938784874605	-0.02844058520412991
55.97576014951099	0.00009738028948806677	-0.03007140713083348
56.49369748123023	0.00010544002817622753	-0.03203775830049222
57.01642722807472	0.0001149417698161924	-0.034435718014403364
57.543993733715666	0.0001263459723127352	-0.03740274890510879
58.07644175213118	0.00014033207991530686	-0.04114234678781645
58.61381645140285	0.00015794644069437076	-0.04596868733938623
59.15616341754737	0.00018088886104588962	-0.052393138154015806
59.70352865838366	0.00021211746031451527	-0.06130689439445313
60.255958607435744	0.00025727803419694606	-0.0744126147066667
60.81350012787176	0.0003286546731660711	-0.09541748376951957
61.37620051647939	0.00045899054857278306	-0.1342071236676971
61.94410750767812	0.0007744747862787363	-0.2288881854892391
62.51726927756855	0.0026581855063110746	-0.7971773832654452
63.0957344480193	0.0017513427227195157	-179.46478707827836
63.67955209079155	0.0006429101369713898	-179.79884890255784
64.26877173170195	0.0003871100267781949	-179.87536055558866
64.86344335482381	0.0002731128006474802	-179.9089952180762
65.46361740672747	0.00020839861825601392	-179.92768588565858
66.06934480075958	0.00016654983508172027	-179.93940045558395
66.68067692136219	0.00013716212490792664	-179.94726846339324
67.29766562843174	0.00011530721350502833	-179.9527627454529
67.92036326171844	0.0000983484631751063	-179.95666025050966
68.54882264526613	0.00008474701409496338	-179.95940133706117
69.18309709189363	0.0000735437745966416	-179.96124443152453
69.82324040771712	0.00006410936459756045	-179.96233895377648
70.46930689671467	0.00005601312820324814	-179.96276101021536
71.12135136533288	0.000048949919318328516	-179.96252957207332
71.77942912713615	0.00004269695366959417	-179.96161009120803
72.44359600749898	0.000037087229518374086	-179.95990698705384
73.11390834834172	0.00003199252362908952	-179.95724190364876
73.79042301291008	0.000027312146660291406	-179.95330790369442
74.47319739059888	0.00002296528162969399	-179.94757515386394
75.16228940182053	0.00001888561514177834	-179.93908495378545
75.85775750291836	0.000015017469244423073	-179.9259485084361
76.55966069112561	0.000011312931452397349	-179.90391074704172
77.26805850957021	7.729653805020553e-6	-179.86103906445712
77.98301105232578	4.229100207658359e-6	-179.74639860855433
78.70457896950977	7.752155727346898e-7	-178.6043073101425
79.43282347242805	2.6678516203121077e-6	-0.4131560216753215
80.16780633876782	6.134702676992132e-6	-0.18486172730201977
80.90958991783813	9.662645869969672e-6	-0.1219389051782189
81.65823713585914	0.000013291542320843927	-0.09300236618287923
82.41381150130013	0.00001706588542824636	-0.07674508862072346
83.176377110267	0.00002103687297713774	-0.06663232265161677
83.94599865193965	0.000025265128034577643	-0.060002248246057696
84.72274141405954	0.00002982438588488572	-0.05557902925353535
85.50667128846823	0.000034806655401518733	-0.05268788318500024
86.29785477669692	0.000040329670554590966	-0.05095402172426719
87.09635899560797	0.00004654798574927768	-0.05017218721937573
87.90225168308834	0.00005367004765398391	-0.05024707343989923
88.71560120379598	0.00006198543632938767	-0.05116861996261281
89.53647655495928	0.00007191018734079016	-0.0530094155940111
90.36494737223005	0.0000840660038751093	-0.055942974220566266
91.20108393559087	0.00009942720277033302	-0.06029214699894492
92.04495717531702	0.00011961427372794231	-0.06663570151583233
92.89663867799354	0.00014753884187939485	-0.07604965581870032
93.75620069258792	0.0001890132108396158	-0.09071516530609905
94.6237161365792	0.00025756646342602025	-0.11574229390134409
95.4992586021435	0.0003936249472464482	-0.1664381482907451
96.38290236239695	0.0007974461406773907	-0.31868702692964374
97.2747223776964	0.0638437445229657	-24.995453604067006
98.17479430199833	0.0008429804809376379	-179.69558127191806
99.08319448927665	0.00042488410884131296	-179.8534109234511
99.9999999999999	0.000286280419691526	-179.9053597868991