0.01000000000000001	2.5798539850065163	-0.0056216790042958095
0.010092528860766855	2.580068108453462	-0.005623040505689866
0.01018591388054118	2.58028626566593	-0.005624454331562594
0.010280162981264745	2.580508533671795	-0.005625922833130555
0.010375284158180138	2.5807349910102015	-0.005627448477863143
0.010471285480509006	2.580965717762862	-0.005629033855612908
0.010568175092136596	2.5812007955859	-0.00563068168508929
0.01066596121230259	2.5814403077427657	-0.005632394820692241
0.010764652136298361	2.581684339137338	-0.005634176259730829
0.010864256236170667	2.5819329763483854	-0.005636029150048666
0.010964781961431863	2.5821863076644647	-0.005637956798076153
0.011066237839776675	2.5824444231196684	-0.005639962677344497
0.011168632477805623	2.582707414530294	-0.0056420504374779835
0.011271974561755117	2.582975375532342	-0.005644223913704344
0.011376272858234322	2.5832484016198123	-0.005646487136904406
0.01148153621496884	2.5835265901839586	-0.005648844344243726
0.011587773561551273	2.5838100405536286	-0.00565129999041112
0.011694993910198724	2.584098854036113	-0.005653858759511115
0.01180320635651731	2.584393133959517	-0.005656525577647228
0.011912420080273762	2.5846929857157352	-0.005659305626232387
0.012022644346174144	2.5849985168046663	-0.005662204356083806
0.012133888504649786	2.5853098368793708	-0.005665227502339691
0.012246161992650502	2.5856270577924745	-0.005668381100255977
0.01235947433444512	2.5859502936435423	-0.00567167150193878
0.012473835142429446	2.5862796608276217	-0.0056751053940641335
0.012589254117941687	2.5866152780852065	-0.005678689816657614
0.012705741052085433	2.5869572665530804	-0.005682432182994799
0.012823305826560232	2.587305749816675	-0.00568634030069656
0.01294195841449987	2.5876608539636847	-0.0056904223940923634
0.013061708881318424	2.5880227076389795	-0.005694687127944819
0.013182567385564082	2.5883914421009	-0.005699143632603158
0.01330454417978092	2.5887671912789854	-0.005703801530702109
0.013427649611378649	2.5891500918332233	-0.005708670965491136
0.01355189412351037	2.589540283214824	-0.0057137626309047675
0.013677288255958502	2.5899379077283573	-0.005719087803495736
0.013803842646028859	2.590343110595764	-0.005724658376344242
0.013931568029453043	2.5907560400219287	-0.005730486895083382
0.01406047524129915	2.5911768472619503	-0.005736586596179421
0.014190575216890933	2.591605686690062	-0.0057429714476183395
0.014321878992735446	2.5920427158707837	-0.00574965619216268
0.014454397707459286	2.592488095631398	-0.005756656393353855
0.014588142602753497	2.5929419901369157	-0.005763988484446231
0.014723125024327202	2.5934045669666745	-0.005771669820477893
0.014859356422870082	2.5938759971931735	-0.0057797187336895
0.014996848355023748	2.5943564554631715	-0.0057881545925328355
0.015135612484362095	2.5948461200807427	-0.005796997864506405
0.015275660582380739	2.595345173092929	-0.0058062701831060656
0.015417004529495607	2.595853800377598	-0.005815994419158013
0.015559656316050758	2.596372191733759	-0.005826194756871116
0.01570362804333554	2.5969005409746417	-0.005836896774921476
0.015848931924611148	2.597439046023137	-0.005848127532952143
0.015995580286146702	2.597987909010211	-0.005859915663860478
0.016143585568264878	2.5985473363761185	-0.005872291472313609
0.016292960326397238	2.5991175389744345	-0.005885287039927583
0.01644371723214933	2.5996987321793488	-0.005898936337614902
0.016595869074375623	2.6002911359959167	-0.005913275345626421
0.01674942876026439	2.6008949751739046	-0.005928342181859085
0.016904409316432657	2.601510479324626	-0.005944177239049516
0.017060823890031253	2.602137883041786	-0.005960823331527008
0.017218685749860088	2.602777426025766	-0.00597832585224588
0.017378008287493772	2.6034293532117294	-0.005996732940882376
0.01753880501841763	2.6040939149018576	-0.006016095663853312
0.01770108958317423	2.604771366901581	-0.006036468207167352
0.017864875748520526	2.605461970660293	-0.00605790808311908
0.018030177408595707	2.606165993416433	-0.006080476351899932
0.018197008586099853	2.6068837083473575	-0.006104237859313495
0.018365383433483484	2.607615394723896	-0.006129261491856112
0.018535316234148135	2.608361338070293	-0.006155620450582312
0.018706821403658026	2.609121830329266	-0.006183392545228719
0.018879913490962956	2.609897170032538	-0.006212660510267118
0.019054607179632494	2.6106876624773245	-0.006243512344663638
0.019230917289101597	2.611493619908772	-0.006276041677300169
0.019408858775927792	2.6123153617086605	-0.006310348160173342
0.01958844673505991	2.6131532145907963	-0.006346537891693385
0.01976969640111862	2.6140075128031612	-0.006384723872616468
0.01995262314968881	2.614878598337451	-0.006425026497353568
0.020137242498623895	2.6157668211459937	-0.006467574083696202
0.02032357010936223	2.616672539366658	-0.006512503444237889
0.020511621788255666	2.617596119556078	-0.006559960503112888
0.020701413487910436	2.618537936931541	-0.006610100961999663
0.02089296130854041	2.619498375621827	-0.006663091019709012
0.02108628149933291	2.6204778289280846	-0.006719108150137453
0.021281390459827135	2.621476699594089	-0.006778341943738042
0.021478304741305354	2.6224954000876544	-0.006840995018286526
0.02167704104819696	2.6235343528928454	-0.0069072840051903756
0.02187761623949554	2.624593990813775	-0.0069774406182542235
0.022080047330189013	2.625674757291184	-0.007051712812526756
0.022284351492703053	2.626777106731352	-0.0071303660415733975
0.022490546058357826	2.6279015048489858	-0.007213684622421684
0.022698648518838235	2.6290484290244693	-0.0073019732183587415
0.022908676527677748	2.630218368676346	-0.007395558450820076
0.023120647901755963	2.6314118256496015	-0.007494790652767449
0.023334580622810044	2.632629314621024	-0.0076000457773065765
0.023550492838960112	2.6338713635225433	-0.007711727476736175
0.023768402866248782	2.635138513983187	-0.007830269368822355
0.02398832919019492	2.636431321791334	-0.007956137509009472
0.0242102904673618	2.637750357378005	-0.008089833089212647
0.02443430552693974	2.6390962063226824	-0.008231895386209881
0.024660393372343412	2.640469469882631	-0.008382904985161607
0.02488857318282393	2.641870765547822	-0.008543487306715678
0.025118864315095822	2.6433007276223575	-0.008714316469324702
0.025351286304979098	2.6447600078342655	-0.0088961195220717
0.02558585886905648	2.646249275975571	-0.00908968108739121
0.025822601906345985	2.6477692205741965	-0.009295848457630398
0.026061535499988978	2.649320549600058	-0.009515537194637673
0.026302679918953843	2.650903991207215	-0.009749737287371262
0.026546055619755416	2.6525202945145026	-0.00999951992916131
0.026791683248190343	2.6541702304270762	-0.01026604498370599
0.027039583641088463	2.655854592501363	-0.01055056921739816
0.027289777828080432	2.6575741978564755	-0.010854455385120376
0.02754228703338169	2.659329888134708	-0.011179182267543828
0.02779713267759291	2.661122530514372	-0.011526355770326381
0.02805433637951716	2.662953018778553	-0.011897721209681243
0.028313919957993816	2.664822274442785	-0.012295176924680672
0.028575905433749497	2.6667312479457705	-0.012720789375007672
0.028840315031266085	2.668680919906873	-0.013176809903479136
0.02910717118066608	2.670672302454402	-0.0136656933664986
0.029376496519615335	2.672706440628892	-0.014190118862570761
0.029648313895243455	2.674784413865517	-0.014753012819993739
0.02992264636608192	2.6769073375606123	-0.01535757474041803
0.030199517204020192	2.6790763647258196	-0.01600730593530088
0.03047894989627986	2.6812926877348233	-0.01670604163911279
0.03076096814740711	2.683557540166652	-0.017457986936410333
0.031045595881283587	2.685872198749228	-0.018267757001284315
0.03133285724315589	2.6882379854067366	-0.019140422218165663
0.031622776601683826	2.690656269413019	-0.020081558833939587
0.03191537855100765	2.6931284696527835	-0.0210973058844959
0.03221068791283438	2.695656056990493	-0.022194429245978413
0.03250872973854347	2.698240556744724	-0.023380393784071314
0.03280952931131194	2.700883551263614	-0.024663444716489222
0.03311311214825915	2.7035866825926957	-0.02605269946636643
0.03341950400261146	2.706351655222525	-0.027558251471386457
0.03372873086588692	2.709180238896627	-0.029191287627496117
0.034040818970100126	2.7120742714533987	-0.03096422129171091
0.0343557947899875	2.715035661664553	-0.03289084304828837
0.0346736850452532	2.7180663920199515	-0.03498649176146904
0.034994516702835765	2.721168521392673	-0.03726824879939407
0.035318316979195734	2.7243441874956664	-0.03975515872061563
0.03564511334262446	2.727595609015033	-0.042468480170006435
0.03597493351557427	2.730925087270203	-0.04543197123503023
0.03630780547701017	2.734335007206845	-0.04867221406371487
0.03664375746478335	2.7378278374727247	-0.05221898413592768
0.03698281797802665	2.74140612925595	-0.05610567019549256
0.037325015779572084	2.7450725134749105	-0.06036975146707587
0.037670379898390914	2.7488296957962395	-0.06505333935915586
0.038018939632056145	2.752680448813966	-0.07020379132813344
0.0383707245492279	2.756627600544077	-0.07587440485348723
0.038725764492161745	2.760674018163219	-0.08212519940441744
0.03908408957924023	2.7648225856411655	-0.08902379365613206
0.03944573020752787	2.7690761735698324	-0.09664638373406594
0.039810717055349755	2.773437599065543	-0.10507882549475188
0.04017908108489402	2.7779095731040186	-0.11441781918609033
0.040550853544838415	2.7824946320277264	-0.12477218742364218
0.040926065973001115	2.7871950492360047	-0.1362642261175853
0.041304750199016166	2.792012722236939	-0.14903109123846087
0.04168693834703357	2.7969490293270685	-0.1632261600697144
0.04207266283844444	2.8020046492324484	-0.17902027124890207
0.04246195639463132	2.8071793362012545	-0.1966027002184529
0.042854852039743985	2.812471642487658	-0.21618166195325367
0.04325138310350091	2.817878580235812	-0.23798404707011084
0.04365158322401663	2.823395215979071	-0.26225398730084043
0.044055486350655364	2.8290141940822617	-0.2892497105694738
0.04446312674691091	2.8347251915597194	-0.3192379880778356
0.04487453899331325	2.8405143172303196	-0.3524853085266542
0.04528975799036211	2.8463634848367523	-0.38924476611024844
0.04570881896148754	2.8522498142874535	-0.4297375714831308
0.04613175745603798	2.8581451486957206	-0.4741281739326155
0.04655860935229591	2.8640158167388066	-0.5224923429420303
0.04698941086052156	2.8698228157634604	-0.5747783559349942
0.04742419852602448	2.8755226307676773	-0.6307628366603378
0.04786300923226385	2.8810689194990924	-0.6900048761933972
0.04830588020397728	2.886415257837682	-0.7518047431836238
0.04875284901033865	2.8915190224257215	-0.8151762966303174
0.04920395356814511	2.8963462686785393	-0.8788442236115742
0.04965923214503363	2.900877151571648	-0.941277087424992
0.05011872336272725	2.9051110954728556	-1.000763517735884
0.05058246620031143	2.9090706668151953	-1.0555310944517189
0.051050499997540646	2.912803086258488	-1.1038966261129817
0.05152286445817567	2.9163786388956505	-1.1444257038907255
0.05199959965335162	2.9198858806871466	-1.1760729638534677
0.052480746024977286	2.923424315602023	-1.198275956596817
0.05296634438916581	2.9270958503109026	-1.210985441938583
0.05345643593969719	2.9309965793690127	-1.2146300499677611
0.05395106225151279	2.9352102388513344	-1.2100280215741888
0.05445026528424214	2.9398041139803506	-1.1982681553884575
0.05495408738576248	2.9448275349939945	-1.1805840049993597
0.0554625712957911	2.9503125685095246	-1.158240925542744
0.05597576014951104	2.9562762260575792	-1.1324478375633615
0.05649369748123028	2.962723465713087	-1.104297730643093
0.05701642722807478	2.969650381034548	-1.0747350149805484
0.05754399373371572	2.97704716081708	-1.044544504533106
0.05807644175213124	2.9849005913699993	-1.014355746407938
0.05861381645140291	2.9931960212529303	-0.9846568379454339
0.05915616341754743	3.0019188057815236	-0.9558130364371359
0.05970352865838372	3.011055300956471	-0.9280868122173042
0.06025595860743581	3.020593496115679	-0.9016572072111756
0.060813500127871824	3.0305233740462616	-0.8766373075140853
0.061376200516479455	3.0408370763359662	-0.8530893050435584
0.06194410750767818	3.0515289369540346	-0.8310370506371083
0.06251726927756862	3.0625954322303492	-0.8104762477514862
0.06309573444801936	3.074035082409776	-0.7913825581541445
0.06367955209079162	3.0858483294337526	-0.7737179338598305
0.064268771731702	3.0980374075363066	-0.7574354859856466
0.06486344335482389	3.1106062173130233	-0.742483173371199
0.06546361740672754	3.1235602097171844	-0.7288065557575044
0.06606934480075964	3.1369062835526873	-0.7163508162656453
0.06668067692136226	3.1506526981248224	-0.7050622202939445
0.06729766562843183	3.16480900149334	-0.694889144775812
0.0679203632617185	3.1793859740453243	-0.6857827836692805
0.0685488226452662	3.194395586705129	-0.6776976124349385
0.0691830970918937	3.209850972918673	-0.6705916756178975
0.06982324040771719	3.225766413507644	-0.6644267468339975
0.07046930689671474	3.242157333538041	-0.6591683988356287
0.07112135136533296	3.2590403104446253	-0.6547860122868374
0.07177942912713622	3.2764330927811116	-0.6512527449080349
0.07244359600749906	3.2943546291060115	-0.6485454773128309
0.0731139083483418	3.3128251066612697	-0.6466447478094299
0.07379042301291015	3.331865999647257	-0.6455346853856657
0.07447319739059896	3.3515001270425286	-0.6452029478203721
0.07516228940182061	3.371751720060354	-0.6456406701889998
0.07585775750291844	3.392646499476478	-0.6468424278213475
0.07655966069112569	3.414211763203569	-0.6488062169181503
0.07726805850957029	3.436476484634494	-0.6515334554675655
0.07798301105232593	3.459471422425458	-0.6550290067554211
0.07870457896950993	3.483229242547798	-0.6593012275946879
0.07943282347242822	3.5077846536065542	-0.6643620433778079
0.08016780633876798	3.533174556607505	-0.6702270521569952
0.0809095899178383	3.5594382105558324	-0.6769156601673865
0.0816582371358593	3.586617415495761	-0.684451251521407
0.0824138115013003	3.614756714854889	-0.6928613952160951
0.08317637711026717	3.6439036192450804	-0.7021780931107486
0.08394599865193982	3.674108854204303	-0.7124380731628334
0.08472274141405972	3.7054266347457183	-0.7236831329655153
0.08550667128846841	3.7379149700246157	-0.7359605395323687
0.0862978547766971	3.771636001953057	-0.7493234923509025
0.08709635899560814	3.8066563822012265	-0.7638316580099137
0.08790225168308852	3.843047692743961	-0.7795517862430651
0.08871560120379617	3.880886915965506	-0.7965584190808366
0.08953647655495947	3.9202569613531413	-0.814934707039577
0.09036494737223023	3.9612472570331207	-0.8347733490009978
0.09120108393559107	4.003954415876476	-0.8561776757767147
0.09204495717531722	4.048482987690667	-0.8792629014830977
0.09289663867799372	4.094946311199393	-0.9041575720060057
0.09375620069258811	4.143467482198418	-0.9310052463260318
0.09462371613657934	4.194180457605094	-0.95996645474367
0.09549925860214364	4.247231319272509	-0.99122098869606
0.0963829023623971	4.302779726670349	-1.0249705907664
0.09727472237769656	4.361000594176915	-1.0614421319032963
0.09817479430199849	4.422086037246199	-1.1008913876328985
0.09908319448927681	4.48624764275031	-1.143607558904222
0.10000000000000005	4.553719133256846	-1.1899187303295082
0.10092528860766849	4.624759514154414	-1.2401985253989338
0.10185913880541175	4.699656818229037	-1.294874314892585
0.10280162981264741	4.778732597175587	-1.3544374773973127
0.10375284158180131	4.8623473574916005	-1.419456426014774
0.10471285480509002	4.950907204992321	-1.4905934470147508
0.1056817509213659	5.044872056303599	-1.568626918894147
0.10665961212302584	5.144765909721968	-1.6544813229026245
0.10764652136298355	5.251189860212563	-1.7492688457235481
0.10864256236170661	5.364838820243624	-1.854348719942862
0.10964781961431856	5.486523304275383	-1.9714144962795428
0.1106623783977667	5.617198187565269	-2.102626588192565
0.11168632477805618	5.7580010722941335	-2.250820312608383
0.1127197456175511	5.910303676027696	-2.4198432962988403
0.11376272858234315	6.075779954151968	-2.6151200320754
0.11481536214968835	6.256492542236729	-2.8446228196164483
0.11587773561551268	6.454988372341893	-3.1205747958707932
0.11694993910198717	6.674356325434285	-3.4624468192554487
0.11803206356517304	6.9180817924580085	-3.902055889880509
0.11912420080273756	7.189206419717364	-4.4911625423366885
0.12022644346174137	7.487585163279781	-5.307943158980644
0.1213388850464978	7.803475857096528	-6.442910416646334
0.12246161992650495	8.110047103011793	-7.916800654863673
0.12359474334445113	8.374152267557113	-9.535013116320863
0.12473835142429439	8.598706198170254	-10.938911340243848
0.1258925411794168	8.833287354567226	-11.976720220814661
0.12705741052085426	9.122582908396819	-12.815828744892826
0.12823305826560225	9.48023647753103	-13.690693722806786
0.1294195841449987	9.902646890787773	-14.753956915779204
0.13061708881318423	10.382313744792626	-16.085704254720255
0.1318256738556408	10.91137492130607	-17.730629210015383
0.13304544179780922	11.480578159961999	-19.71771203135208
0.13427649611378642	12.07717139193539	-22.063888046299322
0.13551894123510363	12.683148414672273	-24.768216043626122
0.13677288255958495	13.27492532818251	-27.80102216713727
0.13803842646028852	13.825699043298412	-31.09252289786619
0.13931568029453034	14.311376501264979	-34.52729409715822
0.14060475241299142	14.719348473813012	-37.95183705329964
0.14190575216890927	15.056994853209014	-41.198999296295085
0.1432187899273544	15.355786475723642	-44.1247415869398
0.1445439770745928	15.669050080337046	-46.64503575566158
0.1458814260275349	16.06557378970821	-48.76046432629052
0.14723125024327194	16.623680600731394	-50.56395813584384
0.14859356422870074	17.429587628017142	-52.23678268180233
0.1499684835502374	18.581382932408818	-54.04378840309682
0.15135612484362088	20.197473774879704	-56.340759529720714
0.15275660582380732	22.4244198288905	-59.60676707302123
0.154170045294956	25.425563779729977	-64.5113824734788
0.1555965631605075	29.285324234094702	-71.99956127304682
0.15703628043335532	33.65431945058435	-83.23640975977794
0.15848931924611143	37.02976185298239	-98.85581655265571
0.15995580286146696	36.986646721036045	-117.1527827485018
0.1614358556826487	33.17471806445606	-134.07884903642847
0.1629296032639723	27.965981993402753	-146.98589582403991
0.16443717232149324	23.222319491812716	-155.97084898622253
0.16595869074375613	19.435946620229537	-162.11804948978806
0.16749428760264382	16.51247441713913	-166.38530919556834
0.1690440931643265	14.249116824848262	-169.41898100138994
0.17060823890031243	12.47075056048223	-171.62903960409398
0.17218685749860077	11.048313842484854	-173.27546133322028
0.17378008287493762	9.890396455073981	-174.52636768803512
0.1753880501841762	8.932426907983809	-175.49322786262712
0.1770108958317422	8.128294252078973	-176.2518258192593
0.17864875748520517	7.4445491724123745	-176.85490232343147
0.180301774085957	6.8565113906370945	-177.33994604227135
0.18197008586099844	6.345662925491145	-177.73411381366725
0.18365383433483473	5.897886739204699	-178.057413826984
0.18535316234148125	5.502260278081082	-178.3248123404004
0.18706821403658017	5.150216333350133	-178.54765749494862
0.18879913490962946	4.8349501975964575	-178.73466018810726
0.19054607179632482	4.550994390790684	-178.89258167778473
0.19230917289101596	4.293909116944991	-179.02672330167144
0.19408858775927793	4.060053839435055	-179.14128033469146
0.19588446735059908	3.846416529996962	-179.23960107174148
0.1976969640111862	3.6504844818598263	-179.324378825786
0.19952623149688808	3.470145463191491	-179.39779580057458
0.20137242498623895	3.303611286399283	-179.46163201037191
0.2032357010936223	3.1493581271709115	-179.51734852284457
0.20511621788255666	3.006079493142835	-179.5661516395234
0.20701413487910436	2.8726488415619693	-179.60904278519527
0.2089296130854041	2.7480896264205743	-179.64685758527935
0.2108628149933291	2.6315511167327093	-179.6802966934889
0.21281390459827135	2.522288735112972	-179.7099502746189
0.21478304741305343	2.419647964695638	-179.7363175709758
0.21677041048196952	2.3230510937473223	-179.75982263257478
0.2187761623949553	2.2319862326888424	-179.78082703412107
0.22080047330189004	2.1459981628594615	-179.79964021045373
0.22284351492703042	2.064680671033587	-179.81652789860365
0.22490546058357816	1.987670096183903	-179.83171906615263
0.22698648518838224	1.9146398708854528	-179.8454116230293
0.22908676527677735	1.845295883166866	-179.85777715063114
0.23120647901755953	1.7793725185514462	-179.86896483339476
0.23334580622810033	1.716629268727311	-179.879104740111
0.23550492838960102	1.656847814413801	-179.88831057277056
0.23768402866248772	1.5998295068079724	-179.89668197757894
0.2398832919019491	1.5453931854535763	-179.90430649452773
0.2421029046736179	1.4933732812023246	-179.9112612074484
0.24434305526939726	1.443618161691715	-179.91761414495835
0.246603933723434	1.3959886838757172	-179.9234254735021
0.24888573182823917	1.3503569239494093	-179.928748516292
0.25118864315095807	1.3066050597668322	-179.9336306259852
0.2535128630497908	1.2646243847685517	-179.93811393410346
0.25585858869056466	1.2243144356730085	-179.94223599627094
0.2582260190634597	1.1855822188725367	-179.9460303491407
0.26061535499988964	1.1483415227124747	-179.94952699225578
0.2630267991895383	1.1125123047023695	-179.95275280593097
0.26546055619755404	1.0780201442772528	-179.95573191446573
0.2679168324819033	1.0447957530475611	-179.95848600252506
0.2703958364108845	1.0127745355911628	-179.9610345913061
0.2728977782808042	0.9818961947853991	-179.9633952800914
0.27542287033381674	0.9521043764792887	-179.9655839579436
0.277971326775929	0.9233463489895674	-179.96761498958512
0.2805433637951715	0.8955727134882676	-179.96950137891307
0.28313919957993805	0.8687371418497976	-179.97125491309745
0.2857590543374948	0.8427961389553014	-179.97288628978887
0.2884031503126607	0.8177088268221125	-179.9744052296049
0.29107171180666064	0.7934367482455675	-179.97582057576165
0.2937649651961532	0.7699436879169443	-179.9771403824589
0.2964831389524344	0.7471955092209528	-179.9783719934104
0.29922646366081906	0.7251600051247121	-179.97952211172122
0.30199517204020176	0.7038067617516297	-179.9805968621573
0.30478949896279844	0.683107033392096	-179.98160184671298
0.307609681474071	0.6630336278415775	-179.98254219426602
0.3104559588128357	0.643560801078142	-179.98342260500854
0.3133285724315587	0.6246641603982223	-179.98424739025484
0.3162277660168381	0.6063205752232459	-179.9850205081513
0.31915378551007634	0.5885080948725466	-179.98574559574945
0.3221068791283436	0.5712058726710075	-179.9864259978466
0.32508729738543457	0.5543940958245333	-179.9870647929482
0.3280952931131192	0.5380539205536651	-179.98766481666564
0.3311311214825913	0.5221674120264909	-179.9882286828238
0.33419504002611444	0.5067174886771189	-179.98875880252174
0.3372873086588691	0.4916878705362139	-179.98925740136113
0.34040818970100106	0.47706303123587385	-179.98972653503156
0.34355794789987465	0.4628281533831739	-179.99016810342096
0.34673685045253166	0.44896908702521815	-179.9905838633991
0.3499451670283573	0.4354723109542241	-179.9909754404064
0.353183169791957	0.42232489662403633	-179.99134433896367
0.35645113342624424	0.40951447447010936	-179.9916919522063
0.3597493351557423	0.39702920244346024	-179.99201957053413
0.36307805477010135	0.3848577365857961	-179.99232838945662
0.36643757464783333	0.37298920348796166	-179.9926195167049
0.3698281797802663	0.36141317448739846	-179.99289397867162
0.3732501577957206	0.3501196414725257	-179.99315272623272
0.37670379898390893	0.3390989941729392	-179.99339663999658
0.38018939632056126	0.32834199882433723	-179.99362653501962
0.38370724549227886	0.31783977810607855	-179.99384316501948
0.3872576449216173	0.30758379225747223	-179.99404722611058
0.3908408957924021	0.29756582128628595	-179.99423936007958
0.39445730207527846	0.28777794818970975	-179.99442015721036
0.3981071705534973	0.278212543114085	-179.99459015866125
0.40179081084894	0.26886224838526607	-179.99474985838776
0.40550853544838394	0.25971996434649186	-179.99489970459456
0.40926065973001097	0.2507788359452311	-179.9950401006904
0.41304750199016144	0.24203224001459583	-179.99517140570583
0.4168693834703355	0.23347377319869364	-179.99529393412038
0.4207266283844442	0.22509724047470572	-179.99540795502784
0.424619563946313	0.21689664422756294	-179.99551369054893
0.4285485203974396	0.20886617383591813	-179.99561131337674
0.43251383103500884	0.20100019573062378	-179.9957009433123
0.4365158322401661	0.19329324388922287	-179.99578264261535
0.44055486350655343	0.18574001073199908	-179.99585640995556
0.4446312674691088	0.1783353383869634	-179.9959221727041
0.4487453899331323	0.1710742102927687	-179.9959797772501
0.4528975799036209	0.16395174310996	-179.9960289769616
0.4570881896148752	0.15696317891217104	-179.99606941733038
0.46131757456037953	0.1501038776299009	-179.9961006177421
0.4655860935229591	0.14336930972030626	-179.99612194918734
0.4698941086052156	0.13675504903704608	-179.99613260706244
0.4742419852602448	0.13025676587458931	-179.99613157797887
0.47863009232263853	0.12387022016155229	-179.99611759917104
0.48305880203977286	0.11759125477755454	-179.9960891086009
0.4875284901033865	0.11141578896775725	-179.99604418311264
0.4920395356814511	0.10533981182873192	-179.99598046083477
0.49659232145033627	0.09935937583859482	-179.99589504221993
0.5011872336272725	0.09347059040349316	-179.9957843612668
0.5058246620031143	0.08766961539164378	-179.9956440139619
0.5105049999754064	0.08195265462523597	-179.99546852378285
0.5152286445817567	0.07631594929971892	-179.99525101246968
0.5199959965335162	0.07075577129931063	-179.9949827250931
0.5248074602497729	0.06526841637693563	-179.99465232599974
0.5296634438916581	0.059850197166067924	-179.99424482540343
0.5345643593969719	0.05449743599088764	-179.99373989276975
0.5395106225151278	0.0492064574393964	-179.99310911482291
0.5445026528424215	0.043973580661380234	-179.99231135486878
0.5495408738576248	0.03879511134907423	-179.99128450468547
0.5546257129579107	0.03366733335299733	-179.98992990387066
0.5597576014951101	0.02858649987885533	-179.98808053823873
0.5649369748123025	0.02354882420419101	-179.9854292182974
0.5701642722807475	0.018550469847296802	-179.9813424144651
0.5754399373371569	0.01358754012309771	-179.97427064133174
0.580764417521312	0.008656067082460377	-179.95915834998686
0.5861381645140288	0.0037520007356553887	-179.90462792307335
0.591561634175474	0.0011288351935186095	-0.3211082946079206
0.5970352865838369	0.005990636253147787	-0.06133181072051004
0.6025595860743578	0.01083783694808389	-0.03438280559564946
0.6081350012787179	0.01567495226231517	-0.024122747116406985
0.6137620051647943	0.02050666903388299	-0.018719755132403714
0.6194410750767815	0.02533785517168361	-0.015388635419540896
0.6251726927756859	0.030173581225223702	-0.013132187172546163
0.6309573444801934	0.03501914456457274	-0.011504944058899898
0.6367955209079159	0.039880096203879556	-0.010278019412572718
0.6426877173170198	0.044762270595431815	-0.009321784508764839
0.6486344335482385	0.0496718188090061	-0.00855734934953863
0.654636174067275	0.0546152455862756	-0.007933965554540802
0.6606934480075961	0.0595994508438147	-0.007417516353624797
0.6668067692136223	0.06463177629678749	-0.006984228017815163
0.6729766562843178	0.0697200579929289	-0.006617034294706663
0.6792036326171846	0.07487268568744285	-0.006303374419199965
0.6854882264526617	0.08009867015944828	-0.006033806304863635
0.6918309709189366	0.0854077197764351	-0.0058011036471295645
0.6982324040771715	0.09081032786347747	-0.00559965106100504
0.7046930689671471	0.09631787273968216	-0.005425028729397106
0.7112135136533292	0.10194273265952686	-0.00527372098199897
0.7177942912713619	0.10769841835940303	-0.005142907965502697
0.7244359600749902	0.11359972648312727	-0.005030314291927901
0.7311390834834176	0.1196629178747774	-0.004934097574700337
0.7379042301291011	0.1259059256227084	-0.004852765436486202
0.7447319739059892	0.13234859886746592	-0.004785113227188411
0.7516228940182057	0.13901298981832363	-0.004730177096733103
0.758577575029184	0.14592369325174495	-0.004687198685823168
0.7655966069112565	0.1531082501164673	-0.004655598810387943
0.7726805850957026	0.16059762991614068	-0.004634958298490515
0.7798301105232589	0.1684268105181235	-0.004625004705293824
0.7870457896950989	0.1766354792748011	-0.004625604057188543
0.7943282347242817	0.18526888630298072	-0.00463675711162616
0.8016780633876793	0.19437889010253862	-0.004658599901597827
0.8090958991783825	0.20402524834866748	-0.004691408591951796
0.8165823713585927	0.2142772240329511	-0.004735608934032731
0.8241381150130026	0.2252156011797239	-0.004791790890534242
0.8317637711026713	0.23693523815756504	-0.004860729342488414
0.8394599865193977	0.24954833476116103	-0.004943412221041647
0.8472274141405968	0.26318865892381466	-0.005041077977246929
0.8550667128846836	0.27801708147763504	-0.005155265083856116
0.8629785477669706	0.2942289211492562	-0.005287877357789099
0.870963589956081	0.31206383735048204	-0.005441270457049511
0.8790225168308847	0.331819377008015	-0.005618367180978208
0.8871560120379608	0.3538698743808055	-0.005822812559042614
0.8953647655495938	0.3786933841901755	-0.006059184729225696
0.9036494737223014	0.4069110092796707	-0.0063332851816060515
0.9120108393559097	0.43934597852854373	-0.006652543446618013
0.9204495717531712	0.47711541843131866	-0.007026588708966079
0.9289663867799363	0.521778783203161	-0.007468066473396403
0.9375620069258802	0.5755901723820657	-0.007993813135232414
0.946237161365793	0.6419552175387547	-0.008626535717658338
0.9549925860214359	0.7263302147430419	-0.009397122650148434
0.9638290236239705	0.838207525158014	-0.01034739058703366
0.9727472237769651	0.996311777208486	-0.011531509887763589
0.9817479430199844	1.2465172150915926	-0.013009803022761047
0.9908319448927676	1.7671201458833692	-0.014904091750345478
1.	8.990695350705241	-0.057436682531008594
1.0092528860766845	1.0965445177318027	-0.06731611104119681
1.0185913880541169	2.833621592753095	-0.06795094674156585
1.0280162981264735	9.81143720487259	-0.18954895511939693
1.0375284158180127	8.940742145658584	-179.84312503252656
1.0471285480508996	3.1668808237392336	-179.9473592293123
1.0568175092136585	1.9324367320526163	-179.96894484804588
1.066596121230258	1.3883781701002422	-179.97817106061893
1.076465213629835	1.0798836149576883	-179.98325551136276
1.0864256236170655	0.8801401337210748	-179.98645936323896
1.096478196143185	0.7396405015957044	-179.9886530558901
1.1066237839776665	0.6350016971792326	-179.9902418863399
1.1168632477805611	0.553712878711812	-179.9914395502148
1.1271974561755105	0.48845851649288	-179.9923690344305
1.1376272858234309	0.4346640316370251	-179.99310581033745
1.1481536214968828	0.38931247636279215	-179.99369842292757
1.1587773561551262	0.3503242399347194	-179.99417911927313
1.1694993910198712	0.3162092936187996	-179.9945696552488
1.1803206356517297	0.28586083881696767	-179.9948845618048
1.191242008027375	0.2584263677297453	-179.99513293636093
1.2022644346174132	0.2332227242704868	-179.99531923858186
1.2133888504649775	0.20967650979582392	-179.9954432141752
1.224616199265049	0.18727850817297087	-179.99549872785528
1.2359474334445106	0.1655442758507653	-179.99547070783336
1.2473835142429432	0.1439741007575495	-179.99532799191283
1.2589254117941675	0.12200443634474366	-179.99500558006065
1.270574105208542	0.09893878580769559	-179.99435381680823
1.2823305826560218	0.07383595052238591	-179.99295301314314
1.2941958414499863	0.04530961670720153	-179.98905808228062
1.3061708881318417	0.01113250047066355	-179.95606615682726
1.3182567385564075	0.03263341034806749	-0.01564126766264627
1.3304544179780915	0.09382201205476626	-0.006244905310205999
1.3427649611378643	0.19078639528468141	-0.004166945414253351
1.3551894123510364	0.3793895056996693	-0.003879768992049545
1.3677288255958495	0.9503590217649477	-0.005811275327417738
1.3803842646028852	21.304095071331027	-179.9053652106152
1.3931568029453034	1.1372877929277525	-179.99575644503236
1.4060475241299142	0.6453033887221328	-179.99777609498912
1.4190575216890926	0.47284841269722455	-179.99840975583265
1.432187899273544	0.38339444601105793	-179.99870459538195
1.4454397707459279	0.3277654710191255	-179.99887161896893
1.4588142602753489	0.28928965677600604	-179.99897919293707
1.4723125024327193	0.2607463254163114	-179.99905530471602
1.4859356422870074	0.23849624309031267	-179.9991131769315
1.499684835502374	0.22050352981877083	-179.99915970249108
1.5135612484362087	0.20553848666956478	-179.99919874595267
1.5275660582380732	0.19281322652842478	-179.99923260094363
1.54170045294956	0.1817986868221784	-179.99926269365267
1.555965631605075	0.17212573518256785	-179.99928994672138
1.5703628043335531	0.16352847568860696	-179.99931497817897
1.584893192461114	0.1558101314973781	-179.99933821524738
1.5995580286146696	0.14882166078573064	-179.9993599619691
1.6143585568264869	0.1424478809571461	-179.99938044071862
1.629296032639723	0.1365981915097705	-179.99939981840873
1.6443717232149324	0.13120020753701825	-179.99941822344812
1.6595869074375613	0.12619528911119385	-179.99943575695787
1.6749428760264382	0.12153533725293053	-179.99945250033912
1.690440931643265	0.11718045534396399	-179.99946852047253
1.7060823890031243	0.11309721393543344	-179.9994838733508
1.7218685749860079	0.10925734396604922	-179.99949860665674
1.7378008287493762	0.1056367392024723	-179.99951276162028
1.753880501841762	0.10221468524724582	-179.99952637437585
1.770108958317422	0.09897325684760362	-179.99953947696773
1.7864875748520517	0.09589684180963573	-179.99955209810508
1.803017740859568	0.09297176126616143	-179.99956426373691
1.8197008586099825	0.0901859640684729	-179.99957599749496
1.8365383433483455	0.08752877877316448	-179.99958732104
1.8535316234148105	0.08499071079897892	-179.99959825433558
1.8706821403657996	0.08256327531779213	-179.99960881586782
1.8879913490962925	0.08023885864536888	-179.9996190228232
1.9054607179632463	0.07801060253576435	-179.9996288912349
1.9230917289101574	0.07587230701415769	-179.9996384361044
1.9408858775927773	0.07381834831620283	-179.99964767150365
1.958844673505989	0.07184360921568418	-179.99965661066162
1.97696964011186	0.06994341957244875	-179.99966526603902
1.9952623149688788	0.0681135053599484	-179.99967364939252
2.0137242498623875	0.06634994476607863	-179.99968177183135
2.032357010936221	0.06464913022436825	-179.99968964386667
2.0511621788255647	0.0630077354413757	-179.99969727545584
2.0701413487910414	0.06142268665270183	-179.99970467604166
2.0892961308540388	0.05989113747366661	-179.99971185458762
2.108628149933289	0.05841044681851415	-179.99971881961005
2.1281390459827114	0.05697815944946617	-179.99972557920697
2.147830474130533	0.05559198878823698	-179.99973214108448
2.167704104819694	0.05424980168102469	-179.99973851258102
2.1877616239495516	0.05294960485605915	-179.99974470068963
2.208004733018899	0.05168953285251545	-179.99975071207828
2.228435149270303	0.05046783723258682	-179.99975655310885
2.2490546058357803	0.04928287691600147	-179.9997622298546
2.2698648518838214	0.048133109499275524	-179.99976774811645
2.2908676527677723	0.04701708344131667	-179.9997731134379
2.312064790175594	0.045933431013284245	-179.9997783311193
2.333458062281002	0.04488086192439258	-179.99978340623085
2.355049283896009	0.04385815754703961	-179.9997883436248
2.376840286624876	0.042864165674604784	-179.99979314794703
2.39883291901949	0.04189779575376572	-179.99979782364758
2.4210290467361775	0.04095801454047389	-179.99980237499085
2.4434305526939712	0.04004384213499074	-179.99980680606504
2.4660393372343385	0.039154348356783074	-179.99981112079092
2.48885731828239	0.03828864942473784	-179.9998153229302
2.5118864315095797	0.03744590491219531	-179.9998194160934
2.535128630497907	0.03662531494980657	-179.9998234037471
2.5585858869056453	0.035826117652274364	-179.99982728922103
2.582260190634596	0.03504758674770028	-179.99983107571464
2.6061535499988953	0.03428902939059141	-179.99983476630317
2.6302679918953813	0.03354978414162184	-179.99983836394347
2.654605561975539	0.032829219099038416	-179.99984187147965
2.6791683248190314	0.03212673016818001	-179.99984529164823
2.703958364108843	0.03144173945697118	-179.99984862708308
2.7289777828080406	0.030773693786483775	-179.99985188032
2.7542287033381663	0.030122063306749335	-179.99985505380124
2.7797132677592886	0.029486340208971815	-179.99985814987963
2.805433637951713	0.028866037526150252	-179.99986117082256
2.831391995799379	0.02826068801488577	-179.9998641188158
2.8575905433749464	0.027669843111829517	-179.9998669959669
2.8840315031266055	0.02709307195883742	-179.99986980430864
2.910717118066605	0.02652996049144328	-179.9998725458024
2.9376496519615305	0.025980110585749776	-179.99987522234093
2.9648313895243423	0.025443139259275688	-179.99987783575153
2.992264636608189	0.02491867792169168	-179.99988038779847
3.019951720402016	0.024406371671731344	-179.99988288018596
3.047894989627983	0.023905878636884224	-179.99988531456037
3.076096814740708	0.023416869352765768	-179.99988769251274
3.1045595881283554	0.022939026179320005	-179.99989001558097
3.1332857243155856	0.022472042751246403	-179.99989228525203
3.162277660168379	0.022015623460256737	-179.99989450296385
3.1915378551007616	0.02156948296696074	-179.99989667010752
3.2210687912834346	0.021133345740356496	-179.9998987880289
3.250872973854344	0.020706945623060708	-179.99990085803057
3.2809529311311905	0.020290025420560655	-179.99990288137334
3.311311214825911	0.01988233651290165	-179.99990485927805
3.3419504002611427	0.01948363848734579	-179.999906792927
3.372873086588689	0.01909369879064808	-179.99990868346543
3.404081897010009	0.01871229239969732	-179.99991053200296
3.4355794789987466	0.018339201509361917	-179.99991233961487
3.4673685045253166	0.017974215236465464	-179.99991410734336
3.499451670283573	0.017617129338895043	-179.99991583619897
3.53183169791957	0.017267745948916363	-179.99991752716147
3.5645113342624426	0.01692587331983567	-179.9999191811812
3.5974933515574232	0.016591325585208597	-179.99992079918007
3.630780547701014	0.01626392252985197	-179.99992238205246
3.664375746478333	0.015943489371965276	-179.99992393066648
3.6982817978026628	0.01562985655571615	-179.99992544586462
3.732501577957206	0.015322859553687604	-179.99992692846482
3.767037989839089	0.01502233867862473	-179.9999283792613
3.801893963205613	0.014728138903956318	-179.9999297990254
3.8370724549227884	0.014440109692600464	-179.9999311885063
3.8725764492161727	0.01415810483359579	-179.9999325484319
3.908408957924021	0.013881982286128833	-179.99993387950946
3.944573020752785	0.0136116040305559	-179.99993518242627
3.981071705534973	0.013346835926042676	-179.99993645785048
4.0179081084894	0.013087547574468691	-179.99993770643158
4.055085354483839	0.012833612190265527	-179.99993892880104
4.09260659730011	0.01258490647587788	-179.9999401255731
4.130475019901614	0.012341310502555783	-179.999941297345
4.168693834703355	0.012102707596203405	-179.99994244469792
4.207266283844442	0.011868984228026938	-179.99994356819715
4.24619563946313	0.011640029909738706	-179.9999446683928
4.285485203974396	0.011415737093089275	-179.99994574582033
4.325138310350088	0.011196001073512558	-179.9999468010008
4.365158322401661	0.010980719897681334	-179.99994783444157
4.405548635065534	0.010769794274782174	-179.9999488466366
4.446312674691089	0.010563127491329621	-179.99994983806687
4.487453899331323	0.010360625329349818	-179.99995080920084
4.528975799036209	0.010162195987772859	-179.99995176049478
4.570881896148752	0.009967750006882574	-179.9999526923932
4.613175745603791	0.009777200195680362	-179.99995360532913
4.655860935229586	0.009590461562027601	-179.9999544997246
4.698941086052151	0.009407451245438863	-179.9999553759908
4.742419852602444	0.0092280884524044	-179.9999562345286
4.7863009232263805	0.009052294394127362	-179.9999570757287
4.830588020397723	0.008879992226567036	-179.99995789997203
4.875284901033861	0.008711106992685187	-179.99995870762993
4.920395356814506	0.008545565566797855	-179.9999594990646
4.965923214503357	0.008383296600940116	-179.99996027462916
5.01187233627272	0.008224230473155961	-179.99996103466813
5.058246620031137	0.008068299237630047	-179.99996177951758
5.105049999754059	0.007915436576582096	-179.9999625095052
5.152286445817562	0.007765577753848922	-179.9999632249509
5.1999599653351565	0.007618659570082629	-179.99996392616674
5.248074602497723	0.007474620319497093	-179.99996461345728
5.296634438916575	0.007333399748098283	-179.99996528711975
5.345643593969713	0.007194939013336938	-179.99996594744428
5.395106225151273	0.007059180645125244	-179.99996659471407
5.445026528424209	0.006926068508161927	-179.99996722920562
5.495408738576242	0.0067955477655127355	-179.99996785118884
5.5462571295791046	0.006667564843395934	-179.99996846092736
5.597576014951099	0.006542067397124729	-179.99996905867857
5.649369748123022	0.006419004278160798	-179.99996964469383
5.701642722807472	0.006298325502235208	-179.9999702192187
5.754399373371567	0.00617998221849512	-179.99997078249302
5.807644175213118	0.006063926679636403	-179.99997133475108
5.861381645140285	0.005950112212984286	-179.99997187622176
5.9156163417547365	0.005838493192485763	-179.99997240712872
5.9703528658383656	0.005729025011579124	-179.99997292769052
6.025595860743575	0.005621664056907576	-179.99997343812066
6.081350012787176	0.005516367682845304	-179.99997393862787
6.137620051647939	0.0054130941868057465	-179.9999744294161
6.194410750767812	0.005311802785303246	-179.99997491068476
6.251726927756856	0.0052124535907403504	-179.99997538262875
6.30957344480193	0.0051150075888943825	-179.99997584543854
6.367955209079155	0.005019426617077906	-179.99997629930044
6.426877173170194	0.004925673342948892	-179.99997674439658
6.486344335482381	0.004833711243947334	-179.99997718090503
6.546361740672747	0.0047435045873361024	-179.9999776089999
6.6069344800759575	0.0046550184108247305	-179.9999780288515
6.668067692136219	0.0045682185037556585	-179.99997844062642
6.729766562843175	0.004483071388833443	-179.99997884448754
6.792036326171843	0.004399544304378057	-179.99997924059417
6.854882264526613	0.004317605187084345	-179.99997962910217
6.918309709189362	0.0042372226552703065	-179.99998001016405
6.9823240407717115	0.004158365992597621	-179.99998038392894
7.046930689671467	0.004081005132248526	-179.99998075054282
7.112135136533288	0.004005110641543693	-179.99998111014847
7.177942912713615	0.003930653706986483	-179.99998146288556
7.244359600749899	0.003857606119719423	-179.9999818088909
7.311390834834173	0.003785940261379372	-179.99998214829827
7.379042301291007	0.0037156290903383044	-179.9999824812386
7.447319739059888	0.003646646128317239	-179.99998280784004
7.516228940182053	0.0035789654473612036	-179.99998312822805
7.585775750291836	0.0035125616571636915	-179.99998344252543
7.655966069112561	0.003447409892729416	-179.99998375085235
7.726805850957022	0.0033834858023646616	-179.99998405332647
7.798301105232586	0.0033207655359848987	-179.99998435006296
7.870457896950985	0.0032592257337296865	-179.9999846411746
7.943282347242813	0.003198843514875335	-179.9999849267718
8.01678063387679	0.003139596467036053	-179.99998520696266
8.090958991783822	0.0030814626356447223	-179.999985481853
8.165823713585922	0.00302442051370473	-179.99998575154652
8.241381150130021	0.002968449031804591	-179.99998601614467
8.317637711026709	0.0029135275483874196	-179.99998627574686
8.394599865193973	0.0028596358402675675	-179.99998653045046
8.472274141405963	0.0028067540933870137	-179.99998678035075
8.550667128846833	0.002754862893804397	-179.99998702554117
8.629785477669701	0.0027039432189097856	-179.99998726611318
8.709635899560805	0.0026539764288585144	-179.99998750215627
8.790225168308842	0.0026049442582177246	-179.9999877337583
8.871560120379607	0.002556828807819357	-179.9999879610052
8.953647655495937	0.002509612536813648	-179.9999881839811
9.036494737223014	0.002463278254917342	-179.9999884027686
9.120108393559097	0.0024178091148510466	-179.99998861744845
9.204495717531712	0.002373188604960305	-179.9999888280999
9.289663867799362	0.0023294005420152267	-179.99998903480048
9.375620069258803	0.0022864290641835924	-179.99998923762624
9.462371613657929	0.002244258624172587	-179.99998943665162
9.549925860214358	0.0022028739825344446	-179.99998963194966
9.638290236239705	0.002162260201131446	-179.99998982359182
9.727472237769652	0.0021224026367558844	-179.9999900116482
9.817479430199844	0.0020832869349007013	-179.9999901961875
9.908319448927676	0.0020448990236767084	-179.999990377277
10.	0.0020072251078723687	-179.9999905549827
10.092528860766844	0.0019702516631523014	-179.99999072936922
10.18591388054117	0.0019339654303907505	-179.9999909004999
10.280162981264736	0.001898353410136403	-179.99999106843688
10.375284158180126	0.001863402857205049	-179.99999123324102
10.471285480508996	0.0018291012753966845	-179.99999139497197
10.568175092136585	0.001795436412333763	-179.99999155368823
10.665961212302578	0.0017623962544174063	-179.9999917094471
10.76465213629835	0.0017299690218984863	-179.99999186230482
10.864256236170656	0.001698143164060578	-179.99999201231643
10.964781961431852	0.0016669073545118767	-179.99999215953596
11.066237839776663	0.001636250486583266	-179.99999230401633
11.168632477805613	0.0016061616688298054	-179.99999244580945
11.271974561755105	0.001576630220632986	-179.99999258496626
11.37627285823431	0.0015476456679011771	-179.99999272153656
11.481536214968829	0.0015191977388657881	-179.99999285556933
11.587773561551263	0.0014912763599707049	-179.99999298711248
11.694993910198711	0.001463871651852668	-179.99999311621306
11.803206356517286	0.0014369739254103048	-179.99999324291718
11.912420080273739	0.0014105736779595921	-179.99999336727004
12.022644346174118	0.0013846615894736439	-179.99999348931595
12.133888504649763	0.0013592285189046693	-179.9999936090984
12.246161992650476	0.0013342655005861355	-179.99999372666
12.359474334445094	0.0013097637407131302	-179.99999384204256
12.47383514242942	0.0012857146138990267	-179.99999395528707
12.589254117941662	0.0012621096598065932	-179.99999406643371
12.705741052085406	0.001238940579851726	-179.99999417552195
12.823305826560205	0.0012161992339780724	-179.99999428259036
12.941958414499851	0.0011938776375008194	-179.9999943876769
13.061708881318404	0.0011719679580180005	-179.99999449081878
13.182567385564061	0.0011504625123877	-179.99999459205245
13.304544179780901	0.0011293537637695923	-179.99999469141363
13.427649611378628	0.001108634318729288	-179.99999478893744
13.551894123510351	0.0010882969244040024	-179.99999488465832
13.67728825595848	0.0010683344657281062	-179.99999497860995
13.803842646028839	0.0010487399627171494	-179.99999507082543
13.931568029453022	0.0010295065678089953	-179.99999516133727
14.060475241299129	0.0010106275632607352	-179.9999952501773
14.190575216890911	0.000992096358600087	-179.99999533737673
14.321878992735424	0.0009739064881300168	-179.9999954229662
14.454397707459265	0.0009560516084853608	-179.99999550697584
14.588142602753473	0.0009385254962402526	-179.99999558943503
14.723125024327178	0.0009213220455651873	-179.99999567037275
14.859356422870059	0.0009044352659325978	-179.99999574981734
14.996848355023726	0.0008878592798698333	-179.99999582779665
15.135612484362072	0.0008715883207584706	-179.99999590433796
15.275660582380716	0.0008556167306789055	-179.99999597946808
15.417004529495584	0.0008399389582992149	-179.99999605321327
15.559656316050734	0.0008245495568072779	-179.99999612559927
15.703628043335515	0.0008094431818852089	-179.99999619665144
15.848931924611126	0.0007946145897251387	-179.9999962663945
15.995580286146678	0.0007800586350854396	-179.99999633485288
16.143585568264854	0.0007657702693864832	-179.99999640205039
16.292960326397214	0.0007517445388450697	-179.99999646801047
16.443717232149307	0.0007379765826466653	-179.9999965327561
16.595869074375596	0.0007244616311546215	-179.99999659630987
16.749428760264365	0.0007111950041555639	-179.99999665869382
16.90440931643263	0.0006981721091401621	-179.99999671992975
17.060823890031227	0.0006853884396185015	-179.9999967800389
17.21868574986006	0.0006728395734693167	-179.9999968390422
17.378008287493746	0.000660521171322337	-179.99999689696014
17.5388050184176	0.0006484289749730445	-179.99999695381283
17.701089583174202	0.0006365588058291282	-179.99999700961996
17.864875748520497	0.0006249065633879664	-179.99999706440101
18.03017740859568	0.0006134682237444636	-179.99999711817486
18.197008586099827	0.0006022398381285922	-179.99999717096028
18.365383433483455	0.0005912175314720083	-179.99999722277545
18.535316234148105	0.00058039750100312	-179.99999727363843
18.706821403657997	0.0005697760148700013	-179.99999732356676
18.879913490962927	0.0005593494107905656	-179.99999737257772
19.054607179632463	0.0005491140947294191	-179.99999742068835
19.230917289101576	0.0005390665396008314	-179.99999746791522
19.408858775927772	0.0005292032839972749	-179.99999751427472
19.58844673505989	0.000519520930942994	-179.99999755978283
19.769696401118598	0.0005100161466720811	-179.9999976044553
19.952623149688787	0.0005006856594305448	-179.99999764830756
20.137242498623873	0.0004915262583018718	-179.99999769135476
20.32357010936221	0.00048253479205559246	-179.9999977336118
20.511621788255646	0.0004737081680183707	-179.99999777509316
20.701413487910415	0.0004650433509671533	-179.9999978158133
20.892961308540386	0.0004565373620439206	-179.99999785578615
21.086281499332888	0.000448187277691593	-179.99999789502556
21.28139045982711	0.00043999022861065717	-179.999997933545
21.47830474130533	0.0004319433987360855	-179.9999979713578
21.67704104819694	0.00042404402423413216	-179.99999800847695
21.87761623949552	0.0004162893925185998	-179.9999980449153
22.080047330188993	0.0004086768412861763	-179.9999980806853
22.28435149270303	0.00040120375757045286	-179.99999811579934
22.490546058357804	0.00039386757681424557	-179.99999815026948
22.698648518838212	0.00038666578195984454	-179.99999818410757
22.908676527677724	0.00037959590255682646	-179.99999821732527
23.12064790175594	0.0003726555138870798	-179.99999824993404
23.33458062281002	0.0003658422361066867	-179.99999828194498
23.55049283896009	0.00035915373340432763	-179.99999831336922
23.76840286624876	0.00035258771317587184	-179.99999834421752
23.9883291901949	0.00034614192521482907	-179.9999983745004
24.210290467361776	0.00033981416091834383	-179.99999840422836
24.434305526939713	0.0003336022525084187	-179.99999843341158
24.660393372343385	0.0003275040722680652	-179.9999984620601
24.888573182823905	0.0003215175317920787	-179.99999849018369
25.118864315095795	0.0003156405812521496	-179.99999851779205
25.351286304979073	0.0003098712086760221	-179.99999854489468
25.58585886905645	0.000304207439240422	-179.9999985715008
25.82260190634596	0.00029864733457747963	-179.99999859761962
26.06153549998895	0.00029318899209437925	-179.99999862326007
26.302679918953814	0.0002878305443059737	-179.9999986484309
26.54605561975539	0.00028257015818010736	-179.99999867314077
26.791683248190314	0.00027740603449539385	-179.99999869739818
27.039583641088434	0.0002723364072112077	-179.99999872121137
27.289777828080403	0.0002673595428496426	-179.99999874458857
27.542287033381662	0.0002624737398892058	-179.99999876753776
27.797132677592884	0.0002576773281700155	-179.9999987900668
28.05433637951713	0.00025296866831027524	-179.9999988121834
28.31391995799379	0.00024834615113380413	-179.99999883389515
28.575905433749465	0.00024380819710840767	-179.99999885520944
28.84031503126606	0.00023935325579487387	-179.99999887613362
29.10717118066605	0.00023497980530639138	-179.9999988966748
29.376496519615305	0.00023068635177818128	-179.99999891684007
29.648313895243422	0.00022647142884714693	-179.9999989366363
29.92264636608189	0.00022233359714134558	-179.99999895607021
30.19951720402016	0.0002182714437790898	-179.99999897514854
30.4789498962798	0.00021428358187749278	-179.99999899387774
30.76096814740705	0.0002103686500702721	-179.99999901226423
31.045595881283525	0.00020652531203463735	-179.9999990303143
31.332857243155825	0.00020275225602707804	-179.99999904803417
31.62277660168376	0.00019904819442788583	-179.99999906542982
31.91537855100758	0.00019541186329423917	-179.99999908250726
32.21068791283432	0.00019184202192168645	-179.99999909927226
32.50872973854341	0.00018833745241386362	-179.9999991157306
32.80952931131187	0.00018489695926028951	-179.99999913188788
33.11311214825908	0.00018151936892208239	-179.9999991477496
33.41950400261139	0.00017820352942544528	-179.99999916332123
33.72873086588685	0.00017494830996277023	-179.99999917860805
34.040818970100055	0.0001717526005012171	-179.99999919361525
34.35579478998743	0.00016861531139862024	-179.99999920834804
34.67368504525313	0.0001655353730265858	-179.99999922281137
34.994516702835696	0.00016251173540063964	-179.9999992370102
35.318316979195664	0.00015954336781729217	-179.99999925094937
35.64511334262439	0.0001566292584978867	-179.99999926463366
35.9749335155742	0.0001537684142391028	-179.99999927806775
36.3078054770101	0.00015095986006998717	-179.99999929125622
36.64375746478329	0.00014820263891538653	-179.9999993042035
36.98281797802659	0.00014549581126566252	-179.99999931691409
37.32501577957203	0.00014283845485256642	-179.99999932939227
37.670379898390856	0.00014022966433115914	-179.99999934164234
38.01893963205609	0.00013766855096765848	-179.99999935366841
38.370724549227845	0.0001351542423331039	-179.99999936547468
38.72576449216169	0.0001326858820027262	-179.9999993770651
39.08408957924017	0.00013026262926091458	-179.99999938844365
39.44573020752781	0.00012788365881167567	-179.9999993996142
39.81071705534969	0.00012554816049447848	-179.99999941058059
40.17908108489396	0.0001232553390053851	-179.99999942134647
40.55085354483835	0.00012100441362336652	-179.9999994319156
40.92606597300105	0.00011879461794170475	-179.99999944229154
41.304750199016105	0.00011662519960438615	-179.99999945247785
41.68693834703351	0.0001144954200473909	-179.999999462478
42.07266283844438	0.00011240455424478644	-179.99999947229534
42.46195639463126	0.0001103518904595344	-179.9999994819333
42.85485203974392	0.0001083367299989216	-179.99999949139507
43.251383103500835	0.00010635838697452838	-179.99999950068397
43.65158322401656	0.0001044161880666487	-179.9999995098031
44.0554863506553	0.00010250947229307819	-179.9999995187556
44.46312674691084	0.00010063759078218773	-179.9999995275445
44.87453899331318	0.00009879990655020216	-179.9999995361728
45.28975799036204	0.00009699579428260513	-179.99999954464343
45.708818961487474	0.00009522464011959243	-179.99999955295928
46.13175745603791	0.00009348584144549785	-179.99999956112316
46.55860935229586	0.00009177880668211682	-179.99999956913788
46.98941086052151	0.00009010295508585484	-179.99999957700618
47.42419852602443	0.00008845771654862931	-179.9999995847307
47.8630092322638	0.0000868425314024539	-179.99999959231408
48.30588020397723	0.00008525685022763637	-179.99999959975892
48.7528490103386	0.00008370013366452295	-179.99999960706774
49.20395356814506	0.00008217185222872228	-179.99999961424302
49.65923214503358	0.00008067148612974376	-179.9999996212872
50.118723362727195	0.00007919852509298696	-179.99999962820272
50.58246620031137	0.00007775246818501894	-179.9999996349919
51.0504999975406	0.00007633282364207836	-179.99999964165704
51.52286445817562	0.00007493910870174606	-179.9999996482004
51.99959965335157	0.00007357084943772287	-179.99999965462425
52.48074602497723	0.00007222758059765685	-179.99999966093074
52.966344389165755	0.00007090884544396292	-179.99999966712204
53.45643593969714	0.00006961419559757916	-179.99999967320022
53.95106225151273	0.00006834319088460517	-179.9999996791674
54.450265284242086	0.00006709539918576835	-179.99999968502556
54.95408738576243	0.00006587039628866613	-179.9999996907767
55.462571295791044	0.00006466776574273177	-179.99999969642283
55.97576014951099	0.00006348709871687339	-179.9999997019658
56.49369748123023	0.00006232799385973668	-179.9999997074075
57.01642722807472	0.00006119005716254195	-179.99999971274985
57.543993733715666	0.000060072901824448096	-179.99999971799463
58.07644175213118	0.000058976148120396454	-179.9999997231436
58.61381645140285	0.00005789942327138836	-179.9999997281985
59.15616341754737	0.000056842361317151067	-179.99999973316108
59.70352865838366	0.000055804602991148234	-179.99999973803304
60.255958607435744	0.00005478579559789068	-179.99999974281602
60.81350012787176	0.000053785592892505274	-179.99999974751165
61.37620051647939	0.00005280365496252016	-179.9999997521215
61.94410750767812	0.000051839648111824506	-179.99999975664716
62.51726927756855	0.00005089324474676329	-179.99999976109018
63.0957344480193	0.000049964123264326926	-179.99999976545206
63.67955209079155	0.00004905196794239745	-179.99999976973427
64.26877173170195	0.000048156468832012564	-179.99999977393827
64.86344335482381	0.00004727732165161074	-179.99999977806553
65.46361740672747	0.00004641422768322021	-179.99999978211738
66.06934480075958	0.00004556689367055637	-179.9999997860953
66.68067692136219	0.00004473503171899181	-179.9999997900005
67.29766562843174	0.000043918359197364515	-179.9999997938344
67.92036326171844	0.0000431165986415903	-179.9999997975983
68.54882264526613	0.000042329477660046195	-179.99999980129348
69.18309709189363	0.00004155672884069152	-179.99999980492117
69.82324040771712	0.000040798089659895364	-179.9999998084826
70.46930689671467	0.000040053302392938134	-179.99999981197902
71.12135136533288	0.00003932211402615668	-179.99999981541157
71.77942912713615	0.00003860427617070265	-179.99999981878145
72.44359600749898	0.00003789954497788415	-179.99999982208982
73.11390834834172	0.00003720768105606125	-179.99999982533774
73.79042301291008	0.000036528449389067354	-179.99999982852637
74.47319739059888	0.00003586161925612744	-179.99999983165677
75.16228940182053	0.000035206964153246094	-179.99999983473003
75.85775750291836	0.00003456426171603803	-179.99999983774717
76.55966069112561	0.000033933293643974643	-179.9999998407092
77.26805850957021	0.00003331384562602004	-179.99999984361716
77.98301105232578	0.00003270570726763173	-179.999999846472
78.70457896950977	0.000032108672019099654	-179.99999984927473
79.43282347242805	0.00003152253710520043	-179.9999998520263
80.16780633876782	0.00003094710345614095	-179.9999998547276
80.90958991783813	0.00003038217563976879	-179.9999998573796
81.65823713585914	0.000029827561795025326	-179.99999985998318
82.41381150130013	0.000029283073566619346	-179.99999986253923
83.176377110267	0.00002874852604089797	-179.99999986504858
83.94599865193965	0.000028223737682893344	-179.99999986751214
84.72274141405954	0.00002770853027452342	-179.99999986993072
85.50667128846823	0.00002720272885392508	-179.9999998723051
86.29785477669692	0.000026706161655899622	-179.99999987463616
87.09635899560797	0.00002621866005344922	-179.99999987692468
87.90225168308834	0.00002574005850038507	-179.99999987917138
88.71560120379598	0.000025270194474986882	-179.99999988137708
89.53647655495928	0.000024808908424694884	-179.9999998835425
90.36494737223005	0.00002435604371181494	-179.9999998856684
91.20108393559087	0.000023911446560218513	-179.99999988775548
92.04495717531702	0.000023474966003018834	-179.99999988980446
92.89663867799354	0.000023046453831205576	-179.99999989181603
93.75620069258792	0.000022625764543220448	-179.99999989379089
94.6237161365792	0.00002221275529545609	-179.99999989572967
95.4992586021435	0.000021807285853661708	-179.99999989763305
96.38290236239695	0.00002140921854523847	-179.9999998995017
97.2747223776964	0.000021018418212408593	-179.99999990133622
98.17479430199833	0.000020634752166241776	-179.99999990313725
99.08319448927665	0.000020258090141523438	-179.99999990490542
99.9999999999999	0.000019888304252449342	-179.99999990664128