0.01000000000000001	0.0008385134294284295	-1.524513575402605
0.010092528860766855	0.0008385372476960598	-1.5280521534758162
0.01018591388054118	0.0008385615196593026	-1.5316240613888565
0.010280162981264745	0.0008385862538941073	-1.5352296202511007
0.010375284158180138	0.000838611459135033	-1.538869154422865
0.010471285480509006	0.000838637144287867	-1.542542991572333
0.010568175092136596	0.000838663318422004	-1.5462514626904658
0.01066596121230259	0.0008386899907824673	-1.5499949021474717
0.010764652136298361	0.0008387171707870994	-1.553773647718554
0.010864256236170667	0.0008387448680313378	-1.5575880406260083
0.010964781961431863	0.0008387730922916285	-1.5614384255787692
0.011066237839776675	0.000838801853539785	-1.565325150835454
0.011168632477805623	0.0008388311619147361	-1.5692485681785109
0.011271974561755117	0.0008388610277756412	-1.5732090330591981
0.011376272858234322	0.0008388914616558779	-1.5772069045354056
0.01148153621496884	0.0008389224742948784	-1.5812425453729926
0.011587773561551273	0.0008389540766417712	-1.5853163220886148
0.011694993910198724	0.0008389862798433828	-1.589428604959967
0.01180320635651731	0.0008390190952705258	-1.5935797681172104
0.011912420080273762	0.0008390525344996678	-1.5977701895408059
0.012022644346174144	0.0008390866093283266	-1.6020002511309246
0.012133888504649786	0.0008391213317816975	-1.6062703387588977
0.012246161992650502	0.0008391567141135643	-1.6105808423072037
0.01235947433444512	0.0008391927688061997	-1.614932155707624
0.012473835142429446	0.0008392295085831181	-1.6193246770073273
0.012589254117941687	0.0008392669464097391	-1.6237588084097296
0.012705741052085433	0.000839305095494877	-1.628234956317842
0.012823305826560232	0.0008393439693003484	-1.6327535313950725
0.01294195841449987	0.0008393835815451259	-1.637314948615564
0.013061708881318424	0.0008394239462098225	-1.6419196273151324
0.013182567385564082	0.0008394650775383358	-1.646567991237352
0.01330454417978092	0.0008395069900486096	-1.6512604685993504
0.013427649611378649	0.0008395496985355651	-1.6559974921415666
0.01355189412351037	0.0008395932180718239	-1.6607794991734923
0.013677288255958502	0.0008396375640202053	-1.6656069316450814
0.013803842646028859	0.0008396827520458062	-1.6704802362181765
0.013931568029453043	0.0008397287980902447	-1.6753998642572152
0.01406047524129915	0.0008397757184278448	-1.6803662719966954
0.014190575216890933	0.0008398235296168205	-1.685379920483517
0.014321878992735446	0.0008398722485518649	-1.6904412757383673
0.014454397707459286	0.0008399218924395785	-1.695550808751453
0.014588142602753497	0.0008399724788185077	-1.7007089955753698
0.014723125024327202	0.0008400240255652976	-1.7059163173885155
0.014859356422870082	0.0008400765508966142	-1.711173260550422
0.014996848355023748	0.0008401300733723151	-1.7164803166601623
0.015135612484362095	0.000840184611920866	-1.7218379826641346
0.015275660582380739	0.0008402401858197615	-1.7272467608667976
0.015417004529495607	0.0008402968147300613	-1.7327071590600254
0.015559656316050758	0.0008403545186728735	-1.7382196905267873
0.01570362804333554	0.0008404133180717005	-1.7437848741891968
0.015848931924611148	0.0008404732337259631	-1.7494032346074768
0.015995580286146702	0.0008405342868509207	-1.7550753021248862
0.016143585568264878	0.0008405964990488412	-1.7608016128627284
0.016292960326397238	0.0008406598923580764	-1.7665827088876076
0.01644371723214933	0.0008407244892334936	-1.772419138228651
0.016595869074375623	0.0008407903125588871	-1.778311454966114
0.01674942876026439	0.0008408573856594854	-1.784260219321075
0.016904409316432657	0.0008409257323093198	-1.7902659977348228
0.017060823890031253	0.0008409953767498553	-1.7963293629744772
0.017218685749860088	0.0008410663436822771	-1.8024508941811355
0.017378008287493772	0.0008411386582847679	-1.8086311769744596
0.01753880501841763	0.0008412123462258713	-1.814870803549704
0.01770108958317423	0.0008412874336623041	-1.821170372741642
0.017864875748520526	0.0008413639472658987	-1.8275304901539164
0.018030177408595707	0.0008414419142269027	-1.8339517682374984
0.018197008586099853	0.000841521362245478	-1.8404348263436854
0.018365383433483484	0.0008416023195776961	-1.846980290900055
0.018535316234148135	0.0008416848150177703	-1.853588795445441
0.018706821403658026	0.0008417688779184925	-1.860260980751322
0.018879913490962956	0.0008418545382099146	-1.8669974949410328
0.019054607179632494	0.0008419418263942369	-1.8737989935565573
0.019230917289101597	0.0008420307735744096	-1.8806661397028133
0.019408858775927792	0.000842121411456913	-1.8875996041351257
0.01958844673505991	0.0008422137723612687	-1.89460006536328
0.01976969640111862	0.000842307889244614	-1.9016682097912037
0.01995262314968881	0.0008424037956996537	-1.9088047317979435
0.020137242498623895	0.0008425015259838328	-1.9160103338910055
0.02032357010936223	0.000842601115016348	-1.9232857267881664
0.020511621788255666	0.0008427025984011305	-1.9306316295601966
0.020701413487910436	0.0008428060124421745	-1.93804876975771
0.02089296130854041	0.0008429113941521362	-1.945537883524378
0.02108628149933291	0.0008430187812700548	-1.9530997157329433
0.021281390459827135	0.0008431282122754439	-1.9607350201145002
0.021478304741305354	0.0008432397264023141	-1.9684445593897555
0.02167704104819696	0.0008433533636597492	-1.9762291054169492
0.02187761623949554	0.0008434691648483921	-1.984089439332775
0.022080047330189013	0.0008435871715576877	-1.9920263516505083
0.022284351492703053	0.0008437074262107836	-2.000040642470309
0.022490546058357826	0.0008438299720629859	-2.0081331215846108
0.022698648518838235	0.0008439548532294659	-2.01630460865291
0.022908676527677748	0.0008440821146878698	-2.0245559333209666
0.023120647901755963	0.0008442118023146084	-2.032887935420272
0.023334580622810044	0.0008443439628966848	-2.04130146511305
0.023550492838960112	0.0008444786441413185	-2.049797383034653
0.023768402866248782	0.0008446158947173632	-2.058376560512316
0.02398832919019492	0.0008447557642457761	-2.067039879667679
0.0242102904673618	0.0008448983033469288	-2.0757882336546563
0.02443430552693974	0.0008450435636440142	-2.084622526797291
0.024660393372343412	0.0008451915977977516	-2.093543674803767
0.02488857318282393	0.0008453424595126852	-2.102552604916272
0.025118864315095822	0.0008454962035731973	-2.111650256133959
0.025351286304979098	0.0008456528858616877	-2.1208375793966394
0.02558585886905648	0.0008458125633759132	-2.1301155377695276
0.025822601906345985	0.0008459752942694976	-2.1394851066861214
0.026061535499988978	0.0008461411378544919	-2.1489472741041307
0.026302679918953843	0.0008463101546404688	-2.158503040751373
0.026546055619755416	0.0008464824063647416	-2.168153420354362
0.026791683248190343	0.0008466579560029815	-2.1778994398231664
0.027039583641088463	0.0008468368678028716	-2.1877421394950045
0.027289777828080432	0.0008470192073255319	-2.197682573400365
0.02754228703338169	0.0008472050414463474	-2.207721809435133
0.02779713267759291	0.0008473944384138264	-2.217860929676348
0.02805433637951716	0.0008475874678550296	-2.228101030573143
0.028313919957993816	0.000847784200820139	-2.238443223236315
0.028575905433749497	0.0008479847098092969	-2.2488886336889804
0.028840315031266085	0.0008481890688011135	-2.259438403125997
0.02910717118066608	0.0008483973532892793	-2.27009368819703
0.029376496519615335	0.0008486096403246681	-2.280855661308251
0.029648313895243455	0.0008488260085294598	-2.2917255108596866
0.02992264636608192	0.0008490465381507922	-2.3027044415846456
0.030199517204020192	0.0008492713110867023	-2.3137936748259365
0.03047894989627986	0.0008495004109242422	-2.324994448847101
0.03076096814740711	0.0008497339229881421	-2.3363080191751373
0.031045595881283587	0.0008499719343601471	-2.3477356588759926
0.03133285724315589	0.0008502145339420003	-2.359278658943784
0.031622776601683826	0.0008504618124762805	-2.37093832859128
0.03191537855100765	0.000850713862598697	-2.382715995624135
0.03221068791283438	0.0008509707788820275	-2.394613006800994
0.03250872973854347	0.0008512326578748768	-2.4066307281864314
0.03280952931131194	0.0008514995981490644	-2.418770545532077
0.03311311214825915	0.0008517717003600243	-2.4310338646973477
0.03341950400261146	0.0008520490672557646	-2.4434221119471666
0.03372873086588692	0.0008523318037797094	-2.45593673449365
0.034040818970100126	0.0008526200170805014	-2.468579200810283
0.0343557947899875	0.0008529138165751357	-2.4813510010879956
0.0346736850452532	0.0008532133140140412	-2.4942536477046278
0.034994516702835765	0.0008535186235144827	-2.507288675621172
0.035318316979195734	0.0008538298616359871	-2.520457642893735
0.03564511334262446	0.0008541471474308271	-2.533762131130253
0.03597493351557427	0.0008544706024972357	-2.547203745962673
0.03630780547701017	0.0008548003510459199	-2.560784117562395
0.03664375746478335	0.0008551365199687137	-2.574504901170701
0.03698281797802665	0.0008554792388954943	-2.5883677776084006
0.037325015779572084	0.0008558286402567922	-2.6023744538099365
0.037670379898390914	0.000856184859357235	-2.616526663395827
0.038018939632056145	0.0008565480344506852	-2.630826167260269
0.0383707245492279	0.0008569183068054968	-2.64527475414383
0.038725764492161745	0.0008572958207708069	-2.6598742412196685
0.03908408957924023	0.0008576807238679266	-2.674626474757485
0.03944573020752787	0.0008580731668665713	-2.6895333307597498
0.039810717055349755	0.0008584733038566779	-2.7045967155983734
0.04017908108489402	0.0008588812923290968	-2.7198185666874743
0.040550853544838415	0.0008592972932816232	-2.735200853236781
0.040926065973001115	0.000859721471277116	-2.7507455768912954
0.041304750199016166	0.0008601539945644921	-2.766454772552371
0.04168693834703357	0.0008605950351432202	-2.7823305090625676
0.04207266283844444	0.000861044768887492	-2.79837489006542
0.04246195639463132	0.0008615033756164826	-2.8145900547357416
0.042854852039743985	0.0008619710392219231	-2.8309781786806556
0.04325138310350091	0.0008624479477547045	-2.8475414747462873
0.04365158322401663	0.000862934293548474	-2.864282193942416
0.044055486350655364	0.0008634302733139463	-2.881202626304552
0.04446312674691091	0.0008639360882660624	-2.898305101864568
0.04487453899331325	0.0008644519442413214	-2.9155919916130695
0.04528975799036211	0.0008649780518194263	-2.933065708494015
0.04570881896148754	0.0008655146264372453	-2.9507287083974463
0.04613175745603798	0.0008660618885414961	-2.968583491281163
0.04655860935229591	0.0008666200637084063	-2.9866326022226075
0.04698941086052156	0.0008671893827922953	-3.004878632573759
0.04742419852602448	0.0008677700820457354	-3.023324221059962
0.04786300923226385	0.0008683624032923424	-3.041972055050094
0.04830588020397728	0.0008689665940727289	-3.0608248717773634
0.04875284901033865	0.0008695829077946545	-3.0798854595973566
0.04920395356814511	0.0008702116039031377	-3.0991566593295707
0.04965923214503363	0.0008708529480445494	-3.1186413656101992
0.05011872336272725	0.0008715072122497135	-3.1383425283277995
0.05058246620031143	0.0008721746750884302	-3.158263154007549
0.051050499997540646	0.0008728556218904717	-3.17840630741682
0.05152286445817567	0.0008735503449129033	-3.1987751130497832
0.05199959965335162	0.0008742591435364765	-3.2193727567285237
0.052480746024977286	0.0008749823245044408	-3.2402024873622284
0.05296634438916581	0.0008757202020808535	-3.2612676185093497
0.05345643593969719	0.0008764730983267933	-3.282571530319733
0.05395106225151279	0.0008772413432827502	-3.3041176712428264
0.05445026528424214	0.0008780252752306508	-3.3259095600090354
0.05495408738576248	0.0008788252409343357	-3.347950787590451
0.0554625712957911	0.0008796415958834567	-3.370245019215608
0.05597576014951104	0.0008804747045694493	-3.392795996524525
0.05649369748123028	0.0008813249407351183	-3.4156075396927474
0.05701642722807478	0.000882192687682329	-3.438683549777974
0.05754399373371572	0.0008830783385446841	-3.462028011013574
0.05807644175213124	0.000883982296598189	-3.4856449932690534
0.05861381645140291	0.000884904975572576	-3.5095386545682152
0.05915616341754743	0.0008858467999799967	-3.533713243717701
0.05970352865838372	0.000886808205449351	-3.5581731030129498
0.06025595860743581	0.0008877896390789771	-3.5829226710625592
0.060813500127871824	0.0008887915597943647	-3.6079664856933222
0.061376200516479455	0.0008898144387441552	-3.633309187040765
0.06194410750767818	0.0008908587596766123	-3.6589555206510256
0.06251726927756862	0.000891925019342268	-3.6849103407367925
0.06309573444801936	0.0008930137279407387	-3.7111786136473643
0.06367955209079162	0.0008941254095447528	-3.737765421349083
0.064268771731702	0.00089526060256426	-3.7646759651140695
0.06486344335482389	0.0008964198602149389	-3.791915569310789
0.06546361740672754	0.0008976037510336546	-3.819489685433339
0.06606934480075964	0.0008988128593732171	-3.8474038961617465
0.06668067692136226	0.0009000477859662927	-3.8756639197405875
0.06729766562843183	0.0009013091484438698	-3.9042756143176653
0.0679203632617185	0.0009025975819615694	-3.933244982735174
0.0685488226452662	0.0009039137397896269	-3.962578177319786
0.0691830970918937	0.0009052582939416211	-3.9922815049161486
0.06982324040771719	0.0009066319358356608	-4.0223614321489585
0.07046930689671474	0.000908035376990352	-4.052824590929303
0.07112135136533296	0.0009094693497450552	-4.083677784176654
0.07177942912713622	0.0009109346079886633	-4.114927991711353
0.07244359600749906	0.0009124319279750728	-4.146582376581511
0.0731139083483418	0.0009139621091035434	-4.17864829143155
0.07379042301291015	0.0009155259748080631	-4.211133285395259
0.07447319739059896	0.0009171243734261984	-4.244045111094395
0.07516228940182061	0.0009187581791219721	-4.277391731997294
0.07585775750291844	0.0009204282928878716	-4.311181330232126
0.07655966069112569	0.0009221356435524344	-4.345422314619998
0.07726805850957029	0.0009238811888385474	-4.3801233290874935
0.07798301105232593	0.000925665916474136	-4.415293261476074
0.07870457896950993	0.0009274908453962154	-4.45094125290173
0.07943282347242822	0.0009293570269225751	-4.487076707246328
0.08016780633876798	0.0009312655460846547	-4.5237093014574015
0.0809095899178383	0.00093321752293409	-4.560848996027515
0.0816582371358593	0.000935214113961417	-4.598506046142264
0.0824138115013003	0.0009372565135971576	-4.63669101341534
0.08317637711026717	0.0009393459557250494	-4.675414777978382
0.08394599865193982	0.0009414837153375463	-4.71468855140013
0.08472274141405972	0.0009436711102443704	-4.754523890142568
0.08550667128846841	0.0009459095028518764	-4.794932709634364
0.0862978547766971	0.0009482003020714688	-4.835927299190649
0.08709635899560814	0.0009505449652954109	-4.877520337584214
0.08790225168308852	0.0009529450004904615	-4.919724909470778
0.08871560120379617	0.0009554019683963946	-4.962554522650043
0.08953647655495947	0.0009579174848270547	-5.006023126180275
0.09036494737223023	0.0009604932231384631	-5.050145129611104
0.09120108393559107	0.00096313091677357	-5.094935423038594
0.09204495717531722	0.0009658323619827615	-5.140409398376315
0.09289663867799372	0.0009685994206828511	-5.18658297174365
0.09375620069258811	0.0009714340234752521	-5.233472607086818
0.09462371613657934	0.0009743381728156561	-5.281095341045239
0.09549925860214364	0.0009773139464151882	-5.32946880940516
0.0963829023623971	0.0009803635007574942	-5.378611274758895
0.09727472237769656	0.0009834890748861083	-5.428541655996673
0.09817479430199849	0.0009866929943767148	-5.479279559367994
0.09908319448927681	0.0009899776755526908	-5.530845311390922
0.10000000000000005	0.0009933456299446451	-5.583259993675337
0.10092528860766849	0.0009967994690223986	-5.636545479839456
0.10185913880541175	0.0010003419092128446	-5.690724474641696
0.10280162981264741	0.0010039757772302995	-5.745820555514674
0.10375284158180131	0.0010077040157014734	-5.801858216511818
0.10471285480509002	0.0010115296892013446	-5.8588629152164735
0.1056817509213659	0.0010154559906000594	-5.9168611223192205
0.10665961212302584	0.001019486247866788	-5.975880374546001
0.10764652136298355	0.0010236239313024243	-6.035949330943591
0.10864256236170661	0.001027872661202741	-6.097097832651887
0.10964781961431856	0.0010322362160794661	-6.1593569668098995
0.1106623783977667	0.0010367185413860383	-6.222759134528289
0.11168632477805618	0.0010413237588521576	-6.287338123509203
0.1127197456175511	0.001046056176445347	-6.353129185560282
0.11376272858234315	0.0010509202990098227	-6.420169119398424
0.11481536214968835	0.0010559208396628745	-6.48849635927343
0.11587773561551268	0.0010610627319608944	-6.558151069688592
0.11694993910198717	0.0010663511429792262	-6.629175247056655
0.11803206356517304	0.0010717914872552159	-6.7016128283459855
0.11912420080273756	0.0010773894418548476	-6.775509808097494
0.12022644346174137	0.0010831509624316905	-6.850914363575475
0.1213388850464978	0.0010890823005722248	-6.9278769896428924
0.12246161992650495	0.001095190022409571	-7.006450643665523
0.12359474334445113	0.00110148102868604	-7.086690901634239
0.12473835142429439	0.0011079625763087048	-7.168656126145215
0.1258925411794168	0.0011146423016896707	-7.252407648011314
0.12705741052085426	0.0011215282458669202	-7.338009962032701
0.12823305826560225	0.0011286288816495225	-7.425530938604187
0.1294195841449987	0.0011359531430460536	-7.515042052967528
0.13061708881318423	0.0011435104570340284	-7.606618633111395
0.1318256738556408	0.0011513107780608091	-7.700340128869485
0.13304544179780922	0.0011593646254233411	-7.796290403790592
0.13427649611378642	0.0011676831239248232	-7.894558052578748
0.13551894123510363	0.0011762780480362135	-7.9952367462566825
0.13677288255958495	0.0011851618699866267	-8.098425608228471
0.13803842646028852	0.001194347812186714	-8.204229624481936
0.13931568029453034	0.0012038499044326927	-8.312760091543115
0.14060475241299142	0.0012136830463976222	-8.424135106267347
0.14190575216890927	0.001223863076017535	-8.53848010223836
0.1432187899273544	0.0012344068444208938	-8.655928437998199
0.1445439770745928	0.00124533229805634	-8.77662204264941
0.1458814260275349	0.0012566585690048785	-8.90071212625976
0.14723125024327194	0.0012684060742712945	-9.028359961997406
0.14859356422870074	0.0012805966252235432	-9.15973774911682
0.1499684835502374	0.0012932535483053567	-9.295029566236774
0.15135612484362088	0.0013064018185065724	-9.434432426661246
0.15275660582380732	0.0013200682070084806	-9.578157447837382
0.154170045294956	0.0013342814451041797	-9.726431151188526
0.1555965631605075	0.0013490724060145154	-9.879496907092205
0.15703628043335532	0.0013644743074443064	-10.037616546907318
0.15848931924611143	0.0013805229372407157	-10.20107216280325
0.15995580286146696	0.0013972569054997973	-10.370168122531222
0.1614358556826487	0.0014147179267242891	-10.545233329305468
0.1629296032639723	0.0014329511362189237	-10.726623761976898
0.16443717232149324	0.0014520054456187838	-10.914725336695144
0.16595869074375613	0.0014719339433224743	-11.109957138667859
0.16749428760264382	0.0014927943465198287	-11.312775080827054
0.1690440931643265	0.0015146495124529653	-11.523676055259362
0.17060823890031243	0.001537568018382235	-11.743202657880156
0.17218685749860077	0.0015616248208758805	-11.971948578922976
0.17378008287493762	0.0015869020071740533	-12.210564770428377
0.1753880501841762	0.0016134896540954597	-12.459766525503074
0.1770108958317422	0.0016414868120698711	-12.720341626454498
0.17864875748520517	0.0016710026361691777	-12.99315975579177
0.180301774085957	0.0017021576896458408	-13.27918340085584
0.18197008586099844	0.0017350854510270347	-13.579480534397609
0.18365383433483473	0.0017699340617292093	-13.895239412718604
0.18535316234148125	0.0018068683594678696	-14.227785912986096
0.18706821403658017	0.0018460722516845003	-14.578603924410913
0.18879913490962946	0.0018877514955841041	-14.94935943304109
0.19054607179632482	0.0019321369654224897	-15.341929091213837
0.19230917289101596	0.001979488506469714	-15.75843426369233
0.19408858775927793	0.002030099496956578	-16.201281791592876
0.19588446735059908	0.0020843022677518377	-16.67321304398809
0.1976969640111862	0.002142474564295216	-17.17736325027468
0.19952623149688808	0.0022050472780743118	-17.717333656495097
0.20137242498623895	0.0022725137285213933	-18.297279776274618
0.2032357010936223	0.002345440840969824	-18.92201996267338
0.20511621788255666	0.002424482644097598	-19.597169794824275
0.20701413487910436	0.002510396602397773	-20.329309470350108
0.2089296130854041	0.002604063399447821	-21.12619364959254
0.2108628149933291	0.0027065108932835973	-21.99701625281831
0.21281390459827135	0.002818943045452834	-22.952746780527036
0.21478304741305343	0.0029427746411883463	-24.00656020916358
0.21677041048196952	0.0030796724658063743	-25.174389788900676
0.2187761623949553	0.003231603088459376	-26.47564158525568
0.22080047330189004	0.003400886145875347	-27.93412165298666
0.22284351492703042	0.0035902492711997447	-29.57924098668767
0.22490546058357816	0.0038028751514142703	-31.447577840994025
0.22698648518838224	0.00404241993190133	-33.5848853989303
0.22908676527677735	0.004312960359317947	-36.048618814095384
0.23120647901755953	0.004618785994620833	-38.91098094650196
0.23334580622810033	0.004963878901759357	-42.26226549158667
0.23550492838960102	0.0053508004024634785	-46.21373480767544
0.23768402866248772	0.005778533550480101	-50.89809049393611
0.2398832919019491	0.006238699102124883	-56.46334630750143
0.2421029046736179	0.006709828776892	-63.05251341110904
0.24434305526939726	0.007150915854619095	-70.75897242564994
0.246603933723434	0.007499256392512901	-79.55326260775843
0.24888573182823917	0.007681741857245201	-89.20356485961844
0.25118864315095807	0.007644096949412231	-99.25386893177641
0.2535128630497908	0.0073822245221746565	-109.12253908097038
0.25585858869056466	0.006946425095521182	-118.28724375459467
0.2582260190634597	0.0064133062347634644	-126.42762740275782
0.26061535499988964	0.0058524830319126794	-133.44521125717137
0.2630267991895383	0.005310557516697673	-139.396502702117
0.26546055619755404	0.004811670384178762	-144.41249829998833
0.2679168324819033	0.004364528256271331	-148.64280438789208
0.2703958364108845	0.00396919761021176	-152.22724875875252
0.2728977782808042	0.003621687263968972	-155.28544764534956
0.27542287033381674	0.0033165445058123202	-157.9154224849319
0.277971326775929	0.0030481597341665855	-160.19588402284657
0.2805433637951715	0.0028113447632581784	-162.1895337476148
0.28313919957993805	0.0026015374287288273	-163.94626857286036
0.2857590543374948	0.0024148281864473015	-165.5059127516454
0.2884031503126607	0.0022479101949130858	-166.90041647990327
0.29107171180666064	0.0020980028393055438	-168.15557716760225
0.2937649651961532	0.001962771888643882	-169.29237007612738
0.2964831389524344	0.0018402560762142816	-170.32797238880536
0.29922646366081906	0.0017288034264877758	-171.27655153350273
0.30199517204020176	0.001627017689183713	-172.14987384870906
0.30478949896279844	0.0015337140063261788	-172.9577767031141
0.307609681474071	0.0014478825307700208	-173.70853670788946
0.3104559588128357	0.0013686586825212915	-174.40915857725435
0.3133285724315587	0.0012952988524587191	-175.06560307461066
0.3162277660168381	0.001227160534801311	-175.6829679089638
0.31915378551007634	0.0011636860439381848	-176.26563202978986
0.3221068791283436	0.0011043891272619591	-176.81737122336827
0.32508729738543457	0.0010488439186231145	-177.34145100260335
0.3280952931131192	0.0009966757860341575	-177.84070134683085
0.3311311214825913	0.0009475537161075599	-178.3175767483175
0.33419504002611444	0.0009011839482511375	-178.77420418055954
0.3372873086588691	0.0008573046285069181	-179.21242093392348
0.34040818970100106	0.0008156812974647696	-179.63380372769154
0.34355794789987465	0.0007761030626034396	179.96030994936754
0.34673685045253166	0.0007383793335229639	179.56880772704028
0.3499451670283573	0.0007023370211838305	179.19079531946758
0.353183169791957	0.0006678181201160908	178.82559683476012
0.35645113342624424	0.0006346776068585517	178.47276316969192
0.3597493351557423	0.0006027815993881523	178.132089822656
0.36307805477010135	0.0005720057313264242	177.80364623729585
0.36643757464783333	0.0005422337022084437	177.48781987056677
0.3698281797802663	0.0005133559709204295	177.18537972965512
0.3732501577957206	0.0004852685644007604	176.89756641684934
0.37670379898390893	0.0004578719777994385	176.6262192071059
0.38018939632056126	0.000431070146141031	176.37395610717527
0.38370724549227886	0.00040476947149174335	176.14443150780718
0.3872576449216173	0.0003788778944498307	175.94271024644132
0.3908408957924021	0.00035330400608422517	175.77582089732175
0.39445730207527846	0.0003279562083977329	175.65359298979985
0.3981071705534973	0.000302741953660303	175.58995871730133
0.40179081084894	0.0002775671360123583	175.60504301807435
0.40550853544838394	0.00025233579720893316	175.72865019582545
0.40926065973001097	0.00022695049920830145	176.0063521423627
0.41304750199016144	0.0002013141558458965	176.51072358685886
0.4168693834703355	0.0001753352099396936	177.36353175971638
0.4207266283844442	0.00014894105104544926	178.78344030614863
0.424619563946313	0.00012211397117703048	-178.799746615205
0.4285485203974396	0.00009499865345900925	-174.4308255661438
0.43251383103500884	0.0000682887253574391	-165.60677845519294
0.4365158322401661	0.0000449892200691734	-144.6759209867683
0.44055486350655343	0.000037063826797261	-99.3967886463211
0.4446312674691088	0.00005541520009698265	-61.995630547159166
0.4487453899331323	0.00008714322812363661	-46.736053730871575
0.4528975799036209	0.00012482543560810816	-40.23060259883267
0.4570881896148752	0.00016699256471913634	-37.215046065824616
0.46131757456037953	0.000213669973446536	-35.91666929923725
0.4655860935229591	0.0002653920715749472	-35.63201051239541
0.4698941086052156	0.0003229894574987771	-36.0470548172417
0.4742419852602448	0.0003875517104834082	-37.017371931088924
0.47863009232263853	0.0004604420134646586	-38.48574840526107
0.48305880203977286	0.0005433259263988969	-40.44841582186962
0.4875284901033865	0.0006381880276121644	-42.94118882633616
0.4920395356814511	0.0007472947616517614	-46.03476432247046
0.49659232145033627	0.0008730207497373874	-49.83412353478157
0.5011872336272725	0.0010173786944330328	-54.47801523127047
0.5058246620031143	0.0011809808525660658	-60.13259438291716
0.5105049999754064	0.0013610935218794967	-66.96870139328506
0.5152286445817567	0.0015487487806089177	-75.10730847379654
0.5199959965335162	0.0017262080595315367	-84.52320009068383
0.5248074602497729	0.0018684384649774034	-94.93468685060265
0.5296634438916581	0.0019521789141289385	-105.77380324366624
0.5345643593969719	0.0019685301081278504	-116.33049404679686
0.5395106225151278	0.0019272186718326829	-126.0068123045911
0.5445026528424215	0.0018485307872455003	-134.48399697615162
0.5495408738576248	0.0017523594701646648	-141.712373080747
0.5546257129579107	0.0016526981832184467	-147.80525354472812
0.5597576014951101	0.0015574389115508612	-152.93829552333654
0.5649369748123025	0.0014701949874866788	-157.2902912528078
0.5701642722807475	0.0013921047122826772	-161.01825747690688
0.5754399373371569	0.001323052231042291	-164.25133466316254
0.580764417521312	0.0012623695139790181	-167.09268530246237
0.5861381645140288	0.0012092031603805667	-169.62387738910894
0.591561634175474	0.0011626915562201337	-171.90942908829754
0.5970352865838369	0.0011220421535728861	-174.00072359254497
0.6025595860743578	0.0010865587758795855	-175.93914278220518
0.6081350012787179	0.001055645237552034	-177.75849722728424
0.6137620051647943	0.001028798650576623	-179.4868889978454
0.6194410750767815	0.0010055990031272168	178.85186005037457
0.6251726927756859	0.000985698110206421	177.23710419182532
0.6309573444801934	0.0009688092782166752	175.65050780975275
0.6367955209079159	0.0009546981546707586	174.07535197773194
0.6426877173170198	0.0009431748122788617	172.49596432794905
0.6486344335482385	0.0009340869160274843	170.89723501519796
0.654636174067275	0.0009273137242689363	169.26419056066945
0.6606934480075961	0.0009227606175919518	167.58160409287993
0.6668067692136223	0.0009203537976138198	165.83362583178058
0.6729766562843178	0.0009200347305264295	164.00342237432244
0.6792036326171846	0.0009217538123255756	162.0728183149546
0.6854882264526617	0.0009254625925778473	160.02194001808346
0.6918309709189366	0.000931103704307745	157.8288703813666
0.6982324040771715	0.0009385974120180276	155.4693371366368
0.7046930689671471	0.0009478234351063374	152.91647829730343
0.7112135136533292	0.0009585965083238262	150.1407600942228
0.7177942912713619	0.0009706341821108577	147.11016855672878
0.7244359600749902	0.0009835159926702198	143.79085742636195
0.7311390834834176	0.0009966349445664823	140.1485077367768
0.7379042301291011	0.00100914611108204	136.15071874490565
0.7447319739059892	0.0010199239412643248	131.77075857271447
0.7516228940182057	0.0010275495597635365	126.99286840196314
0.758577575029184	0.0010303592158091462	121.81891709075349
0.7655966069112565	0.0010265873487671135	116.27546029161275
0.7726805850957026	0.0010146200870802874	110.41928055988905
0.7798301105232589	0.000993328594931559	104.33876122264735
0.7870457896950989	0.00096238846831353	98.14878824330134
0.7943282347242817	0.0009224537488972667	91.97882155071959
0.8016780633876793	0.000875089484432334	85.95672699146591
0.8090958991783825	0.0008224730427178284	80.19310326739082
0.8165823713585927	0.000766981842650883	74.77057797887666
0.8241381150130026	0.0007108176454847507	69.7400862203367
0.8317637711026713	0.0006557661815543208	65.123275043677
0.8394599865193977	0.0006031098000042132	60.91854118770875
0.8472274141405968	0.0005536545051452673	57.10813952579117
0.8550667128846836	0.0005078168821685564	53.664631123604025
0.8629785477669706	0.00046572713183390727	50.555896443221215
0.870963589956081	0.0004273228671554402	47.74861441214794
0.8790225168308847	0.00039242352732817926	45.21044466391138
0.8871560120379608	0.00036078435483234163	42.911248173585875
0.8953647655495938	0.00033213298083265756	40.823656636624875
0.9036494737223014	0.00030619277319613163	38.92323255882565
0.9120108393559097	0.0002826967971156351	37.18839093087513
0.9204495717531712	0.0002613954513469908	35.60019519111193
0.9289663867799363	0.00024206002163765217	34.14209781827947
0.9375620069258802	0.00022448370654612828	32.79966715984895
0.946237161365793	0.0002084811541926248	31.56032355931991
0.9549925860214359	0.0001938871823625097	30.413096357522953
0.9638290236239705	0.00018055510498715552	29.34840649898203
0.9727472237769651	0.00016835492284143959	28.357875577780494
0.9817479430199844	0.000157171529333005	27.434160076949695
0.9908319448927676	0.00014690301439145313	26.57080856177858
1.	0.00013745910731347526	25.762139222880077
1.0092528860766845	0.00012875977391240187	25.003135148636655
1.0185913880541169	0.00012073396842431964	24.28935486999239
1.0280162981264735	0.00011331853240171465	23.616855964908297
1.0375284158180127	0.00010645722871309236	22.982129778696066
1.0471285480508996	0.00010009989714800411	22.382045580130725
1.0568175092136585	0.00009420171795375273	21.81380271631253
1.066596121230258	0.00008872257026625903	21.27488954576253
1.076465213629835	0.00008362647343504617	20.763048117603667
1.0864256236170655	0.00007888110045139174	20.276243726436963
1.096478196143185	0.00007445735391834261	19.812638609844324
1.1066237839776665	0.00007032899617988684	19.370569171423533
1.1168632477805611	0.0000664723263121384	18.94852620975404
1.1271974561755105	0.00006286589765568519	18.54513771545025
1.1376272858234309	0.00005949027042982099	18.15915386686807
1.1481536214968828	0.00005632779472661442	17.78943391237879
1.1587773561551262	0.000053362419835752435	17.43493467501745
1.1694993910198712	0.00005057952641882666	17.094700455536533
1.1803206356517297	0.00004796577853703986	16.767854143543953
1.191242008027375	0.000045508992954898885	16.45358937471596
1.2022644346174132	0.00004319802349929929	16.151163595837097
1.2133888504649775	0.00004102265856072644	15.85989191948563
1.224616199265049	0.000038973530084376155	15.57914166706777
1.2359474334445106	0.000037042032624477	15.308327513235154
1.2473835142429432	0.00003522025122623459	15.04690715681137
1.2589254117941675	0.00003350089706562347	14.794377453672574
1.270574105208542	0.0000318772499176365	14.550270955758279
1.2823305826560218	0.000030343106645716632	14.314152807872963
1.2941958414499863	0.000028892735009066957	14.085617960307887
1.3061708881318417	0.000027520832174678333	13.86428866078026
1.3182567385564075	0.000026222487398317087	13.649812193870952
1.3304544179780915	0.000024993148405849177	13.441858840175817
1.3427649611378643	0.000023828591063891068	13.24012003084896
1.3551894123510364	0.000022724891979414912	13.044306676226794
1.3677288255958495	0.0000216784037110278	12.854147649801087
1.3803842646028852	0.000020685732312784654	12.669388411065269
1.3931568029453034	0.00001974371696418684	12.489789752705239
1.4060475241299142	0.000018849411468806397	12.315126659305744
1.4190575216890926	0.00001800006742900138	12.145187266221834
1.432187899273544	0.000017193118926095073	11.979771908556435
1.4454397707459279	0.000016426168554719896	11.818692251318936
1.4588142602753489	0.00001569697467667682	11.661770492824681
1.4723125024327193	0.000015003439774645716	11.508838634269896
1.4859356422870074	0.0000143435997989811	11.359737809177531
1.499684835502374	0.000013715614412377865	11.214317667085332
1.5135612484362087	0.000013117758047272667	11.072435806439712
1.5275660582380732	0.000012548411699794525	10.933957252184282
1.54170045294956	0.000012006055392072153	10.798753973998215
1.555965631605075	0.000011489261241547478	10.666704441546317
1.5703628043335531	0.000010996687082436044	10.537693213475771
1.584893192461114	0.000010527070589723846	10.411610557210746
1.5995580286146696	0.000010079223861223495	10.288352096891586
1.6143585568264869	9.652028417514244e-6	10.167818487060476
1.629296032639723	9.244430583485388e-6	10.04991510992464
1.6443717232149324	8.8554372187413e-6	9.934551794235597
1.6595869074375613	8.484111767233678e-6	9.821642554005944
1.6749428760264382	8.129570599276122e-6	9.711105345450184
1.690440931643265	7.79097962161081e-6	9.602861840684035
1.7060823890031243	7.467551133449534e-6	9.49683721684972
1.7218685749860079	7.15854090842459e-6	9.39295995945398
1.7378008287493762	6.863245484210768e-6	9.291161678813511
1.753880501841762	6.580999643221579e-6	9.191376938599573
1.770108958317422	6.3111740692401394e-6	9.093543095560745
1.7864875748520517	6.053173166191367e-6	8.99760014958214
1.803017740859568	5.806433026464136e-6	8.903490603311235
1.8197008586099825	5.570419537274955e-6	8.81115933064491
1.8365383433483455	5.344626614548209e-6	8.720553453431322
1.8535316234148105	5.128574554685733e-6	8.631622225793377
1.8706821403657996	4.9218084953976685e-6	8.544316925529113
1.8879913490962925	4.72389697750929e-6	8.458590752088245
1.9054607179632463	4.53443060032054e-6	8.374398730664407
1.9230917289101574	4.353020763703532e-6	8.291697621978926
1.9408858775927773	4.179298490667819e-6	8.210445837365143
1.958844673505989	4.0129133246435636e-6	8.130603358793374
1.97696964011186	3.853532296162601e-6	8.05213166350302
1.9952623149688788	3.7008389540674296e-6	7.974993652935429
2.0137242498623875	3.5545324567362394e-6	7.899153585682766
2.032357010936221	3.4143267191719944e-6	7.824577014190527
2.0511621788255647	3.2799496121168403e-6	7.75123072496996
2.0701413487910414	3.151142209656614e-6	7.679082682095445
2.0892961308540388	3.0276580820321517e-6	7.608101973777495
2.108628149933289	2.909262630631163e-6	7.538258761817501
2.1281390459827114	2.7957324623572395e-6	7.4695242337643055
2.147830474130533	2.6868548007762227e-6	7.401870557605234
2.167704104819694	2.5824269316333647e-6	7.335270838836056
2.1877616239495516	2.482255680507118e-6	7.26969907976522
2.208004733018899	2.3861569205305883e-6	7.205130140917728
2.228435149270303	2.293955108251965e-6	7.141539704413035
2.2490546058357803	2.205482845850794e-6	7.078904239200273
2.2698648518838214	2.1205804680442506e-6	7.017200968041422
2.2908676527677723	2.0390956521415777e-6	6.95640783614105
2.312064790175594	1.9608830498039892e-6	6.896503481327133
2.333458062281002	1.8858039391734643e-6	6.837467205694575
2.355049283896009	1.8137258961196894e-6	6.779278948628103
2.376840286624876	1.7445224834447672e-6	6.721919261127195
2.39883291901949	1.6780729569555802e-6	6.665369281360037
2.4210290467361775	1.6142619873960553e-6	6.609610711378801
2.4434305526939712	1.552979397289552e-6	6.55462579493228
2.4660393372343385	1.4941199118114713e-6	6.50039729631627
2.48885731828239	1.4375829228632082e-6	6.446908480205546
2.5118864315095797	1.3832722655785297e-6	6.394143092414984
2.535128630497907	1.331096006537423e-6	6.342085341540298
2.5585858869056453	1.2809662430147019e-6	6.290719881432288
2.582260190634596	1.23279891262716e-6	6.2400317944607115
2.6061535499988953	1.186513612789117e-6	6.190006575527138
2.6302679918953813	1.1420334294188835e-6	6.140630116788026
2.654605561975539	1.0992847743773056e-6	6.091888693051965
2.6791683248190314	1.0581972311469087e-6	6.043768947816795
2.703958364108843	1.0187034082954211e-6	5.996257879914538
2.7289777828080406	9.807388002926005e-7	5.949342830733928
2.7542287033381663	9.442416552754704e-7	5.903011471991881
2.7797132677592886	9.091528493822892e-7	5.857251794027004
2.805433637951713	8.754157672989351e-7	5.8120520945898555
2.831391995799379	8.429761886809758e-7	5.767400968105854
2.8575905433749464	8.117821801358119e-7	5.723287295388259
2.8840315031266055	7.81783992468402e-7	5.6797002337799105
2.910717118066605	7.529339629097686e-7	5.636629207703421
2.9376496519615305	7.251864220653545e-7	5.594063899600809
2.9648313895243423	6.984976053350534e-7	5.551994241244483
2.992264636608189	6.728255685706553e-7	5.510410405402543
3.019951720402016	6.481301077502558e-7	5.469302797842149
3.047894989627983	6.243726824621475e-7	5.428662049655793
3.076096814740708	6.015163430009216e-7	5.388479009895861
3.1045595881283554	5.795256608917491e-7	5.3487447385038465
3.1332857243155856	5.583666626673169e-7	5.309450499521147
3.162277660168379	5.38006766732578e-7	5.270587754569228
3.1915378551007616	5.184147231613032e-7	5.232148156587279
3.2210687912834346	4.99560556277348e-7	5.194123543816506
3.250872973854344	4.81415509880839e-7	5.156505934020317
3.2809529311311905	4.639519949882002e-7	5.119287518930607
3.311311214825911	4.471435399609218e-7	5.082460658910505
3.3419504002611427	4.3096474290565137e-7	5.046017877824686
3.372873086588689	4.153912262338196e-7	5.009951858108641
3.404081897010009	4.003995932753328e-7	4.974255436028801
3.4355794789987466	3.859673868464163e-7	4.93892159712574
3.4673685045253166	3.720730496767344e-7	4.903943471833165
3.499451670283573	3.5869588660640286e-7	4.869314331265684
3.53183169791957	3.4581602846754466e-7	4.835027583168648
3.5645113342624426	3.3341439756998767e-7	4.801076768023786
3.5974933515574232	3.2147267471468976e-7	4.767455555304621
3.630780547701014	3.099732676622813e-7	4.734157739875824
3.664375746478333	2.988992809881745e-7	4.701177238531148
3.6982817978026628	2.882344872588183e-7	4.668508086664636
3.732501577957206	2.779632994671916e-7	4.636144435070189
3.767037989839089	2.680707446688903e-7	4.604080546864679
3.801893963205613	2.585424387627632e-7	4.572310794530158
3.8370724549227884	2.4936456236323995e-7	4.540829657070775
3.8725764492161727	2.4052383771384684e-7	4.509631717280279
3.908408957924021	2.3200750659407792e-7	4.47871165911621
3.944573020752785	2.2380330917416953e-7	4.448064265176951
3.981071705534973	2.158994637743323e-7	4.4176844142780425
4.0179081084894	2.0828464748751072e-7	4.3875670791243415
4.055085354483839	2.0094797762640133e-7	4.357707324074695
4.09260659730011	1.9387899395750723e-7	4.328100302995944
4.130475019901614	1.870676416868425e-7	4.298741257203271
4.168693834703355	1.8050425516357748e-7	4.269625513483956
4.207266283844442	1.7417954226943604e-7	4.240748482201713
4.24619563946313	1.6808456946343077e-7	4.212105655479037
4.285485203974396	1.622107474526759e-7	4.183692605454832
4.325138310350088	1.565498174616842e-7	4.155504982614981
4.365158322401661	1.510938380736829e-7	4.127538514193397
4.405548635065534	1.458351726187406e-7	4.099789002641268
4.446312674691089	1.4076647708484926e-7	4.072252324162325
4.487453899331323	1.358806885289327e-7	4.044924427311923
4.528975799036209	1.3117101396615632e-7	4.017801331657948
4.570881896148752	1.2663091971659966e-7	3.9908791265015213
4.613175745603791	1.2225412118959662e-7	3.9641539696555363
4.655860935229586	1.1803457308674229e-7	3.9376220862792333
4.698941086052151	1.1396646000557995e-7	3.9112797677669353
4.742419852602444	1.1004418742674657e-7	3.8851233706892168
4.7863009232263805	1.0626237306811783e-7	3.8591493157847623
4.830588020397723	1.0261583859031765e-7	3.83335408700129
4.875284901033861	9.909960163857879e-8	3.8077342305838746
4.920395356814506	9.570886820668726e-8	3.7822863542091083
4.965923214503357	9.243902530934433e-8	3.7570071261635345
5.01187233627272	8.928563394991859e-8	3.7318932745648583
5.058246620031137	8.624442237112539e-8	3.7069415866244246
5.105049999754059	8.331127957671982e-8	3.682148907949519
5.152286445817562	8.048224911287489e-8	3.6575121418840606
5.1999599653351565	7.775352309831216e-8	3.6330282488862666
5.248074602497723	7.512143649285964e-8	3.608694245941918
5.296634438916575	7.258246159446732e-8	3.5845072060118555
5.345643593969713	7.013320275519664e-8	3.560464257512328
5.395106225151273	6.777039130711512e-8	3.536562583826896
5.445026528424209	6.549088068939202e-8	3.512799422848553
5.495408738576242	6.329164176831195e-8	3.489172066550737
5.5462571295791046	6.116975834224955e-8	3.465677860585968
5.597576014951099	5.912242282400596e-8	3.4423142039107897
5.649369748123022	5.714693209323873e-8	3.4190785484357487
5.701642722807472	5.524068351202321e-8	3.3959683986991474
5.754399373371567	5.340117109687954e-8	3.3729813115632776
5.807644175213118	5.162598184090303e-8	3.3501148959318754
5.861381645140285	4.991279217987389e-8	3.327366812487564
5.9156163417547365	4.8259364596525394e-8	3.304734773447991
5.9703528658383656	4.66635443573561e-8	3.2822165423394383
6.025595860743575	4.512325637663994e-8	3.2598099337866304
6.081350012787176	4.363650220249331e-8	3.2375128133175073
6.137620051647939	4.2201357120091755e-8	3.215323097181706
6.194410750767812	4.0815967367321614e-8	3.1932387521815193
6.251726927756856	3.9478547458357695e-8	3.171257795514062
6.30957344480193	3.8187377610842244e-8	3.1493782946234457
6.367955209079155	3.694080127252675e-8	3.1275983670616627
6.426877173170194	3.5737222743402895e-8	3.105916180357019
6.486344335482381	3.457510488952424e-8	3.084329951888808
6.546361740672747	3.3452966944860155e-8	3.062837948767036
6.6069344800759575	3.236938239770417e-8	3.041438487715974
6.668067692136219	3.132297695826585e-8	3.020129934960293
6.729766562843175	3.031242660424676e-8	2.9989107061125835
6.792036326171843	2.933645570131464e-8	2.977779266061038
6.854882264526613	2.839383519551737e-8	2.956734128856107
6.918309709189362	2.7483380874809726e-8	2.935773857594931
6.9823240407717115	2.660395169696947e-8	2.9148970643023557
7.046930689671467	2.575444818129659e-8	2.8941024098073673
7.112135136533288	2.4933810861596924e-8	2.8733886036137997
7.177942912713615	2.414101879804785e-8	2.8527544037641386
7.244359600749899	2.337508814564454e-8	2.8321986166953175
7.311390834834173	2.26350707770185e-8	2.8117200970854035
7.379042301291007	2.1920052957507756e-8	2.791317747690033
7.447319739059888	2.122915407044282e-8	2.770990519167573
7.516228940182053	2.0561525390699797e-8	2.750737409891934
7.585775750291836	1.9916348904641497e-8	2.73055746575201
7.655966069112561	1.9292836174650928e-8	2.7104497799367406
7.726805850957022	1.869022724652906e-8	2.690413492704827
7.798301105232586	1.810778959809844e-8	2.6704477911381495
7.870457896950985	1.754481712742061e-8	2.6505519088779783
7.943282347242813	1.700062917910073e-8	2.6307251258430706
8.01678063387679	1.647456960720803e-8	2.610966767928835
8.090958991783822	1.596600587340605e-8	2.5912762066867
8.165823713585922	1.5474328178935914e-8	2.571652858982945
8.241381150130021	1.499894862915507e-8	2.5520961866362013
8.317637711026709	1.4539300429380405e-8	2.532605696032928
8.394599865193973	1.4094837110836897e-8	2.513180937720164
8.472274141405963	1.3665031785559399e-8	2.4938215059748896
8.550667128846833	1.3249376429139165e-8	2.4745270383493856
8.629785477669701	1.2847381190251752e-8	2.455297215191943
8.709635899560805	1.2458573725943723e-8	2.4361317591423473
8.790225168308842	1.2082498561694727e-8	2.4170304346015112
8.871560120379607	1.171871647530984e-8	2.397993047174641
8.953647655495937	1.1366803903734522e-8	2.379019443087261
9.036494737223014	1.1026352371917444e-8	2.3601095085733617
9.120108393559097	1.0696967942880558e-8	2.3412631692347667
9.204495717531712	1.0378270688186004e-8	2.3224803893706834
9.289663867799362	1.0069894178020441e-8	2.3037611712760224
9.375620069258803	9.7714849901429e-9	2.285105554506673
9.462371613657929	9.482702236967424e-9	2.2665136151091887
9.549925860214358	9.203217110074222e-9	2.2479854648113435
9.638290236239705	8.93271244145976e-9	2.2295212501684425
9.727472237769652	8.670882280847112e-9	2.2111211516578395
9.817479430199844	8.417431488381405e-9	2.192785382710416
9.908319448927676	8.172075342020884e-9	2.1745141886618082
10.	7.93453915889681e-9	2.1563078455965
10.092528860766844	7.704557929833068e-9	2.138166659041937
10.18591388054117	7.481875966050368e-9	2.1200909624423283
10.280162981264736	7.266246556752816e-9	2.102081115293524
10.375284158180126	7.057431635638835e-9	2.084137500732147
10.471285480508996	6.855201452999234e-9	2.0662605222050967
10.568175092136585	6.659334247002634e-9	2.0484505985169124
10.665961212302578	6.4696159004124564e-9	2.030708155883429
10.76465213629835	6.285839549465483e-9	2.0130336142424072
10.864256236170656	6.10780505271242e-9	1.9954273624782537
10.964781961431852	5.935318015328969e-9	1.9778897157261937
11.066237839776663	5.768187075184933e-9	1.9604208969081354
11.168632477805613	5.606211067747984e-9	1.9430221759456896
11.271974561755105	5.449001928024871e-9	1.9257752468476643
11.37627285823431	5.297770798182667e-9	1.9086836834605714
11.481536214968829	5.150157913904806e-9	1.8913324023674607
11.587773561551263	5.007270310423119e-9	1.874202019137375
11.694993910198711	4.868794588029489e-9	1.8571596586679457
11.803206356517286	4.734566504458347e-9	1.8401957141628797
11.912420080273739	4.604440911563454e-9	1.8233084704239368
12.022644346174118	4.478280813285706e-9	1.806497787987516
12.133888504649763	4.355954993134408e-9	1.7897640127798176
12.246161992650476	4.237337193494533e-9	1.7731076829952805
12.359474334445094	4.122305712654652e-9	1.7565294272412846
12.47383514242942	4.0107431459541905e-9	1.7400299223425226
12.589254117941662	3.902536186949399e-9	1.7236098733354561
12.705741052085406	3.797575458014889e-9	1.7072700028421868
12.823305826560205	3.6957553577518936e-9	1.6910110448172182
12.941958414499851	3.59697391941968e-9	1.6748337404990492
13.061708881318404	3.501132677492988e-9	1.658738835548115
13.182567385564061	3.4081365407669876e-9	1.6427270778598535
13.304544179780901	3.3178936710772013e-9	1.6267992157818734
13.427649611378628	3.2303153670369496e-9	1.6109559965848363
13.551894123510351	3.145315952378256e-9	1.5951981651003186
13.67728825595848	3.0628126685879376e-9	1.5795264624740333
13.803842646028839	2.982725571594133e-9	1.563941625002841
13.931568029453022	2.9049774322988805e-9	1.54844438303588
14.060475241299129	2.829493640779204e-9	1.5330354599272793
14.190575216890911	2.756202113997655e-9	1.5177155710324903
14.321878992735424	2.6850332068772764e-9	1.5024854227430653
14.454397707459265	2.61591962660611e-9	1.4873457115565916
14.588142602753473	2.5487963500450236e-9	1.472297123179708
14.723125024327178	2.4836005441196323e-9	1.4573403316629123
14.859356422870059	2.420271489082988e-9	1.4424759985664284
14.996848355023726	2.358750504541235e-9	1.4277047721567695
15.135612484362072	2.2989808781390484e-9	1.4130272866338296
15.275660582380716	2.240907796806203e-9	1.3984441613885386
15.417004529495584	2.1844782804706187e-9	1.38395600029119
15.559656316050734	2.129641118147046e-9	1.3695633910105836
15.703628043335515	2.076346806314173e-9	1.3552669043641936
15.848931924611126	2.0245474894962948e-9	1.3410670936995466
15.995580286146678	1.9741969029689277e-9	1.326964494306971
16.143585568264854	1.9252503175108054e-9	1.3129596228638978
16.292960326397214	1.87766448612766e-9	1.2990529769108186
16.443717232149307	1.8313975926759766e-9	1.2852450343589872
16.595869074375596	1.7864092023175843e-9	1.2715362530299137
16.749428760264365	1.7426602137385875e-9	1.2579270702266476
16.90440931643263	1.7001128130685091e-9	1.2444179023368058
17.060823890031227	1.6587304294380296e-9	1.23100914446723
17.21868574986006	1.6184776921158739e-9	1.2177011701101714
17.378008287493746	1.5793203891676542e-9	1.204494330840762
17.5388050184176	1.5412254275815733e-9	1.1913889560455735
17.701089583174202	1.5041607948079186e-9	1.178385352681954
17.864875748520497	1.4680955216612422e-9	1.1654838050678218
18.03017740859568	1.4329996465359798e-9	1.1526845747015388
18.197008586099827	1.3988441808880972e-9	1.139987900111439
18.365383433483455	1.365601075937074e-9	1.1273939967345579
18.535316234148105	1.3332431905441971e-9	1.1149030568240579
18.706821403657997	1.3017442602248025e-9	1.102515249384813
18.879913490962927	1.271078867253574e-9	1.0902307201365795
19.054607179632463	1.2412224118235815e-9	1.078049591504143
19.230917289101576	1.212151084221121e-9	1.065971962633797
19.408858775927772	1.1838418379798502e-9	1.053997909435495
19.58844673505989	1.1562723639789914e-9	1.042127484649964
19.769696401118598	1.129421065451728e-9	1.030360717940069
19.952623149688787	1.1032670338710806e-9	1.018697616005671
20.137242498623873	1.0777900256818196e-9	1.0071381627212213
20.32357010936221	1.0529704398480362e-9	0.9956823192952944
20.511621788255646	1.0287892961871671e-9	0.9843300244512697
20.701413487910415	1.0052282144622952e-9	0.9730811946283255
20.892961308540386	9.822693942055764e-10	0.9619357242019354
21.086281499332888	9.598955952466327e-10	0.9508934857230064
21.28139045982711	9.380901189207292e-10	0.9399543301748179
21.47830474130533	9.168367899323933e-10	0.9291180872469064
21.67704104819694	8.961199388511185e-10	0.9183845656250181
21.87761623949552	8.759243852165547e-10	0.9077535532962892
22.080047330188993	8.562354212314559e-10	0.8972248178687555
22.28435149270303	8.370387960214241e-10	0.8867981069043466
22.490546058357804	8.183207004412662e-10	0.8764731482644869
22.698648518838212	8.000677524084782e-10	0.8662496504674412
22.908676527677724	7.822669827451107e-10	0.8561273030565417
23.12064790175594	7.649058215099319e-10	0.84610577697845
23.33458062281002	7.479720848034556e-10	0.8361847249705878
23.55049283896009	7.314539620290391e-10	0.8263637819569092
23.76840286624876	7.153400035938577e-10	0.816642565451169
23.9883291901949	6.996191090341539e-10	0.8070206759668643
24.210290467361776	6.842805155497112e-10	0.7974976974330251
24.434305526939713	6.693137869330526e-10	0.7880731976150457
24.660393372343385	6.547088028793979e-10	0.778746728539757
24.888573182823905	6.40455748663885e-10	0.76951782692394
25.118864315095795	6.265451051730893e-10	0.7603860146054984
25.351286304979073	6.129676392783005e-10	0.7513507989765082
25.58585886905645	5.997143945385047e-10	0.7424116734173768
25.82260190634596	5.867766822214238e-10	0.7335681177313359
26.06153549998895	5.741460726314006e-10	0.7248195985785137
26.302679918953814	5.618143867333178e-10	0.716165569908811
26.54605561975539	5.497736880621235e-10	0.7076054733928326
26.791683248190314	5.380162749079129e-10	0.6991387388500895
27.039583641088434	5.265346727668822e-10	0.690764784673708
27.289777828080403	5.153216270488068e-10	0.6824830182508556
27.542287033381662	5.043700960320471e-10	0.674292836378068
27.797132677592884	4.93673244057391e-10	0.6661936256706744
28.05433637951713	4.832244349523708e-10	0.6581847629654337
28.31391995799379	4.730172256779804e-10	0.6502656157155092
28.575905433749465	4.63045360190017e-10	0.6424355423768286
28.84031503126606	4.533027635075406e-10	0.6346938927848259
29.10717118066605	4.4378353598122824e-10	0.6270400085204949
29.376496519615305	4.3448194775464783e-10	0.619473223264579
29.648313895243422	4.2539243341173155e-10	0.6119928631386348
29.92264636608189	4.1650958680397333e-10	0.6045982470315502
30.19951720402016	4.078281560511039e-10	0.5972886869099575
30.4789498962798	3.9934303870922714e-10	0.5900634881107825
30.76096814740705	3.910492771006105e-10	0.5829219496139275
31.045595881283525	3.829420537995545e-10	0.5758633642928321
31.332857243155825	3.7501668726893365e-10	0.568887019140276
31.62277660168376	3.672686276422384e-10	0.5619921954664189
31.91537855100758	3.596934526461094e-10	0.5551781690655454
32.21068791283432	3.5228686365855595e-10	0.5484442103473959
32.50872973854341	3.450446818982231e-10	0.5417895844282251
32.80952931131187	3.379628447402526e-10	0.5352135511758357
33.11311214825908	3.310374021544497e-10	0.5287153652017405
33.41950400261139	3.2426451326163897e-10	0.5222942757922706
33.72873086588685	3.1764044300425065e-10	0.5159495267687804
34.040818970100055	3.1116155892735247e-10	0.5096803562650696
34.35579478998743	3.0482432806648785e-10	0.5034859964075961
34.67368504525313	2.9862531393885874e-10	0.49736567288089106
34.994516702835696	2.9256117363453975e-10	0.4913186043566211
35.318316979195664	2.866286550045866e-10	0.4853440017597469
35.64511334262439	2.8082459394306456e-10	0.47944106733890374
35.9749335155742	2.7514591176020664e-10	0.4736089935000835
36.3078054770101	2.6958961264410027e-10	0.4678469613523859
36.64375746478329	2.6415278120850285e-10	0.4621541389013209
36.98281797802659	2.5883258012462416e-10	0.45652967880793066
37.32501577957203	2.536262478349573e-10	0.45097271560947516
37.670379898390856	2.4853109634755015e-10	0.4454823622678517
38.01893963205609	2.435445091094466e-10	0.4400577058726362
38.370724549227845	2.38663938958457e-10	0.4346978022731881
38.72576449216169	2.3388690615292493e-10	0.4294016693434832
39.08408957924017	2.292109964798097e-10	0.4241682784870302
39.44573020752781	2.2463385944221372e-10	0.4189965438568359
39.81071705534969	2.2015320652854777e-10	0.41388530858147654
40.17908108489396	2.1576680956690338e-10	0.40883332702998854
40.55085354483835	2.114724991700297e-10	0.4038392417809644
40.92606597300105	2.072681632787501e-10	0.39890155343221345
41.304750199016105	2.0315174581494675e-10	0.3940185806147157
41.68693834703351	1.991212454596786e-10	0.38918840642923225
42.07266283844438	1.9517471457801104e-10	0.38440880579817105
42.46195639463126	1.9131025832014463e-10	0.37967714557895343
42.85485203974392	1.8752603393878333e-10	0.37499024514853413
43.251383103500835	1.838202503748654e-10	0.37034417856616836
43.65158322401656	1.8019116817438382e-10	0.3657339886390304
44.0554863506553	1.7663709979449215e-10	0.3611532651605219
44.46312674691084	1.731564102890416e-10	0.3565935085253356
44.87453899331318	1.6974751805392888e-10	0.35204314490888383
45.28975799036204	1.6640889403123932e-10	0.34748595906876445
45.708818961487474	1.631390519051306e-10	0.3428985269278912
46.13175745603791	1.5993648668631723e-10	0.3382459389604086
46.55860935229586	1.5679913469009595e-10	0.3334761665158464
46.98941086052151	1.5376889903278013e-10	0.3295720488838558
47.42419852602443	1.5072789883177105e-10	0.32315176523960376
47.8630092322638	1.4778411901721592e-10	0.3171515477014798
48.30588020397723	1.4490490294673536e-10	0.3099367835905645
48.7528490103386	1.4209053935182479e-10	0.30023492632944404
49.20395356814506	1.3934299153237394e-10	0.28481820878894143
49.65923214503358	1.3666245530741643e-10	0.254187464717338
50.118723362727195	1.3400599939995745e-10	0.18157896356920966
50.58246620031137	1.3113695494620827e-10	0.10412037174084847
51.0504999975406	1.2838026247349577e-10	0.18937850834731554
51.52286445817562	1.2590208336798925e-10	0.24642523591391158
51.99959965335157	1.234851495002847e-10	0.2662832472304911
52.48074602497723	1.2110375466605489e-10	0.2730772009954626
52.966344389165755	1.1876043177999488e-10	0.27488781172278315
53.45643593969714	1.1645775577716962e-10	0.27449627530045584
53.95106225151273	1.141969239187434e-10	0.2730132480096503
54.450265284242086	1.1197826504440981e-10	0.2709431390718831
54.95408738576243	1.098016246305383e-10	0.26853938445079034
55.462571295791044	1.0766657925590613e-10	0.2659398167371152
55.97576014951099	1.0557255346537545e-10	0.26322426490648104
56.49369748123023	1.0351888511242569e-10	0.2604413679029135
57.01642722807472	1.0150486319171976e-10	0.2576220105280253
57.543993733715666	9.952975050003005e-11	0.2547864800038685
58.07644175213118	9.759279762185239e-11	0.2519484787209525
58.61381645140285	9.569325177805093e-11	0.24911747473493775
59.15616341754737	9.38303625334064e-11	0.24630013136759213
59.70352865838366	9.200338552699634e-11	0.24350120561476385
60.255958607435744	9.021158492535946e-11	0.24072412916616795
60.81350012787176	8.845423503131145e-11	0.23797139381554447
61.37620051647939	8.673062132298318e-11	0.23524481295576777
61.94410750767812	8.504004110126584e-11	0.23254570262709298
62.51726927756855	8.338180386370371e-11	0.22987500917579892
63.0957344480193	8.175523148448718e-11	0.22723340076895868
63.67955209079155	8.015965825518281e-11	0.22462133399551634
64.26877173170195	7.859443082422362e-11	0.22203910301052265
64.86344335482381	7.705890806194694e-11	0.2194868762628169
65.46361740672747	7.555246087024405e-11	0.21696472426912816
66.06934480075958	7.407447195049136e-11	0.21447264084993065
66.68067692136219	7.262433553960316e-11	0.21201055953531997
67.29766562843174	7.120145712129064e-11	0.20957836636483632
67.92036326171844	6.98052531175927e-11	0.20717590996882226
68.54882264526613	6.843515056424258e-11	0.2048030095823693
69.18309709189363	6.709058677229263e-11	0.20245946147457847
69.82324040771712	6.577100897753945e-11	0.20014504415480078
70.46930689671467	6.447587397858326e-11	0.19785952262955145
71.12135136533288	6.320464776378369e-11	0.19560265191931184
71.77942912713615	6.19568051268795e-11	0.19337417999678255
72.44359600749898	6.073182927060888e-11	0.19117385027269
73.11390834834172	5.952921139726399e-11	0.18900140372872415
73.79042301291008	5.834845028472953e-11	0.1868565807772831
74.47319739059888	5.7189051846164614e-11	0.18473912291274272
75.16228940182053	5.605052867108601e-11	0.1826487742077932
75.85775750291836	5.493239954517723e-11	0.1805852827001083
76.55966069112561	5.3834188945670536e-11	0.178548401708627
77.26805850957021	5.275542650861776e-11	0.17653789111459883
77.98301105232578	5.1695646463757596e-11	0.17455351863995106
78.70457896950977	5.065438703198924e-11	0.1725950611542966
79.43282347242805	4.963118977965253e-11	0.17066230604188834
80.16780633876782	4.8625598922864636e-11	0.16875505266099272
80.90958991783813	4.763716057404789e-11	0.16687311393054816
81.65823713585914	4.666542192146341e-11	0.16501631808265674
82.41381150130013	4.5709930330993015e-11	0.16318451062461606
83.176377110267	4.477023235753588e-11	0.16137755656107328
83.94599865193965	4.384587265113762e-11	0.1595953429358112
84.72274141405954	4.2936392740256e-11	0.15783778176415067
85.50667128846823	4.204132967128843e-11	0.1561048134415726
86.29785477669692	4.1160214479499506e-11	0.15439641073280383
87.09635899560797	4.0292570461620834e-11	0.15271258346935432
87.90225168308834	3.9437911214427966e-11	0.15105338411385724
88.71560120379598	3.859573839624549e-11	0.14941891438853214
89.53647655495928	3.776553915922587e-11	0.1478093332153608
90.36494737223005	3.69467831889082e-11	0.14622486628078887
91.20108393559087	3.613891927337216e-11	0.14466581762294148
92.04495717531702	3.534137130643103e-11	0.14313258375134663
92.89663867799354	3.4553533606671364e-11	0.141625670957577
93.75620069258792	3.3774765405285504e-11	0.14014571667348244
94.6237161365792	3.3004384318597285e-11	0.13869351600083396
95.4992586021435	3.2241658573288985e-11	0.1372700548995424
96.38290236239695	3.1485797689947985e-11	0.13587655202069732
97.2747223776964	3.07359412486255e-11	0.13451451186351837
98.17479430199833	2.999114525158565e-11	0.1331857929081671
99.08319448927665	2.925036545338711e-11	0.13189269575917437
99.9999999999999	2.8512436832680996e-11	0.1306380783258174