0.01000000000000001	0.0026184808784544345	-1.1459697043770316
0.010092528860766855	0.002618506050548384	-1.1459807370693087
0.01018591388054118	0.002618531691486492	-1.145991975513722
0.010280162981264745	0.00261855781001873	-1.1460034235604903
0.010375284158180138	0.0026185844150558766	-1.1460150851309905
0.010471285480509006	0.002618611515677036	-1.1460269642211065
0.010568175092136596	0.0026186391211330657	-1.1460390649027412
0.01066596121230259	0.0026186672408514133	-1.146051391325985
0.010764652136298361	0.002618695884421818	-1.1460639477128725
0.010864256236170667	0.0026187250616337586	-1.1460767383738444
0.010964781961431863	0.0026187547824440974	-1.146089767693566
0.011066237839776675	0.0026187850570045202	-1.1461030401430572
0.011168632477805623	0.0026188158956525816	-1.1461165602757224
0.011271974561755117	0.0026188473089268477	-1.1461303327340933
0.011376272858234322	0.0026188793075580916	-1.1461443622459868
0.01148153621496884	0.0026189119024758586	-1.146158653627438
0.011587773561551273	0.0026189451048214143	-1.1461732117883976
0.011694993910198724	0.002618978925938145	-1.1461880417286072
0.01180320635651731	0.0026190133773923334	-1.1462031485467181
0.011912420080273762	0.002619048470955371	-1.1462185374325713
0.012022644346174144	0.002619084218628637	-1.1462342136781547
0.012133888504649786	0.0026191206326370425	-1.1462501826748117
0.012246161992650502	0.002619157725429844	-1.1462664499136863
0.01235947433444512	0.0026191955096962058	-1.1462830209925698
0.012473835142429446	0.002619233998365661	-1.146299901616196
0.012589254117941687	0.0026192732046012228	-1.1463170975932675
0.012705741052085433	0.0026193131418215474	-1.1463346148462596
0.012823305826560232	0.0026193538236939876	-1.1463524594084318
0.01294195841449987	0.0026193952641488647	-1.1463706374301426
0.013061708881318424	0.0026194374773694674	-1.1463891551745948
0.013182567385564082	0.002619480477808148	-1.1464080190249215
0.01330454417978092	0.0026195242801967124	-1.1464272354888323
0.013427649611378649	0.002619568899535902	-1.1464468111941264
0.01355189412351037	0.002619614351113552	-1.1464667528967067
0.013677288255958502	0.002619660650503016	-1.1464870674800018
0.013803842646028859	0.002619707813572388	-1.1465077619590944
0.013931568029453043	0.002619755856490933	-1.1465288434836522
0.01406047524129915	0.0026198047957230004	-1.1465503193353885
0.014190575216890933	0.002619854648056616	-1.1465721969406582
0.014321878992735446	0.0026199054305880904	-1.1465944838638784
0.014454397707459286	0.0026199571607394582	-1.1466171878152691
0.014588142602753497	0.002620009856256433	-1.1466403166500803
0.014723125024327202	0.002620063535229644	-1.1466638783780463
0.014859356422870082	0.0026201182160784926	-1.1466878811564478
0.014996848355023748	0.002620173917578494	-1.146712333302236
0.015135612484362095	0.0026202306588625243	-1.1467372432927267
0.015275660582380739	0.0026202884594142208	-1.1467626197628535
0.015417004529495607	0.0026203473390952166	-1.1467884715173084
0.015559656316050758	0.0026204073181405538	-1.14681480752866
0.01570362804333554	0.002620468417161525	-1.1468416369387773
0.015848931924611148	0.0026205306571664144	-1.14686896906815
0.015995580286146702	0.002620594059559001	-1.1468968134153696
0.016143585568264878	0.002620658646148848	-1.14692517966186
0.016292960326397238	0.002620724439156695	-1.1469540776744758
0.01644371723214933	0.00262079146122575	-1.1469835175106342
0.016595869074375623	0.0026208597354293044	-1.1470135094218903
0.01674942876026439	0.002620929285272122	-1.1470440638548054
0.016904409316432657	0.0026210001347143465	-1.147075191461624
0.017060823890031253	0.002621072308160336	-1.1471069030956937
0.017218685749860088	0.0026211458304878322	-1.1471392098244768
0.017378008287493772	0.00262122072703694	-1.1471721229250167
0.01753880501841763	0.0026212970236332168	-1.1472056538943425
0.01770108958317423	0.0026213747465950823	-1.1472398144530458
0.017864875748520526	0.0026214539227378234	-1.1472746165473031
0.018030177408595707	0.002621534579391175	-1.1473100723569576
0.018197008586099853	0.002621616744398162	-1.1473461942953462
0.018365383433483484	0.0026217004461358165	-1.147382995018715
0.018535316234148135	0.002621785713518544	-1.1474204874281155
0.018706821403658026	0.002621872576017598	-1.1474586846782664
0.018879913490962956	0.002621961063659905	-1.1474976001775146
0.019054607179632494	0.002622051207046355	-1.1475372475962244
0.019230917289101597	0.002622143037360422	-1.1475776408710383
0.019408858775927792	0.00262223658638113	-1.147618794210973
0.01958844673505991	0.002622331886498942	-1.1476607221049262
0.01976969640111862	0.002622428970712427	-1.1477034393206815
0.01995262314968881	0.002622527872664356	-1.147746960921245
0.020137242498623895	0.002622628626625281	-1.147791302258225
0.02032357010936223	0.002622731267537597	-1.1478364789916995
0.020511621788255666	0.002622835830997469	-1.1478825070828744
0.020701413487910436	0.0026229423532931583	-1.1479294028115468
0.02089296130854041	0.0026230508714013604	-1.1479771827750929
0.02108628149933291	0.0026231614230156565	-1.1480258639016565
0.021281390459827135	0.002623274046539824	-1.1480754634479096
0.021478304741305354	0.002623388781131518	-1.148125999018927
0.02167704104819696	0.00262350566668383	-1.1481774885608584
0.02187761623949554	0.0026236247438656646	-1.1482299503794757
0.022080047330189013	0.0026237460541307105	-1.1482834031448912
0.022284351492703053	0.0026238696397179093	-1.1483378658926542
0.022490546058357826	0.0026239955436900765	-1.1483933580416006
0.022698648518838235	0.0026241238099366138	-1.1484498993959698
0.022908676527677748	0.0026242544831902976	-1.1485075101537574
0.023120647901755963	0.002624387609052496	-1.1485662109188424
0.023334580622810044	0.0026245232339966906	-1.1486260227035574
0.023550492838960112	0.0026246614054003716	-1.1486869669438384
0.023768402866248782	0.0026248021715515792	-1.1487490655032322
0.02398832919019492	0.0026249455816810307	-1.148812340688263
0.0242102904673618	0.0026250916859601996	-1.1488768152488038
0.02443430552693974	0.002625240535542207	-1.1489425123974162
0.024660393372343412	0.002625392182568593	-1.1490094558136466
0.02488857318282393	0.002625546680188909	-1.1490776696541358
0.025118864315095822	0.0026257040825905338	-1.1491471785671816
0.025351286304979098	0.002625864445009348	-1.1492180076990213
0.02558585886905648	0.0026260278237551856	-1.1492901827066557
0.025822601906345985	0.0026261942762386336	-1.1493637297713257
0.026061535499988978	0.002626363860982985	-1.1494386756055979
0.026302679918953843	0.0026265366376557737	-1.1495150474690485
0.026546055619755416	0.0026267126670871397	-1.1495928731783172
0.026791683248190343	0.0026268920112935993	-1.149672181119612
0.027039583641088463	0.0026270747335087495	-1.149753000264297
0.027289777828080432	0.002627260898200772	-1.1498353601788638
0.02754228703338169	0.002627450571096089	-1.1499192910376512
0.02779713267759291	0.002627643819216901	-1.150004823641774
0.02805433637951716	0.002627840710896159	-1.1500919894282635
0.028313919957993816	0.0026280413158095085	-1.1501808204867774
0.028575905433749497	0.0026282457050011703	-1.150271349573733
0.028840315031266085	0.0026284539509154985	-1.150363610129171
0.02910717118066608	0.0026286661274227603	-1.150457636291054
0.029376496519615335	0.002628882309853701	-1.1505534629137044
0.029648313895243455	0.0026291025750167303	-1.150651125578654
0.02992264636608192	0.0026293270012523163	-1.1507506606220832
0.030199517204020192	0.0026295556684389197	-1.150852105141028
0.03047894989627986	0.002629788658042198	-1.150955497018887
0.03076096814740711	0.0026300260531425673	-1.1510608749414686
0.031045595881283587	0.0026302679384718067	-1.1511682784173123
0.03133285724315589	0.002630514400445623	-1.1512777477963407
0.031622776601683826	0.002630765527195966	-1.1513893242886508
0.03191537855100765	0.0026310214086183517	-1.1515030499901069
0.03221068791283438	0.002631282136394297	-1.151618967897199
0.03250872973854347	0.0026315478040410405	-1.1517371219341581
0.03280952931131194	0.0026318185069501387	-1.1518575569754244
0.03311311214825915	0.0026320943424138713	-1.151980318862937
0.03341950400261146	0.002632375409689734	-1.1521054544406093
0.03372873086588692	0.0026326618100134805	-1.152233011566232
0.034040818970100126	0.0026329536466743494	-1.1523630391512656
0.0343557947899875	0.0026332510250287595	-1.15249558717366
0.0346736850452532	0.0026335540525639117	-1.152630706713116
0.034994516702835765	0.002633862838940924	-1.1527684499776025
0.035318316979195734	0.002634177496037368	-1.152908870329983
0.03564511334262446	0.0026344981379972858	-1.153052022318338
0.03597493351557427	0.0026348248812827465	-1.1531979617073105
0.03630780547701017	0.002635157844725853	-1.1533467455101318
0.03664375746478335	0.0026354971495727926	-1.1534984320175192
0.03698281797802665	0.002635842919551918	-1.1536530808376606
0.037325015779572084	0.0026361952809100067	-1.1538107529226105
0.037670379898390914	0.002636554362482923	-1.1539715106104307
0.038018939632056145	0.0026369202957493456	-1.1541354176603082
0.0383707245492279	0.0026372932148835417	-1.1543025392878743
0.038725764492161745	0.0026376732568269656	-1.1544729422093898
0.03908408957924023	0.002638060561336873	-1.1546466946763796
0.03944573020752787	0.0026384552710628866	-1.1548238665233117
0.039810717055349755	0.002638857531606142	-1.1550045292082258
0.04017908108489402	0.0026392674915838824	-1.1551887558564595
0.040550853544838415	0.0026396853026964826	-1.1553766213062047
0.040926065973001115	0.0026401111198148318	-1.1555682021640006
0.041304750199016166	0.002640545101025598	-1.1557635768421317
0.04168693834703357	0.0026409874077318873	-1.1559628256217414
0.04207266283844444	0.0026414382047104095	-1.1561660306973438
0.04246195639463132	0.002641897660195958	-1.1563732762345587
0.042854852039743985	0.0026423659459696817	-1.1565846484305122
0.04325138310350091	0.0026428432374245637	-1.1568002355651237
0.04365158322401663	0.002643329713672355	-1.1570201280720886
0.044055486350655364	0.002643825557604651	-1.1572444185904327
0.04446312674691091	0.002644330956009629	-1.1574732020423093
0.04487453899331325	0.002644846099638543	-1.1577065756895917
0.04528975799036211	0.002645371183319077	-1.1579446392127937
0.04570881896148754	0.002645906406046259	-1.1581874947814128
0.04613175745603798	0.002646451971079662	-1.158435247128647
0.04655860935229591	0.0026470080860423084	-1.1586880036284364
0.04698941086052156	0.002647574963042761	-1.1589458743846714
0.04742419852602448	0.0026481528187656312	-1.159208972307959
0.04786300923226385	0.0026487418745905033	-1.1594774132070889
0.04830588020397728	0.002649342356710465	-1.1597513158823305
0.04875284901033865	0.0026499544962477776	-1.1600308022194898
0.04920395356814511	0.002650578529365559	-1.1603159972844375
0.04965923214503363	0.002651214697411156	-1.160607029434291
0.05011872336272725	0.0026518632470305882	-1.1609040304179716
0.05058246620031143	0.00265252443031263	-1.1612071354927584
0.051050499997540646	0.0026531985049138202	-1.161516483535076
0.05152286445817567	0.002653885734206866	-1.1618322171646311
0.05199959965335162	0.0026545863874251727	-1.1621544828700276
0.052480746024977286	0.002655300739810227	-1.1624834311388372
0.05296634438916581	0.002656029072770113	-1.1628192165961877
0.05345643593969719	0.002656771674032796	-1.163161998144651
0.05395106225151279	0.0026575288378072673	-1.1635119391114963
0.05445026528424214	0.0026583008649705437	-1.1638692074118204
0.05495408738576248	0.0026590880632146037	-1.1642339756977291
0.0554625712957911	0.0026598907472539157	-1.164606421539721
0.05597576014951104	0.0026607092389921683	-1.1649867275942516
0.05649369748123028	0.0026615438677119337	-1.165375081786849
0.05701642722807478	0.0026623949702927457	-1.1657716775137583
0.05754399373371572	0.002663262891395332	-1.1661767138337216
0.05807644175213124	0.0026641479836818456	-1.1665903956823667
0.05861381645140291	0.002665050608031669	-1.1670129340909978
0.05915616341754743	0.0026659711337658786	-1.1674445464162135
0.05970352865838372	0.0026669099388775533	-1.1678854565794037
0.06025595860743581	0.002667867410277796	-1.168335895321235
0.060813500127871824	0.002668843944041682	-1.168796100464202
0.061376200516479455	0.0026698399456662634	-1.1692663171894235
0.06194410750767818	0.0026708558303318855	-1.1697467983241054
0.06251726927756862	0.002671892023182765	-1.1702378046476962
0.06309573444801936	0.0026729489596092827	-1.1707396052092307
0.06367955209079162	0.0026740270855474565	-1.171252477663621
0.064268771731702	0.0026751268577724007	-1.1717767086168136
0.06486344335482389	0.002676248744232933	-1.1723125940026164
0.06546361740672754	0.0026773932243610563	-1.1728604394610127
0.06606934480075964	0.002678560789423895	-1.173420560750278
0.06668067692136226	0.0026797519428717375	-1.1739932841724912
0.06729766562843183	0.0026809672006988822	-1.1745789470205847
0.0679203632617185	0.0026822070918318826	-1.1751778980557213
0.0685488226452662	0.002683472158512781	-1.1757904980000031
0.0691830970918937	0.002684762956716494	-1.1764171200647222
0.06982324040771719	0.002686080056559808	-1.1770581504950786
0.07046930689671474	0.002687424042759184	-1.1777139891600352
0.07112135136533296	0.002688795515072179	-1.1783850501576585
0.07177942912713622	0.002690195088776958	-1.1790717624633658
0.07244359600749906	0.0026916233951733643	-1.1797745706153633
0.0731139083483418	0.0026930810820832603	-1.1804939354277502
0.07379042301291015	0.0026945688143926922	-1.1812303347543
0.07447319739059896	0.002696087274598432	-1.1819842642865066
0.07516228940182061	0.002697637163399581	-1.182756238408068
0.07585775750291844	0.002699219200281208	-1.1835467910826483
0.07655966069112569	0.0027008341241560978	-1.1843564768092996
0.07726805850957029	0.0027024826940096696	-1.1851858716218044
0.07798301105232593	0.002704165689572662	-1.1860355741469608
0.07870457896950993	0.002705883912058663	-1.1869062067434653
0.07943282347242822	0.002707638184867056	-1.1877984166754236
0.08016780633876798	0.002709429354378869	-1.1887128773879962
0.0809095899178383	0.002711258290761772	-1.189650289847017
0.0816582371358593	0.002713125888789433	-1.190611383950215
0.0824138115013003	0.0027150330687577997	-1.1915969200557766
0.08317637711026717	0.0027169807773681333	-1.1926076905680443
0.08394599865193982	0.0027189699887023968	-1.1936445216494405
0.08472274141405972	0.0027210017052348425	-1.194708275036071
0.08550667128846841	0.0027230769588718383	-1.195799849959559
0.0862978547766971	0.0027251968120543986	-1.1969201851998856
0.08709635899560814	0.002727362358916818	-1.1980702612732943
0.08790225168308852	0.0027295747264851344	-1.1992511027555113
0.08871560120379617	0.0027318350759499874	-1.2004637807668204
0.08953647655495947	0.002734144603992321	-1.201709415617887
0.09036494737223023	0.002736504544173991	-1.2029891796334804
0.09120108393559107	0.0027389161683983136	-1.2043043001675884
0.09204495717531722	0.0027413807884586676	-1.2056560628326924
0.09289663867799372	0.0027438997576357017	-1.2070458149361334
0.09375620069258811	0.002746474472395175	-1.2084749691655121
0.09462371613657934	0.002749106374190824	-1.2099450075419944
0.09549925860214364	0.0027517969513176457	-1.2114574856310305
0.0963829023623971	0.0027545477409028616	-1.213014037074596
0.09727472237769656	0.0027573603309886284	-1.214616378443738
0.09817479430199849	0.0027602363627225617	-1.2162663144416637
0.09908319448927681	0.0027631775326857127	-1.2179657434995423
0.10000000000000005	0.0027661855953125328	-1.2197166637675867
0.10092528860766849	0.00276926236550544	-1.2215211795882044
0.10185913880541175	0.002772409721323631	-1.2233815084183823
0.10280162981264741	0.0027756296069027277	-1.225299988324234
0.10375284158180131	0.0027789240354756228	-1.2272790860154426
0.10471285480509002	0.002782295092623021	-1.2293214055368835
0.1056817509213659	0.0027857449396713396	-1.231429697617414
0.10665961212302584	0.0027892758173345563	-1.2336068697860008
0.10764652136298355	0.0027928900495493665	-1.235855997284367
0.10864256236170661	0.0027965900475529337	-1.2381803348680231
0.10964781961431856	0.002800378314227331	-1.2405833295835866
0.1106623783977667	0.002804257448693188	-1.2430686345890583
0.11168632477805618	0.0028082301512139616	-1.2456401241416437
0.1127197456175511	0.0028122992283972996	-1.2483019098414017
0.11376272858234315	0.00281646759877566	-1.2510583582864154
0.11481536214968835	0.0028207382987010853	-1.2539141102206552
0.11587773561551268	0.0028251144886731736	-1.2568741013757492
0.11694993910198717	0.0028295994600782545	-1.2599435851431662
0.11803206356517304	0.0028341966423976956	-1.2631281572706774
0.11912420080273756	0.002838909610928203	-1.266433782798006
0.12022644346174137	0.002843742095009358	-1.2698668254228378
0.1213388850464978	0.0028486979868800498	-1.2734340796065646
0.12246161992650495	0.002853781351148447	-1.2771428056585092
0.12359474334445113	0.002858996434983991	-1.2810007681528597
0.12473835142429439	0.0028643476790085306	-1.2850162779756988
0.1258925411794168	0.002869839729097411	-1.289198238501423
0.12705741052085426	0.0028754774489896853	-1.2935561962240054
0.12823305826560225	0.002881265933949351	-1.2981003964535205
0.1294195841449987	0.0028872105254479814	-1.3028418445682448
0.13061708881318423	0.002893316827052521	-1.307792373505694
0.1318256738556408	0.0028995907215735345	-1.3129647181826525
0.13304544179780922	0.0029060383896367063	-1.3183725976756777
0.13427649611378642	0.0029126663298002574	-1.3240308060783301
0.13551894123510363	0.002919481380360997	-1.3299553130620079
0.13677288255958495	0.0029264907430458322	-1.3361633753455269
0.13803842646028852	0.0029337020087644235	-1.342673660407105
0.13931568029453034	0.0029411231856222115	-1.349506383958226
0.14060475241299142	0.002948762729483857	-1.356683462963777
0.14190575216890927	0.0029566295773119223	-1.36422868617603
0.1432187899273544	0.002964733183578514	-1.3721679044649278
0.1445439770745928	0.0029730835601586743	-1.380529243613409
0.1458814260275349	0.002981691319972094	-1.3893433425168393
0.14723125024327194	0.0029905677249671848	-1.3986436203720454
0.14859356422870074	0.0029997247387773544	-1.408466576745574
0.1499684835502374	0.0030091750847188172	-1.4188521292357312
0.15135612484362088	0.0030189323097286583	-1.4298439940859424
0.15275660582380732	0.003029010854954298	-1.4414901159581204
0.154170045294956	0.003039426133835317	-1.453843154188713
0.1555965631605075	0.003050194618602251	-1.4669610339243115
0.15703628043335532	0.0030613339362929193	-1.4809075721447398
0.15848931924611143	0.0030728629754849393	-1.4957531901108032
0.15995580286146696	0.00308480200521358	-1.5115757259828113
0.1614358556826487	0.0030971728076288952	-1.5284613636413193
0.1629296032639723	0.003109998826391041	-1.546505696858541
0.16443717232149324	0.0031233053328840973	-1.5658149512968669
0.16595869074375613	0.0031371196128331573	-1.5865073912431704
0.16749428760264382	0.0031514711762716165	-1.6087149431074443
0.1690440931643265	0.0031663919942440497	-1.6325850738974144
0.17060823890031243	0.0031819167662927553	-1.6582829707601494
0.17218685749860077	0.0031980832234232183	-1.6859940769254858
0.17378008287493762	0.003214932471938042	-1.7159270508255737
0.1753880501841762	0.0032325093847684044	-1.7483172298403198
0.1770108958317422	0.003250863047794013	-1.7834306972130436
0.17864875748520517	0.00327004727016996	-1.8215690730554472
0.180301774085957	0.0032901211693673743	-1.8630751776730534
0.18197008586099844	0.0033111498435092336	-1.908339749880595
0.18365383433483473	0.0033332051459932727	-1.957809446275389
0.18535316234148125	0.003356366580345268	-2.0119964027969672
0.18706821403658017	0.003380722336526106	-2.0714897094769498
0.18879913490962946	0.003406370494090342	-2.1369692391974424
0.19054607179632482	0.0034334204224110592	-2.2092223860825113
0.19230917289101596	0.0034619944141497136	-2.2891644186286015
0.19408858775927793	0.0034922295946434	-2.377863345384553
0.19588446735059908	0.0035242801579638016	-2.476570444390995
0.1976969640111862	0.0035583199893033947	-2.5867579399413136
0.19952623149688808	0.003594545742732699	-2.710165748563654
0.20137242498623895	0.003633180453427105	-2.848859800136613
0.2032357010936223	0.003674477771823656	-3.005305218692031
0.20511621788255666	0.0037187269118322333	-3.182458692859431
0.20701413487910436	0.0037662584009625247	-3.3838857761993406
0.2089296130854041	0.0038174506976554343	-3.613910762464557
0.2108628149933291	0.0038727376847126223	-3.8778093688200066
0.21281390459827135	0.003932616926319142	-4.18205796035793
0.21478304741305343	0.003997658338795128	-4.534657783263011
0.21677041048196952	0.004068512476823139	-4.94555900638798
0.2187761623949553	0.00414591680922957	-5.427217685179158
0.22080047330189004	0.004230696851836821	-5.995329284898717
0.22284351492703042	0.004323756303801602	-6.6697947486195
0.22490546058357816	0.004426045454566109	-7.475987198182493
0.22698648518838224	0.00453848845785514	-8.446392928635715
0.22908676527677735	0.004661834904554678	-9.62268324267341
0.23120647901755953	0.00479637540748787	-11.058195777202325
0.23334580622810033	0.004941419943252341	-12.820581032874642
0.23550492838960102	0.0050943809934255405	-14.99382889908498
0.23768402866248772	0.005249252615063427	-17.67771806492585
0.2398832919019491	0.005394324427330029	-20.980504987488665
0.2421029046736179	0.0055093771692231175	-24.997321982759473
0.24434305526939726	0.005563847776039467	-29.764328822342854
0.246603933723434	0.005519665746650309	-35.184732432233176
0.24888573182823917	0.005343427928195662	-40.94972024339989
0.25118864315095807	0.005026532152662563	-46.51968447676474
0.2535128630497908	0.004598754202798819	-51.230652440859274
0.25585858869056466	0.004119222642602895	-54.49469737900127
0.2582260190634597	0.0036505517238099787	-55.96770943807904
0.26061535499988964	0.0032379132772034436	-55.60164495579632
0.2630267991895383	0.0029036082041364753	-53.60569702569839
0.26546055619755404	0.0026518051321904293	-50.368881066827534
0.2679168324819033	0.0024755744606931203	-46.36571429690566
0.2703958364108845	0.0023626534072847456	-42.05642425229409
0.2728977782808042	0.002299397736864406	-37.807480843287884
0.27542287033381674	0.0022731697604430625	-33.856810214520124
0.277971326775929	0.0022734760264279674	-30.323211591218517
0.2805433637951715	0.002292222059324417	-27.239171959730527
0.28313919957993805	0.002323472680232509	-24.585955681647334
0.2857590543374948	0.0023630250930159434	-22.320305960234204
0.2884031503126607	0.0024079750407021054	-20.39109347693106
0.29107171180666064	0.00245635253204794	-18.748201648710694
0.2937649651961532	0.0025068436405896065	-17.346513214359916
0.2964831389524344	0.002558588858677007	-16.14718542493508
0.29922646366081906	0.002611041187062634	-15.117586685032881
0.30199517204020176	0.002663867877864714	-14.230663501940953
0.30478949896279844	0.0027168829777019926	-13.464132739572959
0.307609681474071	0.0027700012016114994	-12.799684586377364
0.3104559588128357	0.0028232064481264313	-12.2222719479026
0.3133285724315587	0.0028765303329802414	-11.719508061186275
0.3162277660168381	0.0029300375827681336	-11.28116965825335
0.31915378551007634	0.0029838161399982507	-10.898793380710785
0.3221068791283436	0.003037970519509315	-10.565350615215246
0.32508729738543457	0.0030926174223355595	-10.274986535519353
0.3280952931131192	0.0031478829299188076	-10.022810927924972
0.3311311214825913	0.0032039008151857136	-9.80473046261317
0.33419504002611444	0.003260811654331643	-9.61731401582603
0.3372873086588691	0.003318762522914395	-9.4576843426033
0.34040818970100106	0.0033779071298759753	-9.323430791161993
0.34355794789987465	0.0034384062916494105	-9.212538876661934
0.34673685045253166	0.0035004286830330397	-9.123333429162154
0.3499451670283573	0.00356415182669204	-9.054432736821457
0.353183169791957	0.0036297633014991124	-9.004711666826003
0.35645113342624424	0.0036974621647588514	-8.9732721833766
0.3597493351557423	0.003767460594625947	-8.959420035696494
0.36307805477010135	0.00383998576966688	-8.96264666440546
0.36643757464783333	0.003915282011757973	-8.982615602796354
0.3698281797802663	0.0039936132280796255	-9.019152833784426
0.3732501577957206	0.004075265698287381	-9.072240719053175
0.37670379898390893	0.004160551264001725	-9.142015252315149
0.38018939632056126	0.004249810991064231	-9.22876651082839
0.38370724549227886	0.00434341939040312	-9.332942293194694
0.3872576449216173	0.004441789302430074	-9.455155046264998
0.3908408957924021	0.0045453775722829	-9.596192304362342
0.39445730207527846	0.004654691672122637	-9.757030994419578
0.3981071705534973	0.004770297461103944	-9.938856113612335
0.40179081084894	0.00489282831780924	-10.143084465061298
0.40550853544838394	0.005022995934128859	-10.371394358867029
0.40926065973001097	0.0051616031285328596	-10.625762460717153
0.41304750199016144	0.005309559122723853	-10.90850932189339
0.4168693834703355	0.005467897835030047	-11.222355575148415
0.4207266283844442	0.005637799881080547	-11.570491371179557
0.424619563946313	0.0058206191459180675	-11.956662403945328
0.4285485203974396	0.0060179150099282114	-12.385276901338022
0.43251383103500884	0.006231491582429488	-12.86153933228582
0.4365158322401661	0.006463445632591145	-13.391618431082334
0.44055486350655343	0.006716225309816202	-13.982859649677877
0.4446312674691088	0.00699270221311672	-14.644055562986969
0.4487453899331323	0.007296259864698157	-15.385792428961212
0.4528975799036209	0.007630902082670253	-16.22089750791968
0.4570881896148752	0.008001384917692997	-17.16502050550211
0.46131757456037953	0.00841337526059892	-18.237394395273782
0.4655860935229591	0.008873636975436723	-19.461836733123786
0.4698941086052156	0.009390239474622501	-20.868072946561888
0.4742419852602448	0.009972769987150383	-22.493487254339247
0.47863009232263853	0.010632501277406465	-24.385430321648137
0.48305880203977286	0.011382405320894863	-26.604220949608397
0.4875284901033865	0.012236780154944057	-29.226932959613354
0.4920395356814511	0.013210018224245659	-32.35186217458644
0.49659232145033627	0.014313610070516068	-36.10300460799879
0.5011872336272725	0.015549783985577725	-40.632501300796
0.5058246620031143	0.01689941045476831	-46.11608162807161
0.5105049999754064	0.01830210362034008	-52.731482865043574
0.5152286445817567	0.019631355840465173	-60.604639354018666
0.5199959965335162	0.02068243935189938	-69.713859101613
0.5248074602497729	0.02121043669474947	-79.77987581288852
0.5296634438916581	0.0210396399868171	-90.23628057699328
0.5345643593969719	0.0201778827074752	-100.37387159397439
0.5395106225151278	0.018816666330581665	-109.59496634759239
0.5445026528424215	0.017214268547295863	-117.58055834709758
0.5495408738576248	0.015582112015163732	-124.28027059186621
0.5546257129579107	0.014046125724611265	-129.80629123081383
0.5597576014951101	0.012661565907127501	-134.33274843835255
0.5649369748123025	0.011440877535596188	-138.03650744447532
0.5701642722807475	0.010375412301929341	-141.0722557069857
0.5754399373371569	0.00944825810393084	-143.56638873127645
0.580764417521312	0.008640725267602756	-145.61888666869095
0.5861381645140288	0.007935217519652336	-147.30766832290146
0.591561634175474	0.00731627161282219	-148.69309892176054
0.5970352865838369	0.00677074780837985	-149.82186093954581
0.6025595860743578	0.0062876663900415745	-150.73003692698586
0.6081350012787179	0.005857925008871948	-151.44548244114205
0.6137620051647943	0.005474001256317614	-151.9896265125342
0.6194410750767815	0.005129682323694761	-152.37883397746864
0.6251726927756859	0.004819834847806557	-152.6254427343714
0.6309573444801934	0.00454021559098201	-152.73856639408754
0.6367955209079159	0.004287318805684233	-152.72473442231902
0.6426877173170198	0.004058254790709594	-152.5884289607485
0.6486344335482385	0.003850654251478781	-152.33256979730803
0.654636174067275	0.0036625936881584933	-151.9589957685826
0.6606934480075961	0.003492537714110514	-151.46899138170824
0.6668067692136223	0.003339294746647956	-150.86391052380648
0.6729766562843178	0.0032019828045688234	-150.14595301439934
0.6792036326171846	0.00308000211877428	-149.31915139757947
0.6854882264526617	0.002973010848992546	-148.3906197047378
0.6918309709189366	0.0028808993448815085	-147.37209518041834
0.6982324040771715	0.002803757072945688	-146.28175774672948
0.7046930689671471	0.0027418246225407667	-145.14622901910514
0.7112135136533292	0.0026954213648326952	-144.00252586519207
0.7177942912713619	0.002664837954298033	-142.89957871703828
0.7244359600749902	0.002650183023006505	-141.89875182652867
0.7311390834834176	0.0026511769175439955	-141.0726812779893
0.7379042301291011	0.0026668948218249227	-140.50175948129552
0.7447319739059892	0.0026954804334042683	-140.26782270374804
0.7516228940182057	0.0027338821388139785	-140.44508867157867
0.758577575029184	0.0027777040101774953	-141.0891404409835
0.7655966069112565	0.0028212985909047412	-142.2256889415665
0.7726805850957026	0.002858222353955963	-143.84176442015885
0.7798301105232589	0.0028820841537582145	-145.88242755197115
0.7870457896950989	0.0028876345229991956	-148.25537636430127
0.7943282347242817	0.0028717533830089122	-150.84356555800628
0.8016780633876793	0.00283395135224934	-153.5228413274872
0.8090958991783825	0.002776191758163239	-156.17943863458856
0.8165823713585927	0.0027021572318339884	-158.722533418539
0.8241381150130026	0.002616301353930696	-161.0896233187843
0.8317637711026713	0.002523020366990135	-163.2454911088868
0.8394599865193977	0.0024261210679771845	-165.17722109079838
0.8472274141405968	0.0023285928205285136	-166.88785625668763
0.8550667128846836	0.002232599073023466	-168.39047450146379
0.8629785477669706	0.0021395876055403046	-169.70351068724503
0.870963589956081	0.0020504425554575298	-170.84747218915876
0.8790225168308847	0.001965633213130267	-171.84285106743567
0.8871560120379608	0.0018853395249487418	-172.7089293901645
0.8953647655495938	0.0018095492697361867	-173.4631911528439
0.9036494737223014	0.00173812917877466	-174.12111602450832
0.9120108393559097	0.0016708748901923438	-174.6961960920347
0.9204495717531712	0.0016075448833532775	-175.20007108374566
0.9289663867799363	0.0015478828253573714	-175.64271711207772
0.9375620069258802	0.0014916317976218943	-176.03265072693225
0.946237161365793	0.0014385429694909004	-176.37712724030143
0.9549925860214359	0.0013883805525051578	-176.68232284155442
0.9638290236239705	0.0013409243136026728	-176.95349625280903
0.9727472237769651	0.0012959705223723043	-177.1951291766916
0.9817479430199844	0.0012533319227895053	-177.4110466268395
0.9908319448927676	0.001212837122530461	-177.60451908498584
1.	0.0011743296580059368	-177.77834872066785
1.0092528860766845	0.0011376669019100463	-177.93494189740824
1.0185913880541169	0.0011027189188127326	-178.07637002510552
1.0280162981264735	0.0010693673336050365	-178.2044205899245
1.0375284158180127	0.0010375042507666922	-178.32063994922322
1.0471285480508996	0.0010070312449763851	-178.4263692450769
1.0568175092136585	0.000977858432401815	-178.5227745780034
1.066596121230258	0.0009499036250006011	-178.6108723966761
1.076465213629835	0.0009230915659120466	-178.69155090014166
1.0864256236170655	0.0008973532415908692	-178.76558811428893
1.096478196143185	0.000872625265064664	-178.83366719152437
1.1066237839776665	0.0008488493241758155	-178.89638938871195
1.1168632477805611	0.0008259716886154543	-178.9542851006231
1.1271974561755105	0.0008039427697739862	-179.00782326181508
1.1376272858234309	0.0007827167278028476	-179.0574193768012
1.1481536214968828	0.0007622511207423201	-179.10344239454247
1.1587773561551262	0.0007425065910289948	-179.14622060720532
1.1694993910198712	0.0007234465851838366	-179.18604672326995
1.1803206356517297	0.000705037102918713	-179.22318224045597
1.191242008027375	0.0006872464723235538	-179.257861223523
1.2022644346174132	0.0006700451481724234	-179.2902935751281
1.2133888504649775	0.0006534055307335467	-179.32066787387978
1.224616199265049	0.000637301802772884	-179.34915384209052
1.2359474334445106	0.0006217097827170113	-179.37590449599543
1.2473835142429432	0.0006066067921784775	-179.40105802311913
1.2589254117941675	0.000591971536264814	-179.42473942467174
1.270574105208542	0.000577783995275313	-179.44706195518972
1.2823305826560218	0.0005640253265573488	-179.4681283868518
1.2941958414499863	0.0005506777754370823	-179.4880321218919
1.3061708881318417	0.000537724594266042	-179.5068581731395
1.3182567385564075	0.0005251499687374283	-179.52468402985716
1.3304544179780915	0.0005129389507220108	-179.54158042361988
1.3427649611378643	0.0005010773969590477	-179.55761200692746
1.3551894123510364	0.0004895519130144559	-179.57283795548676
1.3677288255958495	0.00047834980198198655	-179.5873125036167
1.3803842646028852	0.00046745901746272266	-179.60108542095338
1.3931568029453034	0.00045686812040884455	-179.6142024375473
1.4060475241299142	0.0004465662394616642	-179.62670562351104
1.4190575216890926	0.0004365430344558542	-179.63863372857688
1.432187899273544	0.0004267886627930207	-179.65002248623637
1.4454397707459279	0.00041729374842313304	-179.66090488653825
1.4588142602753489	0.00040804935319571395	-179.671311421113
1.4723125024327193	0.0003990469503694634	-179.68127030354714
1.4859356422870074	0.00039027840008952356	-179.69080766784876
1.499684835502374	0.0003817359266605552	-179.69994774741207
1.5135612484362087	0.0003734120974615682	-179.70871303660078
1.5275660582380732	0.0003652998033622445	-179.7171244368189
1.54170045294956	0.00035739224051591106	-179.72520138871582
1.555965631605075	0.00034968289341375577	-179.73296199198649
1.5703628043335531	0.0003421655190987085	-179.74042311405253
1.584893192461114	0.00033483413244404163	-179.74760048877104
1.5995580286146696	0.0003276829924127104	-179.75450880618428
1.6143585568264869	0.0003207065892198626	-179.76116179421203
1.629296032639723	0.0003138996323282609	-179.76757229309035
1.6443717232149324	0.0003072570392127834	-179.77375232327054
1.6595869074375613	0.00030077392483562746	-179.77971314741703
1.6749428760264382	0.00029444559177898346	-179.78546532707378
1.690440931643265	0.00028826752098638076	-179.7910187745086
1.7060823890031243	0.0002822353630683424	-179.79638280019174
1.7218685749860079	0.00027634493013136666	-179.8015661563179
1.7378008287493762	0.00027059218809303735	-179.80657707673788
1.753880501841762	0.00026497324944873836	-179.81142331363046
1.770108958317422	0.0002594843664586658	-179.8161121712098
1.7864875748520517	0.0002541219247258573	-179.82065053673654
1.803017740859568	0.0002488824371388078	-179.825044909072
1.8197008586099825	0.00024376253815394024	-179.82930142499308
1.8365383433483455	0.00023875897839524735	-179.83342588346355
1.8535316234148105	0.00023386861955030616	-179.83742376803878
1.8706821403657996	0.00022908842954314846	-179.8413002675644
1.8879913490962925	0.00022441547796619866	-179.84506029531403
1.9054607179632463	0.00021984693175475508	-179.84870850669714
1.9230917289101574	0.00021538005108866887	-179.85224931565708
1.9408858775927773	0.00021101218550691116	-179.85568690986736
1.958844673505989	0.00020674077022211234	-179.85902526482468
1.97696964011186	0.00020256332262245084	-179.86226815692854
1.9952623149688788	0.00019847743894992753	-179.865419175629
2.0137242498623875	0.00019448079114413574	-179.86848173471694
2.032357010936221	0.0001905711238419017	-179.87145908282469
2.0511621788255647	0.00018674625152344354	-179.87435431319915
2.0701413487910414	0.0001830040557967127	-179.87717037280365
2.0892961308540388	0.00017934248281182297	-179.87991007080058
2.108628149933289	0.0001757595407981134	-179.88257608646217
2.1281390459827114	0.000172253297717028	-179.88517097655236
2.147830474130533	0.00016882187902424544	-179.88769718221997
2.167704104819694	0.00016546346553495726	-179.8901570354393
2.1877616239495516	0.0001621762913867242	-179.89255276503178
2.208004733018899	0.00015895864209452366	-179.89488650229922
2.228435149270303	0.0001558088526930037	-179.8971602862969
2.2490546058357803	0.00015272530596136718	-179.89937606877263
2.2698648518838214	0.00014970643072633935	-179.90153571879557
2.2908676527677723	0.0001467507002393393	-179.90364102709654
2.312064790175594	0.00014385663062376635	-179.90569371014053
2.333458062281002	0.00014102277938894914	-179.90769541394997
2.355049283896009	0.00013824774400722118	-179.90964771769572
2.376840286624876	0.00013553016055106997	-179.91155213707214
2.39883291901949	0.000132868702387143	-179.9134101274708
2.4210290467361775	0.00013026207892444166	-179.9152230869661
2.4434305526939712	0.0001277090344139438	-179.91699235912594
2.4660393372343385	0.00012520834679713598	-179.9187192356588
2.48885731828239	0.00012275882660109304	-179.92040495890814
2.5118864315095797	0.00012035931587785086	-179.9220507242035
2.535128630497907	0.00011800868718594209	-179.923657682079
2.5585858869056453	0.00011570584261212214	-179.92522694036626
2.582260190634596	0.00011344971283133269	-179.92675956617046
2.6061535499988953	0.00011123925620320302	-179.92825658773728
2.6302679918953813	0.0001090734579032905	-179.929718996217
2.654605561975539	0.00010695132908757785	-179.93114774733226
2.6791683248190314	0.00010487190608858447	-179.93254376295604
2.703958364108843	0.0001028342496417489	-179.93390793260443
2.7289777828080406	0.00010083744414070593	-179.93524111485021
2.7542287033381663	0.00009888059692012546	-179.9365441386617
2.7797132677592886	0.0000969628375649364	-179.93781780467137
2.805433637951713	0.00009508331724475047	-179.9390628863783
2.831391995799379	0.00009324120807240796	-179.9402801312887
2.8575905433749464	0.00009143570248555587	-179.9414702619977
2.8840315031266055	0.00008966601265033172	-179.94263397721656
2.910717118066605	0.00008793136988613628	-179.94377195274723
2.9376496519615305	0.00008623102411065975	-179.94488484240867
2.9648313895243423	0.00008456424330427438	-179.9459732789166
2.992264636608189	0.00008293031299298566	-179.94703787471985
3.019951720402016	0.00008132853574918019	-179.94807922279566
3.047894989627983	0.00007975823070944031	-179.9490978974059
3.076096814740708	0.00007821873310868841	-179.9500944548167
3.1045595881283554	0.0000767093938300527	-179.9510694339836
3.1332857243155856	0.00007522957896976268	-179.95202335720336
3.162277660168379	0.00007377866941650767	-179.9529567307349
3.1915378551007616	0.0000723560604446549	-179.95387004539117
3.2210687912834346	0.0000709611613207989	-179.95476377710222
3.250872973854344	0.00006959339492308983	-179.95563838745272
3.2809529311311905	0.00006825219737286243	-179.95649432419373
3.311311214825911	0.00006693701767806767	-179.95733202173102
3.3419504002611427	0.00006564731738806225	-179.95815190159024
3.372873086588689	0.00006438257025931311	-179.95895437286126
3.404081897010009	0.00006314226193158393	-179.95973983262115
3.4355794789987466	0.00006192588961423367	-179.9605086663385
3.4673685045253166	0.00006073296178220779	-179.96126124825858
3.499451670283573	0.00005956299788138632	-179.96199794177076
3.53183169791957	0.00005841552804291831	-179.9627190997595
3.5645113342624426	0.00005729009280620816	-179.9634250649386
3.5974933515574232	0.000056186242850242723	-179.9641161701703
3.630780547701014	0.00005510353873292991	-179.9647927387695
3.664375746478333	0.00005404155063817808	-179.96545508479377
3.6982817978026628	0.0000529998581304044	-179.96610351331984
3.732501577957206	0.000051978049916216766	-179.96673832070678
3.767037989839089	0.00005097572361300394	-179.96735979484686
3.801893963205613	0.00004999248552417501	-179.96796821540406
3.8370724549227884	0.00004902795042081417	-179.96856385404104
3.8725764492161727	0.00004808174132950803	-179.9691469746345
3.908408957924021	0.00004715348932613244	-179.96971783348
3.944573020752785	0.00004624283333537355	-179.9702766794856
3.981071705534973	0.00004534941993577525	-179.97082375435565
4.0179081084894	0.000044472903170120646	-179.97135929276385
4.055085354483839	0.00004361294436094274	-179.9718835225171
4.09260659730011	0.000042769211930982736	-179.97239666470895
4.130475019901614	0.00004194138122841415	-179.97289893386403
4.168693834703355	0.000041129134356660473	-179.97339053807272
4.207266283844442	0.00004033216000862674	-179.97387167911666
4.24619563946313	0.00003955015330519601	-179.97434255258474
4.285485203974396	0.000038782815637814466	-179.97480334798018
4.325138310350088	0.00003802985451502362	-179.975254248818
4.365158322401661	0.00003729098341278093	-179.9756954327133
4.405548635065534	0.00003656592162842102	-179.97612707146016
4.446312674691089	0.00003585439413812231	-179.97654933110087
4.487453899331323	0.000035156131457725036	-179.97696237198562
4.528975799036209	0.0000344708695067767	-179.977366348822
4.570881896148752	0.00003379834947565782	-179.97776141071435
4.613175745603791	0.000033138317695664515	-179.97814770119277
4.655860935229586	0.00003249052551190887	-179.97852535823074
4.698941086052151	0.000031854729158910805	-179.9788945142519
4.742419852602444	0.00003123068963875383	-179.97925529612414
4.7863009232263805	0.00003061817260167237	-179.979607825142
4.830588020397723	0.000030016948228946048	-179.97995221699537
4.875284901033861	0.000029426791117969907	-179.98028858172404
4.920395356814506	0.000028847480169374212	-179.98061702365774
4.965923214503357	0.00002827879847606173	-179.98093764134018
5.01187233627272	0.000027720533214031087	-179.9812505274358
5.058246620031137	0.000027172475534853157	-179.98155576861856
5.105049999754059	0.000026634420459660825	-179.98185344544086
5.152286445817562	0.000026106166774515764	-179.98214363218094
5.1999599653351565	0.00002558751692700095	-179.98242639666742
5.248074602497723	0.00002507827692389583	-179.9827018000784
5.296634438916575	0.000024578256229772664	-179.98296989671306
5.345643593969713	0.000024087267666352815	-179.9832307337332
5.395106225151273	0.00002360512731245174	-179.98348435087192
5.445026528424209	0.00002313165440433156	-179.98373078010545
5.495408738576242	0.000022666671236268492	-179.98397004528567
5.5462571295791046	0.00002221000306113373	-179.98420216172786
5.597576014951099	0.000021761477990767383	-179.9844271357496
5.649369748123022	0.0000213209268959125	-179.9846449641555
5.701642722807472	0.000020888183305457412	-179.9848556336612
5.754399373371567	0.000020463083304712518	-179.98505912025033
5.807644175213118	0.000020045465432426905	-179.98525538845595
5.861381645140285	0.000019635170576218715	-179.98544439055794
5.9156163417547365	0.000019232041866070057	-179.9856260656859
5.9703528658383656	0.000018835924565494533	-179.98580033881584
6.025595860743575	0.000018446665959952873	-179.98596711964743
6.081350012787176	0.0000180641152420433	-179.98612630134636
6.137620051647939	0.00001768812339294439	-179.9862777591336
6.194410750767812	0.000017318543059529318	-179.98642134870232
6.251726927756856	0.00001695522842650327	-179.98655690443746
6.30957344480193	0.000016598035082840034	-179.98668423741182
6.367955209079155	0.00001624681988170741	-179.9868031331264
6.426877173170194	0.000015901440792968856	-179.98691334895824
6.486344335482381	0.00001556175674723486	-179.9870146112726
6.546361740672747	0.000015227627470302625	-179.98710661214974
6.6069344800759575	0.000014898913306672271	-179.98718900566615
6.668067692136219	0.000014575475030644967	-179.9872614036622
6.729766562843175	0.000014257173643305856	-179.98732337091275
6.792036326171843	0.00001394387015345225	-179.98737441960512
6.854882264526613	0.000013635425340247687	-179.98741400300776
6.918309709189362	0.000013331699495055547	-179.98744150819354
6.9823240407717115	0.000013032552139521405	-179.98745624765223
7.046930689671467	0.000012737841716522015	-179.98745744959575
7.112135136533288	0.000012447425250068406	-179.98744424671807
7.177942912713615	0.000012161157969619986	-179.98741566312194
7.244359600749899	0.000011878892893522473	-179.98737059906315
7.311390834834173	0.000011600480365394733	-179.98730781308544
7.379042301291007	0.000011325767536230676	-179.9872259010225
7.447319739059888	0.000011054597783713324	-179.9871232712225
7.516228940182053	0.000010786810058712738	-179.9869981151954
7.585775750291836	0.000010522238147096893	-179.9868483726894
7.655966069112561	0.000010260709832752227	-179.98667168994828
7.726805850957022	0.000010002045944993664	-179.98646536958117
7.798301105232586	9.74605927022119e-6	-179.9862263100518
7.870457896950985	9.492553303600709e-6	-179.98595093224552
7.943282347242813	9.24132081151287e-6	-179.98563508984532
8.01678063387679	8.992142169267711e-6	-179.9852739592813
8.090958991783822	8.744783430798926e-6	-179.98486190372367
8.165823713585922	8.498994077287922e-6	-179.98439230383315
8.241381150130021	8.254504379357175e-6	-179.98385734558457
8.317637711026709	8.011022291847764e-6	-179.98324775216003
8.394599865193973	7.768229780240976e-6	-179.98255244227013
8.472274141405963	7.525778452118857e-6	-179.98175809069198
8.550667128846833	7.283284333810264e-6	-179.98084855738475
8.629785477669701	7.040321588963992e-6	-179.97980413781806
8.709635899560805	6.796414918657957e-6	-179.97860056684294
8.790225168308842	6.5510303067962915e-6	-179.97720767787408
8.871560120379607	6.303563672886984e-6	-179.9755875722804
8.953647655495937	6.0533268566974115e-6	-179.97369208047004
9.036494737223014	5.7995301710617584e-6	-179.97145917849684
9.120108393559097	5.541260498684333e-6	-179.96880783051165
9.204495717531712	5.277453543997101e-6	-179.96563039981038
9.289663867799362	5.0068583333662145e-6	-179.96178119829193
9.375620069258803	4.727991311437366e-6	-179.9570587040027
9.462371613657929	4.439076291155782e-6	-179.95117700539893
9.549925860214358	4.137964893286375e-6	-179.94371810449238
9.638290236239705	3.822029653836561e-6	-179.93404841370818
9.727472237769652	3.488018177281483e-6	-179.92116395911586
9.817479430199844	3.131850702253424e-6	-179.9033822236557
9.908319448927676	2.7483336992405993e-6	-179.8776699234537
10.	2.3307458761323904e-6	-179.8379858221025
10.092528860766844	1.8702250861445869e-6	-179.77042210194048
10.18591388054117	1.3548354517706557e-6	-179.63454385526524
10.280162981264736	7.681090446786001e-7	-179.2443246943441
10.375284158180126	8.731705483551478e-8	-172.02878771364968
10.471285480508996	7.245514114956736e-7	-1.171858179931125
10.568175092136585	1.7176566700801696e-6	-0.6227837551644118
10.665961212302578	2.9788493261577706e-6	-0.4696130560373335
10.76465213629835	4.656659558604805e-6	-0.41276064551702507
10.864256236170656	7.032865755647273e-6	-0.40238596451194086
10.964781961431852	0.000010715023006578855	-0.4314733534874097
11.066237839776663	0.00001729875264628475	-0.5202728330515876
11.168632477805613	0.000032752655319129515	-0.7683793176921546
11.271974561755105	0.0001149720333404523	-2.1752751716627134
11.37627285823431	0.00010659037548362081	-178.33097308151065
11.481536214968829	0.00004042607733871587	-179.464911414524
11.587773561551263	0.000026257898277099157	-179.7009734201773
11.694993910198711	0.000020037736553008053	-179.80075145587304
11.803206356517286	0.000016515905231022967	-179.85478428342714
11.912420080273739	0.00001423240176740866	-179.88813987721312
12.022644346174118	0.00001262004537306451	-179.91049199920062
12.133888504649763	0.000011412494549265113	-179.9263438608626
12.246161992650476	0.000010468130666246271	-179.93806474372832
12.359474334445094	9.704695912455587e-6	-179.9470142172659
12.47383514242942	9.071136084239809e-6	-179.9540248229672
12.589254117941662	8.534082058099886e-6	-179.9596328350748
12.705741052085406	8.070799009184966e-6	-179.96419800389086
12.823305826560205	7.665259852311073e-6	-179.96796984630978
12.941958414499851	7.305838898329635e-6	-179.97112632344283
13.061708881318404	6.983895939093841e-6	-179.9737974111856
13.182567385564061	6.692873936250991e-6	-179.97608000127968
13.304544179780901	6.42770535066945e-6	-179.97804762195256
13.427649611378628	6.184410586794588e-6	-179.9797569537805
13.551894123510351	5.959819731740224e-6	-179.9812523023889
13.67728825595848	5.751375572195568e-6	-179.98256873373091
13.803842646028839	5.55699147679746e-6	-179.9837343132465
13.931568029453022	5.374947105666565e-6	-179.98477173197446
14.060475241299129	5.203810699020264e-6	-179.9856995053797
14.190575216890911	5.042380363509995e-6	-179.986532869314
14.321878992735424	4.889639149592629e-6	-179.98728445799972
14.454397707459265	4.744720282658488e-6	-179.98796482293267
14.588142602753473	4.606879967186734e-6	-179.9885828341998
14.723125024327178	4.475475906577597e-6	-179.98914599385859
14.859356422870059	4.349950184302247e-6	-179.9896606828356
14.996848355023726	4.229815506777669e-6	-179.99013235706173
15.135612484362072	4.114644061909186e-6	-179.99056570448266
15.275660582380716	4.004058430657136e-6	-179.9909647716536
15.417004529495584	3.89772412318268e-6	-179.99133306649676
15.559656316050734	3.7953434103589705e-6	-179.99167364223538
15.703628043335515	3.6966501955371036e-6	-179.9919891663577
15.848931924611126	3.601405727307703e-6	-179.99228197759595
15.995580286146678	3.5093949964606566e-6	-179.99255413324929
16.143585568264854	3.420423692891562e-6	-179.99280744868116
16.292960326397214	3.3343156233417117e-6	-179.99304353043854
16.443717232149307	3.2509105104157313e-6	-179.99326380414482
16.595869074375596	3.170062108641489e-6	-179.99346953808904
16.749428760264365	3.091636585415847e-6	-179.9936618632533
16.90440931643263	3.0155111242620854e-6	-179.99384179037932
17.060823890031227	2.9415727154709386e-6	-179.99401022456252
17.21868574986006	2.869717105332171e-6	-179.99416797777283
17.378008287493746	2.7998478801120827e-6	-179.99431577963003
17.5388050184176	2.7318756649442514e-6	-179.99445428670296
17.701089583174202	2.6657174210685056e-6	-179.99458409055734
17.864875748520497	2.6012958275274718e-6	-179.9947057247365
18.03017740859568	2.5385387356278546e-6	-179.9948196708308
18.197008586099827	2.4773786862878143e-6	-179.99492636376496
18.365383433483455	2.417752481895044e-6	-179.99502619641203
18.535316234148105	2.3596008055507697e-6	-179.99511952362505
18.706821403657997	2.302867881619009e-6	-179.9952066657644
18.879913490962927	2.2475011723753865e-6	-179.99528791178557
19.054607179632463	2.1934511062852995e-6	-179.99536352194244
19.230917289101576	2.140670834061785e-6	-179.99543373015405
19.408858775927772	2.0891160091783783e-6	-179.9954987460732
19.58844673505989	2.0387445899577972e-6	-179.99555875689242
19.769696401118598	1.9895166607366367e-6	-179.99561392891445
19.952623149688787	1.9413942699298012e-6	-179.9956644089131
20.137242498623873	1.894341283095516e-6	-179.99571032530375
20.32357010936221	1.8483232493393708e-6	-179.995751789142
20.511621788255646	1.8033072796002192e-6	-179.99578889496354
20.701413487910415	1.7592619355369858e-6	-179.9958217214787
20.892961308540386	1.7161571278876173e-6	-179.99585033212952
21.086281499332888	1.6739640233031637e-6	-179.9958747755181
21.28139045982711	1.6326549587742844e-6	-179.99589508571123
21.47830474130533	1.5922033628667096e-6	-179.99591128242483
21.67704104819694	1.5525836830686304e-6	-179.9959233710906
21.87761623949552	1.5137713186282453e-6	-179.99593134280488
22.080047330188993	1.475742558325355e-6	-179.99593517415792
22.28435149270303	1.4384745226782214e-6	-179.99593482694107
22.490546058357804	1.4019451101370224e-6	-179.99593024772602
22.698648518838212	1.3661329468588745e-6	-179.99592136730928
22.908676527677724	1.3310173396976444e-6	-179.9959081000127
23.12064790175594	1.2965782320750194e-6	-179.9958903428281
23.33458062281002	1.2627961624282114e-6	-179.99586797439147
23.55049283896009	1.229652224954805e-6	-179.99584085376978
23.76840286624876	1.1971280323968307e-6	-179.9958088190384
23.9883291901949	1.1652056806247069e-6	-179.99577168562456
24.210290467361776	1.1338677147972664e-6	-179.9957292443863
24.434305526939713	1.1030970968871973e-6	-179.99568125939092
24.660393372343385	1.0728771743717845e-6	-179.99562746535022
24.888573182823905	1.0431916498971105e-6	-179.99556756466177
25.118864315095795	1.0140245517299653e-6	-179.99550122399455
25.351286304979073	9.853602048156116e-7	-179.99542807034723
25.58585886905645	9.571832022612937e-7	-179.99534768649096
25.82260190634596	9.29478377064981e-7	-179.99525960569235
26.06153549998895	9.022307739061343e-7	-179.9951633055897
26.302679918953814	8.754256208102883e-7	-179.99505820106998
26.54605561975539	8.490483004916578e-7	-179.99494363595943
26.791683248190314	8.230843211676924e-7	-179.99481887330094
27.039583641088434	7.975192866261787e-7	-179.99468308393955
27.289777828080403	7.723388653087553e-7	-179.9945353330708
27.542287033381662	7.47528758154196e-7	-179.99437456432713
27.797132677592884	7.23074664919887e-7	-179.99419958086943
28.05433637951713	6.989622486699783e-7	-179.99400902281747
28.31391995799379	6.751770980829108e-7	-179.9938013401776
28.575905433749465	6.517046871883717e-7	-179.9935747601979
28.84031503126606	6.2853033209306e-7	-179.9933272477815
29.10717118066605	6.056391441944699e-7	-179.99305645719176
29.376496519615305	5.830159793103805e-7	-179.99275967275105
29.648313895243422	5.606453820667494e-7	-179.99243373551835
29.92264636608189	5.385115247854868e-7	-179.99207495195043
30.19951720402016	5.16598139992828e-7	-179.99167897920086
30.4789498962798	4.948884455246278e-7	-179.99124067982336
30.76096814740705	4.733650610317113e-7	-179.99075393597565
31.045595881283525	4.5200991448020425e-7	-179.9902114093896
31.332857243155825	4.3080413699033127e-7	-179.98960422779305
31.62277660168376	4.0972794405286895e-7	-179.9889215702052
31.91537855100758	3.8876050079228085e-7	-179.98815011106737
32.21068791283432	3.678797684938141e-7	-179.98727326400234
32.50872973854341	3.470623290578934e-7	-179.9862701358592
32.80952931131187	3.2628318336289823e-7	-179.9851140531437
33.11311214825908	3.0551551867300335e-7	-179.98377044254647
33.41950400261139	2.8473043917734365e-7	-179.98219371006144
33.72873086588685	2.6389665243304264e-7	-179.98032252068802
34.040818970100055	2.4298010283238126e-7	-179.97807243484752
34.35579478998743	2.219435411238792e-7	-179.97532399946698
34.67368504525313	2.0074601635580836e-7	-179.971902649059
34.994516702835696	1.7934227320083133e-7	-179.96754300135427
35.318316979195664	1.576820332229928e-7	-179.96182132097292
35.64511334262439	1.3570913294188594e-7	-179.95401728195517
35.9749335155742	1.1336048411101948e-7	-179.94280046382403
36.3078054770101	9.056481196117006e-8	-179.92541294372307
36.64375746478329	6.724111507754503e-8	-179.8950574715835
36.98281797802659	4.3296780036549925e-8	-179.82924445617348
37.32501577957203	1.8625356858300008e-8	-179.58279551196884
37.670379898390856	6.899216769911921e-9	-1.187916237282447
38.01893963205609	3.3415758898656424e-8	-0.259607283184811
38.370724549227845	6.109798989663816e-8	-0.1509035236680394
38.72576449216169	9.014605104641412e-8	-0.1091803479344835
39.08408957924017	1.208003449549464e-7	-0.08739302072864509
39.44573020752781	1.533511435198254e-7	-0.07423545316023053
39.81071705534969	1.8815247581023369e-7	-0.06562763866378417
40.17908108489396	2.256409796347461e-7	-0.0597460339665544
40.55085354483835	2.6636186135441874e-7	-0.055661704994297824
40.92606597300105	3.110052922945157e-7	-0.052861298285116556
41.304750199016105	3.604584867477704e-7	-0.05104939221466955
41.68693834703351	4.1588195385749897e-7	-0.05005811233716311
42.07266283844438	4.788241128865452e-7	-0.04980388311937517
42.46195639463126	5.513988515680036e-7	-0.05026817912304821
42.85485203974392	6.365704187965471e-7	-0.05149341228122873
43.251383103500835	7.386298315734939e-7	-0.05359217562896715
43.65158322401656	8.640319482441136e-7	-0.05677382792581553
44.0554863506553	1.02295775861969e-6	-0.06140114865869838
44.46312674691084	1.2324586270776075e-6	-0.06810943528694094
44.87453899331318	1.5234307586408044e-6	-0.07807456840800131
45.28975799036204	1.9582501258482927e-6	-0.09369400819555335
45.708818961487474	2.684576362375708e-6	-0.12066738322231778
46.13175745603791	4.156819652026214e-6	-0.17656361079616506
46.55860935229586	8.79345923923691e-6	-0.3549370158869056
46.98941086052151	0.00011036778626486026	-175.74013188719164
47.42419852602443	7.77874218231616e-6	-179.71195790502827
47.8630092322638	4.071760384296769e-6	-179.85449699849744
48.30588020397723	2.7713756122938458e-6	-179.90396623985507
48.7528490103386	2.105780948205492e-6	-179.92890674506495
49.20395356814506	1.6997667228986753e-6	-179.9438302633621
49.65923214503358	1.425188469904774e-6	-179.95369085922422
50.118723362727195	1.2263532180601768e-6	-179.960640027234
50.58246620031137	1.075155765135507e-6	-179.965762224538
51.0504999975406	9.558781696159799e-7	-179.96966284041832
51.52286445817562	8.590419975607955e-7	-179.97270612540245
51.99959965335157	7.785912964297355e-7	-179.97512399112992
52.48074602497723	7.10475379095085e-7	-179.97707083085763
52.966344389165755	6.518819728905789e-7	-179.97865316699608
53.45643593969714	6.007972760500386e-7	-179.97994663500185
53.95106225151273	5.557411196651305e-7	-179.98100619458594
54.450265284242086	5.156009819954981e-7	-179.9818725162957
54.95408738576243	4.795243290314813e-7	-179.98257610967795
55.462571295791044	4.4684669246009943e-7	-179.9831400655157
55.97576014951099	4.170423700741436e-7	-179.98358191801276
56.49369748123023	3.896898601471912e-7	-179.9839149303426
57.01642722807472	3.6444713578812064e-7	-179.98414899072935
57.543993733715666	3.410336389003718e-7	-179.98429123704537
58.07644175213118	3.192169552043318e-7	-179.98434648526887
58.61381645140285	2.988028091835646e-7	-179.98431750984355
59.15616341754737	2.7962745207814376e-7	-179.98420520565332
59.70352865838366	2.615518004186668e-7	-179.9840086481727
60.255958607435744	2.444568724352889e-7	-179.98372505794111
60.81350012787176	2.2824019865801163e-7	-179.98334966609474
61.37620051647939	2.1281297207944144e-7	-179.98287546775532
61.94410750767812	1.9809776565505785e-7	-179.98229283799324
62.51726927756855	1.8402668924520624e-7	-179.98158896869063
63.0957344480193	1.705398899925335e-7	-179.98074706065287
63.67955209079155	1.5758432333942315e-7	-179.979745168371
64.26877173170195	1.4511273896895936e-7	-179.97855453557162
64.86344335482381	1.330828386481427e-7	-179.97713716119114
65.46361740672747	1.2145657247847222e-7	-179.9754421658152
66.06934480075958	1.1019954727120967e-7	-179.97340022535045
66.68067692136219	9.928052627018492e-8	-179.97091477292855
67.29766562843174	8.867100368059472e-8	-179.96784756202626
67.92036326171844	7.834484074478836e-8	-179.96399388684287
68.54882264526613	6.827795266797669e-8	-179.9590376603542
69.18309709189363	5.8448037711160594e-8	-179.95246427360337
69.82324040771712	4.883434136836241e-8	-179.94337636858512
70.46930689671467	3.941744984567396e-8	-179.93005757951968
71.12135136533288	3.017910821683998e-8	-179.90876321624756
71.77942912713615	2.110206016986861e-8	-179.86946994664038
72.44359600749898	1.2169912432865035e-8	-179.77322638259287
73.11390834834172	3.367161957185008e-9	-179.17750258836597
73.79042301291008	5.322312443369939e-9	-0.5229177048000377
74.47319739059888	1.391158616507164e-8	-0.2013334517297391
75.16228940182053	2.2415680275614705e-8	-0.12592357380799898
75.85775750291836	3.084843059233185e-8	-0.09233804605884897
76.55966069112561	3.9223549724641225e-8	-0.07338326105454436
77.26805850957021	4.7554649917198915e-8	-0.06124147349003227
77.98301105232578	5.5855324757249483e-8	-0.05282318315416202
78.70457896950977	6.41392354215707e-8	-0.046662166850517196
79.43282347242805	7.242019876527698e-8	-0.04197324994800129
80.16780633876782	8.071227787207767e-8	-0.03829811560006557
80.90958991783813	8.902987623857155e-8	-0.03535133687368833
81.65823713585914	9.738783696365936e-8	-0.032945953273412376
82.41381150130013	1.0580154846940464e-7	-0.030954449473758496
83.176377110267	1.1428705845558369e-7	-0.029286933418860343
83.94599865193965	1.2286119800786532e-7	-0.027878275598408313
84.72274141405954	1.3154171805201625e-7	-0.026680192278879838
85.50667128846823	1.4034744068650955e-7	-0.02565618989498205
86.29785477669692	1.492984283485722e-7	-0.024778233830912932
87.09635899560797	1.5841617429317851e-7	-0.0240244934457308
87.90225168308834	1.6772381851520282e-7	-0.023377779625226976
88.71560120379598	1.7724639405344733e-7	-0.022824440136689515
89.53647655495928	1.8701110962239833e-7	-0.02235356503367516
90.36494737223005	1.9704767577661102e-7	-0.021956406736908206
91.20108393559087	2.0738868339330733e-7	-0.021625951859275957
92.04495717531702	2.1807004525307317e-7	-0.021356602454758105
92.89663867799354	2.2913151402846184e-7	-0.021143937780802136
93.75620069258792	2.4061729321901013e-7	-0.020984536589158526
94.6237161365792	2.5257676171834837e-7	-0.02087584604077739
95.4992586021435	2.650653380631831e-7	-0.02081608759042811
96.38290236239695	2.781455174038307e-7	-0.020804193251033908
97.2747223776964	2.918881234171076e-7	-0.02083976794929657
98.17479430199833	3.063738295444829e-7	-0.020923075512525858
99.08319448927665	3.216950201960996e-7	-0.021055047392776995
99.9999999999999	3.37958084505691e-7	-0.021237314707813423