0.01000000000000001	0.005355840806283765	-0.0023821878281844824
0.010092528860766855	0.005355868130232264	-0.002382214474937049
0.01018591388054118	0.0053558959625920975	-0.0023822416214346023
0.010280162981264745	0.005355924312831194	-0.0023822692771432665
0.010375284158180138	0.005355953190593298	-0.0023822974517049562
0.010471285480509006	0.005355982605703806	-0.002382326154949558
0.010568175092136596	0.00535601256817072	-0.002382355396899706
0.01066596121230259	0.005356043088187002	-0.00238238518776871
0.010764652136298361	0.005356074176138746	-0.002382415537966973
0.010864256236170667	0.005356105842604058	-0.0023824464581130435
0.010964781961431863	0.005356138098357719	-0.0023824779590239783
0.011066237839776675	0.005356170954377582	-0.002382510051732796
0.011168632477805623	0.005356204421845463	-0.0023825427474801638
0.011271974561755117	0.0053562385121514915	-0.002382576057735596
0.011376272858234322	0.005356273236898738	-0.002382609994182286
0.01148153621496884	0.005356308607909002	-0.00238264456873888
0.011587773561551273	0.005356344637219606	-0.0023826797935502424
0.011694993910198724	0.005356381337098126	-0.0023827156810033653
0.01180320635651731	0.00535641872003773	-0.00238275224372468
0.011912420080273762	0.005356456798767545	-0.0023827894945916825
0.012022644346174144	0.005356495586250282	-0.0023828274467284313
0.012133888504649786	0.005356535095694316	-0.0023828661135214947
0.012246161992650502	0.005356575340555932	-0.0023829055086211116
0.01235947433444512	0.00535661633453748	-0.002382945645938755
0.012473835142429446	0.005356658091602314	-0.0023829865396705185
0.012589254117941687	0.0053567006259732436	-0.0023830282042848774
0.012705741052085433	0.0053567439521375795	-0.0023830706545394705
0.012823305826560232	0.005356788084853084	-0.0023831139054821737
0.01294195841449987	0.005356833039156202	-0.002383157972460581
0.013061708881318424	0.005356878830362438	-0.0023832028711254284
0.013182567385564082	0.005356925474073709	-0.0023832486174387526
0.01330454417978092	0.005356972986183331	-0.0023832952276796504
0.013427649611378649	0.005357021382883318	-0.00238334271845507
0.01355189412351037	0.00535707068066384	-0.0023833911066938373
0.013677288255958502	0.0053571208963315055	-0.0023834404096758073
0.013803842646028859	0.005357172047000071	-0.0023834906450192032
0.013931568029453043	0.005357224150106083	-0.0023835418306932593
0.01406047524129915	0.005357277223413754	-0.002383593985037864
0.014190575216890933	0.00535733128501462	-0.002383647126748197
0.014321878992735446	0.005357386353346869	-0.002383701274911494
0.014454397707459286	0.005357442447184487	-0.0023837564489867535
0.014588142602753497	0.00535749958566123	-0.0023838126688381384
0.014723125024327202	0.005357557788261438	-0.0023838699547201626
0.014859356422870082	0.00535761707484045	-0.0023839283273129437
0.014996848355023748	0.005357677465622662	-0.0023839878077078
0.015135612484362095	0.005357738981210259	-0.0023840484174275046
0.015275660582380739	0.005357801642592538	-0.0023841101784361327
0.015417004529495607	0.005357865471151967	-0.0023841731131479397
0.015559656316050758	0.0053579304886711265	-0.002384237244438578
0.01570362804333554	0.005357996717341324	-0.00238430259565082
0.015848931924611148	0.0053580641797688865	-0.0023843691906122477
0.015995580286146702	0.005358132898983417	-0.0023844370536402443
0.016143585568264878	0.005358202898448657	-0.00238450620956132
0.016292960326397238	0.00535827420206458	-0.002384576683712999
0.01644371723214933	0.00535834683418283	-0.002384648501962415
0.016595869074375623	0.005358420819608136	-0.0023847216907159157
0.01674942876026439	0.00535849618361397	-0.0023847962769378513
0.016904409316432657	0.005358572951945644	-0.002384872288151721
0.017060823890031253	0.005358651150830897	-0.0023849497524683007
0.017218685749860088	0.005358730806993678	-0.002385028698590594
0.017378008287493772	0.005358811947654183	-0.0023851091558259384
0.01753880501841763	0.005358894600546588	-0.0023851911541093317
0.01770108958317423	0.0053589787939251005	-0.002385274724014281
0.017864875748520526	0.005359064556575189	-0.002385359896768912
0.018030177408595707	0.005359151917821279	-0.002385446704267657
0.018197008586099853	0.005359240907540465	-0.002385535179100969
0.018365383433483484	0.005359331556170089	-0.0023856253545584474
0.018535316234148135	0.005359423894719909	-0.002385717264656279
0.018706821403658026	0.005359517954782417	-0.002385810944147511
0.018879913490962956	0.00535961376854401	-0.0023859064285500307
0.019054607179632494	0.005359711368796648	-0.0023860037541616917
0.019230917289101597	0.005359810788947407	-0.002386102958078691
0.019408858775927792	0.005359912063034935	-0.002386204078223913
0.01958844673505991	0.005360015225735354	-0.0023863071533615694
0.01976969640111862	0.005360120312378281	-0.0023864122231215578
0.01995262314968881	0.005360227358959532	-0.00238651932802554
0.020137242498623895	0.005360336402151153	-0.0023866285095105505
0.02032357010936223	0.005360447479317442	-0.0023867398099518193
0.020511621788255666	0.005360560628523899	-0.00238685327269054
0.020701413487910436	0.005360675888556859	-0.0023869689420616576
0.02089296130854041	0.0053607932989307725	-0.0023870868634189688
0.02108628149933291	0.005360912899905011	-0.0023872070831686683
0.021281390459827135	0.005361034732499945	-0.0023873296487986443
0.021478304741305354	0.00536115883850829	-0.00238745460890268
0.02167704104819696	0.005361285260512983	-0.002387582013229382
0.02187761623949554	0.005361414041897692	-0.0023877119126945135
0.022080047330189013	0.005361545226866494	-0.002387844359436099
0.022284351492703053	0.005361678860459332	-0.00238797940684019
0.022490546058357826	0.005361814988565303	-0.0023881171095817963
0.022698648518838235	0.005361953657940192	-0.002388257523666838
0.022908676527677748	0.005362094916224659	-0.002388400706471839
0.023120647901755963	0.005362238811959718	-0.0023885467167869966
0.023334580622810044	0.005362385394602602	-0.002388695614862277
0.023550492838960112	0.005362534714549713	-0.002388847462455869
0.023768402866248782	0.0053626868231474905	-0.0023890023228834577
0.02398832919019492	0.005362841772715896	-0.0023891602610687087
0.0242102904673618	0.005362999616564117	-0.002389321343594957
0.02443430552693974	0.005363160409013945	-0.0023894856387722085
0.024660393372343412	0.00536332420541449	-0.0023896532166832497
0.02488857318282393	0.005363491062162798	-0.002389824149251093
0.025118864315095822	0.005363661036728033	-0.00238999851031032
0.025351286304979098	0.005363834187668395	-0.0023901763756666358
0.02558585886905648	0.005364010574652789	-0.0023903578231749215
0.025822601906345985	0.0053641902584810495	-0.002390542932805464
0.026061535499988978	0.005364373301112621	-0.002390731786739373
0.026302679918953843	0.0053645597656786686	-0.0023909244694340416
0.026546055619755416	0.0053647497165128216	-0.002391121067722265
0.026791683248190343	0.005364943219172293	-0.002391321670903651
0.027039583641088463	0.005365140340459546	-0.0023915263708367673
0.027289777828080432	0.0053653411484483075	-0.0023917352620469717
0.02754228703338169	0.00536554571251011	-0.0023919484418346054
0.02779713267759291	0.005365754103336082	-0.002392166010383031
0.02805433637951716	0.005365966392966269	-0.002392388070893989
0.028313919957993816	0.00536618265480948	-0.0023926147296933686
0.028575905433749497	0.0053664029636793995	-0.0023928460963900102
0.028840315031266085	0.005366627395813904	-0.0023930822840044514
0.02910717118066608	0.005366856028908237	-0.0023933234091296656
0.029376496519615335	0.005367088942141908	-0.0023935695920837942
0.029648313895243455	0.005367326216204769	-0.0023938209570889004
0.02992264636608192	0.005367567933331986	-0.0023940776324468333
0.030199517204020192	0.005367814177330847	-0.0023943397507440226
0.03047894989627986	0.005368065033611428	-0.0023946074490402256
0.03076096814740711	0.005368320589221623	-0.002394880869104613
0.031045595881283587	0.005368580932875196	-0.0023951601576387323
0.03133285724315589	0.005368846154986744	-0.0023954454665317234
0.031622776601683826	0.0053691163477060586	-0.0023957369531223587
0.03191537855100765	0.005369391604950898	-0.0023960347804886954
0.03221068791283438	0.005369672022444022	-0.002396339117752373
0.03250872973854347	0.005369957697743654	-0.0023966501403936066
0.03280952931131194	0.005370248730288037	-0.0023969680306155975
0.03311311214825915	0.005370545221427238	-0.0023972929777092227
0.03341950400261146	0.005370847274461376	-0.0023976251784572225
0.03372873086588692	0.0053711549946823586	-0.002397964837567766
0.034040818970100126	0.0053714684894094426	-0.00239831216813465
0.0343557947899875	0.005371787868035204	-0.002398667392137787
0.0346736850452532	0.005372113242060872	-0.002399030740985065
0.034994516702835765	0.00537244472514346	-0.00239940245608541
0.035318316979195734	0.005372782433136798	-0.002399782789480641
0.03564511334262446	0.005373126484136697	-0.00240017200452195
0.03597493351557427	0.005373476998523142	-0.0024005703765941975
0.03630780547701017	0.005373834099009682	-0.002400978193916765
0.03664375746478335	0.005374197910690635	-0.0024013957583964513
0.03698281797802665	0.005374568561086611	-0.0024018233865630537
0.037325015779572084	0.005374946180194985	-0.00240226141057122
0.037670379898390914	0.005375330900540066	-0.002402710179310304
0.038018939632056145	0.005375722857223978	-0.0024031700595940966
0.0383707245492279	0.005376122187979692	-0.0024036414374640786
0.038725764492161745	0.0053765290332249355	-0.002404124719616232
0.03908408957924023	0.00537694353611692	-0.002404620334950223
0.03944573020752787	0.005377365842605402	-0.0024051287362638228
0.039810717055349755	0.005377796101494334	-0.0024056504021178686
0.04017908108489402	0.005378234464499605	-0.0024061858388688025
0.040550853544838415	0.005378681086306335	-0.002406735582902772
0.040926065973001115	0.005379136124630581	-0.0024073002030937517
0.041304750199016166	0.005379599740285118	-0.002407880303509462
0.04168693834703357	0.005380072097239941	-0.0024084765263744927
0.04207266283844444	0.0053805533626904295	-0.002409089555371733
0.04246195639463132	0.005381043707123259	-0.0024097201192613267
0.042854852039743985	0.005381543304383451	-0.0024103689958862584
0.04325138310350091	0.005382052331747791	-0.002411037016637085
0.04365158322401663	0.005382570969995231	-0.0024117250713677056
0.044055486350655364	0.005383099403478291	-0.0024124341138886166
0.04446312674691091	0.005383637820202697	-0.002413165168063034
0.04487453899331325	0.005384186411900834	-0.0024139193346087587
0.04528975799036211	0.005384745374112761	-0.0024146977986986783
0.04570881896148754	0.005385314906267481	-0.0024155018384516814
0.04613175745603798	0.005385895211762801	-0.002416332834449633
0.04655860935229591	0.005386486498055618	-0.0024171922804194874
0.04698941086052156	0.005387088976742406	-0.0024180817952578616
0.04742419852602448	0.005387702863654077	-0.002419003136551164
0.04786300923226385	0.00538832837894498	-0.0024199582158695348
0.04830588020397728	0.00538896574718924	-0.002420949116042104
0.04875284901033865	0.005389615197474255	-0.002421978110745552
0.04920395356814511	0.00539027696350125	-0.002423047686763646
0.04965923214503363	0.005390951283685901	-0.002424160569307475
0.05011872336272725	0.005391638401264255	-0.002425319750929415
0.05058246620031143	0.005392338564401305	-0.002426528524576889
0.051050499997540646	0.0053930520262973096	-0.002427790521483906
0.05152286445817567	0.005393779045305572	-0.002429109754740834
0.05199959965335162	0.0053945198850478306	-0.0024304906694913556
0.052480746024977286	0.005395274814533993	-0.0024319382009374375
0.05296634438916581	0.005396044108288875	-0.0024334578415578195
0.05345643593969719	0.005396828046482133	-0.002435055719227244
0.05395106225151279	0.005397626915050523	-0.002436738688264627
0.05445026528424214	0.005398441005851788	-0.0024385144359470646
0.05495408738576248	0.005399270616791446	-0.0024403916073985612
0.0554625712957911	0.005400116051981107	-0.00244237995269466
0.05597576014951104	0.005400977621883156	-0.002444490500576488
0.05649369748123028	0.00540185564347705	-0.0024467357644972418
0.05701642722807478	0.00540275044041912	-0.0024491299878398845
0.05754399373371572	0.0054036623432204165	-0.0024516894370315012
0.05807644175213124	0.00540459168942408	-0.002454432753296466
0.05861381645140291	0.005405538823801521	-0.00245738137671209
0.05915616341754743	0.005406504098540118	-0.0024605600596915344
0.05970352865838372	0.0054074878734714565	-0.002463997491836762
0.06025595860743581	0.005408490516277968	-0.0024677270640337183
0.060813500127871824	0.005409512402739804	-0.0024717878078005196
0.061376200516479455	0.005410553916983768	-0.0024762255563859493
0.06194410750767818	0.005411615451755699	-0.0024810943882330144
0.06251726927756862	0.005412697408701955	-0.002486458432226903
0.06309573444801936	0.005413800198686004	-0.002492394139612367
0.06367955209079162	0.005414924242122503	-0.002498993161886607
0.064268771731702	0.005416069969331178	-0.002506366021141298
0.06486344335482389	0.0054172378209235905	-0.0025146468241637903
0.06546361740672754	0.005418428248215629	-0.002523999361332539
0.06606934480075964	0.005419641713649877	-0.0025346250562294356
0.06668067692136226	0.005420878691242105	-0.0025467734065109304
0.06729766562843183	0.005422139666997002	-0.002560755801299411
0.0679203632617185	0.00542342513927797	-0.0025769639434374066
0.0685488226452662	0.0054247356190294214	-0.0025958945833515915
0.0691830970918937	0.005426071629709979	-0.002618182930133275
0.06982324040771719	0.005427433706692733	-0.0026446479879684162
0.07046930689671474	0.005428822395639715	-0.0026763541823228714
0.07112135136533296	0.005430238249068835	-0.0027146948770659066
0.07177942912713622	0.005431681819654626	-0.0027615042717707814
0.07244359600749906	0.005433153647749539	-0.002819203303435767
0.0731139083483418	0.005434654238756422	-0.0028909788432362397
0.07379042301291015	0.005436184023015567	-0.0029809745385986582
0.07447319739059896	0.005437743286675934	-0.003094415162995216
0.07516228940182061	0.005439332058213474	-0.003237451194412943
0.07585775750291844	0.0054409499392632996	-0.003416226406981236
0.07655966069112569	0.005442595903949606	-0.003634198673011204
0.07726805850957029	0.005444268208725728	-0.003886382808381236
0.07798301105232593	0.00544596479280156	-0.004150395875466343
0.07870457896950993	0.00544768468928519	-0.0043798591091331225
0.07943282347242822	0.005449430205759146	-0.004514217612431568
0.08016780633876798	0.005451207720333204	-0.0045121859787299965
0.0809095899178383	0.005453024989615846	-0.00438218420605174
0.0816582371358593	0.00545488714483816	-0.0041736095865578535
0.0824138115013003	0.005456795435629699	-0.003941316474167854
0.08317637711026717	0.005458748777995337	-0.003721817156413254
0.08394599865193982	0.005460745602216667	-0.003531254857049413
0.08472274141405972	0.005462784774182625	-0.0033728124101388202
0.08550667128846841	0.005464865781497933	-0.003243698963738126
0.0862978547766971	0.005466988626256491	-0.003139235377126355
0.08709635899560814	0.005469153668850016	-0.003054715280196238
0.08790225168308852	0.005471361502746583	-0.002986070312695753
0.08871560120379617	0.005473612870299798	-0.002930001910049383
0.08953647655495947	0.005475908610323343	-0.002883912234488644
0.09036494737223023	0.005478249626680594	-0.002845779904665076
0.09120108393559107	0.005480636869878931	-0.0028140369328531114
0.09204495717531722	0.005483071326516578	-0.00278746472162834
0.09289663867799372	0.0054855540133638804	-0.002765111761917217
0.09375620069258811	0.005488085974228906	-0.0027462304623840834
0.09462371613657934	0.005490668278444463	-0.0027302293273498137
0.09549925860214364	0.005493302020343431	-0.0027166369301296392
0.0963829023623971	0.00549598831932183	-0.0027050747673896623
0.09727472237769656	0.005498728320254228	-0.0026952367406248875
0.09817479430199849	0.005501523194112698	-0.002686873570536831
0.09908319448927681	0.00550437413874353	-0.0026797808879953475
0.10000000000000005	0.00550728237970825	-0.0026737900751030875
0.10092528860766849	0.005510249171193399	-0.0026687611735917837
0.10185913880541175	0.005513275796953523	-0.0026645773563362504
0.10280162981264741	0.005516363571297512	-0.0026611405881535612
0.10375284158180131	0.005519513840091086	-0.0026583681973618933
0.10471285480509002	0.0055227279817920884	-0.0026561901493724373
0.1056817509213659	0.005526007408515021	-0.0026545468649527867
0.10665961212302584	0.0055293535671177545	-0.0026533874638130697
0.10764652136298355	0.0055327679403210156	-0.0026526683424061897
0.10864256236170661	0.005536252047860026	-0.0026523520159022493
0.10964781961431856	0.005539807447671383	-0.0026524061703119585
0.1106623783977667	0.005543435737107001	-0.002652802882626329
0.11168632477805618	0.005547138554203943	-0.0026535179761328393
0.1127197456175511	0.005550917578979423	-0.002654530484974354
0.11376272858234315	0.005554774534779511	-0.0026558222075208143
0.11481536214968835	0.005558711189668054	-0.002657377332251742
0.11587773561551268	0.0055627293578746385	-0.002659182123152976
0.11694993910198717	0.0055668309012796915	-0.0026612246541597596
0.11803206356517304	0.00557101773097211	-0.0026634945842127925
0.11912420080273756	0.005575291808846331	-0.0026659829661048588
0.12022644346174137	0.005579655149280557	-0.00266868208351511
0.1213388850464978	0.005584109820856865	-0.0026715853116931454
0.12246161992650495	0.005588657948169804	-0.0026746869980380553
0.12359474334445113	0.005593301713690273	-0.0026779823595003303
0.12473835142429439	0.005598043359711262	-0.0026814673942241597
0.1258925411794168	0.005602885190372248	-0.0026851388053423485
0.12705741052085426	0.005607829573759627	-0.0026889939351282272
0.12823305826560225	0.005612878944102446	-0.0026930307080261693
0.1294195841449987	0.00561803580405016	-0.0026972475813395787
0.13061708881318423	0.005623302727049392	-0.0027016435024994666
0.1318256738556408	0.005628682359827118	-0.0027062178720756694
0.13304544179780922	0.005634177424965323	-0.002710970511726641
0.13427649611378642	0.0056397907235993545	-0.002715901636516355
0.13551894123510363	0.005645525138227212	-0.002721011831016204
0.13677288255958495	0.005651383635640887	-0.0027263020287505105
0.13803842646028852	0.005657369269987942	-0.0027317734945961117
0.13931568029453034	0.005663485185973581	-0.002737427809795477
0.14060475241299142	0.005669734622194735	-0.0027432668593037426
0.14190575216890927	0.005676120914639016	-0.0027492928212123845
0.1432187899273544	0.005682647500329426	-0.00275550815805846
0.1445439770745928	0.005689317921148127	-0.002761915609819911
0.1458814260275349	0.005696135827827472	-0.0027685181884550074
0.14723125024327194	0.005703104984137888	-0.002775319173846863
0.14859356422870074	0.005710229271261405	-0.0027823221110423557
0.1499684835502374	0.005717512692384096	-0.0027895308086972686
0.15135612484362088	0.0057249593774992575	-0.0027969493386147404
0.15275660582380732	0.005732573588453007	-0.0028045820363687846
0.154170045294956	0.005740359724225484	-0.002812433502877313
0.1555965631605075	0.005748322326479711	-0.002820508606944681
0.15703628043335532	0.005756466085385016	-0.0028288124886960636
0.15848931924611143	0.005764795845727781	-0.0028373505638829974
0.15995580286146696	0.005773316613336934	-0.0028461285290448026
0.1614358556826487	0.00578203356183429	-0.002855152367489688
0.1629296032639723	0.00579095203973301	-0.0028644283561038574
0.16443717232149324	0.0058000775779036146	-0.0028739630729735025
0.16595869074375613	0.005809415897438936	-0.0028837634058134797
0.16749428760264382	0.005818972917923036	-0.002893836561214725
0.1690440931643265	0.005828754766155246	-0.002904190074728171
0.17060823890031243	0.0058387677853377045	-0.0029148318217699855
0.17218685749860077	0.005849018544761318	-0.0029257700293957964
0.17378008287493762	0.005859513850037017	-0.0029370132889414012
0.1753880501841762	0.005870260753878821	-0.0029485705695836946
0.1770108958317422	0.0058812665675083186	-0.0029604512328171655
0.17864875748520517	0.0058925388726907175	-0.0029726650479106305
0.180301774085957	0.005904085534476594	-0.002985222208372846
0.18197008586099844	0.005915914714663398	-0.0029981333494578225
0.18365383433483473	0.005928034886057457	-0.0030114095667882626
0.18535316234148125	0.0059404548475705445	-0.00302506243611815
0.18706821403658017	0.005953183740221212	-0.0030391040343282468
0.18879913490962946	0.005966231064100803	-0.003053546961693526
0.19054607179632482	0.005979606696370067	-0.0030684043655138642
0.19230917289101596	0.005993320910368771	-0.003083689965181585
0.19408858775927793	0.00600738439591599	-0.003099418078785657
0.19588446735059908	0.006021808280885428	-0.0031156036513497434
0.1976969640111862	0.006036604154160068	-0.0031322622848090793
0.19952623149688808	0.006051784090057521	-0.003149410269874581
0.20137242498623895	0.006067360674359827	-0.003167064619906022
0.2032357010936223	0.006083347032042559	-0.0031852431069607583
0.20511621788255666	0.006099756856867658	-0.0032039643002084958
0.20701413487910436	0.0061166044429609755	-0.003223247606909495
0.2089296130854041	0.0061339047185584765	-0.003243113316202549
0.2108628149933291	0.006151673282073837	-0.0032635826459598526
0.21281390459827135	0.0061699264406929995	-0.0032846777930436023
0.21478304741305343	0.006188681251707443	-0.003306421987312789
0.21677041048196952	0.006207955566803989	-0.003328839549813077
0.2187761623949553	0.006227768079582528	-0.0033519559556648665
0.22080047330189004	0.0062481383765598236	-0.003375797902199811
0.22284351492703042	0.006269086991980037	-0.0034003933830813135
0.22490546058357816	0.006290635466777827	-0.0034257717692293237
0.22698648518838224	0.006312806412032721	-0.0034519638975218352
0.22908676527677735	0.006335623577374199	-0.0034790021684943913
0.23120647901755953	0.006359111924750419	-0.0035069206544321887
0.23334580622810033	0.006383297708096915	-0.0035357552196280725
0.23550492838960102	0.006408208559458955	-0.0035655436548739853
0.23768402866248772	0.006433873582172305	-0.003596325828774904
0.2398832919019491	0.006460323451816898	-0.003628143858973285
0.2421029046736179	0.006487590525731194	-0.0036610423071985914
0.24434305526939726	0.006515708961896193	-0.0036950684027598065
0.246603933723434	0.0065447148482389765	-0.0037302723004129902
0.24888573182823917	0.006574646343340165	-0.0037667073797088965
0.25118864315095807	0.006605543829862342	-0.0038044305948656903
0.2535128630497908	0.006637450081992965	-0.003843502886228688
0.25585858869056466	0.006670410448470652	-0.00388398966726387
0.2582260190634597	0.0067044730529350225	-0.003925961404475994
0.26061535499988964	0.006739689013590392	-0.003969494312162532
0.2630267991895383	0.006776112684339888	-0.004014671189456211
0.26546055619755404	0.00681380192004767	-0.004061582434583457
0.2679168324819033	0.006852818368687884	-0.004110327280321366
0.2703958364108845	0.006893227793801182	-0.004161015306839161
0.2728977782808042	0.006935100430935884	-0.004213768303379731
0.27542287033381674	0.006978511382474255	-0.004268722570434547
0.277971326775929	0.00702354105583608	-0.004326031780036308
0.2805433637951715	0.007070275650772395	-0.004385870545872012
0.28313919957993805	0.007118807702457913	-0.004448438899646418
0.2857590543374948	0.007169236688183537	-0.0045139679290106495
0.2884031503126607	0.007221669706577625	-0.004582726910253898
0.29107171180666064	0.007276222240041603	-0.004655032372894816
0.2937649651961532	0.007333019012761947	-0.0047312596720169115
0.2964831389524344	0.0073921949589636675	-0.004811857830982206
0.29922646366081906	0.007453896318760767	-0.004897368670010827
0.30199517204020176	0.007518281882230192	-0.004988451580254023
0.30478949896279844	0.007585524406400259	-0.005085915775013993
0.307609681474071	0.007655812234771028	-0.005190762501427024
0.3104559588128357	0.007729351155224846	-0.005304240602714307
0.3133285724315587	0.00780636653989683	-0.005427920092958496
0.3162277660168381	0.00788710582022539	-0.005563790206109711
0.31915378551007634	0.007971841362922042	-0.0057143909515105255
0.3221068791283436	0.008060873828296776	-0.005882990917077219
0.32508729738543457	0.008154536113015693	-0.006073829470991541
0.3280952931131192	0.008253198006034138	-0.006292449497400341
0.3311311214825913	0.008357271722077958	-0.006546158740347188
0.33419504002611444	0.008467218524410297	-0.0068446759331972085
0.3372873086588691	0.008583556713223217	-0.007201045773378679
0.34040818970100106	0.008706871344841235	-0.007632950492031764
0.34355794789987465	0.008837826171838361	-0.008164615570219807
0.34673685045253166	0.008977178472260157	-0.00882962120728816
0.3499451670283573	0.009125797697859614	-0.00967512308960525
0.353183169791957	0.009284689272900142	-0.010768333558330153
0.35645113342624424	0.009455022072355176	-0.012220007573314668
0.3597493351557423	0.009638185191980158	-0.014132709526689304
0.36307805477010135	0.009835811812132304	-0.016764617126798876
0.36643757464783333	0.010049886134176908	-0.020437780214240007
0.3698281797802663	0.010282838545996162	-0.025690629266819177
0.3732501577957206	0.010537713465307559	-0.03342282245314067
0.37670379898390893	0.010818431722603092	-0.04522390042307888
0.38018939632056126	0.011130243077345725	-0.0641317722600957
0.38370724549227886	0.011480609145866575	-0.09668755446131394
0.3872576449216173	0.011881308497582949	-0.1601003515042712
0.3908408957924021	0.012355428670783932	-0.3213265728649764
0.39445730207527846	0.012947995301888528	-1.2864724435357011
0.3981071705534973	0.01316926954685065	-0.058150797060461674
0.40179081084894	0.014104450637038619	-0.2019348403029575
0.40550853544838394	0.015210903266251503	-0.7204224703193755
0.40926065973001097	0.016879466951911597	-2.2127240417546914
0.41304750199016144	0.019868972951203573	-8.224600874139853
0.4168693834703355	0.018961936178535827	-34.7399811587257
0.4207266283844442	0.0120178398168382	-20.483387481844552
0.424619563946313	0.013529515071656244	-8.19759359138516
0.4285485203974396	0.015294142843669574	-4.7340438770341535
0.43251383103500884	0.01701567127126345	-3.400903808896935
0.4365158322401661	0.018867093228731206	-2.791623014866828
0.44055486350655343	0.02101501909190583	-2.5125874537829174
0.4446312674691088	0.023655496295229658	-2.4285510627264424
0.4487453899331323	0.027077096479562638	-2.4963686113745043
0.4528975799036209	0.031773774346330386	-2.7237438591209964
0.4570881896148752	0.0387096754603618	-3.173624230319897
0.46131757456037953	0.050092064543228634	-4.023692815957014
0.4655860935229591	0.07237069939698373	-5.833659486404233
0.4698941086052156	0.13480064641863973	-11.917764386832419
0.4742419852602448	0.6545482648539293	-72.6143846110483
0.47863009232263853	0.14241122933287498	-167.45893995465093
0.48305880203977286	0.06787523274590833	-173.68875754082458
0.4875284901033865	0.043372714173655465	-175.66227167472883
0.4920395356814511	0.031217653005777182	-176.59423194018615
0.49659232145033627	0.023949464858061743	-177.1103074872905
0.5011872336272725	0.01910725005738494	-177.41427761323754
0.5058246620031143	0.01564395837508686	-177.59064262864734
0.5105049999754064	0.013038679257384328	-177.67895834685726
0.5152286445817567	0.011002993917659739	-177.69806972510318
0.5199959965335162	0.00936420052439362	-177.6553066698368
0.5248074602497729	0.008012474498062205	-177.5500063036649
0.5296634438916581	0.006874542717272994	-177.37428734156785
0.5345643593969719	0.005899549957340775	-177.11189157914424
0.5395106225151278	0.005051007568920898	-176.73487882051668
0.5445026528424215	0.004301989940657858	-176.19698106910914
0.5495408738576248	0.003632181559928482	-175.4207509925496
0.5546257129579107	0.0030260729618836017	-174.27194340146312
0.5597576014951101	0.0024720033611571705	-172.5053087294066
0.5649369748123025	0.001962103805359783	-169.640396621229
0.5701642722807475	0.001493858052604628	-164.64896127284706
0.5754399373371569	0.0010761149693471006	-155.10579384813627
0.580764417521312	0.0007498092029865754	-135.27374850537535
0.5861381645140288	0.0006289987682417155	-99.83552127445991
0.591561634175474	0.0007867598541067588	-67.22290030252402
0.5970352865838369	0.0011025332198564474	-49.388371823125865
0.6025595860743578	0.0015039177492032047	-39.222953924910364
0.6081350012787179	0.002020987800393284	-32.448011757473616
0.6137620051647943	0.0027554317441048264	-28.065132801528684
0.6194410750767815	0.003920534499390687	-26.47980938307787
0.6251726927756859	0.006087564611124441	-29.692348370518307
0.6309573444801934	0.011076859901448249	-48.02474179224151
0.6367955209079159	0.012171108124401413	-102.6773684844728
0.6426877173170198	0.010768623601713843	-119.38072474595019
0.6486344335482385	0.006893355792515026	-159.1967572281202
0.654636174067275	0.002633103928046285	-171.45492571754693
0.6606934480075961	0.004577650111161315	-170.91410984765815
0.6668067692136223	0.0026230584343703064	-174.05391178930574
0.6729766562843178	0.0017819848334478803	-175.2613686696901
0.6792036326171846	0.0012159086901428412	-175.83052269368378
0.6854882264526617	0.0007843557394180918	-175.8880092789153
0.6918309709189366	0.0004338153100591939	-175.04092864971884
0.6982324040771715	0.0001382033991885166	-169.05581084892762
0.7046930689671471	0.0001241654225859106	-8.959971333692534
0.7112135136533292	0.00035304494470101463	-2.4393842767167713
0.7177942912713619	0.0005614051713781152	-1.2515921097754654
0.7244359600749902	0.0007531570102822878	-0.7936021961843372
0.7311390834834176	0.0009317441908235448	-0.5639304061685156
0.7379042301291011	0.0010998265390469804	-0.43054590265299614
0.7447319739059892	0.0012594897419301737	-0.3450954434900065
0.7516228940182057	0.0014124127387908122	-0.28630823907529035
0.758577575029184	0.001559990625009657	-0.2436232704682451
0.7655966069112565	0.0017034297586800019	-0.21130933062567514
0.7726805850957026	0.0018438321054177697	-0.1860315940500576
0.7798301105232589	0.00198229111341829	-0.1657391030655321
0.7870457896950989	0.0021200439814176436	-0.14912435186755593
0.7943282347242817	0.0022588079545402553	-0.1353813266945983
0.8016780633876793	0.0024017840972523725	-0.12427942997232028
0.8090958991783825	0.0025579655150417724	-0.1176841712351857
0.8165823713585927	0.002779167886151209	-0.1458909867914357
0.8241381150130026	0.0021599128694648993	-1.4222956285571857
0.8317637711026713	0.0027784967027363896	-0.14568089442379015
0.8394599865193977	0.002960710508491246	-0.1099495003582732
0.8472274141405968	0.003115965495441545	-0.09714543492327501
0.8550667128846836	0.0032657275190356885	-0.08947882309982438
0.8629785477669706	0.0034154549921769474	-0.08391506026837628
0.870963589956081	0.0035675116077169217	-0.07952256597165348
0.8790225168308847	0.0037233480416199957	-0.07591132284103676
0.8871560120379608	0.003884098507566333	-0.07288214598267083
0.8953647655495938	0.004050797768575038	-0.0703185377499964
0.9036494737223014	0.004224480340324481	-0.068145743695493
0.9120108393559097	0.004406237364584688	-0.06631279738547087
0.9204495717531712	0.004597257747488701	-0.06478372704928356
0.9289663867799363	0.004798864733441329	-0.06353287593975651
0.9375620069258802	0.005012553642801706	-0.06254226407365139
0.946237161365793	0.00524003456237811	-0.0618000599627358
0.9549925860214359	0.005483283295040127	-0.0612997147586951
0.9638290236239705	0.00574460416115841	-0.0610395356064161
0.9727472237769651	0.006026709104123589	-0.06102258908251387
0.9817479430199844	0.0063328190151799085	-0.061256890737694795
0.9908319448927676	0.0066667954480357245	-0.06175588076574246
1.	0.007033314305961253	-0.06253922313454664
1.0092528860766845	0.007438098277173285	-0.06363400563887439
1.0185913880541169	0.007888232820494888	-0.06507647007282857
1.0280162981264735	0.008392603163670584	-0.06691447630419685
1.0375284158180127	0.008962510230680641	-0.06921101884449689
1.0471285480508996	0.009612557371855936	-0.07204929915084449
1.0568175092136585	0.01036195791277264	-0.07554016466185007
1.066596121230258	0.011236516640714764	-0.0798332564916706
1.076465213629835	0.012271728666431992	-0.08513415734991256
1.0864256236170655	0.013517807104688142	-0.09173159871532316
1.096478196143185	0.015048202353917194	-0.1000422251358062
1.1066237839776665	0.016974812113978215	-0.11068744502801582
1.1168632477805611	0.019476935298335118	-0.12463208347402646
1.1271974561755105	0.02286102564483655	-0.1434492632157566
1.1376272858234309	0.02769769814576052	-0.1698589056433151
1.1481536214968828	0.03518448454968861	-0.208878335528728
1.1587773561551262	0.04833250193106586	-0.27008128766646555
1.1694993910198712	0.07749301435593306	-0.36445008841454507
1.1803206356517297	0.1987443583849136	-0.25288580442706887
1.191242008027375	0.3349021952248544	-177.86156156389572
1.2022644346174132	0.09150324793352867	-179.286064148178
1.2133888504649775	0.05267320432205685	-179.5876696003495
1.224616199265049	0.03685445335024224	-179.70902608184514
1.2359474334445106	0.028269024102823437	-179.77260051644058
1.2473835142429432	0.022877694452169955	-179.81077179153988
1.2589254117941675	0.019176331716026576	-179.83550131242893
1.270574105208542	0.016476975864257577	-179.85215245140543
1.2823305826560218	0.014420403925887695	-179.86343529351333
1.2941958414499863	0.012800720037691254	-179.87081264450617
1.3061708881318417	0.011491417566351235	-179.87507763373014
1.3182567385564075	0.010410452018305528	-179.87660856326897
1.3304544179780915	0.00950224882272981	-179.87547438640115
1.3427649611378643	0.008727775906760384	-179.87145157009837
1.3551894123510364	0.008058745727726439	-179.86396253955292
1.3677288255958495	0.007474053893966992	-179.85190592606926
1.3803842646028852	0.006957474704532102	-179.83328501158886
1.3931568029453034	0.006496059015446597	-179.8043885276407
1.4060475241299142	0.006078858105015832	-179.75783698317818
1.4190575216890926	0.005695581197488226	-179.67730352207053
1.432187899273544	0.005334416215371266	-179.5204422034611
1.4454397707459279	0.004976628809326717	-179.1467187341837
1.4588142602753489	0.0045807573071732915	-177.84606875804616
1.4723125024327193	0.004292599247840405	-169.7038172230422
1.4859356422870074	0.005090910934633124	-174.93548760887805
1.499684835502374	0.0045998131240274145	-178.97321660095326
1.5135612484362087	0.004285644630604071	-179.6210614131029
1.5275660582380732	0.004048003305913993	-179.8160199697121
1.54170045294956	0.0038475847571607484	-179.89627751872618
1.555965631605075	0.0036703896848431605	-179.9357547904445
1.5703628043335531	0.0035099993442241715	-179.95752935210643
1.584893192461114	0.0033628631961487494	-179.97053914339094
1.5995580286146696	0.003226732682956372	-179.97878515768065
1.6143585568264869	0.003100038613877693	-179.98425516828414
1.629296032639723	0.002981607370755885	-179.98801765529848
1.6443717232149324	0.0028705167472461933	-179.99068347688848
1.6595869074375613	0.0027660159210974884	-179.9926196251612
1.6749428760264382	0.002667477598684911	-179.99405576129257
1.690440931643265	0.002574367536785366	-179.99514059756618
1.7060823890031243	0.002486224064129691	-179.99597326380868
1.7218685749860079	0.002402643683467107	-179.99662150876608
1.7378008287493762	0.002323270554295551	-179.9971326504305
1.753880501841762	0.0022477885601200668	-179.99754037331223
1.770108958317422	0.002175915162791316	-179.9978690647919
1.7864875748520517	0.002107396533853168	-179.99813664909885
1.803017740859568	0.002042003625013754	-179.99835647958858
1.8197008586099825	0.0019795289467333917	-179.99853862672035
1.8365383433483455	0.001919783892439362	-179.9986907699934
1.8535316234148105	0.0018625964911161699	-179.9988188253507
1.8706821403657996	0.0018078095017099985	-179.99892739282257
1.8879913490962925	0.0017552787841272912	-179.99902008008604
1.9054607179632463	0.001704871896789549	-179.99909973913464
1.9230917289101574	0.0016564668817320642	-179.9991686412994
1.9408858775927773	0.001609951206394164	-179.99922860799478
1.958844673505989	0.0015652208373916538	-179.9992811093093
1.97696964011186	0.0015221794262590327	-179.99932733899968
1.9952623149688788	0.0014807375907911113	-179.99936827200054
2.0137242498623875	0.0014408122784735746	-179.99940470886148
2.032357010936221	0.0014023262007635887	-179.999437310328
2.0511621788255647	0.0013652073288045838	-179.99946662443236
2.0701413487910414	0.001329388442635942	-179.9994931078497
2.0892961308540388	0.0012948067271645913	-179.9995171428342
2.108628149933289	0.0012614034091583464	-179.99953905072405
2.1281390459827114	0.0012291234303438339	-179.99955910276847
2.147830474130533	0.0011979151523782295	-179.99957752885106
2.167704104819694	0.0011677300900399224	-179.99959452455167
2.1877616239495516	0.0011385226694689088	-179.9996102568894
2.208004733018899	0.0011102500086992487	-179.9996248690133
2.228435149270303	0.0010828717180764152	-179.99963848404917
2.2490546058357803	0.001056349718451771	-179.99965120826718
2.2698648518838214	0.001030648075303536	-179.9996631336998
2.2908676527677723	0.0010057328471549016	-179.99967434031322
2.312064790175594	0.0009815719468512392	-179.99968489781506
2.333458062281002	0.0009581350144241814	-179.99969486716415
2.355049283896009	0.0009353933004144411	-179.9997043018354
2.376840286624876	0.0009133195586509695	-179.99971324888313
2.39883291901949	0.0008918879475938419	-179.99972174983736
2.4210290467361775	0.0008710739394445653	-179.9997298414619
2.4434305526939712	0.0008508542363120242	-179.9997375563969
2.4660393372343385	0.0008312066927967271	-179.99974492370518
2.48885731828239	0.0008121102444216917	-179.99975196933818
2.5118864315095797	0.0007935448413963422	-179.99975871653413
2.535128630497907	0.0007754913872512491	-179.99976518615915
2.5585858869056453	0.0007579316819271459	-179.99977139700044
2.582260190634596	0.0007408483689422649	-179.9997773660186
2.6061535499988953	0.0007242248862981552	-179.9997831085654
2.6302679918953813	0.000708045420816386	-179.9997886385723
2.654605561975539	0.000692294865627355	-179.99979396871396
2.6791683248190314	0.0006769587805582054	-179.99979911054996
2.703958364108843	0.0006620233551899434	-179.99980407464878
2.7289777828080406	0.0006474753743746189	-179.99980887069546
2.7542287033381663	0.0006333021860220646	-179.99981350758617
2.7797132677592886	0.0006194916709824606	-179.99981799351093
2.805433637951713	0.00060603221486614	-179.99982233602614
2.831391995799379	0.0005929126816556886	-179.99982654211874
2.8575905433749464	0.0005801223889777277	-179.99983061826242
2.8840315031266055	0.0005676510849129367	-179.9998345704674
2.910717118066605	0.000555488926232971	-179.99983840432486
2.9376496519615305	0.0005436264579621036	-179.99984212504552
2.9648313895243423	0.0005320545941697395	-179.99984573749495
2.992264636608189	0.0005207645999075132	-179.99984924622413
3.019951720402016	0.0005097480742115598	-179.9998526554972
3.047894989627983	0.0004989969340968247	-179.99985596931617
3.076096814740708	0.0004885033994759721	-179.99985919144294
3.1045595881283554	0.0004782599789406945	-179.99986232541912
3.1332857243155856	0.0004682594563479535	-179.99986537458386
3.162277660168379	0.00045849487815807256	-179.9998683420899
3.1915378551007616	0.00044895954147555246	-179.9998712309179
3.2210687912834346	0.00043964698274716454	-179.99987404388966
3.250872973854344	0.0004305509670751939	-179.99987678367975
3.2809529311311905	0.0004216654781067963	-179.99987945282646
3.311311214825911	0.00041298470846324415	-179.99988205374126
3.3419504002611427	0.0004045030506754282	-179.99988458871783
3.372873086588689	0.00039621508859437305	-179.99988705994005
3.404081897010009	0.0003881155892477116	-179.99988946948935
3.4355794789987466	0.0003801994951150946	-179.99989181935143
3.4673685045253166	0.0003724619167973687	-179.99989411142244
3.499451670283573	0.0003648981260560847	-179.99989634751452
3.53183169791957	0.0003575035492014835	-179.99989852936122
3.5645113342624426	0.0003502737608085721	-179.99990065862195
3.5974933515574232	0.0003432044777422693	-179.99990273688664
3.630780547701014	0.0003362915534738506	-179.99990476567956
3.664375746478333	0.00032953097267208537	-179.99990674646327
3.6982817978026628	0.0003229188460535423	-179.9999086806419
3.732501577957206	0.00031645140547753754	-179.99991056956443
3.767037989839089	0.0003101249992721227	-179.99991241452776
3.801893963205613	0.0003039360877783813	-179.9999142167792
3.8370724549227884	0.00029788123910109185	-179.99991597751927
3.8725764492161727	0.00029195712505456677	-179.99991769790404
3.908408957924021	0.0002861605172931652	-179.9999193790472
3.944573020752785	0.0002804882836166216	-179.99992102202236
3.981071705534973	0.0002749373844409318	-179.99992262786463
4.0179081084894	0.0002695048694260924	-179.99992419757282
4.055085354483839	0.00026418787425251704	-179.9999257321107
4.09260659730011	0.0002589836175384227	-179.9999272324088
4.130475019901614	0.0002538893978909472	-179.99992869936563
4.168693834703355	0.00024890259108415396	-179.99993013384898
4.207266283844442	0.00024402064735748715	-179.9999315366971
4.24619563946313	0.0002392410888285785	-179.99993290871944
4.285485203974396	0.00023456150701463125	-179.99993425069744
4.325138310350088	0.0002299795604568838	-179.99993556338478
4.365158322401661	0.0002254929724428704	-179.999936847507
4.405548635065534	0.0002210995288213296	-179.99993810376043
4.446312674691089	0.0002167970759045736	-179.999939332809
4.487453899331323	0.00021258351845278046	-179.99994053527809
4.528975799036209	0.00020845681773358187	-179.99994171174146
4.570881896148752	0.00020441498964748222	-179.9999428626926
4.613175745603791	0.00020045610290195237	-179.99994398847804
4.655860935229586	0.00019657827719436925	-179.99994508912258
4.698941086052151	0.00019277968128617203	-179.99994616378973
4.742419852602444	0.0001890585305162054	-179.99994720865803
4.7863009232263805	0.00018541308123184514	-179.99994820427693
4.830588020397723	0.0001818415922239925	-179.9999489209842
4.875284901033861	0.00017834312763197836	-179.9999475628831
4.920395356814506	0.00017491454387331967	-179.9999511348673
4.965923214503357	0.00017155545593465878	-179.99995216631098
5.01187233627272	0.0001682640739658394	-179.99995311630502
5.058246620031137	0.0001650388956734477	-179.99995403547683
5.105049999754059	0.00016187846862256508	-179.99995493215326
5.152286445817562	0.00015878137912129044	-179.99995580890948
5.1999599653351565	0.00015574624940168229	-179.99995666693954
5.248074602497723	0.00015277173610273213	-179.9999575069864
5.296634438916575	0.00014985652909921845	-179.9999583296114
5.345643593969713	0.00014699935046428748	-179.99995913528963
5.395106225151273	0.00014419895350324674	-179.999959924449
5.445026528424209	0.00014145412183593528	-179.9999606974879
5.495408738576242	0.00013876366851790122	-179.99996145478423
5.5462571295791046	0.00013612643519540633	-179.99996219670004
5.597576014951099	0.00013354129129127408	-179.99996292358438
5.649369748123022	0.00013100713321952218	-179.9999636357751
5.701642722807472	0.00012852288362718973	-179.99996433359982
5.754399373371567	0.00012608749066202933	-179.99996501737692
5.807644175213118	0.00012369992726489557	-179.99996568741597
5.861381645140285	0.000121359190485772	-179.99996634401836
5.9156163417547365	0.0001190643008224543	-179.9999669874775
5.9703528658383656	0.00011681430158097426	-179.99996761807938
6.025595860743575	0.00011460825825689968	-179.99996823610266
6.081350012787176	0.0001124452579366915	-179.99996884181897
6.137620051647939	0.00011032440871834024	-179.99996943549328
6.194410750767812	0.00010824483915054181	-179.99997001738402
6.251726927756856	0.00010620569768970588	-179.9999705877432
6.30957344480193	0.00010420615217412403	-179.9999711468168
6.367955209079155	0.00010224538931465284	-179.9999716948448
6.426877173170194	0.00010032261420129797	-179.99997223206145
6.486344335482381	0.00009843704982510928	-179.99997275869538
6.546361740672747	0.00009658793661482521	-179.9999732749698
6.6069344800759575	0.00009477453198772712	-179.99997378110257
6.668067692136219	0.00009299610991418709	-179.99997427730653
6.729766562843175	0.0000912519604954158	-179.99997476378945
6.792036326171843	0.00008954138955393615	-179.99997524075425
6.854882264526613	0.00008786371823632917	-179.9999757083992
6.918309709189362	0.00008621828262781726	-179.99997616691792
6.9823240407717115	0.00008460443337826695	-179.99997661649957
7.046930689671467	0.00008302153533921202	-179.99997705732898
7.112135136533288	0.00008146896721151176	-179.99997748958674
7.177942912713615	0.00007994612120327711	-179.99997791344936
7.244359600749899	0.00007845240269771079	-179.99997832908934
7.311390834834173	0.00007698722993052158	-179.99997873667522
7.379042301291007	0.00007555003367658655	-179.99997913637176
7.447319739059888	0.00007414025694554927	-179.9999795283401
7.516228940182053	0.0000727573546860519	-179.9999799127377
7.585775750291836	0.00007140079349831278	-179.99998028971845
7.655966069112561	0.00007007005135477118	-179.999980659433
7.726805850957022	0.00006876461732853266	-179.99998102202846
7.798301105232586	0.00006748399132935783	-179.99998137764888
7.870457896950985	0.00006622768384694754	-179.99998172643495
7.943282347242813	0.00006499521570128685	-179.99998206852445
8.01678063387679	0.00006378611779981938	-179.999982404052
8.090958991783822	0.00006259993090123145	-179.99998273314935
8.165823713585922	0.00006143620538563499	-179.99998305594542
8.241381150130021	0.00006029450103094456	-179.99998337256628
8.317637711026709	0.000059174386795252816	-179.99998368313533
8.394599865193973	0.00005807544060501463	-179.99998398777316
8.472274141405963	0.00005699724914885805	-179.99998428659802
8.550667128846833	0.00005593940767684687	-179.99998457972538
8.629785477669701	0.000054901519805024966	-179.9999848672684
8.709635899560805	0.00005388319732507969	-179.99998514933773
8.790225168308842	0.000052884060018967475	-179.99998542604175
8.871560120379607	0.00005190373547834919	-179.99998569748647
8.953647655495937	0.00005094185892869015	-179.9999859637757
9.036494737223014	0.00004999807305788275	-179.99998622501107
9.120108393559097	0.00004907202784925654	-179.999986481292
9.204495717531712	0.000048163380418843554	-179.9999867327159
9.289663867799362	0.00004727179485677327	-179.9999869793781
9.375620069258803	0.00004639694207267376	-179.99998722137195
9.462371613657929	0.000045538499644961855	-179.99998745878884
9.549925860214358	0.00004469615167390762	-179.99998769171822
9.638290236239705	0.00004386958863836352	-179.99998792024783
9.727472237769652	0.000043058507256051514	-179.9999881444634
9.817479430199844	0.00004226261034730532	-179.999988364449
9.908319448927676	0.000041481606702168706	-179.99998858028698
10.	0.00004071521095075366	-179.99998879205793
10.092528860766844	0.00003996314343676555	-179.9999889998408
10.18591388054117	0.000039225130094105774	-179.99998920371294
10.280162981264736	0.000038500902326464714	-179.99998940375016
10.375284158180126	0.000037790196889821696	-179.9999896000266
10.471285480508996	0.000037092755777770035	-179.99998979261503
10.568175092136585	0.00003640832610958932	-179.99998998158662
10.665961212302578	0.00003573666002098833	-179.99999016701116
10.76465213629835	0.00003507751455744551	-179.99999034895703
10.864256236170656	0.000034430651570075645	-179.99999052749118
10.964781961431852	0.000033795837613953536	-179.99999070267927
11.066237839776663	0.00003317284384882847	-179.9999908745856
11.168632477805613	0.00003256144594216438	-179.99999104327313
11.271974561755105	0.00003196142397444348	-179.99999120880366
11.37627285823431	0.00003137256234667233	-179.99999137123766
11.481536214968829	0.000030794649690032015	-179.99999153063442
11.587773561551263	0.000030227478777615234	-179.9999916870521
11.694993910198711	0.000029670846438195148	-179.99999184054758
11.803206356517286	0.00002912455347197277	-179.9999919911767
11.912420080273739	0.000028588404568250372	-179.99999213899417
12.022644346174118	0.000028062208224981975	-179.9999922840536
12.133888504649763	0.00002754577667015041	-179.99999242640754
12.246161992650476	0.000027038925784925257	-179.9999925661075
12.359474334445094	0.00002654147502855484	-179.99999270320393
12.47383514242942	0.000026053247364948172	-179.99999283774642
12.589254117941662	0.00002557406919090374	-179.9999929697834
12.705741052085406	0.000025103770265942904	-179.99999309936243
12.823305826560205	0.00002464218364370771	-179.9999932265302
12.941958414499851	0.000024189145604883224	-179.99999335133236
13.061708881318404	0.000023744495591606465	-179.99999347381373
13.182567385564061	0.0000233080761433244	-179.99999359401826
13.304544179780901	0.0000228797328340651	-179.99999371198905
13.427649611378628	0.000022459314211086965	-179.99999382776826
13.551894123510351	0.000022046671734871745	-179.99999394139735
13.67728825595848	0.000021641659720428567	-179.9999940529169
13.803842646028839	0.000021244135279876472	-179.9999941623667
13.931568029453022	0.00002085395826627451	-179.99999426978582
14.060475241299129	0.000020470991218668782	-179.9999943752125
14.190575216890911	0.00002009509930832706	-179.9999944786843
14.321878992735424	0.00001972615028613216	-179.999994580238
14.454397707459265	0.000019364014431106337	-179.99999467990972
14.588142602753473	0.000019008564500039366	-179.9999947777348
14.723125024327178	0.000018659675678194116	-179.999994873748
14.859356422870059	0.000018317225531063806	-179.99999496798333
14.996848355023726	0.000017981093957156088	-179.99999506047416
15.135612484362072	0.000017651163141779634	-179.99999515125324
15.275660582380716	0.00001732731751180956	-179.99999524035266
15.417004529495584	0.000017009443691408856	-179.99999532780396
15.559656316050734	0.000016697430458683228	-179.99999541363795
15.703628043335515	0.000016391168703247765	-179.999995497885
15.848931924611126	0.000016090551384684168	-179.99999558057473
15.995580286146678	0.000015795473491867897	-179.99999566173636
16.143585568264854	0.000015505832003145156	-179.9999957413984
16.292960326397214	0.00001522152584734024	-179.99999581958895
16.443717232149307	0.000014942455865574022	-179.99999589633546
16.595869074375596	0.000014668524773875251	-179.99999597166493
16.749428760264365	0.000014399637126566368	-179.9999960456038
16.90440931643263	0.000014135699280406469	-179.99999611817802
17.060823890031227	0.000013876619359474046	-179.99999618941308
17.21868574986006	0.000013622307220772998	-179.99999625933393
17.378008287493746	0.000013372674420545438	-179.99999632796508
17.5388050184176	0.000013127634181275653	-179.99999639533053
17.701089583174202	0.000012887101359369508	-179.99999646145386
17.864875748520497	0.000012650992413494449	-179.99999652635825
18.03017740859568	0.000012419225373565258	-179.99999659006633
18.197008586099827	0.000012191719810361273	-179.99999665260043
18.365383433483455	0.00001196839680576117	-179.99999671398228
18.535316234148105	0.000011749178923581575	-179.9999967742334
18.706821403657997	0.000011533990181006348	-179.99999683337478
18.879913490962927	0.000011322756020593445	-179.99999689142703
19.054607179632463	0.000011115403282846882	-179.99999694841037
19.230917289101576	0.000010911860179341299	-179.99999700434466
19.408858775927772	0.000010712056266387288	-179.9999970592494
19.58844673505989	0.000010515922419225546	-179.99999711314368
19.769696401118598	0.000010323390806738615	-179.99999716604623
19.952623149688787	0.000010134394866668847	-179.99999721797545
20.137242498623873	9.94886928133185e-6	-179.99999726894941
20.32357010936221	9.766749953814649e-6	-179.99999731898578
20.511621788255646	9.587973984648247e-6	-179.99999736810196
20.701413487910415	9.412479648944426e-6	-179.999997416315
20.892961308540386	9.24020637398688e-6	-179.99999746364162
21.086281499332888	9.071094717267058e-6	-179.99999751009818
21.28139045982711	8.905086344955186e-6	-179.99999755570087
21.47830474130533	8.742124010797355e-6	-179.9999976004655
21.67704104819694	8.582151535429617e-6	-179.99999764440747
21.87761623949552	8.425113786100332e-6	-179.99999768754208
22.080047330188993	8.27095665679213e-6	-179.99999772988423
22.28435149270303	8.119627048735153e-6	-179.9999977714486
22.490546058357804	7.971072851303373e-6	-179.99999781224955
22.698648518838212	7.825242923285986e-6	-179.99999785230116
22.908676527677724	7.682087074525979e-6	-179.9999978916173
23.12064790175594	7.541556047918418e-6	-179.99999793021158
23.33458062281002	7.4036015017607796e-6	-179.9999979680973
23.55049283896009	7.268175992448173e-6	-179.99999800528755
23.76840286624876	7.135232957506234e-6	-179.99999804179515
23.9883291901949	7.004726698954824e-6	-179.99999807763274
24.210290467361776	6.876612366995591e-6	-179.99999811281262
24.434305526939713	6.7508459440168285e-6	-179.999998147347
24.660393372343385	6.627384228909107e-6	-179.99999818124772
24.888573182823905	6.506184821685284e-6	-179.9999982145265
25.118864315095795	6.387206108398681e-6	-179.99999824719478
25.351286304979073	6.270407246353364e-6	-179.99999827926385
25.58585886905645	6.155748149600569e-6	-179.99999831074476
25.82260190634596	6.043189474715396e-6	-179.9999983416483
26.06153549998895	5.9326926068482235e-6	-179.99999837198516
26.302679918953814	5.8242196460450964e-6	-179.99999840176574
26.54605561975539	5.717733393831805e-6	-179.99999843100028
26.791683248190314	5.613197340056223e-6	-179.99999845969887
27.039583641088434	5.510575649983768e-6	-179.99999848787135
27.289777828080403	5.409833151640834e-6	-179.9999985155274
27.542287033381662	5.310935323401245e-6	-179.9999985426766
27.797132677592884	5.213848281810869e-6	-179.9999985693282
28.05433637951713	5.118538769645565e-6	-179.99999859549135
28.31391995799379	5.024974144197855e-6	-179.99999862117508
28.575905433749465	4.933122365787717e-6	-179.99999864638818
28.84031503126606	4.842951986493047e-6	-179.9999986711393
29.10717118066605	4.754432139095396e-6	-179.999998695437
29.376496519615305	4.667532526236734e-6	-179.99999871928955
29.648313895243422	4.58222340978302e-6	-179.99999874270515
29.92264636608189	4.498475600390482e-6	-179.99999876569186
30.19951720402016	4.416260447270613e-6	-179.99999878825753
30.4789498962798	4.335549828149943e-6	-179.9999988104099
30.76096814740705	4.256316139420687e-6	-179.99999883215656
31.045595881283525	4.178532286478663e-6	-179.99999885350496
31.332857243155825	4.102171674244568e-6	-179.99999887446248
31.62277660168376	4.027208197865191e-6	-179.9999988950362
31.91537855100758	3.95361623359093e-6	-179.99999891523328
32.21068791283432	3.881370629826191e-6	-179.99999893506055
32.50872973854341	3.810446698349275e-6	-179.9999989545248
32.80952931131187	3.740820205698413e-6	-179.99999897363276
33.11311214825908	3.672467364720741e-6	-179.9999989923909
33.41950400261139	3.605364826280997e-6	-179.9999990108057
33.72873086588685	3.5394896711268424e-6	-179.99999902888345
34.040818970100055	3.4748194019077535e-6	-179.9999990466303
34.35579478998743	3.4113319353444893e-6	-179.99999906405233
34.67368504525313	3.349005594546214e-6	-179.99999908115555
34.994516702835696	3.2878191014724e-6	-179.99999909794576
35.318316979195664	3.227751569536716e-6	-179.99999911442873
35.64511334262439	3.168782496350128e-6	-179.99999913061004
35.9749335155742	3.1108917566005327e-6	-179.99999914649527
36.3078054770101	3.0540595950662903e-6	-179.99999916208986
36.64375746478329	2.998266619761033e-6	-179.99999917739913
36.98281797802659	2.9434937952072722e-6	-179.99999919242828
37.32501577957203	2.8897224358362598e-6	-179.9999992071825
37.670379898390856	2.836934199511727e-6	-179.99999922166677
38.01893963205609	2.785111081175065e-6	-179.99999923588607
38.370724549227845	2.7342354066096557e-6	-179.99999924984527
38.72576449216169	2.6842898263220318e-6	-179.9999992635491
39.08408957924017	2.6352573095376457e-6	-179.99999927700227
39.44573020752781	2.587121138309034e-6	-179.9999992902094
39.81071705534969	2.539864901734227e-6	-179.99999930317492
40.17908108489396	2.4934724902833023e-6	-179.9999993159033
40.55085354483835	2.4479280902310002e-6	-179.9999993283989
40.92606597300105	2.40321617819338e-6	-179.99999934066594
41.304750199016105	2.3593215157665274e-6	-179.99999935270867
41.68693834703351	2.3162291442653773e-6	-179.99999936453116
42.07266283844438	2.2739243795607155e-6	-179.9999993761374
42.46195639463126	2.23239280701252e-6	-179.99999938753146
42.85485203974392	2.191620276497785e-6	-179.9999993987171
43.251383103500835	2.1515928975310446e-6	-179.99999940969823
43.65158322401656	2.1122970344758183e-6	-179.99999942047856
44.0554863506553	2.0737193018452666e-6	-179.99999943106175
44.46312674691084	2.0358465596903527e-6	-179.99999944145142
44.87453899331318	1.998665909073853e-6	-179.99999945165112
45.28975799036204	1.9621646876285844e-6	-179.99999946166434
45.708818961487474	1.9263304651982696e-6	-179.99999947149448
46.13175745603791	1.8911510395594483e-6	-179.99999948114487
46.55860935229586	1.856614432222923e-6	-179.9999994906188
46.98941086052151	1.822708884313223e-6	-179.99999949991954
47.42419852602443	1.7894228525246222e-6	-179.9999995090502
47.8630092322638	1.7567450051522558e-6	-179.99999951801394
48.30588020397723	1.7246642181969195e-6	-179.99999952681378
48.7528490103386	1.6931695715421652e-6	-179.99999953545276
49.20395356814506	1.6622503452023307e-6	-179.99999954393377
49.65923214503358	1.6318960156401573e-6	-179.99999955225974
50.118723362727195	1.6020962521526995e-6	-179.99999956043345
50.58246620031137	1.5728409133242248e-6	-179.99999956845772
51.0504999975406	1.5441200435448604e-6	-179.9999995763353
51.52286445817562	1.5159238695937358e-6	-179.99999958406883
51.99959965335157	1.4882427972854164e-6	-179.999999591661
52.48074602497723	1.4610674081784417e-6	-179.99999959911432
52.966344389165755	1.4343884563447975e-6	-179.99999960643137
53.45643593969714	1.408196865199175e-6	-179.99999961361462
53.95106225151273	1.3824837243869083e-6	-179.99999962066653
54.450265284242086	1.3572402867294793e-6	-179.9999996275895
54.95408738576243	1.3324579652265108e-6	-179.99999963438586
55.462571295791044	1.308128330113203e-6	-179.9999996410579
55.97576014951099	1.2842431059721538e-6	-179.99999964760798
56.49369748123023	1.2607941688985701e-6	-179.99999965403822
57.01642722807472	1.2377735437178525e-6	-179.99999966035085
57.543993733715666	1.2151734012545772e-6	-179.99999966654806
58.07644175213118	1.1929860556519297e-6	-179.99999967263187
58.61381645140285	1.1712039617406263e-6	-179.99999967860435
59.15616341754737	1.1498197124564126e-6	-179.9999996844676
59.70352865838366	1.1288260363052314e-6	-179.99999969022358
60.255958607435744	1.1082157948751688e-6	-179.99999969587418
60.81350012787176	1.0879819803942986e-6	-179.9999997014214
61.37620051647939	1.0681177133335893e-6	-179.99999970686704
61.94410750767812	1.048616240054011e-6	-179.99999971221303
62.51726927756855	1.029470930497032e-6	-179.9999997174611
63.0957344480193	1.0106752759176947e-6	-179.99999972261307
63.67955209079155	9.922228866594812e-7	-179.99999972767063
64.26877173170195	9.741074899701806e-7	-179.99999973263556
64.86344335482381	9.563229278580074e-7	-179.99999973750948
65.46361740672747	9.388631549872143e-7	-179.99999974229402
66.06934480075958	9.217222366124695e-7	-179.99999974699085
66.68067692136219	9.048943465512794e-7	-179.9999997516015
67.29766562843174	8.883737651937408e-7	-179.99999975612752
67.92036326171844	8.721548775489401e-7	-179.9999997605704
68.54882264526613	8.56232171327317e-7	-179.9999997649317
69.18309709189363	8.406002350583134e-7	-179.99999976921276
69.82324040771712	8.252537562426757e-7	-179.99999977341508
70.46930689671467	8.101875195387423e-7	-179.99999977754004
71.12135136533288	7.953964049821015e-7	-179.99999978158897
71.77942912713615	7.808753862380005e-7	-179.99999978556318
72.44359600749898	7.666195288858913e-7	-179.999999789464
73.11390834834172	7.526239887355217e-7	-179.99999979329266
73.79042301291008	7.388840101739885e-7	-179.9999997970504
74.47319739059888	7.253949245431761e-7	-179.9999998007384
75.16228940182053	7.121521485470192e-7	-179.9999998043578
75.85775750291836	6.991511826880354e-7	-179.9999998079097
76.55966069112561	6.863876097325893e-7	-179.99999981139516
77.26805850957021	6.738570932043492e-7	-179.9999998148152
77.98301105232578	6.615553759054218e-7	-179.9999998181708
78.70457896950977	6.494782784646391e-7	-179.99999982146284
79.43282347242805	6.376216979125159e-7	-179.99999982469217
80.16780633876782	6.259816062823528e-7	-179.99999982785954
80.90958991783813	6.145540492370232e-7	-179.9999998309656
81.65823713585914	6.033351447209496e-7	-179.9999998340109
82.41381150130013	5.923210816368067e-7	-179.9999998369959
83.176377110267	5.815081185464795e-7	-179.99999983992078
83.94599865193965	5.708925823958153e-7	-179.99999984278557
84.72274141405954	5.604708672627215e-7	-179.99999984559003
85.50667128846823	5.50239433128135e-7	-179.9999998483335
86.29785477669692	5.401948046694177e-7	-179.99999985101482
87.09635899560797	5.303335700756951e-7	-179.99999985363223
87.90225168308834	5.206523798846428e-7	-179.99999985618285
88.71560120379598	5.111479458401778e-7	-179.99999985866248
89.53647655495928	5.018170397704307e-7	-179.99999986106482
90.36494737223005	4.926564924852153e-7	-179.9999998633803
91.20108393559087	4.8366319269193e-7	-179.9999998655945
92.04495717531702	4.74834085928239e-7	-179.9999998676844
92.89663867799354	4.6616617350870923e-7	-179.99999986961276
93.75620069258792	4.5765651147996935e-7	-179.99999987131594
94.6237161365792	4.4930220957275664e-7	-179.99999987267825
95.4992586021435	4.4110043012297343e-7	-179.99999987347186
96.38290236239695	4.3304838688544075e-7	-179.99999987319566
97.2747223776964	4.2514334349277895e-7	-179.9999998705596
98.17479430199833	4.173826105357943e-7	-179.99999986132784
99.08319448927665	4.097635349557938e-7	-179.99999982391859
99.9999999999999	4.0228338345877307e-7	-179.99999939663564