0.01000000000000001	0.004706564575193621	-5.800645707153247
0.010092528860766855	0.004707940361021214	-5.802347126295585
0.01018591388054118	0.0047093425598943054	-5.80408121546106
0.010280162981264745	0.004710771694993473	-5.8058486219706325
0.010375284158180138	0.0047122283004766875	-5.807650006735179
0.010471285480509006	0.004713712921733058	-5.809486044570026
0.010568175092136596	0.004715226115643402	-5.811357424517789
0.01066596121230259	0.004716768450847369	-5.81326485017943
0.010764652136298361	0.004718340508018078	-5.815209040054629
0.010864256236170667	0.0047199428801440735	-5.817190727891222
0.010964781961431863	0.004721576172818735	-5.819210663043842
0.011066237839776675	0.004723241004537597	-5.8212696108425455
0.011168632477805623	0.0047249380070042545	-5.823368352971845
0.011271974561755117	0.004726667825443744	-5.825507687859259
0.011376272858234322	0.004728431118925326	-5.827688431075377
0.01148153621496884	0.004730228560694086	-5.829911415744923
0.011587773561551273	0.00473206083851128	-5.832177492968717
0.011694993910198724	0.004733928655004969	-5.83448753225831
0.01180320635651731	0.004735832728029536	-5.8368424219817525
0.011912420080273762	0.0047377737910365685	-5.839243069823409
0.012022644346174144	0.004739752593455081	-5.84169040325538
0.012133888504649786	0.004741769901083304	-5.844185370023316
0.012246161992650502	0.004743826496491516	-5.846728938645932
0.01235947433444512	0.004745923179436495	-5.849322098928912
0.012473835142429446	0.004748060767287935	-5.851965862493751
0.012589254117941687	0.004750240095467204	-5.854661263321847
0.012705741052085433	0.004752462017899267	-5.85740935831501
0.012823305826560232	0.004754727407477463	-5.860211227871904
0.01294195841449987	0.004757037156542422	-5.863067976482057
0.013061708881318424	0.004759392177375005	-5.865980733337301
0.013182567385564082	0.0047617934027040665	-5.868950652961606
0.01330454417978092	0.004764241786229367	-5.87197891585983
0.013427649611378649	0.004766738303160452	-5.875066729186125
0.01355189412351037	0.004769283950771904	-5.878215327432901
0.013677288255958502	0.004771879748975296	-5.881425973140415
0.013803842646028859	0.004774526740909073	-5.884699957628623
0.013931568029453043	0.004777225993546632	-5.888038601751777
0.01406047524129915	0.004779978598322889	-5.891443256675906
0.014190575216890933	0.004782785671780847	-5.894915304681135
0.014321878992735446	0.004785648356238264	-5.8984561599891085
0.014454397707459286	0.0047885678204758605	-5.902067269617058
0.014588142602753497	0.004791545260446457	-5.905750114258008
0.014723125024327202	0.004794581900007656	-5.909506209190178
0.014859356422870082	0.004797678991677845	-5.9133371052154375
0.014996848355023748	0.0048008378174163036	-5.917244389627699
0.015135612484362095	0.0048040596894292666	-5.921229687213599
0.015275660582380739	0.004807345951001886	-5.925294661285453
0.015417004529495607	0.004810697977357769	-5.929441014748414
0.015559656316050758	0.004814117176547202	-5.933670491203358
0.01570362804333554	0.004817604990364456	-5.937984876086035
0.015848931924611148	0.004821162895296202	-5.942385997844762
0.015995580286146702	0.004824792403501974	-5.946875729158118
0.016143585568264878	0.0048284950638277455	-5.95145598819382
0.016292960326397238	0.004832272462853851	-5.956128739910319
0.01644371723214933	0.0048361262259794535	-5.960895997403896
0.016595869074375623	0.004840058018544153	-5.965759823301992
0.01674942876026439	0.004844069546988562	-5.970722331204989
0.016904409316432657	0.004848162560055627	-5.975785687178881
0.017060823890031253	0.00485233885003417	-5.980952111300284
0.017218685749860088	0.004856600254046549	-5.986223879256565
0.017378008287493772	0.004860948655382297	-5.9916033240031155
0.01753880501841763	0.0048653859848794955	-5.997092837480132
0.01770108958317423	0.0048699142223559404	-6.002694872391446
0.017864875748520526	0.004874535398092743	-6.008411944048525
0.018030177408595707	0.004879251594371814	-6.014246632281772
0.018197008586099853	0.004884064947070342	-6.020201583422723
0.018365383433483484	0.0048889776473137045	-6.026279512359086
0.018535316234148135	0.004893991943191041	-6.032483204667864
0.018706821403658026	0.004899110141534587	-6.03881551882796
0.018879913490962956	0.004904334609766191	-6.045279388516485
0.019054607179632494	0.0049096677778148225	-6.051877824993529
0.019230917289101597	0.0049151121401068655	-6.058613919577798
0.019408858775927792	0.0049206702576337	-6.065490846218463
0.01958844673505991	0.004926344760099268	-6.072511864166834
0.01976969640111862	0.00493213834815176	-6.079680320752904
0.01995262314968881	0.004938053795703437	-6.086999654271856
0.020137242498623895	0.004944093952342024	-6.094473396984738
0.02032357010936223	0.004950261745838734	-6.102105178239732
0.020511621788255666	0.004956560184757187	-6.10989872771929
0.020701413487910436	0.0049629923611675675	-6.117857878818594
0.02089296130854041	0.004969561453472075	-6.125986572162874
0.02108628149933291	0.0049762707293460355	-6.134288859269174
0.021281390459827135	0.0049831235488009005	-6.142768906360187
0.021478304741305354	0.004990123367374517	-6.151430998337002
0.02167704104819696	0.0049972737394561985	-6.160279542920222
0.02187761623949554	0.00500457832175112	-6.169319074964999
0.022080047330189013	0.005012040876893461	-6.178554260961922
0.022284351492703053	0.005019665277213897	-6.1879899037306325
0.022490546058357826	0.005027455508670214	-6.197630947317357
0.022698648518838235	0.005035415674948712	-6.20748248210571
0.022908676527677748	0.005043550001746447	-6.217549750153637
0.023120647901755963	0.005051862841241533	-6.227838150765296
0.023334580622810044	0.005060358676764174	-6.238353246313929
0.023550492838960112	0.005069042127675581	-6.249100768324716
0.023768402866248782	0.005077917954469342	-6.2600866238356865
0.02398832919019492	0.005086991064103937	-6.271316902047858
0.0242102904673618	0.005096266515581287	-6.282797881283039
0.02443430552693974	0.005105749525782946	-6.2945360362641365
0.024660393372343412	0.005115445475579221	-6.306538045736811
0.02488857318282393	0.0051253599162253425	-6.318810800450574
0.025118864315095822	0.005135498576061062	-6.331361411519706
0.025351286304979098	0.005145867367530848	-6.344197219185461
0.02558585886905648	0.005156472394542122	-6.357325802001789
0.025822601906345985	0.005167319960180973	-6.3707549864687305
0.026061535499988978	0.005178416574806691	-6.3844928571404305
0.026302679918953843	0.005189768964545208	-6.398547767232994
0.026546055619755416	0.005201384080206603	-6.412928349763915
0.026791683248190343	0.005213269106649844	-6.427643529252079
0.027039583641088463	0.0052254314726228384	-6.442702534013868
0.027289777828080432	0.005237878861104687	-6.4581149090890175
0.02754228703338169	0.005250619220181821	-6.473890529836265
0.02779713267759291	0.005263660774488792	-6.490039616237544
0.02805433637951716	0.005277012037249981	-6.506572747956338
0.028313919957993816	0.005290681822958095	-6.5235008801954315
0.028575905433749497	0.0053046792607297395	-6.540835360404922
0.028840315031266085	0.005319013808380885	-6.558587945894385
0.02910717118066608	0.005333695267266699	-6.576770822405442
0.029376496519615335	0.005348733797936309	-6.595396623708393
0.029648313895243455	0.005364139936653901	-6.614478452287873
0.02992264636608192	0.005379924612843307	-6.634029901189852
0.030199517204020192	0.005396099167516386	-6.65406507710585
0.03047894989627986	0.005412675372751062	-6.674598624777959
0.03076096814740711	0.005429665452288903	-6.695645752812809
0.031045595881283587	0.005447082103328048	-6.717222261000427
0.03133285724315589	0.005464938519594065	-6.739344569242536
0.031622776601683826	0.005483248415775355	-6.76202974819982
0.03191537855100765	0.005502026053419706	-6.7852955517806635
0.03221068791283438	0.005521286268393916	-6.80916045160029
0.03250872973854347	0.0055410445000177045	-6.833643673551565
0.03280952931131194	0.005561316821992794	-6.858765236640423
0.03311311214825915	0.005582119975256137	-6.884545994249882
0.03341950400261146	0.005603471402899869	-6.911007678013299
0.03372873086588692	0.0056253892873095145	-6.938172944489711
0.034040818970100126	0.0056478925896874905	-6.96606542485321
0.0343557947899875	0.005671001092141846	-6.994709777825161
0.0346736850452532	0.005694735442536252	-7.024131746098826
0.034994516702835765	0.005719117202314915	-7.054358216528106
0.035318316979195734	0.005744168897534808	-7.085417284376544
0.03564511334262446	0.005769914073358222	-7.117338321948832
0.03597493351557427	0.005796377352282051	-7.150152051957619
0.03630780547701017	0.005823584496406293	-7.183890626011085
0.03664375746478335	0.005851562474070972	-7.218587708642088
0.03698281797802665	0.005880339531223274	-7.254278567340863
0.037325015779572084	0.005909945267909735	-7.291000169096225
0.037670379898390914	0.005940410720328026	-7.328791284001354
0.038018939632056145	0.00597176844891356	-7.367692596532571
0.0383707245492279	0.006004052632985064	-7.4077468251729215
0.038725764492161745	0.006037299172522859	-7.448998851116517
0.03908408957924023	0.006071545797715934	-7.491495856870048
0.03944573020752787	0.006106832186974337	-7.535287475646449
0.039810717055349755	0.0061432000941791815	-7.580425952543961
0.04017908108489402	0.006180693486023038	-7.626966318608206
0.040550853544838415	0.0062193586903824365	-7.674966578990761
0.040926065973001115	0.006259244556769493	-7.724487916554623
0.041304750199016166	0.00630040263001971	-7.7755949124207255
0.04168693834703357	0.006342887338506048	-7.828355785122825
0.04207266283844444	0.006386756198309789	-7.882842650222307
0.04246195639463132	0.006432070034945011	-7.939131802451686
0.042854852039743985	0.0064788932244171284	-7.99730402269668
0.04325138310350091	0.0065272939556021495	-8.057444912397404
0.04365158322401663	0.006577344516174011	-8.11964525826598
0.044055486350655364	0.0066291216045711535	-8.18400143056566
0.04446312674691091	0.00668270667080234	-8.250615818603922
0.04487453899331325	0.00673818628923522	-8.319597307547147
0.04528975799036211	0.0067956525669123045	-8.391061801195395
0.04570881896148754	0.006855203591388493	-8.46513279595362
0.04613175745603798	0.006916943922606088	-8.541942011929766
0.04655860935229591	0.006980985133918905	-8.621630087885617
0.04698941086052156	0.007047446408062065	-8.704347347681908
0.04742419852602448	0.007116455194658005	-8.79025464692446
0.04786300923226385	0.007188147936755771	-8.879524309737342
0.04830588020397728	0.007262670874968504	-8.972341167028077
0.04875284901033865	0.0073401809389878085	-9.068903709253584
0.04920395356814511	0.007420846737693806	-9.16942536864785
0.04965923214503363	0.007504849660733114	-9.274135948125094
0.05011872336272725	0.007592385106388215	-9.383283216737656
0.05058246620031143	0.007683663852835049	-9.49713469468679
0.051050499997540646	0.007778913592569391	-9.615979654579949
0.05152286445817567	0.007878380652927302	-9.740131369978515
0.05199959965335162	0.00798233192936004	-9.869929647469462
0.052480746024977286	0.008091057062530336	-10.005743684647678
0.05296634438916581	0.00820487089554462	-10.147975303761436
0.05345643593969719	0.00832411625388875	-10.297062619600133
0.05395106225151279	0.008449167098099048	-10.453484210804136
0.05445026528424214	0.008580432108174892	-10.617763876603053
0.05495408738576248	0.008718358769514075	-10.790476076499615
0.0554625712957911	0.008863438043176936	-10.972252169307032
0.05597576014951104	0.00901620971906106	-11.163787591016563
0.05649369748123028	0.009177268569745453	-11.36585013926845
0.05701642722807478	0.009347271446165404	-11.579289567067026
0.05754399373371572	0.009526945484937792	-11.805048731538651
0.05807644175213124	0.009717097632380958	-12.044176597202519
0.05861381645140291	0.009918625733729985	-12.297843460302605
0.05915616341754743	0.010132531489864014	-12.567358845013851
0.05970352865838372	0.010359935650748527	-12.854192628752248
0.06025595860743581	0.010602095898231167	-13.160000088953645
0.060813500127871824	0.0108604279752601	-13.486651736260223
0.061376200516479455	0.011136530749749707	-13.836269020776578
0.06194410750767818	0.011432216066471677	-14.21126728461291
0.06251726927756862	0.011749544448840117	-14.61440770666991
0.06309573444801936	0.012090867976029127	-15.048860473533777
0.06367955209079162	0.012458881994199459	-15.518282053261087
0.064268771731702	0.01285668774164382	-16.02691030165006
0.06486344335482389	0.0132878684972947	-16.579682269293606
0.06546361740672754	0.013756582523141745	-17.182381108267343
0.06606934480075964	0.0142676768843665	-17.841820547326282
0.06668067692136226	0.014826827206288563	-18.56607822039327
0.06729766562843183	0.0154407095433947	-19.364792982247078
0.0679203632617185	0.016117211698908545	-20.249546624554277
0.0685488226452662	0.016865692290269713	-21.234357652839254
0.0691830970918937	0.017697296017553318	-22.33632470415822
0.06982324040771719	0.018625331675742308	-23.576470628064275
0.07046930689671474	0.01966571275932181	-24.980856075461052
0.07112135136533296	0.020837443471877482	-26.582054008876625
0.07177942912713622	0.02216309424646536	-28.421102375500272
0.07244359600749906	0.023669127781789017	-30.550074434235878
0.0731139083483418	0.025385764520598028	-33.03540423846787
0.07379042301291015	0.027345731587580403	-35.96202441171357
0.07447319739059896	0.0295805774497088	-39.43808421005789
0.07516228940182061	0.03211206035175405	-43.59922847943631
0.07585775750291844	0.03493436504432268	-48.60956630515428
0.07655966069112569	0.03798142653708502	-54.65271156589487
0.07726805850957029	0.04107648315723534	-61.90045380198136
0.07798301105232593	0.043878521518446637	-70.44297037447184
0.07870457896950993	0.04588232262344879	-80.17886598661575
0.07943282347242822	0.0465608884826916	-90.71705535569667
0.08016780633876798	0.04564504247105017	-101.40393112529367
0.0809095899178383	0.043314855313052306	-111.53093926998083
0.0816582371358593	0.040085256070124996	-120.58609511442651
0.0824138115013003	0.036512962718258074	-128.35773912524792
0.08317637711026717	0.03299836302029823	-134.8727312002275
0.08394599865193982	0.02975512350942639	-140.28068363193475
0.08472274141405972	0.026862919478103545	-144.76600930836267
0.08550667128846841	0.024326986479644232	-148.50274793784368
0.0862978547766971	0.022118725214816323	-151.63836379273891
0.08709635899560814	0.02019805222811446	-154.2917678287093
0.08790225168308852	0.018524104292056958	-156.55675637332573
0.08871560120379617	0.017059668514731816	-158.5067460829342
0.08953647655495947	0.015772556322067057	-160.1992045220491
0.09036494737223023	0.014635616789520169	-161.67930870258223
0.09120108393559107	0.013626219282718403	-162.98280787902925
0.09204495717531722	0.01272558815998973	-164.13820985315178
0.09289663867799372	0.011918153246593226	-165.16843438394164
0.09375620069258811	0.011190976785657714	-166.0920611439808
0.09462371613657934	0.010533271348200262	-166.92427395645774
0.09549925860214364	0.009936003981449849	-167.67757878438005
0.0963829023623971	0.009391575146702753	-168.36235317543193
0.09727472237769656	0.008893559770773326	-168.98726973431593
0.09817479430199849	0.008436498728976305	-169.55962495039506
0.09908319448927681	0.00801573079369672	-170.08559646859877
0.10000000000000005	0.007627256870298543	-170.57044588560143
0.10092528860766849	0.007267629947395158	-171.0186797775632
0.10185913880541175	0.006933865537178666	-171.43417846967122
0.10280162981264741	0.006623368476079088	-171.82029971316828
0.10375284158180131	0.006333872827666635	-172.17996270627236
0.10471285480509002	0.006063392316677269	-172.5157166120901
0.1056817509213659	0.0058101792616171806	-172.8297967681607
0.10665961212302584	0.005572690394821169	-173.12417106162405
0.10764652136298355	0.005349558288617698	-173.40057839857616
0.10864256236170661	0.005139567364700974	-173.6605607806276
0.10964781961431856	0.004941633666872637	-173.9054901830069
0.1106623783977667	0.004754787737333951	-174.1365911826322
0.11168632477805618	0.0045781600632626785	-174.35496009361762
0.1127197456175511	0.004410968660867968	-174.56158121851146
0.11376272858234315	0.004252508444179288	-174.7573407063649
0.11481536214968835	0.004102142089884414	-174.94303841613595
0.11587773561551268	0.003959292161001968	-175.11939811037402
0.11694993910198717	0.0038234342936875492	-175.28707624540363
0.11803206356517304	0.0036940912851003193	-175.4466695770869
0.11912420080273756	0.003570827947594435	-175.59872176324424
0.12022644346174137	0.003453246616819324	-175.7437291130185
0.1213388850464978	0.003340983219598042	-175.88214560841502
0.12246161992650495	0.003233703822492908	-176.01438730277223
0.12359474334445113	0.0031311015943814194	-176.140836184115
0.12473835142429439	0.003032894126648522	-176.26184357749486
0.1258925411794168	0.002938821063147995	-176.37773314897183
0.12705741052085426	0.0028486419992141848	-176.4888035643834
0.12823305826560225	0.002762134614968788	-176.59533084812568
0.1294195841449987	0.0026790930131730785	-176.697570480549
0.13061708881318423	0.0025993262360901968	-176.79575926701466
0.1318256738556408	0.0025226569393802024	-176.89011700698475
0.13304544179780922	0.0024489202040646877	-176.9808479875687
0.13427649611378642	0.002377962470155645	-177.0681423226113
0.13551894123510363	0.0023096405777234858	-177.15217715556525
0.13677288255958495	0.0022438209030386565	-177.233117741978
0.13803842646028852	0.00218037857901418	-177.31111842535626
0.13931568029453034	0.0021191967905425002	-177.38632351840707
0.14060475241299142	0.0020601661364959105	-177.4588681001347
0.14190575216890927	0.0020031840511727183	-177.52887873797093
0.1432187899273544	0.0019481542788472236	-177.59647414298664
0.1445439770745928	0.0018949863958402017	-177.661765765263
0.1458814260275349	0.0018435953751844663	-177.72485833565332
0.14723125024327194	0.001793901189533061	-177.7858503594372
0.14859356422870074	0.0017458284484563706	-177.84483456672774
0.1499684835502374	0.0016993060667100642	-177.90189832393892
0.15135612484362088	0.0016542669604375205	-177.95712401013174
0.15275660582380732	0.001610647768604037	-178.0105893616335
0.154170045294956	0.0015683885972539232	-178.06236778794855
0.1555965631605075	0.0015274327844398007	-178.11252866165285
0.15703628043335532	0.0014877266839007173	-178.16113758467185
0.15848931924611143	0.0014492194657668342	-178.20825663308742
0.15995580286146696	0.0014118629327458643	-178.25394458239177
0.1614358556826487	0.0013756113504036903	-178.298257114907
0.1629296032639723	0.0013404212902913127	-178.34124701090818
0.16443717232149324	0.0013062514847938184	-178.38296432483148
0.16595869074375613	0.0012730626926877823	-178.42345654780496
0.16749428760264382	0.0012408175744912063	-178.4627687576138
0.1690440931643265	0.0012094805767780708	-178.50094375709696
0.17060823890031243	0.0011790178247077562	-178.53802220187063
0.17218685749860077	0.0011493970220893567	-178.57404271817947
0.17378008287493762	0.0011205873583639318	-178.6090420115946
0.1753880501841762	0.0010925594219437138	-178.64305496719825
0.1770108958317422	0.0010652851193977031	-178.67611474182746
0.17864875748520517	0.0010387376000186058	-178.70825284888176
0.180301774085957	0.0010128911853466043	-178.7394992361423
0.18197008586099844	0.0009877213032623174	-178.7698823569917
0.18365383433483473	0.0009632044262942997	-178.7994292353728
0.18535316234148125	0.0009393180138162247	-178.8281655247724
0.18706821403658017	0.0009160404578359043	-178.85611556146873
0.18879913490962946	0.000893351032102468	-178.88330241223298
0.19054607179632482	0.0008712298442800184	-178.90974791662921
0.19230917289101596	0.0008496577909559344	-178.9354727240079
0.19408858775927793	0.0008286165152697475	-178.9604963252425
0.19588446735059908	0.000808088366964881	-178.98483707920659
0.1976969640111862	0.000788056364679851	-179.0085122339371
0.19952623149688808	0.000768504160308944	-179.03153794237372
0.20137242498623895	0.0007494160052739506	-179.05392927250284
0.2032357010936223	0.0007307767185592828	-179.0757002116682
0.20511621788255666	0.0007125716563722137	-179.09686366473667
0.20701413487910436	0.0006947866832984215	-179.1174314457246
0.2089296130854041	0.0006774081448304606	-179.13741426239565
0.2108628149933291	0.0006604228411532767	-179.15682169323475
0.21281390459827135	0.0006438180020766159	-179.17566215607903
0.21478304741305343	0.0006275812630087852	-179.19394286754317
0.21677041048196952	0.0006117006418703307	-179.21166979221076
0.2187761623949553	0.0005961645168492575	-179.22884758036753
0.22080047330189004	0.000580961604901591	-179.245479492822
0.22284351492703042	0.0005660809409027056	-179.26156731108773
0.22490546058357816	0.0005515118573552094	-179.277111230876
0.22698648518838224	0.0005372439645588234	-179.29210973646312
0.22908676527677735	0.0005232671311463158	-179.30655945303042
0.23120647901755953	0.0005095714648870055	-179.32045497351896
0.23334580622810033	0.0004961472936555778	-179.3337886558634
0.23550492838960102	0.0004829851464589191	-179.34655038565145
0.23768402866248772	0.0004700757344068962	-179.35872729825252
0.2398832919019491	0.00045740993150469406	-179.370303453236
0.2421029046736179	0.0004449787551335255	-179.38125945238977
0.24434305526939726	0.00043277334607374194	-179.391571990785
0.246603933723434	0.0004207849479082767	-179.40121332801726
0.24888573182823917	0.0004090048856250217	-179.4101506638586
0.25118864315095807	0.0003974245432130533	-179.4183453989231
0.2535128630497908	0.0003860353400190929	-179.42575225636142
0.25585858869056466	0.0003748287055955551	-179.43231823477217
0.2582260190634597	0.0003637960527291378	-179.437981355073
0.26061535499988964	0.00035292874828694946	-179.44266915449512
0.2630267991895383	0.00034221808145343317	-179.4462968684567
0.26546055619755404	0.0003316552288527105	-179.4487652248773
0.2679168324819033	0.00032123121595378665	-179.449957754198
0.2703958364108845	0.00031093687403441564	-179.44973749012502
0.2728977782808042	0.00030076279182726493	-179.44794289831324
0.27542287033381674	0.0002906992607790441	-179.44438281914057
0.277971326775929	0.0002807362126075696	-179.4388301410187
0.2805433637951715	0.00027086314752502885	-179.43101382449564
0.28313919957993805	0.0002610690510844145	-179.42060876307147
0.2857590543374948	0.0002513422970647605	-179.4072227766236
0.2884031503126607	0.00024167053309092818	-179.39037976075804
0.29107171180666064	0.00023204054471259928	-179.3694976184166
0.2937649651961532	0.00022243809233820383	-179.34385901221546
0.2964831389524344	0.00021284771357187266	-179.31257208948426
0.29922646366081906	0.00020325248088637362	-179.2745169679416
0.30199517204020176	0.00019363370079227116	-179.228271623872
0.30478949896279844	0.0001839705351023196	-179.1720073633099
0.307609681474071	0.00017423951650097268	-179.10333831640773
0.3104559588128357	0.00016441391763972525	-179.01909957143462
0.3133285724315587	0.000154462912290087	-178.91501114098017
0.3162277660168381	0.00014435043307969964	-178.78515275390424
0.31915378551007634	0.000134033572454831	-178.62111206021396
0.3221068791283436	0.00012346027111994275	-178.41054092232272
0.32508729738543457	0.0001125658491274083	-178.13457418881296
0.3280952931131192	0.00010126756874125933	-177.76289935379629
0.3311311214825913	0.00008945567238142932	-177.24351501878982
0.33419504002611444	0.000076977739655516	-176.4789788350145
0.3372873086588691	0.00006360965777842998	-175.26229986798822
0.34040818970100106	0.000048999194014323205	-173.06039234144725
0.34355794789987465	0.000032569284562141116	-167.949035037764
0.34673685045253166	0.000013983723277881628	-144.82677457814106
0.3499451670283573	0.000020027456471120658	-30.554980015199984
0.353183169791957	0.00007877889018670869	-11.737657811543377
0.35645113342624424	0.002875519966778719	-136.80031672601416
0.3597493351557423	0.00006519459693909882	-175.6116532585825
0.36307805477010135	9.054512826011835e-6	-111.42813962196381
0.36643757464783333	0.00003427136602466133	-19.293778258908127
0.3698281797802663	0.0000652088072313449	-12.799233952858035
0.3732501577957206	0.0000972076272524535	-10.811279881952984
0.37670379898390893	0.00013260016529500723	-10.047102705331985
0.38018939632056126	0.00017363039655757525	-9.874747215824883
0.38370724549227886	0.0002231390017007002	-10.11744206024145
0.3872576449216173	0.000285362332001641	-10.75450754240102
0.3908408957924021	0.000367338934739806	-11.874009987885874
0.39445730207527846	0.000481966384715935	-13.791385557337913
0.3981071705534973	0.0006512649942088525	-16.549314870948862
0.40179081084894	0.0009415588255469601	-21.84222361928934
0.40550853544838394	0.001510357642738128	-33.173942211137195
0.40926065973001097	0.0026793725051571958	-64.1958861585863
0.41304750199016144	0.002675454976828072	-122.2206729043397
0.4168693834703355	0.0016368966922911208	-150.24368595331404
0.4207266283844442	0.001119044709472861	-161.73287762925563
0.424619563946313	0.0008402370098076779	-167.16144951955783
0.4285485203974396	0.0006721061173861379	-170.26522940309417
0.43251383103500884	0.000558736978318545	-172.29522692823684
0.4365158322401661	0.0004755564161179552	-173.75297473441714
0.44055486350655343	0.00041007810393068396	-174.88480005927184
0.4446312674691088	0.00035494268923573724	-175.83371447225358
0.4487453899331323	0.0003048749490596901	-176.70045848154763
0.4528975799036209	0.00025471444288996837	-177.57563796866896
0.4570881896148752	0.000196676234944392	-178.5489050703785
0.46131757456037953	0.00011196993215567101	-179.31641227053908
0.4655860935229591	0.00008003989471626783	-13.589762773107024
0.4698941086052156	0.0014911869920267132	-60.56389699153629
0.4742419852602448	0.0006987113635587408	-161.2596161073725
0.47863009232263853	0.0004599136537890228	-170.17322688085167
0.48305880203977286	0.00037211991792830777	-172.53000611419588
0.4875284901033865	0.00032396218215261944	-173.6895273404888
0.4920395356814511	0.00029161782438596063	-174.3863278629516
0.49659232145033627	0.0002673579875411189	-174.85129664220997
0.5011872336272725	0.00024787974321200095	-175.18081174071202
0.5058246620031143	0.00023151406839145008	-175.4223354044013
0.5105049999754064	0.00021731394091774778	-175.60196299106428
0.5152286445817567	0.00020469343255470512	-175.73520181105596
0.5199959965335162	0.00019326431854181693	-175.83180550667348
0.5248074602497729	0.0001827542109001505	-175.8981850793544
0.5296634438916581	0.00017296205325494687	-175.938732667182
0.5345643593969719	0.00016373214742475425	-175.95663444202296
0.5395106225151278	0.00015493790024179022	-175.95445832260003
0.5445026528424215	0.00014647078801699475	-175.9346900742792
0.5495408738576248	0.0001382319730174648	-175.90035926245523
0.5546257129579107	0.00013012482632744342	-175.8559067216848
0.5597576014951101	0.00012204678624192576	-175.8084706163766
0.5649369748123025	0.00011387865188860059	-175.76974453689272
0.5701642722807475	0.0001054686218234911	-175.75828257762106
0.5754399373371569	0.00009660745512079824	-175.80099727900122
0.580764417521312	0.000086991579769714	-175.92916931780073
0.5861381645140288	0.00007617681157116125	-176.15579308185013
0.591561634175474	0.00006353974257095209	-176.40211871896426
0.5970352865838369	0.000048267865327861026	-176.27411527557598
0.6025595860743578	0.000029346608497258565	-173.94484477261818
0.6081350012787179	6.656799676298816e-6	-136.2580606010501
0.6137620051647943	0.000029630508940330186	-17.533556839668286
0.6194410750767815	0.00008009887695245938	-14.277403604415255
0.6251726927756859	0.00017127674982251158	-18.07859190106176
0.6309573444801934	0.0003804272444789298	-34.94804375218924
0.6367955209079159	0.000519405916881483	-80.23691021299196
0.6426877173170198	0.0007397644529450324	-101.89073979697875
0.6486344335482385	0.0005579941948656975	-150.38309039103962
0.654636174067275	0.00033995978148079444	-164.51912222550968
0.6606934480075961	0.00036740456383237016	-164.93782055427022
0.6668067692136223	0.00027913654206941223	-168.85452774199865
0.6729766562843178	0.00024212024335648746	-170.65253932595914
0.6792036326171846	0.0002181594070819844	-171.98136742449782
0.6854882264526617	0.00020050491224059104	-173.1229456753879
0.6918309709189366	0.00018645611940938965	-174.14973600001048
0.6982324040771715	0.00017470534712978316	-175.06788831539768
0.7046930689671471	0.0001645712542973149	-175.86903065677484
0.7112135136533292	0.0001556733299295853	-176.55011899927726
0.7177942912713619	0.00014777562304931272	-177.11722751861575
0.7244359600749902	0.0001407128706694341	-177.5828385858237
0.7311390834834176	0.00013435759653943036	-177.96207405779592
0.7379042301291011	0.00012860601804474766	-178.26995545566606
0.7447319739059892	0.00012337173708147707	-178.51995280511736
0.7516228940182057	0.00011858236575666292	-178.72346047603736
0.758577575029184	0.00011417721589556259	-178.88979286752527
0.7655966069112565	0.00011010542695602685	-179.0264149349958
0.7726805850957026	0.00010632435719414403	-179.13924549003556
0.7798301105232589	0.00010279819718561318	-179.23295436053337
0.7870457896950989	0.0000994967914697452	-179.31122170597064
0.7943282347242817	0.00009639465202107241	-179.37695152643053
0.8016780633876793	0.00009347014183372357	-179.43244193533317
0.8090958991783825	0.00009070480369972867	-179.47951855059827
0.8165823713585927	0.00008808280116792568	-179.51963790369405
0.8241381150130026	0.00008559078815163948	-179.55395336225993
0.8317637711026713	0.00008321630012480204	-179.5834457249861
0.8394599865193977	0.00008094958404930683	-179.60883679263387
0.8472274141405968	0.00007878151206158014	-179.63075554926164
0.8550667128846836	0.00007670416162779686	-179.64970531883185
0.8629785477669706	0.00007471053299611284	-179.66609711243726
0.870963589956081	0.00007279440822604385	-179.68026718345524
0.8790225168308847	0.00007095023645623944	-179.6924906342432
0.8871560120379608	0.00006917303818651403	-179.70299204559964
0.8953647655495938	0.00006745832470206647	-179.7119537702161
0.9036494737223014	0.00006580202973203685	-179.71952236209597
0.9120108393559097	0.00006420045101517286	-179.7258134901824
0.9204495717531712	0.00006265019986593589	-179.7309155875596
0.9289663867799363	0.00006114815714889498	-179.73489240821556
0.9375620069258802	0.00005969143430055597	-179.73778459440038
0.946237161365793	0.000058277338198001286	-179.73961029274815
0.9549925860214359	0.000056903338768359265	-179.74036479000242
0.9638290236239705	0.00005556703826156226	-179.74001906162826
0.9727472237769651	0.000054266141063355284	-179.73851702840273
0.9817479430199844	0.00005299842278884645	-179.7357711820048
0.9908319448927676	0.00005176169713775933	-179.73165604691218
1.	0.00005055377855768909	-179.72599865382594
1.0092528860766845	0.00004937243806157522	-179.71856474404484
1.0185913880541169	0.000048215348429185384	-179.70903869091893
1.0280162981264735	0.00004708001323011807	-179.69699390930552
1.0375284158180127	0.00004596367118144948	-179.68184844723265
1.0471285480508996	0.00004486316247135754	-179.66279678484435
1.0568175092136585	0.00004377473529798168	-179.63870213897582
1.066596121230258	0.00004269375599549965	-179.60792071320773
1.076465213629835	0.00004161425868014586	-179.5680035481801
1.0864256236170655	0.00004052821744647612	-179.51516696486206
1.096478196143185	0.00003942431677675703	-179.4432988758615
1.1066237839776665	0.00003828576450510786	-179.34196540111432
1.1168632477805611	0.00003708615727436774	-179.192066454593
1.1271974561755105	0.000035781069515874436	-178.95531144121233
1.1376272858234309	0.00003428936462650921	-178.54489727544058
1.1481536214968828	0.000032447319768714054	-177.7262980671104
1.1587773561551262	0.000029889501893528058	-175.66959236836175
1.1694993910198712	0.000025988781625095152	-167.81709781594014
1.1803206356517297	0.00003333207857211189	-136.83095810847058
1.191242008027375	0.0000513405198592076	-166.4981042636894
1.2022644346174132	0.00004300966267262261	-176.67198393850416
1.2133888504649775	0.00003905922825173215	-178.68092360132502
1.224616199265049	0.00003676019039050752	-179.3438715229554
1.2359474334445106	0.00003514127188213315	-179.62918568915808
1.2473835142429432	0.00003386456043835232	-179.77240532529612
1.2589254117941675	0.00003278564794308317	-179.85167078808723
1.270574105208542	0.000031832921805203644	-179.89841914376737
1.2823305826560218	0.000030966788657328694	-179.9270578413967
1.2941958414499863	0.000030163427264624504	-179.94481682944684
1.3061708881318417	0.00002940745215646601	-179.95554427694512
1.3182567385564075	0.00002868825201590565	-179.96133056355188
1.3304544179780915	0.00002799799041890981	-179.96324645781198
1.3427649611378643	0.00002733040028513159	-179.9616686592677
1.3551894123510364	0.000026679947017222017	-179.95636781467226
1.3677288255958495	0.000026041105108204343	-179.94639240707698
1.3803842646028852	0.000025407522491271612	-179.92965942112357
1.3931568029453034	0.000024770743648652753	-179.9019370113648
1.4060475241299142	0.000024117800385999787	-179.85427146850452
1.4190575216890926	0.00002342587352198495	-179.7656965583716
1.432187899273544	0.000022648512633865127	-179.57843183497127
1.4454397707459279	0.000021673517771134667	-179.08622297220782
1.4588142602753489	0.000020185545238584473	-177.13545078743354
1.4723125024327193	0.000019587078599286856	-163.46206299450992
1.4859356422870074	0.000026133517271083147	-172.72894753540245
1.499684835502374	0.00002389576326428854	-178.15851276339205
1.5135612484362087	0.00002266246994344937	-179.18129870398286
1.5275660582380732	0.000021841851309642815	-179.52989962206112
1.54170045294956	0.00002119512030915364	-179.68973641300462
1.555965631605075	0.000020638841876456292	-179.7766434602998
1.5703628043335531	0.000020137263537497818	-179.82941077252522
1.584893192461114	0.00001967259214350534	-179.86402243258615
1.5995580286146696	0.000019234953662443038	-179.88805887006413
1.6143585568264869	0.000018818395916019602	-179.9055004891571
1.629296032639723	0.000018419088051413455	-179.91860538527067
1.6443717232149324	0.000018034428870916255	-179.92873484660961
1.6595869074375613	0.000017662570927640936	-179.936750772458
1.6749428760264382	0.000017302150653271536	-179.9432213806186
1.690440931643265	0.00001695212745541156	-179.9485341837091
1.7060823890031243	0.00001661168365126	-179.9529611793455
1.7218685749860079	0.000016280159951916167	-179.95669807434993
1.7378008287493762	0.00001595701254917881	-179.95988874882954
1.753880501841762	0.000015641783781246487	-179.9626409976995
1.770108958317422	0.000015334081590614994	-179.96503694025563
1.7864875748520517	0.000015033564825854489	-179.96714007207154
1.803017740859568	0.00001473993251924698	-179.9690001460424
1.8197008586099825	0.000014452915926545302	-179.97065661651604
1.8365383433483455	0.000014172272522206042	-179.9721411120293
1.8535316234148105	0.000013897781402948639	-179.97347923871735
1.8706821403657996	0.000013629239721574173	-179.97469191448815
1.8879913490962925	0.00001336645988535564	-179.97579636901037
1.9054607179632463	0.00001310926732937282	-179.97680690223706
1.9230917289101574	0.00001285749872750912	-179.97773546613337
1.9408858775927773	0.000012611000540406424	-179.97859211536664
1.958844673505989	0.000012369627825600308	-179.97938535977056
1.97696964011186	0.000012133243253675799	-179.98012244240448
1.9952623149688788	0.000011901716287818535	-179.98080956070027
2.0137242498623875	0.00001167492249408719	-179.98145204368072
2.032357010936221	0.00001145274295712775	-179.98205449498175
2.0511621788255647	0.000011235063781600305	-179.98262090904393
2.0701413487910414	0.00001102177566379369	-179.9831547660935
2.0892961308540388	0.000010812773521116921	-179.98365911024055
2.108628149933289	0.000010607956169632924	-179.98413661404786
2.1281390459827114	0.000010407226041723666	-179.98458963219215
2.147830474130533	0.000010210488937481165	-179.98502024627922
2.167704104819694	0.000010017653804604891	-179.9854303024447
2.1877616239495516	9.828632542527447e-6	-179.98582144304072
2.208004733018899	9.643339827241306e-6	-179.98619513345014
2.228435149270303	9.461692953903341e-6	-179.9865526848673
2.2490546058357803	9.283611694781127e-6	-179.98689527372508
2.2698648518838214	9.10901817050124e-6	-179.98722395832152
2.2908676527677723	8.937836732883195e-6	-179.98753969309803
2.312064790175594	8.769993857908113e-6	-179.98784334094148
2.333458062281002	8.605418047590358e-6	-179.9881356838161
2.355049283896009	8.444039739701615e-6	-179.98841743197997
2.376840286624876	8.285791224448105e-6	-179.988689231997
2.39883291901949	8.13060656732777e-6	-179.98895167372103
2.4210290467361775	7.978421537500312e-6	-179.98920529639992
2.4434305526939712	7.829173541092216e-6	-179.98945059402408
2.4660393372343385	7.68280155893449e-6	-179.98968802002398
2.48885731828239	7.539246088295011e-6	-179.9899179914062
2.5118864315095797	7.398449088221973e-6	-179.9901408924026
2.535128630497907	7.260353928161872e-6	-179.99035707769738
2.5585858869056453	7.124905339555259e-6	-179.99056687528667
2.582260190634596	6.992049370148391e-6	-179.99077058901773
2.6061535499988953	6.861733340788483e-6	-179.9909685008478
2.6302679918953813	6.733905804496195e-6	-179.99116087285773
2.654605561975539	6.608516507631351e-6	-179.99134794905007
2.6791683248190314	6.48551635298762e-6	-179.99152995695744
2.703958364108843	6.364857364668718e-6	-179.99170710908405
2.7289777828080406	6.246492654613841e-6	-179.99187960419948
2.7542287033381663	6.130376390653173e-6	-179.9920476285019
2.7797132677592886	6.0164637659857995e-6	-179.9922113566656
2.805433637951713	5.904710969982624e-6	-179.99237095278556
2.831391995799379	5.795075160225999e-6	-179.9925265712309
2.8575905433749464	5.687514435705734e-6	-179.9926783574167
2.8840315031266055	5.58198781109824e-6	-179.9928264485029
2.910717118066605	5.47845519206211e-6	-179.99297097402888
2.9376496519615305	5.376877351488887e-6	-179.99311205648922
2.9648313895243423	5.277215906653079e-6	-179.99324981185774
2.992264636608189	5.179433297209836e-6	-179.99338435006473
3.019951720402016	5.08349276399302e-6	-179.99351577543192
3.047894989627983	4.989358328569887e-6	-179.99364418706983
3.076096814740708	4.8969947735121105e-6	-179.99376967924093
3.1045595881283554	4.8063676233457676e-6	-179.9938923416919
3.1332857243155856	4.71744312614571e-6	-179.9940122599582
3.162277660168379	4.630188235742201e-6	-179.99412951564344
3.1915378551007616	4.544570594509939e-6	-179.994244186676
3.2210687912834346	4.46055851671169e-6	-179.99435634754474
3.250872973854344	4.378120972370518e-6	-179.99446606951628
3.2809529311311905	4.297227571646519e-6	-179.994573420835
3.311311214825911	4.217848549695227e-6	-179.9946784669076
3.3419504002611427	4.139954751986646e-6	-179.9947812704734
3.372873086588689	4.06351762006486e-6	-179.99488189176193
3.404081897010009	3.988509177729647e-6	-179.9949803886386
3.4355794789987466	3.9149020176224375e-6	-179.99507681673973
3.4673685045253166	3.8426692882001395e-6	-179.99517122959764
3.499451670283573	3.7717846810812028e-6	-179.9952636787568
3.53183169791957	3.7022224187492567e-6	-179.9953542138817
3.5645113342624426	3.6339572426003723e-6	-179.9954428828572
3.5974933515574232	3.5669644013208724e-6	-179.99552973188176
3.630780547701014	3.5012196395832227e-6	-179.99561480555465
3.664375746478333	3.4366991870482413e-6	-179.99569814695687
3.6982817978026628	3.373379747662435e-6	-179.99577979772684
3.732501577957206	3.3112384892398902e-6	-179.99585979813116
3.767037989839089	3.250253033318608e-6	-179.99593818713086
3.801893963205613	3.19040144528174e-6	-179.99601500244296
3.8370724549227884	3.1316622247345667e-6	-179.9960902805987
3.8725764492161727	3.074014296128556e-6	-179.99616405699788
3.908408957924021	3.017436999624227e-6	-179.9962363659595
3.944573020752785	2.9619100821848915e-6	-179.9963072407701
3.981071705534973	2.9074136888937523e-6	-179.99637671372844
4.0179081084894	2.8539283544871503e-6	-179.99644481618796
4.055085354483839	2.8014349950970577e-6	-179.99651157859665
4.09260659730011	2.7499149001962257e-6	-179.99657703053452
4.130475019901614	2.6993497247396945e-6	-179.99664120074914
4.168693834703355	2.6497214814965757e-6	-179.99670411718887
4.207266283844442	2.601012533566366e-6	-179.99676580703473
4.24619563946313	2.553205587074174e-6	-179.99682629673
4.285485203974396	2.506283684039571e-6	-179.9968856120085
4.325138310350088	2.460230195413896e-6	-179.9969437779214
4.365158322401661	2.415028814281136e-6	-179.99700081886257
4.405548635065534	2.370663549217606e-6	-179.9970567585925
4.446312674691089	2.327118717805896e-6	-179.99711162026117
4.487453899331323	2.284378940298712e-6	-179.99716542642966
4.528975799036209	2.2424291334283556e-6	-179.99721819909072
4.570881896148752	2.2012545043578203e-6	-179.99726995968848
4.613175745603791	2.160840544769562e-6	-179.99732072913676
4.655860935229586	2.1211730250881554e-6	-179.9973705278371
4.698941086052151	2.0822379888332486e-6	-179.9974193756956
4.742419852602444	2.0440217470992338e-6	-179.99746729213896
4.7863009232263805	2.0065108731582797e-6	-179.99751429612988
4.830588020397723	1.9696921971834393e-6	-179.99756040618178
4.875284901033861	1.9335528010886744e-6	-179.99760564037288
4.920395356814506	1.8980800134827263e-6	-179.99765001635956
4.965923214503357	1.8632614047338772e-6	-179.99769355138918
5.01187233627272	1.8290847821427499e-6	-179.99773626231257
5.058246620031137	1.795538185220374e-6	-179.99777816559558
5.105049999754059	1.7626098810688225e-6	-179.99781927733042
5.152286445817562	1.7302883598618613e-6	-179.9978596132467
5.1999599653351565	1.6985623304230657e-6	-179.99789918872156
5.248074602497723	1.6674207158989885e-6	-179.99793801878985
5.296634438916575	1.6368526495250215e-6	-179.99797611815356
5.345643593969713	1.6068474704816554e-6	-179.9980135011912
5.395106225151273	1.5773947198389357e-6	-179.99805018196662
5.445026528424209	1.5484841365869544e-6	-179.99808617423753
5.495408738576242	1.5201056537503e-6	-179.99812149146373
5.5462571295791046	1.492249394584434e-6	-179.99815614681498
5.597576014951099	1.4649056688520484e-6	-179.99819015317874
5.649369748123022	1.4380649691774732e-6	-179.9982235231675
5.701642722807472	1.4117179674773008e-6	-179.99825626912582
5.754399373371567	1.3858555114654285e-6	-179.99828840313722
5.807644175213118	1.3604686212307582e-6	-179.9983199370309
5.861381645140285	1.335548485885872e-6	-179.99835088238802
5.9156163417547365	1.3110864602850268e-6	-179.99838125054785
5.9703528658383656	1.2870740618098583e-6	-179.99841105261387
6.025595860743575	1.2635029672212434e-6	-179.9984402994595
6.081350012787176	1.2403650095758056e-6	-179.9984690017337
6.137620051647939	1.2176521752055711e-6	-179.99849716986634
6.194410750767812	1.1953566007593637e-6	-179.9985248140736
6.251726927756856	1.1734705703045166e-6	-179.99855194436282
6.30957344480193	1.1519865124875648e-6	-179.99857857053763
6.367955209079155	1.1308969977525717e-6	-179.9986047022027
6.426877173170194	1.1101947356158216e-6	-179.99863034876824
6.486344335482381	1.0898725719956045e-6	-179.99865551945464
6.546361740672747	1.0699234865958807e-6	-179.99868022329682
6.6069344800759575	1.0503405903426356e-6	-179.99870446914838
6.668067692136219	1.0311171228717524e-6	-179.9987282656857
6.729766562843175	1.0122464500672897e-6	-179.9987516214122
6.792036326171843	9.937220616490392e-7	-179.99877454466187
6.854882264526613	9.755375688083127e-7	-179.99879704360328
6.918309709189362	9.57686701890893e-7	-179.99881912624312
6.9823240407717115	9.401633081261335e-7	-179.99884080042992
7.046930689671467	9.229613494012166e-7	-179.99886207385737
7.112135136533288	9.060749000795854e-7	-179.99888295406782
7.177942912713615	8.894981448626153e-7	-179.99890344845545
7.244359600749899	8.73225376693592e-7	-179.9989235642696
7.311390834834173	8.572509947031024e-7	-179.99894330861787
7.379042301291007	8.415695021949413e-7	-179.998962688469
7.447319739059888	8.26175504671699e-7	-179.99898171065607
7.516228940182053	8.110637078991725e-7	-179.99900038187926
7.585775750291836	7.962289160087882e-7	-179.9990187087086
7.655966069112561	7.81666029637238e-7	-179.99903669758686
7.726805850957022	7.673700441025491e-7	-179.9990543548321
7.798301105232586	7.533360476158219e-7	-179.99907168664038
7.870457896950985	7.395592195278949e-7	-179.9990886990882
7.943282347242813	7.260348286102131e-7	-179.99910539813501
8.01678063387679	7.1275823136918e-7	-179.99912178962575
8.090958991783822	6.997248703933131e-7	-179.99913787929304
8.165823713585922	6.869302727325152e-7	-179.99915367275958
8.241381150130021	6.743700483088022e-7	-179.9991691755404
8.317637711026709	6.620398883578452e-7	-179.99918439304503
8.394599865193973	6.499355639006901e-7	-179.99919933057964
8.472274141405963	6.380529242450341e-7	-179.99921399334923
8.550667128846833	6.263878955154663e-7	-179.99922838645952
8.629785477669701	6.1493647921207e-7	-179.99924251491913
8.709635899560805	6.03694750796816e-7	-179.99925638364138
8.790225168308842	5.926588583071837e-7	-179.9992699974463
8.871560120379607	5.818250209964532e-7	-179.99928336106248
8.953647655495937	5.711895280001341e-7	-179.9992964791289
9.036494737223014	5.607487370280026e-7	-179.99930935619662
9.120108393559097	5.504990730812271e-7	-179.99932199673069
9.204495717531712	5.404370271940832e-7	-179.99933440511177
9.289663867799362	5.305591551997617e-7	-179.99934658563777
9.375620069258803	5.20862076519787e-7	-179.99935854252553
9.462371613657929	5.113424729765734e-7	-179.99937027991248
9.549925860214358	5.019970876286603e-7	-179.99938180185802
9.638290236239705	4.928227236281681e-7	-179.99939311234525
9.727472237769652	4.838162431000408e-7	-179.9994042152823
9.817479430199844	4.7497456604263404e-7	-179.99941511450396
9.908319448927676	4.662946692492307e-7	-179.99942581377297
10.	4.5777358525006814e-7	-179.99943631678147
10.092528860766844	4.4940840127447136e-7	-179.99944662715242
10.18591388054117	4.4119625823269317e-7	-179.9994567484409
10.280162981264736	4.331343497170766e-7	-179.99946668413543
10.375284158180126	4.2521992102215396e-7	-179.99947643765924
10.471285480508996	4.1745026818331793e-7	-179.99948601237156
10.568175092136585	4.0982273703368933e-7	-179.9994954115689
10.665961212302578	4.023347222788351e-7	-179.9995046384861
10.76465213629835	3.949836665889797e-7	-179.99951369629773
10.864256236170656	3.877670597083737e-7	-179.99952258811905
10.964781961431852	3.8068243758147583e-7	-179.99953131700735
11.066237839776663	3.7372738149563225e-7	-179.9995398859629
11.168632477805613	3.6689951723991994e-7	-179.99954829793
11.271974561755105	3.6019651427984874e-7	-179.99955655579828
11.37627285823431	3.536160849476067e-7	-179.99956466240354
11.481536214968829	3.4715598364755344e-7	-179.99957262052888
11.587773561551263	3.4081400607665915e-7	-179.99958043290562
11.694993910198711	3.345879884596064e-7	-179.99958810221435
11.803206356517286	3.284758067982667e-7	-179.9995956310859
11.912420080273739	3.224753761352706e-7	-179.99960302210224
12.022644346174118	3.165846498314133e-7	-179.99961027779747
12.133888504649763	3.1080161885660934e-7	-179.9996174006586
12.246161992650476	3.05124311094151e-7	-179.99962439312665
12.359474334445094	2.995507906580056e-7	-179.99963125759726
12.47383514242942	2.9407915722290573e-7	-179.99963799642185
12.589254117941662	2.8870754536698347e-7	-179.99964461190814
12.705741052085406	2.834341239267089e-7	-179.99965110632118
12.823305826560205	2.782570953638981e-7	-179.99965748188416
12.941958414499851	2.731746951445572e-7	-179.99966374077906
13.061708881318404	2.681851911293385e-7	-179.99966988514757
13.182567385564061	2.632868829753829e-7	-179.99967591709168
13.304544179780901	2.5847810154933556e-7	-179.9996818386747
13.427649611378628	2.537572083513179e-7	-179.99968765192162
13.551894123510351	2.491225949496488e-7	-179.99969335882017
13.67728825595848	2.4457268242610915e-7	-179.99969896132134
13.803842646028839	2.4010592083154883e-7	-179.99970446134
13.931568029453022	2.357207886516413e-7	-179.99970986075587
14.060475241299129	2.314157922825892e-7	-179.99971516141383
14.190575216890911	2.2718946551659613e-7	-179.9997203651248
14.321878992735424	2.2304036903691484e-7	-179.99972547366622
14.454397707459265	2.1896708992229398e-7	-179.99973048878292
14.588142602753473	2.149682411606419e-7	-179.9997354121874
14.723125024327178	2.1104246117173614e-7	-179.9997402455607
14.859356422870059	2.0718841333880442e-7	-179.99974499055284
14.996848355023726	2.034047855488105e-7	-179.99974964878348
15.135612484362072	1.9969028974128035e-7	-179.99975422184244
15.275660582380716	1.9604366146550797e-7	-179.99975871129024
15.417004529495584	1.9246365944598058e-7	-179.99976311865876
15.559656316050734	1.8894906515586982e-7	-179.99976744545157
15.703628043335515	1.8549868239843643e-7	-179.99977169314462
15.848931924611126	1.8211133689619856e-7	-179.99977586318676
15.995580286146678	1.7878587588771816e-7	-179.99977995700013
16.143585568264854	1.755211677318621e-7	-179.99978397598068
16.292960326397214	1.7231610151939686e-7	-179.99978792149878
16.443717232149307	1.6916958669177843e-7	-179.99979179489955
16.595869074375596	1.6608055266700415e-7	-179.99979559750344
16.749428760264365	1.6304794847239077e-7	-179.99979933060655
16.90440931643263	1.6007074238415252e-7	-179.99980299548122
17.060823890031227	1.5714792157364693e-7	-179.99980659337638
17.21868574986006	1.5427849176016806e-7	-179.99981012551805
17.378008287493746	1.5146147687016085e-7	-179.99981359310976
17.5388050184176	1.486959187027379e-7	-179.99981699733286
17.701089583174202	1.4598087660138065e-7	-179.99982033934705
17.864875748520497	1.4331542713170835e-7	-179.99982362029073
18.03017740859568	1.406986637652021e-7	-179.99982684128142
18.197008586099827	1.38129696568772e-7	-179.9998300034161
18.365383433483455	1.3560765190005883e-7	-179.99983310777162
18.535316234148105	1.3313167210836202e-7	-179.99983615540512
18.706821403657997	1.3070091524109055e-7	-179.99983914735432
18.879913490962927	1.2831455475563136e-7	-179.99984208463783
19.054607179632463	1.2597177923653612e-7	-179.99984496825567
19.230917289101576	1.236717921179265e-7	-179.99984779918947
19.408858775927772	1.214138114110202e-7	-179.9998505784029
19.58844673505989	1.1919706943668265e-7	-179.99985330684194
19.769696401118598	1.1702081256291098e-7	-179.99985598543518
19.952623149688787	1.1488430094715793e-7	-179.99985861509424
20.137242498623873	1.1278680828340565e-7	-179.999861196714
20.32357010936221	1.1072762155390163e-7	-179.99986373117295
20.511621788255646	1.087060407854686e-7	-179.99986621933348
20.701413487910415	1.0672137881030515e-7	-179.9998686620422
20.892961308540386	1.0477296103119187e-7	-179.99987106013012
21.086281499332888	1.0286012519102234e-7	-179.99987341441314
21.28139045982711	1.0098222114657828e-7	-179.99987572569214
21.47830474130533	9.913861064646924e-8	-179.99987799475332
21.67704104819694	9.732866711316072e-8	-179.99988022236855
21.87761623949552	9.555177542901425e-8	-179.99988240929542
22.080047330188993	9.380733172626496e-8	-179.99988455627783
22.28435149270303	9.209474318086305e-8	-179.99988666404593
22.490546058357804	9.041342781010917e-8	-179.99988873331654
22.698648518838212	8.876281427401144e-8	-179.99989076479332
22.908676527677724	8.714234168029597e-8	-179.99989275916712
23.12064790175594	8.55514593930039e-8	-179.99989471711604
23.33458062281002	8.398962684460701e-8	-179.99989663930583
23.55049283896009	8.245631335157793e-8	-179.9998985263901
23.76840286624876	8.09509979333503e-8	-179.99990037901034
23.9883291901949	7.947316913460705e-8	-179.9999021977965
24.210290467361776	7.80223248508336e-8	-179.99990398336683
24.434305526939713	7.659797215707739e-8	-179.99990573632837
24.660393372343385	7.51996271398532e-8	-179.99990745727698
24.888573182823905	7.382681473213652e-8	-179.99990914679768
25.118864315095795	7.247906855138808e-8	-179.9999108054647
25.351286304979073	7.115593074055272e-8	-179.9999124338419
25.58585886905645	6.985695181197899e-8	-179.99991403248268
25.82260190634596	6.858169049420408e-8	-179.99991560193038
26.06153549998895	6.732971358155203e-8	-179.9999171427184
26.302679918953814	6.610059578649306e-8	-179.9999186553704
26.54605561975539	6.489391959471318e-8	-179.9999201404004
26.791683248190314	6.370927512284349e-8	-179.9999215983131
27.039583641088434	6.254625997880102e-8	-179.9999230296039
27.289777828080403	6.140447912469175e-8	-179.99992443475918
27.542287033381662	6.028354474222996e-8	-179.99992581425641
27.797132677592884	5.9183076100626064e-8	-179.99992716856428
28.05433637951713	5.810269942689849e-8	-179.999928498143
28.31391995799379	5.704204777856432e-8	-179.9999298034443
28.575905433749465	5.6000760918665084e-8	-179.99993108491168
28.84031503126606	5.497848519308452e-8	-179.99993234298051
29.10717118066605	5.397487341011629e-8	-179.9999335780782
29.376496519615305	5.29895847222401e-8	-179.9999347906244
29.648313895243422	5.202228451006514e-8	-179.99993598103097
29.92264636608189	5.107264426840187e-8	-179.99993714970236
30.19951720402016	5.0140341494421936e-8	-179.99993829703556
30.4789498962798	4.922505957786842e-8	-179.9999394234203
30.76096814740705	4.8326487693278175e-8	-179.99994052923924
31.045595881283525	4.744432069418026e-8	-179.999941614868
31.332857243155825	4.657825900923257e-8	-179.9999426806753
31.62277660168376	4.572800854026216e-8	-179.9999437270232
31.91537855100758	4.489328056217379e-8	-179.99994475426706
32.21068791283432	4.407379162469258e-8	-179.99994576275589
32.50872973854341	4.326926345590662e-8	-179.9999467528321
32.80952931131187	4.2479422867576826e-8	-179.99994772483203
33.11311214825908	4.1704001662181424e-8	-179.99994867908575
33.41950400261139	4.094273654166319e-8	-179.9999496159174
33.72873086588685	4.019536901784788e-8	-179.99995053564507
34.040818970100055	3.946164532450374e-8	-179.9999514385812
34.35579478998743	3.874131633101123e-8	-179.99995232503238
34.67368504525313	3.8034137457613906e-8	-179.99995319529964
34.994516702835696	3.7339868592221104e-8	-179.9999540496785
35.318316979195664	3.665827400873417e-8	-179.99995488845914
35.64511334262439	3.5989122286867935e-8	-179.99995571192636
35.9749335155742	3.533218623344022e-8	-179.99995652035975
36.3078054770101	3.4687242805102456e-8	-179.99995731403385
36.64375746478329	3.405407303248457e-8	-179.99995809321814
36.98281797802659	3.3432461945728746e-8	-179.99995885817717
37.32501577957203	3.282219850138601e-8	-179.9999596091707
37.670379898390856	3.2223075510651095e-8	-179.9999603464537
38.01893963205609	3.163488956891054e-8	-179.9999610702764
38.370724549227845	3.10574409865804e-8	-179.99996178088463
38.72576449216169	3.049053372120963e-8	-179.9999624785196
39.08408957924017	2.993397531082587e-8	-179.99996316341807
39.44573020752781	2.9387576808501073e-8	-179.99996383581257
39.81071705534969	2.8851152718114377e-8	-179.99996449593132
40.17908108489396	2.8324520931290428e-8	-179.99996514399834
40.55085354483835	2.7807502665491354e-8	-179.99996578023354
40.92606597300105	2.7299922403241577e-8	-179.9999664048528
41.304750199016105	2.6801607832464392e-8	-179.99996701806808
41.68693834703351	2.6312389787910106e-8	-179.9999676200873
42.07266283844438	2.583210219365546e-8	-179.99996821111463
42.46195639463126	2.536058200665518e-8	-179.99996879135045
42.85485203974392	2.4897669161325825e-8	-179.99996936099134
43.251383103500835	2.4443206515143355e-8	-179.9999699202303
43.65158322401656	2.399703979523568e-8	-179.9999704692566
44.0554863506553	2.355901754595208e-8	-179.9999710082558
44.46312674691084	2.3128991077391453e-8	-179.99997153740998
44.87453899331318	2.270681441487182e-8	-179.9999720568975
45.28975799036204	2.22923442493239e-8	-179.99997256689298
45.708818961487474	2.188543988859184e-8	-179.99997306756723
46.13175745603791	2.148596320962431e-8	-179.9999735590869
46.55860935229586	2.1093778611539523e-8	-179.99997404161425
46.98941086052151	2.0708752969548363e-8	-179.9999745153062
47.42419852602443	2.0330755589719422e-8	-179.99997498031317
47.8630092322638	1.995965816457027e-8	-179.9999754367765
48.30588020397723	1.9595334729469034e-8	-179.99997588482395
48.7528490103386	1.9237661619829857e-8	-179.99997632455967
49.20395356814506	1.888651742908442e-8	-179.99997675604234
49.65923214503358	1.854178296740614e-8	-179.99997717922955
50.118723362727195	1.8203341221149215e-8	-179.99997759381645
50.58246620031137	1.787107731291161e-8	-179.99997799865622
51.0504999975406	1.754487846194678e-8	-179.99997838892526
51.52286445817562	1.722463394529369e-8	-179.99997873382338
51.99959965335157	1.6910235125540258e-8	-179.9999789783072
52.48074602497723	1.660157520178955e-8	-179.9999795240376
52.966344389165755	1.6298549417063063e-8	-179.9999799283832
53.45643593969714	1.6001054947285354e-8	-179.99998030242284
53.95106225151273	1.5708990814713117e-8	-179.99998066485773
54.450265284242086	1.5422257887121726e-8	-179.99998101915207
54.95408738576243	1.514075884293229e-8	-179.99998136635503
55.462571295791044	1.4864398137698943e-8	-179.9999817069207
55.97576014951099	1.4593081971507383e-8	-179.99998204110926
56.49369748123023	1.4326718257059394e-8	-179.99998236910443
57.01642722807472	1.4065216588371717e-8	-179.9999826910549
57.543993733715666	1.3808488210059102e-8	-179.99998300709126
58.07644175213118	1.3556445987184213e-8	-179.99998331733357
58.61381645140285	1.3309004375660872e-8	-179.9999836218953
59.15616341754737	1.3066079393199525e-8	-179.9999839208851
59.70352865838366	1.2827588590784307e-8	-179.99998421440802
60.255958607435744	1.2593451024671683e-8	-179.99998450256624
60.81350012787176	1.2363587228900933e-8	-179.99998478545928
61.37620051647939	1.2137919188307162e-8	-179.9999850631845
61.94410750767812	1.1916370312027348e-8	-179.9999853358371
62.51726927756855	1.169886540749062e-8	-179.9999856035103
63.0957344480193	1.1485330654883724e-8	-179.9999858662956
63.67955209079155	1.1275693582083074e-8	-179.99998612428251
64.26877173170195	1.106988304004479e-8	-179.99998637755897
64.86344335482381	1.0867829178644376e-8	-179.99998662621115
65.46361740672747	1.0669463422957731e-8	-179.99998687032377
66.06934480075958	1.047471844997558e-8	-179.99998710997974
66.68067692136219	1.0283528165743248e-8	-179.9999873452606
67.29766562843174	1.0095827682918053e-8	-179.99998757624624
67.92036326171844	9.911553298736665e-9	-179.99998780301522
68.54882264526613	9.73064247338504e-9	-179.99998802564457
69.18309709189363	9.553033808763316e-9	-179.99998824420987
69.82324040771712	9.378667027638805e-9	-179.9999884587854
70.46930689671467	9.207482953179648e-9	-179.999988669444
71.12135136533288	9.039423488862357e-9	-179.99998887625725
71.77942912713615	8.874431598746412e-9	-179.99998907929532
72.44359600749898	8.71245128810913e-9	-179.99998927862714
73.11390834834172	8.55342758443423e-9	-179.99998947432042
73.79042301291008	8.397306518747704e-9	-179.99998966644156
74.47319739059888	8.244035107294554e-9	-179.99998985505584
75.16228940182053	8.093561333550201e-9	-179.99999004022726
75.85775750291836	7.945834130560481e-9	-179.99999022201862
76.55966069112561	7.80080336360418e-9	-179.99999040049173
77.26805850957021	7.658419813172192e-9	-179.9999905757071
77.98301105232578	7.518635158257618e-9	-179.9999907477242
78.70457896950977	7.381401959950939e-9	-179.99999091660146
79.43282347242805	7.246673645334958e-9	-179.99999108239618
80.16780633876782	7.114404491673739e-9	-179.9999912451646
80.90958991783813	6.98454961089036e-9	-179.99999140496203
81.65823713585914	6.857064934328145e-9	-179.99999156184265
82.41381150130013	6.731907197790209e-9	-179.99999171585975
83.176377110267	6.609033926852202e-9	-179.99999186706555
83.94599865193965	6.488403422443277e-9	-179.99999201551142
84.72274141405954	6.369974746690415e-9	-179.9999921612477
85.50667128846823	6.253707709021204e-9	-179.99999230432388
86.29785477669692	6.139562852520464e-9	-179.99999244478852
87.09635899560797	6.027501440535982e-9	-179.9999925826893
87.90225168308834	5.91748544352888e-9	-179.99999271807295
88.71560120379598	5.809477526164076e-9	-179.9999928509855
89.53647655495928	5.703441034636522e-9	-179.99999298147205
90.36494737223005	5.599339984228846e-9	-179.99999310957682
91.20108393559087	5.497139047096245e-9	-179.99999323534334
92.04495717531702	5.39680354027439e-9	-179.99999335881427
92.89663867799354	5.298299413906314e-9	-179.99999348003155
93.75620069258792	5.201593239684338e-9	-179.99999359903626
94.6237161365792	5.106652199502979e-9	-179.9999937158688
95.4992586021435	5.013444074319099e-9	-179.99999383056888
96.38290236239695	4.921937233215439e-9	-179.99999394317535
97.2747223776964	4.8321006226638965e-9	-179.99999405372645
98.17479430199833	4.743903755984793e-9	-179.99999416225972
99.08319448927665	4.657316702998644e-9	-179.99999426881197
99.9999999999999	4.572310079866887e-9	-179.99999437341938