0.01000000000000001	0.005494936235001417	-4.977975636881257
0.010092528860766855	0.005496447237905008	-4.979694525596504
0.01018591388054118	0.005497987245002018	-4.981445992466409
0.010280162981264745	0.005499556830710868	-4.98323067895489
0.010375284158180138	0.005501156581500058	-4.985049239959775
0.010471285480509006	0.005502787096166674	-4.9869023441237195
0.010568175092136596	0.005504448986122377	-4.988790674153364
0.01066596121230259	0.005506142875686469	-4.990714927146629
0.010764652136298361	0.0055078694023873295	-4.992675814929235
0.010864256236170667	0.005509629217271835	-4.994674064400176
0.010964781961431863	0.00551142298522288	-4.996710417886386
0.011066237839776675	0.00551325138528574	-4.99878563350718
0.011168632477805623	0.005515115111003678	-5.000900485549121
0.011271974561755117	0.0055170148707618825	-5.003055764850228
0.011376272858234322	0.005518951388141626	-5.0052522791956395
0.01148153621496884	0.005520925402284184	-5.007490853724182
0.011587773561551273	0.005522937668264242	-5.009772331345687
0.011694993910198724	0.005524988957474704	-5.012097573170939
0.01180320635651731	0.005527080058021122	-5.014467458952584
0.011912420080273762	0.005529211775128733	-5.0168828875400395
0.012022644346174144	0.005531384931559599	-5.019344777345832
0.012133888504649786	0.005533600368042534	-5.021854066826276
0.012246161992650502	0.005535858943715098	-5.024411714975657
0.01235947433444512	0.00553816153657835	-5.027018701834774
0.012473835142429446	0.005540509043964733	-5.02967602901421
0.012589254117941687	0.00554290238301944	-5.0323847202327965
0.012705741052085433	0.00554534249119633	-5.035145821872304
0.012823305826560232	0.005547830326767826	-5.037960403547956
0.01294195841449987	0.005550366869350379	-5.040829558696391
0.013061708881318424	0.005552953120445325	-5.043754405180892
0.013182567385564082	0.005555590103995978	-5.046736085914884
0.01330454417978092	0.005558278866961304	-5.049775769504132
0.013427649611378649	0.005561020479907182	-5.05287465090859
0.01355189412351037	0.00556381603761557	-5.056033952124471
0.013677288255958502	0.0055666666597119835	-5.059254922886926
0.013803842646028859	0.005569573491312647	-5.06253884139478
0.013931568029453043	0.005572537703691675	-5.065887015057788
0.01406047524129915	0.005575560494968377	-5.069300781266695
0.014190575216890933	0.005578643090816618	-5.072781508187898
0.014321878992735446	0.005581786745196175	-5.076330595583059
0.014454397707459286	0.005584992741107764	-5.079949475655169
0.014588142602753497	0.005588262391370919	-5.0836396139205595
0.014723125024327202	0.005591597039427792	-5.087402510109924
0.014859356422870082	0.005594998060172487	-5.091239699098189
0.014996848355023748	0.00559846686080679	-5.095152751864117
0.015135612484362095	0.0056020048817244615	-5.099143276482013
0.015275660582380739	0.005605613597423815	-5.10321291914543
0.015417004529495607	0.005609294517450599	-5.107363365224942
0.015559656316050758	0.005613049187372337	-5.111596340361365
0.01570362804333554	0.005616879189784546	-5.115913611595003
0.015848931924611148	0.005620786145351014	-5.12031698853325
0.015995580286146702	0.005624771713879335	-5.124808324557919
0.016143585568264878	0.005628837595432669	-5.129389518073483
0.016292960326397238	0.005632985531479125	-5.134062513797847
0.01644371723214933	0.00563721730608135	-5.138829304098269
0.016595869074375623	0.005641534747126718	-5.143691930373314
0.01674942876026439	0.005645939727600304	-5.148652484483012
0.016904409316432657	0.005650434166902512	-5.153713110229487
0.017060823890031253	0.005655020032213001	-5.158876004889778
0.017218685749860088	0.005659699339903005	-5.164143420803417
0.017378008287493772	0.005664474156998039	-5.16951766701686
0.01753880501841763	0.005669346602692927	-5.175001110987104
0.01770108958317423	0.005674318849921469	-5.180596180347009
0.017864875748520526	0.005679393126983579	-5.186305364735538
0.018030177408595707	0.005684571719231459	-5.192131217694853
0.018197008586099853	0.005689856970818355	-5.1980763586380565
0.018365383433483484	0.005695251286511206	-5.204143474889348
0.018535316234148135	0.0057007571335722165	-5.210335323801938
0.018706821403658026	0.005706377043710179	-5.216654734955034
0.018879913490962956	0.005712113615105433	-5.22310461243418
0.019054607179632494	0.005717969514512758	-5.229687937199649
0.019230917289101597	0.005723947479444009	-5.236407769545264
0.019408858775927792	0.005730050320435478	-5.243267251653054
0.01958844673505991	0.005736280923402932	-5.250269610247303
0.01976969640111862	0.005742642252088865	-5.257418159352967
0.01995262314968881	0.005749137350606437	-5.26471630316369
0.020137242498623895	0.005755769346083693	-5.27216753902345
0.02032357010936223	0.005762541451413798	-5.279775460528353
0.020511621788255666	0.005769456968115829	-5.28754376075379
0.020701413487910436	0.005776519289310929	-5.2954762356124165
0.02089296130854041	0.00578373190282048	-5.3035767873505
0.02108628149933291	0.0057910983943910655	-5.311849428188076
0.021281390459827135	0.005798622451053039	-5.320298284110764
0.021478304741305354	0.005806307864618518	-5.32892759881985
0.02167704104819696	0.005814158535327334	-5.337741737850153
0.02187761623949554	0.0058221784756454995	-5.346745192861238
0.022080047330189013	0.005830371814226816	-5.355942586113864
0.022284351492703053	0.0058387428000436815	-5.365338675138537
0.022490546058357826	0.0058472958066966675	-5.374938357607279
0.022698648518838235	0.005856035336911226	-5.384746676418103
0.022908676527677748	0.005864966027232827	-5.394768825004791
0.023120647901755963	0.0058740926529279236	-5.40501015288106
0.023334580622810044	0.005883420133105204	-5.415476171434897
0.023550492838960112	0.005892953536064499	-5.42617255998212
0.023768402866248782	0.0059026980848896305	-5.437105172097302
0.02398832919019492	0.005912659163294513	-5.4482800422330495
0.0242102904673618	0.005922842321738983	-5.459703392646195
0.02443430552693974	0.005933253283826956	-5.4713816406455775
0.024660393372343412	0.005943897953003694	-5.483321406180403
0.02488857318282393	0.005954782419567781	-5.495529519787077
0.025118864315095822	0.005965912968015481	-5.508013030914952
0.025351286304979098	0.005977296084736601	-5.520779216652496
0.02558585886905648	0.00598893846608073	-5.533835590875886
0.025822601906345985	0.006000847026815291	-5.547189913844375
0.026061535499988978	0.006013028908998753	-5.560850202269169
0.026302679918953843	0.006025491491290985	-5.574824739881176
0.026546055619755416	0.006038242398728352	-5.589122088529122
0.026791683248190343	0.006051289512988874	-5.603751099837206
0.027039583641088463	0.0060646409831783925	-5.618720927457663
0.027289777828080432	0.006078305237166906	-5.634041039951847
0.02754228703338169	0.006092290993510088	-5.649721234339955
0.02779713267759291	0.006106607273989523	-5.66577165035791
0.02805433637951716	0.006121263416811405	-5.682202785467209
0.028313919957993816	0.006136269090503054	-5.6990255106627465
0.028575905433749497	0.0061516343085513975	-5.716251087129491
0.028840315031266085	0.006167369444830257	-5.733891183801968
0.02910717118066608	0.006183485249865168	-5.7519578958825415
0.029376496519615335	0.006199992867991223	-5.77046376438231
0.029648313895243455	0.006216903855460101	-5.789421796749443
0.02992264636608192	0.006234230199559131	-5.808845488657181
0.030199517204020192	0.006251984338808089	-5.82874884702743
0.03047894989627986	0.006270179184306289	-5.849146414373397
0.03076096814740711	0.006288828142306218	-5.870053294549382
0.031045595881283587	0.006307945138096845	-5.89148518000362
0.03133285724315589	0.006327544641287242	-5.913458380638637
0.031622776601683826	0.006347641692585047	-5.935989854388637
0.03191537855100765	0.006368251932175931	-5.959097239636273
0.03221068791283438	0.0063893916298154605	-5.982798889597806
0.03250872973854347	0.006411077716755393	-6.007113908817623
0.03280952931131194	0.006433327819636555	-6.032062191925281
0.03311311214825915	0.006456160296489878	-6.057664464818689
0.03341950400261146	0.006479594275001484	-6.083942328454261
0.03372873086588692	0.00650364969320792	-6.110918305436552
0.034040818970100126	0.00652834734280463	-6.13861588961948
0.0343557947899875	0.006553708915264326	-6.167059598947655
0.0346736850452532	0.006579757050980488	-6.196275031787442
0.034994516702835765	0.006606515391669518	-6.226288927019292
0.035318316979195734	0.00663400863628644	-6.257129228187377
0.03564511334262446	0.006662262600730945	-6.288825152028768
0.03597493351557427	0.006691304281646708	-6.3214072617346835
0.03630780547701017	0.0067211619246450565	-6.354907545329378
0.03664375746478335	0.006751865097313616	-6.389359499587155
0.03698281797802665	0.00678344476740616	-6.424798219949499
0.037325015779572084	0.006815933386645819	-6.461260496947136
0.037670379898390914	0.006849364980617824	-6.498784919682907
0.038018939632056145	0.006883775245271826	-6.537411986983794
0.0383707245492279	0.006919201650607966	-6.577184226893802
0.038725764492161745	0.006955683552174695	-6.618146325243413
0.03908408957924023	0.006993262311075121	-6.660345264111935
0.03944573020752787	0.007031981423244153	-6.7038304710775805
0.039810717055349755	0.007071886658842246	-6.748653980248342
0.04017908108489402	0.007113026212699393	-6.7948706061710835
0.040550853544838415	0.0071554508668401785	-6.8425381318322165
0.040926065973001115	0.007199214166236407	-6.891717512100124
0.041304750199016166	0.007244372609053793	-6.942473094103296
0.04168693834703357	0.007290985852805138	-6.9948728562113685
0.04207266283844444	0.007339116937975792	-7.048988667470319
0.04246195639463132	0.007388832530869607	-7.1048965695604345
0.042854852039743985	0.007440203187624099	-7.162677083586646
0.04325138310350091	0.0074933036415693235	-7.2224155442816835
0.04365158322401663	0.007548213116368654	-7.284202464518895
0.044055486350655364	0.007605015667667741	-7.348133933379708
0.04446312674691091	0.007663800556316378	-7.414312051427997
0.04487453899331325	0.007724662656603375	-7.482845407298396
0.04528975799036211	0.0077877029033837745	-7.553849600237164
0.04570881896148754	0.007853028782469244	-7.627447813831356
0.04613175745603798	0.007920754869223305	-7.703771446856536
0.04655860935229591	0.007991003420954823	-7.78296080796854
0.04698941086052156	0.008063905029451932	-7.865165881880517
0.04742419852602448	0.008139599340867876	-7.950547175731562
0.04786300923226385	0.008218235851160273	-8.039276655572598
0.04830588020397728	0.008299974786454799	-8.131538784334174
0.04875284901033865	0.008384988079029999	-8.227531674284412
0.04920395356814511	0.008473460451195949	-8.327468368937554
0.04965923214503363	0.008565590621146344	-8.431578271626742
0.05011872336272725	0.008661592646997633	-8.540108740619416
0.05058246620031143	0.008761697427713452	-8.653326873773237
0.051050499997540646	0.008866154382547042	-8.7715215094255
0.05152286445817567	0.008975233334070713	-8.89500547455959
0.05199959965335162	0.009089226623944494	-9.024118116481162
0.052480746024977286	0.009208451495391363	-9.159228160390377
0.05296634438916581	0.009333252782080312	-9.30073694260202
0.05345643593969719	0.00946400594995169	-9.44908207799183
0.05395106225151279	0.009601120546672077	-9.60474163084835
0.05445026528424214	0.009745044123211045	-9.768238871135816
0.05495408738576248	0.009896266703799275	-9.940147713684517
0.0554625712957911	0.010055325894751707	-10.121098956715654
0.05597576014951104	0.010222812739865132	-10.31178745917673
0.05649369748123028	0.01039937845103498	-10.512980424659524
0.05701642722807478	0.010585742168280633	-10.725526994540788
0.05754399373371572	0.010782699934643848	-10.9503693961431
0.05807644175213124	0.010991135109857875	-11.188555945385101
0.05861381645140291	0.011212030494089253	-11.441256270468148
0.05915616341754743	0.011446482491743825	-11.709779207411485
0.05970352865838372	0.011695717718252674	-11.995593924664249
0.06025595860743581	0.011961112543692174	-12.300354969158093
0.060813500127871824	0.012244216180874205	-12.625932098737803
0.061376200516479455	0.012546778068386858	-12.97444598763062
0.06194410750767818	0.012870780478854617	-13.348311178170324
0.06251726927756862	0.013218477509535436	-13.750288024728986
0.06309573444801936	0.013592441898969302	-14.183545863723259
0.06367955209079162	0.013995621475584518	-14.651740286473334
0.064268771731702	0.014431407501227407	-15.15910824450905
0.06486344335482389	0.014903717746868156	-15.710585855616813
0.06546361740672754	0.015417097853499902	-16.311955309478545
0.06606934480075964	0.01597684540993069	-16.970029341773923
0.06668067692136226	0.01658916222972497	-17.69288456152714
0.06729766562843183	0.01726134150598055	-18.490158765603354
0.0679203632617185	0.018001997757662848	-19.373432653496774
0.0685488226452662	0.018821348470511087	-20.356723603001683
0.0691830970918937	0.019731556423123367	-21.457129086529818
0.06982324040771719	0.02074713945296611	-22.695670750658085
0.07046930689671474	0.021885446875717286	-24.098408003500555
0.07112135136533296	0.023167182787350284	-25.69791252343392
0.07177942912713622	0.024616913588254352	-27.53522093051467
0.07244359600749906	0.026263405316254092	-29.662405111838492
0.0731139083483418	0.028139446882170363	-32.14589770253359
0.07379042301291015	0.03028043633048908	-35.070629859557684
0.07447319739059896	0.03272028171924093	-38.5447493221901
0.07516228940182061	0.03548188417680157	-42.70389936727991
0.07585775750291844	0.03855756137418464	-47.71218745663294
0.07655966069112569	0.041873188556172725	-53.75322578878353
0.07726805850957029	0.04523303054166492	-60.99880216491022
0.07798301105232593	0.048261571614725975	-69.5390921454661
0.07870457896950993	0.050404699582012144	-79.27269856904901
0.07943282347242822	0.05108717842599651	-89.80853422154043
0.08016780633876798	0.050019332197164194	-100.49298974554748
0.0809095899178383	0.04740488284893982	-110.61750904214655
0.0816582371358593	0.04381278358714216	-119.67010528685111
0.0824138115013003	0.0398548318499388	-127.43911671814892
0.08317637711026717	0.03596925787399048	-133.95140092323334
0.08394599865193982	0.032388673130390344	-139.35656779797395
0.08472274141405972	0.02919871608629034	-143.83902774372115
0.08550667128846841	0.026403682815242368	-147.57281788818793
0.0862978547766971	0.023971107653120036	-150.70539982489035
0.08709635899560814	0.021856224252219544	-153.3556817279391
0.08790225168308852	0.020013634751553183	-155.61745703592746
0.08871560120379617	0.018402106756802823	-157.5641394038166
0.08953647655495947	0.016986033364273404	-159.25319327707413
0.09036494737223023	0.01573541412129786	-160.7297924253574
0.09120108393559107	0.014625264001914754	-162.02968273184356
0.09204495717531722	0.0136348672963081	-163.18136849172524
0.09289663867799372	0.012747053770478214	-164.20776581563584
0.09375620069258811	0.011947562120825548	-165.12745057909476
0.09462371613657934	0.011224505538622524	-165.9556026522088
0.09549925860214364	0.010567933480159898	-166.7047238811414
0.0963829023623971	0.009969476592742258	-167.3851875247707
0.09727472237769656	0.009422060557996867	-168.00566171834203
0.09817479430199849	0.008919675809554184	-168.57343829189958
0.09908319448927681	0.00845719203539745	-169.0946900314224
0.10000000000000005	0.008030208383977023	-169.5746734646341
0.10092528860766849	0.007634932086624071	-170.01788987773375
0.10185913880541175	0.007268079710576849	-170.4282140732391
0.10280162981264741	0.006926796473123545	-170.80899803457953
0.10375284158180131	0.006608590014362558	-171.16315493378693
0.10471285480509002	0.006311275787317298	-171.49322763532982
0.1056817509213659	0.006032931820402581	-171.80144489066205
0.10665961212302584	0.005771861073453872	-172.08976769741085
0.10764652136298355	0.0055265599731400585	-172.35992775169157
0.10864256236170661	0.005295691999180617	-172.6134595064824
0.10964781961431856	0.005078065417084121	-172.8517270303115
0.1106623783977667	0.004872614429809728	-173.07594661458202
0.11168632477805618	0.0046783831604400505	-173.28720588689455
0.1127197456175511	0.004494511988805929	-173.48648003854785
0.11376272858234315	0.00432022585332496	-173.6746456571894
0.11481536214968835	0.004154824199966426	-173.85249256298
0.11587773561551268	0.003997672317008609	-174.02073397306663
0.11694993910198717	0.003848193840021339	-174.18001526041286
0.11803206356517304	0.0037058642485714973	-174.3309215258844
0.11912420080273756	0.0035702052062770847	-174.47398416446532
0.12022644346174137	0.003440779620428674	-174.6096865756691
0.1213388850464978	0.003317187317542284	-174.73846914313162
0.12246161992650495	0.0031990612477755926	-174.86073358787087
0.12359474334445113	0.0030860641448119644	-174.97684678286691
0.12473835142429439	0.0029778855791420733	-175.08714410273785
0.1258925411794168	0.0028742393520839547	-175.19193237080037
0.12705741052085426	0.0027748611857315877	-175.2914924562574
0.12823305826560225	0.002679506670587455	-175.3860815662888
0.1294195841449987	0.0025879494381453316	-175.4759352711496
0.13061708881318423	0.002499979530328145	-175.56126929476747
0.1318256738556408	0.00241540194160237	-175.64228109859383
0.13304544179780922	0.002334035312907354	-175.71915128244342
0.13427649611378642	0.002255710759353259	-175.7920448226356
0.13551894123510363	0.0021802708160402673	-175.86111216481953
0.13677288255958495	0.002107568488397852	-175.92649018634512
0.13803842646028852	0.002037466395195723	-175.98830304085902
0.13931568029453034	0.001969835993880728	-176.0466628959024
0.14060475241299142	0.0019045568791878752	-176.1016705726152
0.14190575216890927	0.0018415161470877411	-176.15341609517182
0.1432187899273544	0.0017806078170962613	-176.20197915624007
0.1445439770745928	0.0017217323068069797	-176.24742950355255
0.1458814260275349	0.001664795953230043	-176.2898272515646
0.14723125024327194	0.0016097105761517722	-176.32922312113044
0.14859356422870074	0.0015563930792776544	-176.36565860913257
0.1499684835502374	0.0015047650854006314	-176.399166089026
0.15135612484362088	0.0014547526022561195	-176.42976884228892
0.15275660582380732	0.0014062857160924995	-176.45748101977932
0.154170045294956	0.0013592983103088022	-176.48230753096527
0.1555965631605075	0.0013137278067952636	-176.5042438578927
0.15703628043335532	0.0012695149278626088	-176.5232757895562
0.15848931924611143	0.001226603476867079	-176.53937907101084
0.15995580286146696	0.001184940135833585	-176.55251896007036
0.1614358556826487	0.0011444742785524135	-176.5626496827324
0.1629296032639723	0.001105157797778767	-176.5697137765055
0.16443717232149324	0.0010669449453008018	-176.57364130851948
0.16595869074375613	0.0010297921837636719	-176.57434895259846
0.16749428760264382	0.000993658049245338	-176.5717389062735
0.1690440931643265	0.0009585030236771906	-176.56569762488246
0.17060823890031243	0.0009242894162892745	-176.5560943452969
0.17218685749860077	0.0008909812533379346	-176.54277936624493
0.17378008287493762	0.0008585441754440925	-176.5255820454085
0.1753880501841762	0.0008269453419338363	-176.50430846516892
0.1770108958317422	0.0007961533416305445	-176.47873870864493
0.17864875748520517	0.0007661381096006074	-176.44862367500386
0.180301774085957	0.000736870849402875	-176.41368134725977
0.18197008586099844	0.0007083239604370469	-176.37359240602296
0.18365383433483473	0.0006804709700281656	-176.3279950577811
0.18535316234148125	0.0006532864699246117	-176.27647891473902
0.18706821403658017	0.0006267460569261682	-176.21857772297054
0.18879913490962946	0.000600826277397736	-176.153760683878
0.19054607179632482	0.0005755045754647237	-176.0814220469554
0.19230917289101596	0.0005507592447291616	-176.00086856445213
0.19408858775927793	0.0005265693833935444	-175.91130428360714
0.19588446735059908	0.0005029148527349301	-175.8118119996873
0.1976969640111862	0.0004797762389385528	-175.70133048903605
0.19952623149688808	0.00045713481838377177	-175.57862636559028
0.20137242498623895	0.00043497252658274496	-175.44225902776105
0.2032357010936223	0.0004132719311152633	-175.29053664261755
0.20511621788255666	0.0003920162090978551	-175.1214603877586
0.20701413487910436	0.00037118912999621297	-174.93265314296198
0.2089296130854041	0.00035077504497527416	-174.72126734814861
0.2108628149933291	0.0003307588845393611	-174.48386459506077
0.21281390459827135	0.0003111261670397283	-174.2162563388457
0.21478304741305343	0.00029186302186990574	-173.91329032332217
0.21677041048196952	0.0002729562330823056	-173.56855995419903
0.2187761623949553	0.00025439331216985036	-173.17400231287476
0.22080047330189004	0.00023616261360909875	-172.71933198023106
0.22284351492703042	0.00021825351479574391	-172.19122734475326
0.22490546058357816	0.00020065669570354407	-171.5721344281378
0.22698648518838224	0.00018336457774366242	-170.83846302599162
0.22908676527677735	0.0001663720254679689	-169.95778668160332
0.23120647901755953	0.0001496774990187824	-168.88435081304436
0.23334580622810033	0.0001332850138613512	-167.55158969162494
0.23550492838960102	0.00011720762083471609	-165.8591086301118
0.23768402866248772	0.00010147392190286822	-163.64888674568638
0.2398832919019491	0.00008614107534235703	-160.65928274948448
0.2421029046736179	0.00007132280233861889	-156.4307614087573
0.24434305526939726	0.0000572551018082438	-150.10317194180604
0.246603933723434	0.000044463093493004284	-139.98918971572957
0.24888573182823917	0.00003418032905731878	-123.00366406343932
0.25118864315095807	0.000028962636440580004	-96.56139478349944
0.2535128630497908	0.00003125852872388018	-67.65586541685194
0.25585858869056466	0.00003966619880359398	-47.15131332671876
0.2582260190634597	0.0000511853454658717	-34.89682956528696
0.26061535499988964	0.00006411507661632839	-27.4122089510457
0.2630267991895383	0.00007772904432070727	-22.53268496027381
0.26546055619755404	0.00009171215942628892	-19.153337314379556
0.2679168324819033	0.00010591880257616203	-16.69675325398743
0.2703958364108845	0.00012027946142262096	-14.841962246654372
0.2728977782808042	0.00013476233608251072	-13.399212839603669
0.27542287033381674	0.00014935614484919293	-12.25013591298568
0.277971326775929	0.00016406181772914553	-11.317462468238164
0.2805433637951715	0.00017888824201565482	-10.548791618549807
0.28313919957993805	0.00019385000283453713	-9.907425987342078
0.2857590543374948	0.00020896617881699134	-9.366956247492057
0.2884031503126607	0.00022425973733534706	-8.907931735269273
0.29107171180666064	0.00023975729868328774	-8.51574183133914
0.2937649651961532	0.0002554891501860194	-8.17922675851645
0.2964831389524344	0.0002714894506287549	-7.889742572773154
0.29922646366081906	0.0002877965999672504	-7.640517457773973
0.30199517204020176	0.00030445377222489833	-7.426199939768008
0.30478949896279844	0.0003215096278598707	-7.242536759234955
0.307609681474071	0.00033901924028962606	-7.08614051604468
0.3104559588128357	0.00035704529374697326	-6.954321118735464
0.3133285724315587	0.00037565964125417896	-6.844964021417215
0.3162277660168381	0.00039494536019059394	-6.756444273302009
0.31915378551007634	0.00041499952297036324	-6.687569828832413
0.3221068791283436	0.00043593703944560196	-6.637551329934014
0.32508729738543457	0.0004578961830849313	-6.605999651498455
0.3280952931131192	0.00048104691083422255	-6.59295837839502
0.3311311214825913	0.0005056041246406981	-6.598989110511716
0.33419504002611444	0.0005318503644213367	-6.625350612247674
0.3372873086588691	0.0005601782291697866	-6.6743695578079825
0.34040818970100106	0.000591179017379303	-6.7502591907504135
0.34355794789987465	0.0006258566844947312	-6.861160911784816
0.34673685045253166	0.0006662572227505134	-7.025285832635995
0.3499451670283573	0.0007179720130640857	-7.295856063895172
0.353183169791957	0.0008078501864943238	-7.943391435289827
0.35645113342624424	0.002808659232725016	-136.71100673609487
0.3597493351557423	0.0006926810160684531	-6.411045441283866
0.36307805477010135	0.0007936235025102293	-7.057182160784883
0.36643757464783333	0.0008688434748278427	-7.479549382409156
0.3698281797802663	0.0009444601627993256	-7.886807040727291
0.3732501577957206	0.0010278475840131342	-8.336622329884213
0.37670379898390893	0.001124090494417962	-8.864964867069181
0.38018939632056126	0.0012388980612359516	-9.509601517270445
0.38370724549227886	0.0013802104973037856	-10.32191343921335
0.3872576449216173	0.001560322756842645	-11.381790889564279
0.3908408957924021	0.0017999423609189901	-12.828627777201842
0.39445730207527846	0.002137154204135724	-15.000320398129459
0.3981071705534973	0.002632751360689149	-17.993164441163124
0.40179081084894	0.003485973072552395	-23.470125902085847
0.40550853544838394	0.005138520775712954	-34.96028036257932
0.40926065973001097	0.008391306478985255	-66.12147852628372
0.41304750199016144	0.007715111071674603	-124.27187128395366
0.4168693834703355	0.004339696806306716	-152.42412367481774
0.4207266283844442	0.0027175818405656385	-164.01498157115333
0.424619563946313	0.0018583833919672765	-169.53779813856107
0.4285485203974396	0.0013408578252954483	-172.73341222287928
0.43251383103500884	0.0009900043316481283	-174.8523767410781
0.4365158322401661	0.0007293497314560893	-176.39592783585164
0.44055486350655343	0.000519688413695282	-177.60729191989782
0.4446312674691088	0.0003371331086416249	-178.61283199263534
0.4487453899331323	0.00016319285761925176	-179.39154175078806
0.4528975799036209	0.000022580078609682614	-4.810738142564495
0.4570881896148752	0.00025426012316473386	-2.8173563610711505
0.46131757456037953	0.0006191409261178643	-4.938769324790419
0.4655860935229591	0.0014899105565750693	-10.539184824977045
0.4698941086052156	0.00767206474881313	-62.331458937795176
0.4742419852602448	0.0023198717924492037	-163.74639099090274
0.47863009232263853	0.0011592084646468435	-172.9143626138085
0.48305880203977286	0.000755102309089188	-175.4700837836322
0.4875284901033865	0.0005398319390302075	-176.7919936755964
0.4920395356814511	0.0003985869602835034	-177.63549842184153
0.49659232145033627	0.00029417325601193334	-178.24226515345015
0.5011872336272725	0.00021074467955198498	-178.7149583970614
0.5058246620031143	0.0001403041259641743	-179.10489139555943
0.5105049999754064	0.00007829728921849948	-179.4384453888317
0.5152286445817567	0.000021869604168559068	-179.69302625953205
0.5199959965335162	0.00003092419944125262	-0.12566050535020987
0.5248074602497729	0.00008151860839881771	-0.3806530165160375
0.5296634438916581	0.00013105844460855557	-0.6678023413629431
0.5345643593969719	0.00018053275726360933	-0.9750262945953374
0.5395106225151278	0.0002308651120310005	-1.3110826654716994
0.5445026528424215	0.0002829817004271241	-1.6890012869487092
0.5495408738576248	0.000337868963625061	-2.125716254107848
0.5546257129579107	0.00039662635867781447	-2.6431958106549667
0.5597576014951101	0.00046051444380381876	-3.270019390328546
0.5649369748123025	0.0005309905685406426	-4.042892060873757
0.5701642722807475	0.0006097114655130512	-5.006930697521623
0.5754399373371569	0.0006984658984624144	-6.211857116111468
0.580764417521312	0.0007990067752815384	-7.698275646447031
0.5861381645140288	0.0009128786340516094	-9.465990530733462
0.591561634175474	0.0010417833711350859	-11.424517149014818
0.5970352865838369	0.001189789496725799	-13.362196082402006
0.6025595860743578	0.001368713806131093	-15.018907865017217
0.6081350012787179	0.0016063715452777415	-16.299749848694074
0.6137620051647943	0.001959122639767599	-17.5024191081829
0.6194410750767815	0.002546524104128477	-19.503731780141386
0.6251726927756859	0.003685031150731423	-24.60611575982108
0.6309573444801934	0.006345504873055658	-42.835474762540144
0.6367955209079159	0.0069302078437948784	-92.03911594117868
0.6426877173170198	0.007655647551487255	-110.39331282891413
0.6486344335482385	0.005157338041029758	-156.37339224452506
0.654636174067275	0.0026873155223057056	-170.26054986312855
0.6606934480075961	0.0031687852446935037	-170.0100529653437
0.6668067692136223	0.0021117502358162636	-174.01012664938432
0.6729766562843178	0.001682300964277792	-175.6671202379009
0.6792036326171846	0.0014093357413105993	-176.701687901397
0.6854882264526617	0.0012144541784963733	-177.412578019421
0.6918309709189366	0.001066656374062805	-177.91228574986053
0.6982324040771715	0.0009501592627583347	-178.25900495781403
0.7046930689671471	0.0008557862402185847	-178.49186096646514
0.7112135136533292	0.0007777074655892048	-178.64105336701692
0.7177942912713619	0.0007119832800049571	-178.73028358861248
0.7244359600749902	0.0006558366711583914	-178.7775097181894
0.7311390834834176	0.0006072522077098522	-178.79576644857596
0.7379042301291011	0.0005647350445683048	-178.7941850016008
0.7447319739059892	0.0005271564613190728	-178.77899934690544
0.7516228940182057	0.0004936505637613554	-178.75438906562388
0.758577575029184	0.00046354329446252274	-178.72311805234384
0.7655966069112565	0.0004363027131602064	-178.6869899497434
0.7726805850957026	0.0004115036411472116	-178.6471612193488
0.7798301105232589	0.0003888021738389724	-178.6043517289637
0.7870457896950989	0.00036791706565394874	-178.55898461159106
0.7943282347242817	0.0003486159601957612	-178.5112783997124
0.8016780633876793	0.0003307050775379809	-178.46130724321603
0.8090958991783825	0.00031402139623774877	-178.40903952430068
0.8165823713585927	0.0002984266414089912	-178.35435825835964
0.8241381150130026	0.0002838032375657448	-178.29719025741574
0.8317637711026713	0.00027004828351889456	-178.2370735351712
0.8394599865193977	0.00025707480701238236	-178.17390668211908
0.8472274141405968	0.00024480585469909314	-178.1073103400095
0.8550667128846836	0.00023317419535671315	-178.03689151377193
0.8629785477669706	0.0002221205821193659	-177.96219913966965
0.870963589956081	0.00021159251831896276	-177.8827148484007
0.8790225168308847	0.00020154324528362622	-177.79784225899567
0.8871560120379608	0.00019193090263089804	-177.70689340077365
0.8953647655495938	0.0001827178262345746	-177.60907152824313
0.9036494737223014	0.00017386995702852086	-177.50344943078798
0.9120108393559097	0.00016535633955004498	-177.38894201517962
0.9204495717531712	0.0001571486934544914	-177.26427148333116
0.9289663867799363	0.0001492210445500488	-177.12792279326723
0.9375620069258802	0.00014154940446747666	-176.97808619369795
0.946237161365793	0.00013411149008085615	-176.81258232998155
0.9549925860214359	0.0001268864753741621	-176.6287635248975
0.9638290236239705	0.00011985476971859639	-176.42338201149224
0.9727472237769651	0.00011299781758975125	-176.1924115992483
0.9817479430199844	0.00010629791572197713	-175.93080259172754
0.9908319448927676	0.00009973804471579908	-175.6321392103816
1.	0.00009330171341831805	-175.2881516241749
1.0092528860766845	0.00008697281641397345	-174.8880060735218
1.0185913880541169	0.00008073550853557506	-174.41724742667017
1.0280162981264735	0.00007457410717546152	-173.85618123459994
1.0375284158180127	0.0000684730471168881	-173.1773215281405
1.0471285480508996	0.00006241694216359098	-172.3412215697012
1.0568175092136585	0.00005639087339027181	-171.28938214360707
1.066596121230258	0.00005038117682142672	-169.93160851622417
1.076465213629835	0.00004437738286946752	-168.12220027636891
1.0864256236170655	0.00003837697280793656	-165.61216507520447
1.096478196143185	0.000032397565186928436	-161.9462078338065
1.1066237839776665	0.00002651058650133313	-156.2245596158819
1.1168632477805611	0.00002094319627786232	-146.5404721144995
1.1271974561755105	0.000016398800657155302	-129.0196392708633
1.1376272858234309	0.000014750581840396551	-100.28390080174728
1.1481536214968828	0.000018406017000530618	-71.22480782206875
1.1587773561551262	0.00002803180104742062	-55.376268277185666
1.1694993910198712	0.00004666091998322014	-53.810064777709826
1.1803206356517297	0.00008493390278483142	-84.27026365934195
1.191242008027375	0.00004330789264622481	-158.79621074848004
1.2022644346174132	4.0482297425476754e-7	-169.97225435612236
1.2133888504649775	0.00001871407610288412	-2.8905344408139864
1.224616199265049	0.00003226765325112043	-4.406143644820099
1.2359474334445106	0.00004411792920291507	-4.994648746271379
1.2473835142429432	0.000055550476369958334	-5.215453067224959
1.2589254117941675	0.00006717246674556212	-5.281070353500326
1.270574105208542	0.0000793706456262648	-5.283539694046952
1.2823305826560218	0.00009246463597244051	-5.267101033370524
1.2941958414499863	0.00010677602296765505	-5.2552109457292975
1.3061708881318417	0.00012267273126702108	-5.261940311850856
1.3182567385564075	0.00014061064473785338	-5.297383005373424
1.3304544179780915	0.0001611853067829288	-5.370634292529009
1.3427649611378643	0.00018520711012793813	-5.491867557247197
1.3551894123510364	0.0002138207693348037	-5.674349484479798
1.3677288255958495	0.00024870768224950096	-5.937120502230583
1.3803842646028852	0.00029245027293150995	-6.309397880744134
1.3931568029453034	0.0003492348264270643	-6.838836397492391
1.4060475241299142	0.00042632695179980947	-7.608800033858687
1.4190575216890926	0.0005375260971645094	-8.77904391374401
1.432187899273544	0.0007125406038253574	-10.697683322122971
1.4454397707459279	0.0010284245551006087	-14.28771003689432
1.4588142602753489	0.0017544597193389273	-22.975048096189884
1.4723125024327193	0.004066012121888491	-59.42154399302394
1.4859356422870074	0.0031769586883426816	-142.58128548320357
1.499684835502374	0.0015394007858978611	-164.37353471520623
1.5135612484362087	0.0009984443167606017	-170.66167024106906
1.5275660582380732	0.0007410384445577866	-173.55724497025122
1.54170045294956	0.000591303004905615	-175.20492953066073
1.555965631605075	0.0004933737802141662	-176.2600465578229
1.5703628043335531	0.0004242485673281936	-176.9884820200303
1.584893192461114	0.00037276816555291534	-177.5182485679391
1.5995580286146696	0.00033287459780853535	-177.91850147806025
1.6143585568264869	0.0003009983705575775	-178.229835497724
1.629296032639723	0.0002749007842454641	-178.47762530795285
1.6443717232149324	0.00025310700615744654	-178.67853207297023
1.6595869074375613	0.00023460601399666908	-178.84393749852384
1.6749428760264382	0.00021868159762631029	-178.98187394361736
1.690440931643265	0.0002048122009795525	-179.09816642964321
1.7060823890031243	0.00019260898338004375	-179.19713788388168
1.7218685749860079	0.00018177610938026171	-179.2820607167211
1.7378008287493762	0.0001720844885875481	-179.35545508914655
1.753880501841762	0.00016335393619772813	-179.4192912928128
1.770108958317422	0.00015544076458919894	-179.47513034196209
1.7864875748520517	0.00014822897053146236	-179.52422369356077
1.803017740859568	0.0001416238586622423	-179.5675852972303
1.8197008586099825	0.00013554735020308	-179.6060445211104
1.8365383433483455	0.00012993447927005616	-179.6402856127906
1.8535316234148105	0.00012473074025678207	-179.67087751981546
1.8706821403657996	0.00011989005449330697	-179.69829670243834
1.8879913490962925	0.00011537319382436686	-179.7229447814533
1.9054607179632463	0.00011114654563548441	-179.74516233090074
1.9230917289101574	0.00010718113604119101	-179.76523975970014
1.9408858775927773	0.00010345185038363558	-179.7834259714588
1.958844673505989	0.00009993680604772169	-179.79993531168077
1.97696964011186	0.00009661684395472659	-179.8149531827516
1.9952623149688788	0.00009347511332672497	-179.8286406137389
2.0137242498623875	0.00009049673034638879	-179.84113800368007
2.032357010936221	0.00008766849580431561	-179.85256820642422
2.0511621788255647	0.00008497866016723037	-179.8630390872757
2.0701413487910414	0.00008241672702213285	-179.87264565316184
2.0892961308540388	0.00007997328777110404	-179.8814718363501
2.108628149933289	0.00007763988192463284	-179.88959199510316
2.1281390459827114	0.00007540887848045482	-179.89707218180712
2.147830474130533	0.00007327337476208534	-179.90397121910618
2.167704104819694	0.00007122710978691121	-179.91034161674358
2.1877616239495516	0.00006926438978272657	-179.916230355632
2.208004733018899	0.00006738002390753088	-179.9216795607787
2.228435149270303	0.00006556926857555623	-179.9267270807833
2.2490546058357803	0.00006382777907205922	-179.93140698849297
2.2698648518838214	0.00006215156736510234	-179.93575001487426
2.2908676527677723	0.00006053696520564247	-179.9397839261133
2.312064790175594	0.00005898059175650206	-179.94353385229277
2.333458062281002	0.00005747932511302114	-179.9470225746297
2.355049283896009	0.000056030277178713416	-179.95027077714278
2.376840286624876	0.000054630771442274736	-179.95329726769427
2.39883291901949	0.000053278323271135894	-179.9561191725903
2.4210290467361775	0.00005197062239405841	-179.95875210828768
2.4434305526939712	0.0000507055172931484	-179.96121033322933
2.4660393372343385	0.00004948100126580591	-179.96350688238618
2.48885731828239	0.00004829519995089555	-179.96565368671386
2.5118864315095797	0.00004714636014192919	-179.96766167941902
2.535128630497907	0.000046032839734182576	-179.96954089066708
2.5585858869056453	0.00004495309867316537	-179.97130053213826
2.582260190634596	0.00004390569078932027	-179.97294907265066
2.6061535499988953	0.00004288925641873909	-179.9744943059054
2.6302679918953813	0.000041902515722454785	-179.97594341127183
2.654605561975539	0.0000409442626278368	-179.97730300841184
2.6791683248190314	0.00004001335932505982	-179.9785792064414
2.703958364108843	0.00003910873125976523	-179.97977764823872
2.7289777828080406	0.000038229362570085753	-179.98090355043445
2.7542287033381663	0.000037374291922317996	-179.98196173955293
2.7797132677592886	0.000036542608704839914	-179.98295668471806
2.805433637951713	0.000035733449544498806	-179.98389252728745
2.831391995799379	0.000034945995113734915	-179.98477310773612
2.8575905433749464	0.00003417946720023715	-179.9856019900747
2.8840315031266055	0.00003343312601402414	-179.98638248405288
2.910717118066605	0.00003270626770956114	-179.9871176653721
2.9376496519615305	0.00003199822210291449	-179.9878103941058
2.9648313895243423	0.00003130835056605219	-179.98846333150416
2.992264636608189	0.000030636044082259276	-179.9890789553398
3.019951720402016	0.00002998072144828099	-179.98965957393628
3.047894989627983	0.000029341827610264966	-179.99020733900366
3.076096814740708	0.000028718832121864966	-179.9907242573946
3.1045595881283554	0.000028111227714018525	-179.99121220188073
3.1332857243155856	0.000027518528966933254	-179.99167292104053
3.162277660168379	0.00002694027107572735	-179.99210804833905
3.1915378551007616	0.000026376008701984316	-179.99251911047307
3.2210687912834346	0.000025825314904208596	-179.99290753504724
3.250872973854344	0.00002528778014082046	-179.99327465764034
3.2809529311311905	0.00002476301133991183	-179.9936217283155
3.311311214825911	0.000024250631030508784	-179.99394991762222
3.3419504002611427	0.00002375027653055777	-179.9942603221342
3.372873086588689	0.00002326159918727577	-179.99455396956276
3.404081897010009	0.00002278426366588702	-179.99483182348118
3.4355794789987466	0.00002231794728311349	-179.995094787693
3.4673685045253166	0.000021862339382096812	-179.99534371027363
3.499451670283573	0.000021417140745711874	-179.9955793873119
3.53183169791957	0.00002098206304548608	-179.99580256637665
3.5645113342624426	0.000020556828323569445	-179.99601394972993
3.5974933515574232	0.000020141168505410782	-179.99621419730724
3.630780547701014	0.000019734824940984434	-179.99640392948382
3.664375746478333	0.000019337547972586006	-179.99658372964328
3.6982817978026628	0.000018949096527372397	-179.99675414656403
3.732501577957206	0.000018569237732965124	-179.9969156966383
3.767037989839089	0.00001819774655456673	-179.99706886593583
3.801893963205613	0.000017834405452159472	-179.99721411212448
3.8370724549227884	0.000017479004056464515	-179.99735186625867
3.8725764492161727	0.0000171313388624398	-179.9974825344453
3.908408957924021	0.000016791212939185943	-179.9976064993968
3.944573020752785	0.00001645843565521331	-179.99772412187883
3.981071705534973	0.000016132822418100114	-179.99783574206137
4.0179081084894	0.000015814194427641672	-179.99794168077938
4.055085354483839	0.000015502378441655947	-179.9980422407104
4.09260659730011	0.000015197206553669644	-179.99813770747423
4.130475019901614	0.000014898515981764035	-179.99822835066087
4.168693834703355	0.000014606148867909968	-179.99831442479177
4.207266283844442	0.00001431995208716795	-179.99839617021863
4.24619563946313	0.000014039777066172141	-179.9984738139646
4.285485203974396	0.000013765479610356258	-179.99854757051202
4.325138310350088	0.000013496919739416232	-179.9986176425395
4.365158322401661	0.000013233961530538069	-179.99868422161293
4.405548635065534	0.000012976472968950396	-179.998747488833
4.446312674691089	0.000012724325805390178	-179.99880761544208
4.487453899331323	0.000012477395420097018	-179.99886476339347
4.528975799036209	0.000012235560692975648	-179.99891908588557
4.570881896148752	0.00001199870387959	-179.99897072786294
4.613175745603791	0.000011766710492672773	-179.99901982648694
4.655860935229586	0.000011539469188854839	-179.99906651157764
4.698941086052151	0.000011316871660336908	-179.99911090602876
4.742419852602444	0.000011098812531243078	-179.99915312619785
4.7863009232263805	0.000010885189258411746	-179.999193282273
4.830588020397723	0.000010675902036394274	-179.99923147861756
4.875284901033861	0.000010470853706445635	-179.99926781409428
4.920395356814506	0.000010269949669304017	-179.9993023823706
4.965923214503357	0.000010073097801568342	-179.99933527220554
5.01187233627272	9.880208375494092e-6	-179.99936656772016
5.058246620031137	9.691193982038016e-6	-179.99939634865183
5.105049999754059	9.505969456992241e-6	-179.99942469059405
5.152286445817562	9.324451810057297e-6	-179.99945166522218
5.1999599653351565	9.146560156712319e-6	-179.99947734050627
5.248074602497723	8.97221565274839e-6	-179.99950178091157
5.296634438916575	8.801341431338778e-6	-179.99952504758758
5.345643593969713	8.633862542526502e-6	-179.9995471985465
5.395106225151273	8.469705895016635e-6	-179.9995682888313
5.445026528424209	8.308800200166382e-6	-179.99958837067442
5.495408738576242	8.15107591807234e-6	-179.99960749364755
5.5462571295791046	7.9964652056592e-6	-179.999625704803
5.597576014951099	7.844901866679717e-6	-179.99964304880714
5.649369748123022	7.696321303540227e-6	-179.99965956806636
5.701642722807472	7.550660470870603e-6	-179.9996753028461
5.754399373371567	7.407857830761907e-6	-179.9996902913834
5.807644175213118	7.267853309598584e-6	-179.999704569993
5.861381645140285	7.130588256416318e-6	-179.99971817316782
5.9156163417547365	6.996005402719696e-6	-179.99973113367392
5.9703528658383656	6.864048823697453e-6	-179.99974348264007
6.025595860743575	6.7346639007761295e-6	-179.9997552496428
6.081350012787176	6.6077972854558035e-6	-179.99976646278645
6.137620051647939	6.4833968643745445e-6	-179.99977714877932
6.194410750767812	6.361411725550663e-6	-179.99978733300526
6.251726927756856	6.241792125754491e-6	-179.99979703959184
6.30957344480193	6.124489458963548e-6	-179.9998062914745
6.367955209079155	6.0094562258574385e-6	-179.99981511045758
6.426877173170194	5.896646004310607e-6	-179.9998235172719
6.486344335482381	5.78601342084337e-6	-179.99983153162938
6.546361740672747	5.677514122993178e-6	-179.99983917227473
6.6069344800759575	5.57110475257017e-6	-179.9998464570345
6.668067692136219	5.46674291976246e-6	-179.99985340286327
6.729766562843175	5.364387178058383e-6	-179.99986002588784
6.792036326171843	5.2639969999543306e-6	-179.99986634144872
6.854882264526613	5.165532753418273e-6	-179.9998723641398
6.918309709189362	5.068955679080338e-6	-179.9998781078455
6.9823240407717115	4.974227868123255e-6	-179.9998835857765
7.046930689671467	4.8813122408464965e-6	-179.99988881050328
7.112135136533288	4.7901725258792054e-6	-179.999893793988
7.177942912713615	4.700773240018113e-6	-179.99989854761478
7.244359600749899	4.613079668667621e-6	-179.99990308221842
7.311390834834173	4.5270578468602475e-6	-179.9999074081116
7.379042301291007	4.442674540836538e-6	-179.99991153511067
7.447319739059888	4.359897230164513e-6	-179.99991547256028
7.516228940182053	4.278694090379477e-6	-179.99991922935646
7.585775750291836	4.199033976125864e-6	-179.99992281396894
7.655966069112561	4.120886404783576e-6	-179.9999262344618
7.726805850957022	4.044221540561972e-6	-179.9999294985137
7.798301105232586	3.969010179045372e-6	-179.99993261343644
7.870457896950985	3.895223732174615e-6	-179.99993558619312
7.943282347242813	3.822834213649789e-6	-179.9999384234151
8.01678063387679	3.7518142247399436e-6	-179.99994113141818
8.090958991783822	3.682136940486076e-6	-179.99994371621793
8.165823713585922	3.613776096284292e-6	-179.9999461835443
8.241381150130021	3.546705974836504e-6	-179.99994853885553
8.317637711026709	3.480901393456607e-6	-179.99995078735128
8.394599865193973	3.4163376917204827e-6	-179.99995293398513
8.472274141405963	3.352990719448629e-6	-179.99995498347653
8.550667128846833	3.290836825010705e-6	-179.99995694032205
8.629785477669701	3.229852843941665e-6	-179.99995880880613
8.709635899560805	3.1700160878594985e-6	-179.9999605930114
8.790225168308842	3.1113043336750477e-6	-179.99996229682816
8.871560120379607	3.053695813084732e-6	-179.99996392396386
8.953647655495937	2.997169202337268e-6	-179.99996547795175
9.036494737223014	2.9417036122658893e-6	-179.9999669621592
9.120108393559097	2.887278578577874e-6	-179.99996837979566
9.204495717531712	2.8338740523934413e-6	-179.9999697339203
9.289663867799362	2.781470391026434e-6	-179.99997102744908
9.375620069258803	2.7300483489994093e-6	-179.9999722631616
9.462371613657929	2.6795890692861076e-6	-179.9999734437076
9.549925860214358	2.6300740747744314e-6	-179.99997457161314
9.638290236239705	2.581485259943411e-6	-179.99997564928648
9.727472237769652	2.5338048827477627e-6	-179.9999766790237
9.817479430199844	2.4870155567039455e-6	-179.99997766301396
9.908319448927676	2.4411002431718168e-6	-179.99997860334466
10.	2.3960422438261706e-6	-179.99997950200606
10.092528860766844	2.351825193312667e-6	-179.99998036089616
10.18591388054117	2.308433052082841e-6	-179.9999811818248
10.280162981264736	2.2658500994030485e-6	-179.999981966518
10.375284158180126	2.2240609265324156e-6	-179.99998271662176
10.471285480508996	2.183050430064978e-6	-179.999983433706
10.568175092136585	2.142803805431405e-6	-179.99998411926796
10.665961212302578	2.103306540555813e-6	-179.9999847747357
10.76465213629835	2.064544409663375e-6	-179.9999854014714
10.864256236170656	2.0265034672345095e-6	-179.99998600077438
10.964781961431852	1.989170042101647e-6	-179.99998657388412
11.066237839776663	1.9525307316846094e-6	-179.99998712198288
11.168632477805613	1.9165723963608824e-6	-179.9999876461986
11.271974561755105	1.8812821539670624e-6	-179.99998814760738
11.37627285823431	1.8466473744279593e-6	-179.99998862723578
11.481536214968829	1.8126556745099348e-6	-179.9999890860633
11.587773561551263	1.779294912695128e-6	-179.99998952502446
11.694993910198711	1.7465531841733696e-6	-179.99998994501092
11.803206356517286	1.7144188159486697e-6	-179.99999034687355
11.912420080273739	1.6828803620572257e-6	-179.9999907314242
12.022644346174118	1.6519265988941093e-6	-179.9999910994376
12.133888504649763	1.621546520645681e-6	-179.99999145165316
12.246161992650476	1.591729334825097e-6	-179.99999178877633
12.359474334445094	1.5624644579081563e-6	-179.99999211148054
12.47383514242942	1.5337415110669763e-6	-179.99999242040843
12.589254117941662	1.505550315998937e-6	-179.99999271617332
12.705741052085406	1.4778808908484964e-6	-179.99999299936064
12.823305826560205	1.450723446219522e-6	-179.99999327052925
12.941958414499851	1.4240683812758255e-6	-179.99999353021244
13.061708881318404	1.3979062799277135e-6	-179.99999377891936
13.182567385564061	1.3722279071023774e-6	-179.9999940171361
13.304544179780901	1.3470242050960497e-6	-179.99999424532658
13.427649611378628	1.3222862900058842e-6	-179.99999446393372
13.551894123510351	1.2980054482395998e-6	-179.99999467338046
13.67728825595848	1.2741731331009639e-6	-179.99999487407047
13.803842646028839	1.2507809614492657e-6	-179.99999506638926
13.931568029453022	1.2278207104309723e-6	-179.99999525070484
14.060475241299129	1.2052843142818078e-6	-179.99999542736867
14.190575216890911	1.1831638611975574e-6	-179.99999559671627
14.321878992735424	1.1614515902719335e-6	-179.99999575906816
14.454397707459265	1.1401398884998964e-6	-179.9999959147302
14.588142602753473	1.1192212878448616e-6	-179.9999960639947
14.723125024327178	1.0986884623682652e-6	-179.99999620714064
14.859356422870059	1.078534225420005e-6	-179.99999634443446
14.996848355023726	1.05875152688827e-6	-179.99999647613052
15.135612484362072	1.0393334505072535e-6	-179.99999660247133
15.275660582380716	1.0202732112206835e-6	-179.9999967236862
15.417004529495584	1.001564152592185e-6	-179.99999683996566
15.559656316050734	9.83199744533925e-7	-179.99999695102022
15.703628043335515	9.651735798354816e-7	-179.99999705877624
15.848931924611126	9.474793734421836e-7	-179.9999971616443
15.995580286146678	9.30110958616159e-7	-179.99999726039383
16.143585568264854	9.130622852336685e-7	-179.99999735521024
16.292960326397214	8.963274174188482e-7	-179.99999744626348
16.443717232149307	8.799005313137131e-7	-179.99999753371512
16.595869074375596	8.637759128968299e-7	-179.99999761771915
16.749428760264365	8.479479558473138e-7	-179.99999769842282
16.90440931643263	8.324111594528162e-7	-179.99999777596676
17.060823890031227	8.171601265604481e-7	-179.99999785048527
17.21868574986006	8.021895615696674e-7	-179.99999792210681
17.378008287493746	7.874942684661717e-7	-179.99999799095409
17.5388050184176	7.73069148895891e-7	-179.99999805714438
17.701089583174202	7.589092002781809e-7	-179.99999812078983
17.864875748520497	7.45009513957347e-7	-179.99999818199754
18.03017740859568	7.313652733916577e-7	-179.99999824087
18.197008586099827	7.179717523790156e-7	-179.99999829750516
18.365383433483455	7.0482431331848e-7	-179.99999835199657
18.535316234148105	6.91918405506862e-7	-179.99999840443374
18.706821403657997	6.792495634696165e-7	-179.9999984549023
18.879913490962927	6.668134053252958e-7	-179.99999850348405
19.054607179632463	6.546056311828225e-7	-179.9999985502572
19.230917289101576	6.426220215708796e-7	-179.99999859529657
19.408858775927772	6.308584358987237e-7	-179.99999863867376
19.58844673505989	6.193108109477383e-7	-179.99999868045717
19.769696401118598	6.079751593930714e-7	-179.99999872071223
19.952623149688787	5.968475683547118e-7	-179.99999875950155
20.137242498623873	5.859241979773733e-7	-179.99999879688502
20.32357010936221	5.752012800385723e-7	-179.9999988329199
20.511621788255646	5.646751165843016e-7	-179.99999886766102
20.701413487910415	5.543420785917083e-7	-179.99999890116075
20.892961308540386	5.441986046582154e-7	-179.9999989334693
21.086281499332888	5.342411997165144e-7	-179.99999896463464
21.28139045982711	5.244664337748962e-7	-179.99999899470268
21.47830474130533	5.148709406823788e-7	-179.99999902371744
21.67704104819694	5.054514169181163e-7	-179.9999990517209
21.87761623949552	4.962046204045815e-7	-179.99999907875335
22.080047330188993	4.871273693440211e-7	-179.99999910485334
22.28435149270303	4.78216541077702e-7	-179.99999913005772
22.490546058357804	4.694690709674764e-7	-179.99999915440182
22.698648518838212	4.608819512991984e-7	-179.99999917791945
22.908676527677724	4.524522302075406e-7	-179.999999200643
23.12064790175594	4.4417701062177364e-7	-179.9999992226034
23.33458062281002	4.360534492320678e-7	-179.9999992438304
23.55049283896009	4.2807875547590254e-7	-179.99999926435237
23.76840286624876	4.202501905441641e-7	-179.99999928419658
23.9883291901949	4.1256506640653356e-7	-179.99999930338907
24.210290467361776	4.050207448557669e-7	-179.99999932195482
24.434305526939713	3.976146365704822e-7	-179.9999993399178
24.660393372343385	3.9034420019607593e-7	-179.99999935730088
24.888573182823905	3.8320694144340303e-7	-179.99999937412608
25.118864315095795	3.762004122048549e-7	-179.99999939041444
25.351286304979073	3.693222096874859e-7	-179.9999994061861
25.58585886905645	3.6256997556284266e-7	-179.99999942146047
25.82260190634596	3.559413951331585e-7	-179.99999943625605
26.06153549998895	3.4943419651358323e-7	-179.9999994505906
26.302679918953814	3.4304614983012484e-7	-179.99999946448116
26.54605561975539	3.367750664329878e-7	-179.99999947794407
26.791683248190314	3.3061879812499825e-7	-179.99999949099498
27.039583641088434	3.245752364048167e-7	-179.99999950364898
27.289777828080403	3.1864231172463575e-7	-179.9999995159204
27.542287033381662	3.128179927620822e-7	-179.9999995278231
27.797132677592884	3.0710028570603295e-7	-179.99999953937035
28.05433637951713	3.014872335560719e-7	-179.99999955057484
28.31391995799379	2.9597691543531364e-7	-179.99999956144885
28.575905433749465	2.905674459163332e-7	-179.99999957200401
28.84031503126606	2.8525697435993377e-7	-179.99999958225163
29.10717118066605	2.800436842665094e-7	-179.99999959220247
29.376496519615305	2.749257926397416e-7	-179.9999996018669
29.648313895243422	2.699015493623965e-7	-179.99999961125494
29.92264636608189	2.649692365839774e-7	-179.99999962037603
30.19951720402016	2.601271681200026e-7	-179.99999962923943
30.4789498962798	2.5537368886267794e-7	-179.99999963785396
30.76096814740705	2.5070717420274027e-7	-179.99999964622808
31.045595881283525	2.461260294622574e-7	-179.99999965436987
31.332857243155825	2.4162868933816026e-7	-179.99999966228722
31.62277660168376	2.3721361735630746e-7	-179.99999966998766
31.91537855100758	2.3287930533586878e-7	-179.9999996774783
32.21068791283432	2.2862427286383136e-7	-179.99999968476624
32.50872973854341	2.24447066779428e-7	-179.99999969185808
32.80952931131187	2.203462606682945e-7	-179.9999996987602
33.11311214825908	2.1632045436616927e-7	-179.99999970547884
33.41950400261139	2.1236827347194674e-7	-179.99999971201993
33.72873086588685	2.084883688699045e-7	-179.99999971838918
34.040818970100055	2.0467941626092644e-7	-179.99999972459207
34.35579478998743	2.009401157025463e-7	-179.9999997306339
34.67368504525313	1.972691911576431e-7	-179.99999973651978
34.994516702835696	1.9366539005161805e-7	-179.99999974225463
35.318316979195664	1.9012748283789309e-7	-179.99999974784316
35.64511334262439	1.866542625715666e-7	-179.99999975328987
35.9749335155742	1.8324454449107157e-7	-179.9999997585992
36.3078054770101	1.798971656076812e-7	-179.99999976377532
36.64375746478329	1.766109843027112e-7	-179.99999976882236
36.98281797802659	1.7338487993227059e-7	-179.99999977374415
37.32501577957203	1.7021775243941591e-7	-179.99999977854452
37.670379898390856	1.6710852197356784e-7	-179.9999997832271
38.01893963205609	1.6405612851704896e-7	-179.9999997877954
38.370724549227845	1.6105953151860885e-7	-179.99999979225282
38.72576449216169	1.5811770953379986e-7	-179.9999997966026
39.08408957924017	1.55229659872076e-7	-179.99999980084786
39.44573020752781	1.5239439825048265e-7	-179.99999980499166
39.81071705534969	1.496109584538147e-7	-179.99999980903698
40.17908108489396	1.4687839200111741e-7	-179.9999998129866
40.55085354483835	1.4419576781841015e-7	-179.99999981684323
40.92606597300105	1.4156217191751426e-7	-179.99999982060956
41.304750199016105	1.389767070808689e-7	-179.9999998242881
41.68693834703351	1.364384925522209e-7	-179.9999998278813
42.07266283844438	1.3394666373307655e-7	-179.99999983139156
42.46195639463126	1.315003718848071e-7	-179.9999998348212
42.85485203974392	1.2909878383629992e-7	-179.99999983817239
43.251383103500835	1.2674108169704902e-7	-179.99999984144728
43.65158322401656	1.244264625755843e-7	-179.999999844648
44.0554863506553	1.2215413830313657e-7	-179.99999984777645
44.46312674691084	1.1992333516243962e-7	-179.99999985083468
44.87453899331318	1.1773329362157255e-7	-179.99999985382453
45.28975799036204	1.1558326807274637e-7	-179.9999998567478
45.708818961487474	1.1347252657594285e-7	-179.99999985960625
46.13175745603791	1.1140035060731229e-7	-179.9999998624016
46.55860935229586	1.0936603481224127e-7	-179.99999986513552
46.98941086052151	1.0736888676300256e-7	-179.9999998678096
47.42419852602443	1.0540822672090054e-7	-179.99999987042543
47.8630092322638	1.0348338740282734e-7	-179.9999998729845
48.30588020397723	1.0159371375214655e-7	-179.99999987548836
48.7528490103386	9.973856271382367e-8	-179.9999998779385
49.20395356814506	9.791730301372325e-8	-179.99999988033653
49.65923214503358	9.612931494199381e-8	-179.99999988268422
50.118723362727195	9.437399014046513e-8	-179.99999988498385
50.58246620031137	9.265073139398293e-8	-179.99999988723968
51.0504999975406	9.095895242560987e-8	-179.99999988946442
51.52286445817562	8.929807769561554e-8	-179.99999989173014
51.99959965335157	8.7667542203406e-8	-179.99999989415744
52.48074602497723	8.606679129640946e-8	-179.99999989583998
52.966344389165755	8.449528047706236e-8	-179.9999998977888
53.45643593969714	8.295247521721663e-8	-179.99999989974862
53.95106225151273	8.143785077561354e-8	-179.99999990167828
54.450265284242086	7.995089201776921e-8	-179.99999990357128
54.95408738576243	7.849109323958724e-8	-179.99999990542653
55.462571295791044	7.70579579942203e-8	-179.9999999072442
55.97576014951099	7.565099892212522e-8	-179.99999990902484
56.49369748123023	7.426973758425461e-8	-179.9999999107692
57.01642722807472	7.291370429832703e-8	-179.999999912478
57.543993733715666	7.158243797811803e-8	-179.999999914152
58.07644175213118	7.027548597571731e-8	-179.99999991579205
58.61381645140285	6.899240392669493e-8	-179.99999991739887
59.15616341754737	6.773275559812338e-8	-179.99999991897315
59.70352865838366	6.649611273940211e-8	-179.99999992051573
60.255958607435744	6.528205493583243e-8	-179.9999999220272
60.81350012787176	6.40901694648909e-8	-179.9999999235083
61.37620051647939	6.292005115515126e-8	-179.99999992495975
61.94410750767812	6.177130224780103e-8	-179.999999926382
62.51726927756855	6.064353226062462e-8	-179.9999999277735
63.0957344480193	5.953635785539769e-8	-179.99999992914132
63.67955209079155	5.844940270467222e-8	-179.99999993048144
64.26877173170195	5.7382297366167733e-8	-179.99999993179406
64.86344335482381	5.633467915461928e-8	-179.99999993308063
65.46361740672747	5.530619201851222e-8	-179.9999999343417
66.06934480075958	5.4296486418455076e-8	-179.9999999355779
66.68067692136219	5.330521920782949e-8	-179.99999993678975
67.29766562843174	5.2332053515638105e-8	-179.99999993797772
67.92036326171844	5.137665863150906e-8	-179.9999999391424
68.54882264526613	5.0438709892816e-8	-179.99999994028423
69.18309709189363	4.951788857387359e-8	-179.99999994140364
69.82324040771712	4.86138817771714e-8	-179.9999999425012
70.46930689671467	4.772638232660727e-8	-179.99999994357728
71.12135136533288	4.685508866268335e-8	-179.9999999446324
71.77942912713615	4.5999704739629295e-8	-179.9999999456669
72.44359600749898	4.515993992441569e-8	-179.99999994668124
73.11390834834172	4.433550889762353e-8	-179.99999994767583
73.79042301291008	4.352613155613536e-8	-179.99999994865107
74.47319739059888	4.2731532917614e-8	-179.99999994960731
75.16228940182053	4.195144302673618e-8	-179.99999995054495
75.85775750291836	4.118559686314843e-8	-179.99999995146433
76.55966069112561	4.043373425111347e-8	-179.99999995236578
77.26805850957021	3.96955997708157e-8	-179.99999995324964
77.98301105232578	3.897094267129549e-8	-179.99999995411625
78.70457896950977	3.825951678498134e-8	-179.99999995496586
79.43282347242805	3.756108044379179e-8	-179.99999995579876
80.16780633876782	3.6875396396776376e-8	-179.99999995661523
80.90958991783813	3.620223172926839e-8	-179.99999995741547
81.65823713585914	3.554135778352073e-8	-179.9999999581997
82.41381150130013	3.489255008079801e-8	-179.99999995896803
83.176377110267	3.4255588244896985e-8	-179.9999999597206
83.94599865193965	3.3630255927069265e-8	-179.99999996045747
84.72274141405954	3.301634073231983e-8	-179.99999996117853
85.50667128846823	3.241363414705498e-8	-179.9999999618836
86.29785477669692	3.182193146805371e-8	-179.99999996257233
87.09635899560797	3.1241031732736043e-8	-179.99999996324405
87.90225168308834	3.06707376507007e-8	-179.99999996389764
88.71560120379598	3.011085553650197e-8	-179.99999996453133
89.53647655495928	2.9561195243631066e-8	-179.99999996514208
90.36494737223005	2.9021570099654497e-8	-179.99999996572484
91.20108393559087	2.849179684243612e-8	-179.99999996627048
92.04495717531702	2.7971695557299858e-8	-179.99999996676158
92.89663867799354	2.746108961479935e-8	-179.9999999671618
93.75620069258792	2.6959805608136283e-8	-179.99999996738464
94.6237161365792	2.646767328678133e-8	-179.99999996717955
95.4992586021435	2.5984525469230264e-8	-179.99999996554394
96.38290236239695	2.5510197783030603e-8	-179.99999995451157
97.2747223776964	2.5044443000193558e-8	-179.99990564224
98.17479430199833	2.4587366438514408e-8	-179.99999995578654
99.08319448927665	2.4138545653887498e-8	-179.99999996808828
99.9999999999999	2.3697919001699458e-8	-179.99999997072655