0.01000000000000001	0.006633623352806708	-4.123803926781086
0.010092528860766855	0.006635184496550461	-4.125425950507694
0.01018591388054118	0.006636775602641753	-4.127078810980683
0.010280162981264745	0.006638397264293784	-4.12876311750903
0.010375284158180138	0.006640050087157236	-4.130479492226432
0.010471285480509006	0.006641734689607532	-4.132228570390193
0.010568175092136596	0.00664345170303969	-4.1340110006882185
0.01066596121230259	0.006645201772170607	-4.1358274455538115
0.010764652136298361	0.00664698555534987	-4.137678581489431
0.010864256236170667	0.006648803724878762	-4.139565099399199
0.010964781961431863	0.006650656967337733	-4.141487704930264
0.011066237839776675	0.0066525459839229	-4.143447118823676
0.011168632477805623	0.00665447149079203	-4.145444077275402
0.011271974561755117	0.00665643421941922	-4.147479332306411
0.011376272858234322	0.006658434916959972	-4.149553652143884
0.01148153621496884	0.0066604743466264025	-4.151667821613014
0.011587773561551273	0.006662553288072241	-4.153822642539282
0.011694993910198724	0.006664672537789435	-4.156018934163005
0.01180320635651731	0.00666683290951487	-4.15825753356454
0.011912420080273762	0.006669035234649883	-4.160539296103078
0.012022644346174144	0.00667128036269029	-4.162865095866657
0.012133888504649786	0.006673569161669519	-4.165235826136028
0.012246161992650502	0.006675902518614207	-4.167652399861729
0.01235947433444512	0.006678281340012935	-4.170115750155138
0.012473835142429446	0.006680706552298416	-4.1726268307938525
0.012589254117941687	0.006683179102343684	-4.175186616741894
0.012705741052085433	0.006685699957973136	-4.177796104685719
0.012823305826560232	0.006688270108488033	-4.180456313585674
0.01294195841449987	0.006690890565208021	-4.183168285244445
0.013061708881318424	0.006693562362028491	-4.185933084892342
0.013182567385564082	0.006696286555994636	-4.188751801790435
0.01330454417978092	0.006699064227892613	-4.191625549851928
0.013427649611378649	0.006701896482858758	-4.194555468282712
0.01355189412351037	0.0067047844510072655	-4.197542722241659
0.013677288255958502	0.006707729288076688	-4.200588503521055
0.013803842646028859	0.006710732176096727	-4.203694031248566
0.013931568029453043	0.0067137943240755775	-4.2068605526112295
0.01406047524129915	0.006716916968708012	-4.210089343601706
0.014190575216890933	0.006720101375106182	-4.213381709788619
0.014321878992735446	0.006723348837553051	-4.216738987111234
0.014454397707459286	0.0067266606802800855	-4.2201625427000895
0.014588142602753497	0.006730038258268588	-4.2236537757229655
0.014723125024327202	0.006733482958077701	-4.227214118259206
0.014859356422870082	0.00673699619869854	-4.23084503620236
0.014996848355023748	0.006740579432435635	-4.234548030191896
0.015135612484362095	0.006744234145817707	-4.23832463657631
0.015275660582380739	0.006747961860537486	-4.2421764284076815
0.015417004529495607	0.006751764134422797	-4.246105016469488
0.015559656316050758	0.0067556425624399905	-4.250112050339238
0.01570362804333554	0.006759598777730037	-4.254199219486428
0.015848931924611148	0.006763634452679905	-4.258368254408019
0.015995580286146702	0.006767751300029937	-4.2626209278029705
0.016143585568264878	0.006771951074018674	-4.266959055786863
0.016292960326397238	0.006776235571566309	-4.271384499148233
0.01644371723214933	0.006780606633499446	-4.275899164649282
0.016595869074375623	0.006785066145817755	-4.280505006371679
0.01674942876026439	0.00678961604100445	-4.285204027109786
0.016904409316432657	0.006794258299382843	-4.289998279813391
0.017060823890031253	0.006798994950520405	-4.294889869081745
0.017218685749860088	0.006803828074682672	-4.2998809527113835
0.017378008287493772	0.006808759804338875	-4.304973743299811
0.01753880501841763	0.0068137923257214714	-4.31017050990741
0.01770108958317423	0.006818927880441799	-4.3154735797799635
0.017864875748520526	0.006824168767164823	-4.320885340135052
0.018030177408595707	0.006829517343344594	-4.326408240014253
0.018197008586099853	0.006834976027024042	-4.332044792204756
0.018365383433483484	0.0068405472987004955	-4.337797575232313
0.018535316234148135	0.006846233703262021	-4.343669235430732
0.018706821403658026	0.00685203785199544	-4.3496624890891855
0.018879913490962956	0.006857962424670137	-4.355780124681612
0.019054607179632494	0.006864010171701897	-4.36202500518288
0.019230917289101597	0.00687018391639879	-4.36840007047399
0.019408858775927792	0.00687648655729404	-4.374908339841776
0.01958844673505991	0.006882921070569132	-4.381552914576496
0.01976969640111862	0.0068894905125716326	-4.388336980672434
0.01995262314968881	0.006896198022432411	-4.3952638116364
0.020137242498623895	0.006903046824785897	-4.402336771408478
0.02032357010936223	0.006910040232599361	-4.409559317401174
0.020511621788255666	0.006917181650115773	-4.416935003662291
0.020701413487910436	0.006924474575915167	-4.42446748416696
0.02089296130854041	0.006931922606101519	-4.432160516246182
0.02108628149933291	0.006939529437619831	-4.440017964157379
0.021281390459827135	0.006947298871710539	-4.448043802804723
0.021478304741305354	0.006955234817507129	-4.4562421216157855
0.02167704104819696	0.006963341295785925	-4.464617128583893
0.02187761623949554	0.006971622442872416	-4.473173154481844
0.022080047330189013	0.00698008251471534	-4.481914657258617
0.022284351492703053	0.006988725891134529	-4.490846226626028
0.022490546058357826	0.006997557080252434	-4.499972588846276
0.022698648518838235	0.007006580723117983	-4.509298611729825
0.022908676527677748	0.0070158015985341375	-4.518829309856168
0.023120647901755963	0.00702522462809705	-4.52856985002641
0.023334580622810044	0.007034854881461418	-4.53852555696341
0.023550492838960112	0.007044697581839744	-4.548701919268473
0.023768402866248782	0.00705475811175217	-4.559104595652541
0.02398832919019492	0.007065042019036384	-4.569739421452925
0.0242102904673618	0.007075555023134692	-4.580612415453875
0.02443430552693974	0.007086303021670943	-4.591729787025705
0.024660393372343412	0.007097292097334731	-4.603097943601227
0.02488857318282393	0.007108528525088854	-4.6147234985073995
0.025118864315095822	0.0071200187797180355	-4.626613279172391
0.025351286304979098	0.007131769543738633	-4.638774335729573
0.02558585886905648	0.007143787715688877	-4.651213950040149
0.025822601906345985	0.007156080418821215	-4.663939645158869
0.026061535499988978	0.007168655010221124	-4.676959195269185
0.026302679918953843	0.007181519090374759	-4.69028063611323
0.026546055619755416	0.007194680513213799	-4.703912275947888
0.026791683248190343	0.007208147396663494	-4.717862707056027
0.027039583641088463	0.007221928133725577	-4.732140817848042
0.027289777828080432	0.0072360314041260984	-4.7467558055872106
0.02754228703338169	0.007250466186564065	-4.761717189778692
0.02779713267759291	0.007265241771595148	-4.777034826260736
0.02805433637951716	0.007280367775191506	-4.792718922043382
0.028313919957993816	0.00729585415301784	-4.808780050939793
0.028575905433749497	0.007311711215469198	-4.825229170040649
0.028840315031266085	0.007327949643518322	-4.842077637085425
0.02910717118066608	0.0073445805054228	-4.859337228786405
0.029376496519615335	0.007361615274348761	-4.877020160168808
0.029648313895243455	0.007379065846968796	-4.8951391049917765
0.02992264636608192	0.007396944563098538	-4.913707217322111
0.030199517204020192	0.007415264226439305	-4.932738154336466
0.03047894989627986	0.007434038126501252	-4.952246100435036
0.03076096814740711	0.007453280061785185	-4.972245792754743
0.031045595881283587	0.007473004364308293	-4.992752548177371
0.03133285724315589	0.007493225925566836	-5.013782291936776
0.031622776601683826	0.007513960224032579	-5.035351587934493
0.03191537855100765	0.007535223354292058	-5.057477670885499
0.03221068791283438	0.007557032057942538	-5.080178480423051
0.03250872973854347	0.007579403756370208	-5.103472697302915
0.03280952931131194	0.007602356585545861	-5.127379781859868
0.03311311214825915	0.0076259094329831556	-5.151920014879734
0.03341950400261146	0.007650081977019548	-5.1771145410670965
0.03372873086588692	0.007674894728589841	-5.202985415301002
0.034040818970100126	0.007700369075680318	-5.229555651890067
0.0343557947899875	0.0077265273306648214	-5.256849277055092
0.0346736850452532	0.007753392780743559	-5.28489138488822
0.034994516702835765	0.007780989741723924	-5.313708197059585
0.035318316979195734	0.007809343615404466	-5.3433271265669715
0.03564511334262446	0.007838480950845881	-5.373776845849982
0.03597493351557427	0.00786842950983919	-5.40508735962071
0.03630780547701017	0.007899218336910692	-5.437290082795588
0.03664375746478335	0.007930877834232894	-5.47041792394844
0.03698281797802665	0.007963439841847534	-5.504505374745703
0.037325015779572084	0.007996937723643486	-5.539588605868014
0.037670379898390914	0.00803140645957723	-5.575705569973032
0.038018939632056145	0.00806688274466874	-5.612896112307146
0.0383707245492279	0.008103405095360868	-5.6512020896365796
0.038725764492161745	0.00814101396388543	-5.690667498232839
0.03908408957924023	0.008179751861349642	-5.731338611727692
0.03944573020752787	0.008219663490323603	-5.773264129731348
0.039810717055349755	0.008260795887794764	-5.816495338205916
0.04017908108489402	0.008303198579445621	-5.861086282690185
0.040550853544838415	0.008346923746309904	-5.907093955587843
0.040926065973001115	0.008392026404981013	-5.954578498868031
0.041304750199016166	0.008438564602669233	-6.00360342367069
0.04168693834703357	0.00848659962855364	-6.054235848482303
0.04207266283844444	0.008536196243031044	-6.106546757731871
0.04246195639463132	0.008587422926651257	-6.160611282873949
0.042854852039743985	0.008640352150732989	-6.216509008266476
0.04325138310350091	0.008695060671885023	-6.274324304422193
0.04365158322401663	0.008751629852927665	-6.3341466915282565
0.044055486350655364	0.008810146013003128	-6.3960712364770895
0.04446312674691091	0.008870700810009896	-6.460198987058454
0.04487453899331325	0.00893339165887973	-6.5266374474173885
0.04528975799036211	0.008998322189664244	-6.595501099414202
0.04570881896148754	0.009065602749900769	-6.666911975119521
0.04613175745603798	0.009135350956309704	-6.741000286372022
0.04655860935229591	0.009207692301541748	-6.817905118121062
0.04698941086052156	0.00928276082245724	-6.8977751931926665
0.04742419852602448	0.009360699837308202	-6.980769717181565
0.04786300923226385	0.009441662760203676	-7.0670593133914545
0.04830588020397728	0.009525814002432562	-7.1568270591845105
0.04875284901033865	0.009613329971571678	-7.250269636744138
0.04920395356814511	0.00970440018091319	-7.3475986132075
0.04965923214503363	0.009799228483590357	-7.449041867376473
0.05011872336272725	0.009898034447955076	-7.554845182881131
0.05058246620031143	0.010001054893295318	-7.6652740307881135
0.051050499997540646	0.010108545607970884	-7.780615568341553
0.05152286445817567	0.01022078327554786	-7.901180884874487
0.05199959965335162	0.010338067638672514	-8.027307531116833
0.052480746024977286	0.010460723935328892	-8.159362374280109
0.05296634438916581	0.010589105647963584	-8.297744828663419
0.05345643593969719	0.01072359761291592	-8.442890520351508
0.05395106225151279	0.010864619545888203	-8.595275455176399
0.05445026528424214	0.011012630049163771	-8.755420771939363
0.05495408738576248	0.011168131178246561	-8.923898178400517
0.0554625712957911	0.011331673660051958	-9.101336186433468
0.05597576014951104	0.011503862872280475	-9.288427285810263
0.05649369748123028	0.01168536571486446	-9.485936224377728
0.05701642722807478	0.011876918530304302	-9.694709597253304
0.05754399373371572	0.012079336261437167	-9.915686990824721
0.05807644175213124	0.012293523074142509	-10.14991398100922
0.05861381645140291	0.01252048472051513	-10.398557352304346
0.05915616341754743	0.012761342977451516	-10.66292298842655
0.05970352865838372	0.013017352569360518	-10.944476991748955
0.06025595860743581	0.013289921075614598	-11.244870723883418
0.060813500127871824	0.013580632438229547	-11.565970632324886
0.061376200516479455	0.013891274829306974	-11.909893949797178
0.06194410750767818	0.01422387381883228	-12.279051639493533
0.06251726927756862	0.014580732011515	-12.676200332140038
0.06309573444801936	0.01496447660900105	-13.104505488722415
0.06367955209079162	0.015378116716493426	-13.567618665625211
0.064268771731702	0.01582511266928317	-14.069772611747242
0.06486344335482389	0.016309460226256293	-14.61589906585326
0.06546361740672754	0.01683579318659444	-15.21177565297682
0.06606934480075964	0.017409508851023808	-15.86421034870641
0.06668067692136226	0.01803692177379805	-16.581274796093705
0.06729766562843183	0.01872545240103917	-17.372601609042963
0.0679203632617185	0.01948385834205098	-18.249766075273488
0.0685488226452662	0.02032251686080567	-19.226779919392666
0.0691830970918937	0.021253767000460663	-20.32073470578358
0.06982324040771719	0.022292317056783133	-21.552645903827607
0.07046930689671474	0.02345571476199814	-22.948566459985884
0.07112135136533296	0.02476485712012178	-24.541061290193316
0.07177942912713622	0.02624447140543424	-26.37115993382044
0.07244359600749906	0.027923402611997907	-28.490926860363114
0.0731139083483418	0.02983434538063894	-30.966786930453935
0.07379042301291015	0.03201226639898495	-33.883663148256424
0.07447319739059896	0.03449001738320811	-37.34969469901625
0.07516228940182061	0.037288328515240186	-41.500515879700814
0.07585775750291844	0.040395448259278724	-46.50022471996842
0.07655966069112569	0.043730178870522586	-52.53242350555822
0.07726805850957029	0.04708557488666737	-59.768889613688245
0.07798301105232593	0.0500707510465508	-68.29978763684552
0.07870457896950993	0.052115442062003935	-78.02370886628601
0.07943282347242822	0.05263578701025266	-88.54955392304565
0.08016780633876798	0.05135002620844379	-99.22370062624427
0.0809095899178383	0.04848616731750886	-109.33757935040443
0.0816582371358593	0.04464210225371453	-118.37918899339965
0.0824138115013003	0.04045100660495323	-126.13685271303844
0.08317637711026717	0.03636121639441997	-132.63741215652928
0.08394599865193982	0.03260701663612912	-138.03046035945275
0.08472274141405972	0.02927139209875111	-142.50038987636918
0.08550667128846841	0.026354502179412456	-146.2212189297864
0.0862978547766971	0.02381969716273632	-149.3403890713892
0.08709635899560814	0.021618537097958163	-151.9767872116779
0.08790225168308852	0.019702591439256033	-154.22418421103703
0.08871560120379617	0.01802819355081791	-156.1559697303259
0.08953647655495947	0.016557804988296947	-157.82958269433811
0.09036494737223023	0.0152598967003687	-159.29016970440125
0.09120108393559107	0.014108271235042606	-160.57344769506796
0.09204495717531722	0.013081246466568863	-161.70789008712384
0.09289663867799372	0.012160876895412648	-162.71638003121052
0.09375620069258811	0.011332274858120602	-163.6174581814991
0.09462371613657934	0.010583043743544393	-164.42626673177213
0.09549925860214364	0.009902814997784257	-165.1552671832921
0.0963829023623971	0.009282874034480724	-165.81478954545028
0.09727472237769656	0.008715859407049137	-166.41345553823035
0.09817479430199849	0.008195521140935429	-166.9585071211066
0.09908319448927681	0.007716526343504079	-167.456063432673
0.10000000000000005	0.0072743024182677415	-167.9113232188086
0.10092528860766849	0.006864910152591602	-168.3287254508301
0.10185913880541175	0.006484940560117154	-168.712077638291
0.10280162981264741	0.006131430657025577	-169.0646589956633
0.10375284158180131	0.005801794378862584	-169.38930389182545
0.10471285480509002	0.005493765651021748	-169.68846972676468
0.1056817509213659	0.005205351256018195	-169.96429241999184
0.10665961212302584	0.0049347916323110065	-170.21863197280544
0.10764652136298355	0.004680528123268337	-170.45311001906006
0.10864256236170661	0.004441175495102954	-170.66914086108432
0.10964781961431856	0.004215498778106672	-170.86795716575946
0.1106623783977667	0.004002393670826322	-171.05063124627415
0.11168632477805618	0.0038008698931970932	-171.2180926597718
0.1127197456175511	0.0036100369907118074	-171.37114269665494
0.11376272858234315	0.003429092184110227	-171.5104662136425
0.11481536214968835	0.0032573099329420937	-171.63664116213081
0.11587773561551268	0.0030940329406632153	-171.75014608003423
0.11694993910198717	0.002938664376724268	-171.85136574435919
0.11803206356517304	0.0027906611298080127	-171.94059511941853
0.11912420080273756	0.002649527937813525	-172.01804167849573
0.12022644346174137	0.002514812265846864	-172.0838261218749
0.1213388850464978	0.0023860998244963597	-172.13798145848628
0.12246161992650495	0.0022630106379584354	-172.18045035879626
0.12359474334445113	0.0021451955858542526	-172.2110806193876
0.12473835142429439	0.0020323333544113556	-172.22961850049234
0.1258925411794168	0.0019241277425359456	-172.23569960092092
0.12705741052085426	0.0018203052765414915	-172.2288368128535
0.12823305826560225	0.0017206130942255596	-172.20840474158223
0.1294195841449987	0.0016248170648471714	-172.17361976822036
0.13061708881318423	0.001532700116554696	-172.12351465632813
0.1318256738556408	0.0014440607471247775	-172.05690622708778
0.13304544179780922	0.0013587116976519402	-171.97235410923733
0.13427649611378642	0.0012764787722181446	-171.8681078457409
0.13551894123510363	0.001197199789725093	-171.7420386129775
0.13677288255958495	0.0011207236571499444	-171.5915503324728
0.13803842646028852	0.0010469095567007308	-171.41346279939256
0.13931568029453034	0.000975626242986181	-171.20385624935022
0.14060475241299142	0.0009067514508099609	-170.9578619398405
0.14190575216890927	0.0008401714202343371	-170.66937584563098
0.1432187899273544	0.0007757805542781403	-170.33066077617414
0.1445439770745928	0.0007134812379976902	-169.93178317869723
0.1458814260275349	0.0006531838693091366	-169.4597993082033
0.14723125024327194	0.0005948071883939344	-168.8975515108384
0.14859356422870074	0.0005382790567815841	-168.2218401929401
0.1499684835502374	0.00048353795535049866	-167.400562821445
0.15135612484362088	0.0004305356980381081	-166.3880789162494
0.15275660582380732	0.0003792423195232199	-165.11739570913898
0.154170045294956	0.00032965508754750103	-163.48637050102806
0.1555965631605075	0.0002818158735358454	-161.33200655039212
0.15703628043335532	0.00023584678955932767	-158.3795298725769
0.15848931924611143	0.00019202937812835906	-154.13447397443295
0.15995580286146696	0.0001509980951243517	-147.63962881257245
0.1614358556826487	0.00011425895524253233	-136.92966801039287
0.1629296032639723	0.0000855757882570696	-118.24754405925906
0.16443717232149324	0.00007289876289860871	-88.89929526347198
0.16595869074375613	0.00008222623255953536	-59.05333299596246
0.16749428760264382	0.00010685792321300101	-39.71886714776514
0.1690440931643265	0.0001380621567262116	-28.637624396488736
0.17060823890031243	0.00017170231128292316	-21.944901925103864
0.17218685749860077	0.00020613111459334943	-17.584644787943013
0.17378008287493762	0.00024064855916570489	-14.557102239570751
0.1753880501841762	0.0002749304893480133	-12.348146705828752
0.1770108958317422	0.0003088181123016745	-10.673315143872594
0.17864875748520517	0.00034223270405250676	-9.36447878613882
0.180301774085957	0.0003751374574071991	-8.316589587759525
0.18197008586099844	0.0004075189003553941	-7.460908907726679
0.18365383433483473	0.0004393771855098417	-6.7506885105467775
0.18535316234148125	0.0004707207135482029	-6.1530860102165255
0.18706821403658017	0.0005015630122557149	-5.644382275195696
0.18879913490962946	0.0005319208540086577	-5.207036003041022
0.19054607179632482	0.000561813084963133	-4.827805364753969
0.19230917289101596	0.0005912598796093432	-4.496513149677688
0.19408858775927793	0.0006202822583629433	-4.205212986762293
0.19588446735059908	0.0006489017727494791	-3.9476129309516694
0.1976969640111862	0.0006771403002502799	-3.7186685223901783
0.19952623149688808	0.0007050199126559128	-3.5142900483129513
0.20137242498623895	0.0007325627948118277	-3.331128374279376
0.2032357010936223	0.0007597911986665149	-3.166415849910162
0.20511621788255666	0.0007867274225965991	-3.017846479953564
0.20701413487910436	0.0008133938092545232	-2.8834845248873147
0.2089296130854041	0.0008398127573422637	-2.7616939779879934
0.2108628149933291	0.0008660067441678764	-2.6510835722306885
0.21281390459827135	0.000891998356840216	-2.5504634782821043
0.21478304741305343	0.000917810330658071	-2.4588109012706507
0.21677041048196952	0.0009434655937521559	-2.3752425205404157
0.2187761623949553	0.0009689873174088345	-2.298992241835774
0.22080047330189004	0.0009943989717844178	-2.2293931105222935
0.22284351492703042	0.0010197243869392379	-2.1658625112801135
0.22490546058357816	0.0010449878193010951	-2.107889983979773
0.22698648518838224	0.0010702140238223027	-2.055027137692717
0.22908676527677735	0.0010954283322350757	-2.006879259317387
0.23120647901755953	0.0011206567379426328	-1.9630983002258118
0.23334580622810033	0.001145925988217488	-1.9233769908619727
0.23550492838960102	0.0011712636845158941	-1.887443884549884
0.23768402866248772	0.0011966983918677808	-1.8550591716732217
0.2398832919019491	0.0012222597584653299	-1.826011136647682
0.2421029046736179	0.0012479786467604898	-1.8001131547753513
0.24434305526939726	0.0012738872775938579	-1.7772011456847663
0.246603933723434	0.0013000193891246762	-1.7571314157777476
0.24888573182823917	0.0013264104126200417	-1.739778834803704
0.25118864315095807	0.0013530976675023634	-1.7250353020392402
0.2535128630497908	0.001380120578456699	-1.7128084660881182
0.25585858869056466	0.0014075209178822283	-1.703020669444239
0.2582260190634597	0.0014353430775505178	-1.6956080950042876
0.26061535499988964	0.0014636343740319735	-1.690520096943709
0.2630267991895383	0.0014924453932999209	-1.687718703000017
0.26546055619755404	0.0015218303809611464	-1.6871782794331398
0.2679168324819033	0.001551847685834845	-1.6888853539281263
0.2703958364108845	0.0015825602661857319	-1.6928385956373695
0.2728977782808042	0.00161403626988665	-1.6990489556001716
0.27542287033381674	0.001646349702268352	-1.7075399751168427
0.277971326775929	0.0016795811985585232	-1.7183482745135588
0.2805433637951715	0.0017138189218433026	-1.7315242403905504
0.28313919957993805	0.0017491596126928593	-1.7471329362557073
0.2857590543374948	0.001785709823413287	-1.7652552698915978
0.2884031503126607	0.0018235873789107138	-1.7859894615532246
0.29107171180666064	0.0018629231182699267	-1.8094528710956348
0.2937649651961532	0.001903862987651063	-1.8357842607715398
0.2964831389524344	0.001946570577951807	-1.8651465957801723
0.29922646366081906	0.001991230232882312	-1.8977305198431593
0.30199517204020176	0.002038050899394087	-1.933758693052887
0.30478949896279844	0.0020872709604452104	-1.9734912518941907
0.307609681474071	0.002139164392525174	-2.0172327597177526
0.3104559588128357	0.0021940487488387593	-2.0653411822416876
0.3133285724315587	0.0022522957216178524	-2.1182396858933514
0.3162277660168381	0.0023143454532150937	-2.176432488153959
0.31915378551007634	0.002380726477536824	-2.2405267238107776
0.3221068791283436	0.0024520844432941967	-2.3112635981022103
0.32508729738543457	0.0025292251468056804	-2.3895645405400545
0.3280952931131192	0.0026131820990081484	-2.4766029035805954
0.3311311214825913	0.0027053287480533752	-2.573921949396674
0.33419504002611444	0.0028075779755008	-2.6836431413678645
0.3372873086588691	0.0029227675629861366	-2.8088671085091335
0.34040818970100106	0.00305548725695978	-2.9545342576181004
0.34355794789987465	0.003214113897901188	-3.1295536922913096
0.34673685045253166	0.003416872563719406	-3.3532172890988288
0.3499451670283573	0.003716110644812849	-3.6814256531355043
0.353183169791957	0.004370641409173291	-4.400520037188444
0.35645113342624424	0.029775696639902816	-134.84058646039267
0.3597493351557423	0.002751752914938425	-2.995082718919256
0.36307805477010135	0.003442016525471993	-3.6157658625632
0.36643757464783333	0.003848034475677966	-4.0607534163844985
0.3698281797802663	0.004214180552762788	-4.493316890259991
0.3732501577957206	0.004599792922756421	-4.9668179727501185
0.37670379898390893	0.005036997369520868	-5.516331322204009
0.38018939632056126	0.005556105507966763	-6.179366671430806
0.38370724549227886	0.006196105613627422	-7.007162669214846
0.3872576449216173	0.007015597698393276	-8.079305751224648
0.3908408957924021	0.008112092803723358	-9.53377325756275
0.39445730207527846	0.009663414465776454	-11.689639346847382
0.3981071705534973	0.011973892404328253	-14.713116710637726
0.40179081084894	0.015951285899311784	-20.197709493195433
0.40550853544838394	0.02370609114999438	-31.68598020184787
0.40926065973001097	0.03911746152104078	-62.83821173248426
0.41304750199016144	0.03643777183885074	-120.95589939144226
0.4168693834703355	0.020869534216887246	-149.03080062756678
0.4207266283844442	0.01335719326509591	-160.69441869136185
0.424619563946313	0.009381464145365843	-166.22687240387242
0.4285485203974396	0.007009522472431465	-169.41497738708065
0.43251383103500884	0.005423781911749214	-171.52204527022712
0.4365158322401661	0.0042679361757299045	-173.0536210292967
0.44055486350655343	0.0033611545555354916	-174.2592252388938
0.4446312674691088	0.0025961008469622803	-175.28560236155073
0.4487453899331323	0.001894173771348235	-176.23730656690648
0.4528975799036209	0.0011755481272497663	-177.19349442074463
0.4570881896148752	0.0003153278142535232	-177.63087360581608
0.46131757456037953	0.0009941882260008823	-1.6015340913340697
0.4655860935229591	0.00405701554065989	-6.899068362647876
0.4698941086052156	0.026066879336343846	-58.5513106312147
0.4742419852602448	0.00911590087528471	-159.52266079543713
0.47863009232263853	0.005120085581999009	-168.99839543167147
0.48305880203977286	0.003718122894482486	-171.44161637286794
0.4875284901033865	0.0029797736215714504	-172.63796310281313
0.4920395356814511	0.002504316113331763	-173.3406349423121
0.49659232145033627	0.0021623753962684562	-173.78742763699879
0.5011872336272725	0.0018989459536036424	-174.07709128924523
0.5058246620031143	0.0016864123130760724	-174.25697539537788
0.5105049999754064	0.0015092422478148989	-174.3513181228244
0.5152286445817567	0.0013579431891528506	-174.37221532478338
0.5199959965335162	0.0012263347461017532	-174.32433955692258
0.5248074602497729	0.001110189320475498	-174.20700098189
0.5296634438916581	0.0010065007683353502	-174.01487920546904
0.5345643593969719	0.0009130669532474838	-173.73794791041152
0.5395106225151278	0.0008282409401741246	-173.36078705895753
0.5445026528424215	0.0007507792223527124	-172.8613428475298
0.5495408738576248	0.0006797502022557533	-172.2091872431031
0.5546257129579107	0.0006144837920578067	-171.3635066840877
0.5597576014951101	0.0005545519547941061	-170.2716351018179
0.5649369748123025	0.0004997723408776314	-168.87043048056012
0.5701642722807475	0.0004502193483701855	-167.09593781552263
0.5754399373371569	0.0004061984178773599	-164.91161268492505
0.580764417521312	0.0003680791050407297	-162.36651556329176
0.5861381645140288	0.00033582721886910765	-159.67195032911775
0.591561634175474	0.0003082239155807637	-157.21323376465162
0.5970352865838369	0.00028236902479457604	-155.35824570416466
0.6025595860743578	0.0002545499712819998	-154.08342585463734
0.6081350012787179	0.00022234646883276067	-152.6942272993215
0.6137620051647943	0.00018607207313692015	-149.65746466930256
0.6194410750767815	0.00014953402892279384	-141.74113028739038
0.6251726927756859	0.0001282986400829446	-122.02807859792193
0.6309573444801934	0.00018880151727228875	-101.63006876816381
0.6367955209079159	0.0002388374646863806	-138.52326858113443
0.6426877173170198	0.0001511055522730971	-153.73377523222223
0.6486344335482385	0.00004954383385664136	-176.64826502875889
0.654636174067275	0.00007561234461092607	-2.2832328611071984
0.6606934480075961	0.00009635377279198109	-178.34155522956783
0.6668067692136223	0.000022508925634897244	-0.24041730972580072
0.6729766562843178	0.0000701481480155408	-0.47515435954397856
0.6792036326171846	0.00010667539642547474	-0.49576760433025224
0.6854882264526617	0.0001387288966345251	-0.45619667455608254
0.6918309709189366	0.000168306926728732	-0.40401546514343384
0.6982324040771715	0.00019627557928149334	-0.3568576521899412
0.7046930689671471	0.00022309186156021536	-0.32047413448961143
0.7112135136533292	0.0002490319409613444	-0.29524935494784416
0.7177942912713619	0.00027428263665642315	-0.2794100305825599
0.7244359600749902	0.00029898306164118283	-0.2706734093007241
0.7311390834834176	0.0003232449078184268	-0.2669772526417778
0.7379042301291011	0.00034716289883191713	-0.2667069313757788
0.7447319739059892	0.00037082057410265274	-0.26869228781641297
0.7516228940182057	0.0003942937888500728	-0.2721249865705852
0.758577575029184	0.00041765304249960456	-0.27646529873083814
0.7655966069112565	0.0004409651656239672	-0.28136321403496095
0.7726805850957026	0.00046429463038035027	-0.2865989608107923
0.7798301105232589	0.0004877046273099881	-0.2920407228021677
0.7870457896950989	0.0005112579932711965	-0.29761556276594087
0.7943282347242817	0.0005350180461512214	-0.30328982863037895
0.8016780633876793	0.0005590493665557079	-0.3090561407479099
0.8090958991783825	0.0005834185585207902	-0.314924917516546
0.8165823713585927	0.0006081950228431483	-0.3209196586915999
0.8241381150130026	0.0006334514903000482	-0.32705230062589025
0.8317637711026713	0.000659265907325519	-0.3334027423649187
0.8394599865193977	0.0006857205603150743	-0.3399797002784526
0.8472274141405968	0.0007129046712907828	-0.3468381816121224
0.8550667128846836	0.0007409148788925399	-0.3540300722138035
0.8629785477669706	0.0007698566617228002	-0.3616115864417863
0.870963589956081	0.0007998458673151471	-0.3696440567513806
0.8790225168308847	0.000831010493392034	-0.37819475493367377
0.8871560120379608	0.0008634927846301911	-0.3873379311050955
0.8953647655495938	0.0008974517212196872	-0.39715611232301234
0.9036494737223014	0.0009330659952020109	-0.4077417029382221
0.9120108393559097	0.000970537596906476	-0.4191989459181531
0.9204495717531712	0.0010100961689198731	-0.4316463275979651
0.9289663867799363	0.0010520043321693795	-0.4452195379899361
0.9375620069258802	0.0010965642525608726	-0.4600751375915915
0.946237161365793	0.0011441258039983388	-0.47639513374730474
0.9549925860214359	0.0011950968045092625	-0.49439274110641035
0.9638290236239705	0.0012499559714988372	-0.5143197005415898
0.9727472237769651	0.0013092694823510994	-0.5364756725333334
0.9817479430199844	0.001373712372254043	-0.5612204252062124
0.9908319448927676	0.0014440965063067701	-0.5889898363617608
1.	0.0015214076138470322	-0.6203171748368073
1.0092528860766845	0.001606855009817334	-0.6558618039797546
1.0185913880541169	0.0017019393845930071	-0.6964485004879654
1.0280162981264735	0.0018085468193870854	-0.7431222479727847
1.0375284158180127	0.0019290816809046213	-0.7972260746108787
1.0471285480508996	0.0020666585386600036	-0.8605140378567807
1.0568175092136585	0.002225386120086849	-0.9353192875698471
1.066596121230258	0.0024107992378277934	-1.024811150808317
1.076465213629835	0.002630537121469815	-1.133401313637514
1.0864256236170655	0.0028954491649169547	-1.2674102837955359
1.096478196143185	0.003221478592270399	-1.436210991748206
1.1066237839776665	0.0036330457651197966	-1.6542997933938859
1.1168632477805611	0.004169532193313544	-1.9453034465282488
1.1271974561755105	0.004898760674537138	-2.3504040227790806
1.1376272858234309	0.005948133366775457	-2.9480665995576048
1.1481536214968828	0.0075875201431028685	-3.907424206083449
1.1587773561551262	0.010499005243144	-5.665121756579983
1.1694993910198712	0.016958041970473604	-9.693887839964889
1.1803206356517297	0.03876720741141581	-18.512649758770056
1.191242008027375	0.04049372618551783	-164.8204776065435
1.2022644346174132	0.015873662806692574	-171.49273051860712
1.2133888504649775	0.009714979732104454	-174.19911868373742
1.224616199265049	0.006935278329332432	-175.5027168632226
1.2359474334445106	0.005355438034969401	-176.24135075090877
1.2473835142429432	0.004335522340189143	-176.6970628373715
1.2589254117941675	0.0036210618041029653	-176.9876765141201
1.270574105208542	0.003091006273658173	-177.16944806741463
1.2823305826560218	0.002680406707851008	-177.2709619271999
1.2941958414499863	0.0023512174803864607	-177.30619179475033
1.3061708881318417	0.002079569563399486	-177.27983291755928
1.3182567385564075	0.0018495955273011763	-177.18907420451828
1.3304544179780915	0.0016501615916746809	-177.0230617986561
1.3427649611378643	0.0014729938001256306	-176.7598922225162
1.3551894123510364	0.0013114999919593324	-176.35951310109652
1.3677288255958495	0.0011599236248214918	-175.7479192646271
1.3803842646028852	0.0010125995723580118	-174.77964175737253
1.3931568029453034	0.0008631231656462674	-173.1369973836342
1.4060475241299142	0.0007033211926636201	-170.00438433622887
1.4190575216890926	0.000523107090112902	-162.67555048042453
1.432187899273544	0.0003307523157677361	-137.87470862020712
1.4454397707459279	0.0004049202749849063	-69.04310092601216
1.4588142602753489	0.001266731919255335	-45.96856444873577
1.4723125024327193	0.004361362513192904	-73.14538418437417
1.4859356422870074	0.004372281308666199	-151.7098357269065
1.499684835502374	0.002555988474447716	-170.94683361142816
1.5135612484362087	0.0019069254865265275	-175.71546518157837
1.5275660582380732	0.0015783854862945785	-177.5853616409765
1.54170045294956	0.0013746396029188414	-178.4971448701004
1.555965631605075	0.0012323106309394566	-179.00193013541653
1.5703628043335531	0.001124990535115287	-179.30589429500918
1.584893192461114	0.0010397311774322673	-179.5002795591183
1.5995580286146696	0.0009694232363680879	-179.63035978425495
1.6143585568264869	0.0009098231549935102	-179.72055782158978
1.629296032639723	0.0008582294326646844	-179.78491943037903
1.6443717232149324	0.000812831750003558	-179.8319429009282
1.6595869074375613	0.0007723651337332844	-179.86698681865602
1.6749428760264382	0.000735914374968903	-179.89354792882733
1.690440931643265	0.0007027975886916339	-179.91397509758642
1.7060823890031243	0.000672493833215479	-179.9298857544601
1.7218685749860079	0.0006445964304552617	-179.94241785450734
1.7378008287493762	0.0006187818877589968	-179.9523872104123
1.753880501841762	0.0005947886233305022	-179.96038847278575
1.770108958317422	0.0005724020409817814	-179.96686152797085
1.7864875748520517	0.0005514438283391532	-179.97213610242528
1.803017740859568	0.0005317641320338399	-179.976462305659
1.8197008586099825	0.0005132357349364982	-179.98003190720178
1.8365383433483455	0.000495749653669735	-179.98299339066017
1.8535316234148105	0.00047921176144887596	-179.98546275615175
1.8706821403657996	0.0004635401630183212	-179.98753137221746
1.8879913490962925	0.00044866312937103225	-179.98927175072393
1.9054607179632463	0.00043451745473810886	-179.9907418404082
1.9230917289101574	0.0004210471360790995	-179.99198825109403
1.9408858775927773	0.0004082023017086293	-179.99304869737506
1.958844673505989	0.000395938334435654	-179.99395386666606
1.97696964011186	0.0003842151480717473	-179.99472885865245
1.9952623149688788	0.00037299658598242963	-179.99539430275667
2.0137242498623875	0.0003622499175890925	-179.99596723169756
2.032357010936221	0.00035194541411693637	-179.99646176884175
2.0511621788255647	0.00034205598893840845	-179.9968896723567
2.0701413487910414	0.00033255689094141084	-179.99726076848142
2.0892961308540388	0.00032342544171228737	-179.99758329838374
2.108628149933289	0.0003146408091485666	-179.9978641972611
2.1281390459827114	0.00030618381153856597	-179.9981093200082
2.147830474130533	0.0002980367472615673	-179.99832362451698
2.167704104819694	0.0002901832461453045	-179.9985113212097
2.1877616239495516	0.00028260813922056845	-179.998675995528
2.208004733018899	0.00027529734417611846	-179.99882070866164
2.228435149270303	0.0002682377642713339	-179.9989480806913
2.2490546058357803	0.0002614171988323954	-179.9990603594585
2.2698648518838214	0.00025482426375818214	-179.99915947780616
2.2908676527677723	0.0002484483207083123	-179.99924710130645
2.312064790175594	0.0002422794138486388	-179.9993246681795
2.333458062281002	0.00023630821319748355	-179.99939342277918
2.355049283896009	0.00023052596375556237	-179.99945444376144
2.376840286624876	0.00022492443971926213	-179.99950866784383
2.39883291901949	0.00021949590317478263	-179.99955690989762
2.4210290467361775	0.00021423306675310422	-179.99959987998122
2.4434305526939712	0.00020912905979542486	-179.99963819781473
2.4660393372343385	0.0002041773976378449	-179.99967240510787
2.48885731828239	0.00019937195367443193	-179.99970297608306
2.5118864315095797	0.00019470693390082132	-179.99973032647685
2.535128630497907	0.00019017685367739385	-179.99975482125495
2.5585858869056453	0.0001857765164827715	-179.9997767812385
2.582260190634596	0.00018150099445573574	-179.9997964888049
2.6061535499988953	0.00017734561054731746	-179.9998141928021
2.6302679918953813	0.00017330592212533226	-179.99983011279247
2.654605561975539	0.00016937770589147246	-179.9998444427229
2.6791683248190314	0.00016555694398662742	-179.99985735410513
2.703958364108843	0.00016183981117369857	-179.99986899877504
2.7289777828080406	0.00015822266299908802	-179.99987951129097
2.7542287033381663	0.0001547020248445047	-179.99988901102083
2.7797132677592886	0.00015127458178993243	-179.9998976039615
2.805433637951713	0.00014793716921672804	-179.99990538432664
2.831391995799379	0.0001446867640869946	-179.99991243593425
2.8575905433749464	0.00014152047684172747	-179.9999188334213
2.8840315031266055	0.00013843554386587146	-179.9999246433076
2.910717118066605	0.00013542932047343892	-179.99992992492926
2.9376496519615305	0.000132499274370304	-179.99993473125866
2.9648313895243423	0.00012964297955626826	-179.99993910962516
2.992264636608189	0.00012685811063155373	-179.99994310234976
3.019951720402016	0.0001241424374760638	-179.9999467473044
3.047894989627983	0.00012149382027260693	-179.999950078405
3.076096814740708	0.00011891020484784465	-179.9999531260474
3.1045595881283554	0.00011638961830702926	-179.9999559174921
3.1332857243155856	0.0001139301649406729	-179.99995847720515
3.162277660168379	0.00011153002238316467	-179.9999608271597
3.1915378551007616	0.0001091874380050392	-179.9999629871035
3.2210687912834346	0.00010690072552213519	-179.99996497479611
3.250872973854344	0.0001046682618062608	-179.9999668062195
3.2809529311311905	0.00010248848388324281	-179.9999684957655
3.311311214825911	0.00010035988610537345	-179.9999700564019
3.3419504002611427	0.00009828101748630485	-179.99997149982104
3.372873086588689	0.00009625047918738386	-179.99997283657166
3.404081897010009	0.00009426692214527565	-179.9999740761765
3.4355794789987466	0.00009232904483151192	-179.99997522723757
3.4673685045253166	0.00009043559113530734	-179.99997629752968
3.499451670283573	0.00008858534836164668	-179.99997729408415
3.53183169791957	0.00008677714533723832	-179.9999782232638
3.5645113342624426	0.00008500985061747815	-179.99997909082998
3.5974933515574232	0.00008328237078806848	-179.99997990200234
3.630780547701014	0.00008159364885539728	-179.99998066151264
3.664375746478333	0.00007994266272020355	-179.9999813736529
3.6982817978026628	0.00007832842372944372	-179.9999820423185
3.732501577957206	0.00007674997530163234	-179.999982671047
3.767037989839089	0.00007520639162125487	-179.99998326305297
3.801893963205613	0.00007369677639815834	-179.999983821259
3.8370724549227884	0.00007222026168810116	-179.9999843483241
3.8725764492161727	0.0000707760067709024	-179.99998484666872
3.908408957924021	0.00006936319708287014	-179.9999853184977
3.944573020752785	0.00006798104320040658	-179.9999857658205
3.981071705534973	0.00006662877987189308	-179.9999861904699
4.0179081084894	0.00006530566509514575	-179.99998659411844
4.055085354483839	0.00006401097923790771	-179.99998697829346
4.09260659730011	0.00006274402419900545	-179.9999873443907
4.130475019901614	0.00006150412260794832	-179.99998769368628
4.168693834703355	0.000060290617060887	-179.99998802734802
4.207266283844442	0.000059102869390980896	-179.99998834644518
4.24619563946313	0.000057940259971340276	-179.99998865195752
4.285485203974396	0.000056802187048824525	-179.99998894478352
4.325138310350088	0.00005568806610708009	-179.99998922574758
4.365158322401661	0.00005459732925730135	-179.9999894956068
4.405548635065534	0.00005352942465528538	-179.99998975505707
4.446312674691089	0.000052483815943438634	-179.99999000473835
4.487453899331323	0.00005145998171647119	-179.99999024523976
4.528975799036209	0.000050457415009587807	-179.99999047710406
4.570881896148752	0.00004947562280805509	-179.99999070083166
4.613175745603791	0.00004851412557708683	-179.9999909168844
4.655860935229586	0.00004757245681104986	-179.99999112568884
4.698941086052151	0.0000466501626010521	-179.99999132763932
4.742419852602444	0.00004574680122002163	-179.9999915231008
4.7863009232263805	0.00004486194272444032	-179.99999171241117
4.830588020397723	0.00004399516857193907	-179.99999189588385
4.875284901033861	0.000043146071254005365	-179.99999207380955
4.920395356814506	0.000042314253943095564	-179.99999224645842
4.965923214503357	0.00004149933015348137	-179.99999241408165
5.01187233627272	0.0000407009234151969	-179.99999257691297
5.058246620031137	0.000039918666960485484	-179.99999273517025
5.105049999754059	0.00003915220342217812	-179.9999928890567
5.152286445817562	0.00003840118454346403	-179.99999303876209
5.1999599653351565	0.000037665270898543485	-179.99999318446373
5.248074602497723	0.00003694413162367744	-179.99999332632768
5.296634438916575	0.00003623744415817545	-179.99999346450943
5.345643593969713	0.00003554489399488498	-179.99999359915483
5.395106225151273	0.0000348661744397687	-179.99999373040092
5.445026528424209	0.000034200986380176246	-179.9999938583764
5.495408738576242	0.000033549038061436795	-179.99999398320242
5.5462571295791046	0.00003291004487141778	-179.9999941049932
5.597576014951099	0.00003228372913271188	-179.9999942238564
5.649369748123022	0.00003166981990213128	-179.9999943398937
5.701642722807472	0.00003106805277720397	-179.9999944532013
5.754399373371567	0.000030478169709381234	-179.9999945638702
5.807644175213118	0.00002989991882367959	-179.9999946719865
5.861381645140285	0.000029333054244493746	-179.99999477763217
5.9156163417547365	0.00002877733592732948	-179.9999948808847
5.9703528658383656	0.000028232529496216977	-179.99999498181808
6.025595860743575	0.000027698406086577025	-179.9999950805025
6.081350012787176	0.000027174742193322064	-179.99999517700488
6.137620051647939	0.000026661319523984905	-179.9999952713891
6.194410750767812	0.000026157924856677367	-179.99999536371612
6.251726927756856	0.000025664349902689505	-179.99999545404415
6.30957344480193	0.000025180391173549484	-179.99999554242893
6.367955209079155	0.000024705849852371617	-179.99999562892376
6.426877173170194	0.0000242405316693282	-179.99999571357975
6.486344335482381	0.000023784246781087866	-179.99999579644597
6.546361740672747	0.00002333680965407002	-179.99999587756943
6.6069344800759575	0.000022898038951372215	-179.9999959569954
6.668067692136219	0.00002246775742323245	-179.99999603476738
6.729766562843175	0.00002204579180089543	-179.9999961109272
6.792036326171843	0.000021631972693756747	-179.99999618551522
6.854882264526613	0.000021226134489664888	-179.99999625857026
6.918309709189362	0.000020828115258265532	-179.99999633012987
6.9823240407717115	0.00002043775665727807	-179.9999964002302
7.046930689671467	0.000020054903841598518	-179.9999964689062
7.112135136533288	0.000019679405375127457	-179.99999653619167
7.177942912713615	0.00001931111314522622	-179.99999660211935
7.244359600749899	0.00001894988227970801	-179.99999666672076
7.311390834834173	0.000018595571066274984	-179.99999673002665
7.379042301291007	0.000018248040874315457	-179.99999679206658
7.447319739059888	0.000017907156078979534	-179.99999685286943
7.516228940182053	0.00001757278398745404	-179.99999691246305
7.585775750291836	0.000017244794767361514	-179.9999969708745
7.655966069112561	0.000016923061377210396	-179.9999970281301
7.726805850957022	0.00001660745949882695	-179.99999708425537
7.798301105232586	0.000016297867471701964	-179.99999713927517
7.870457896950985	0.00001599416622918786	-179.9999971932135
7.943282347242813	0.000015696239236484552	-179.9999972460939
8.01678063387679	0.000015403972430354652	-179.9999972979392
8.090958991783822	0.000015117254160510922	-179.99999734877156
8.165823713585922	0.000014835975132621175	-179.9999973986126
8.241381150130021	0.000014560028352877735	-179.99999744748337
8.317637711026709	0.000014289309074080927	-179.99999749540441
8.394599865193973	0.000014023714743187429	-179.99999754239568
8.472274141405963	0.000013763144950276698	-179.99999758847665
8.550667128846833	0.000013507501378890316	-179.9999976336663
8.629785477669701	0.000013256687757700439	-179.9999976779832
8.709635899560805	0.000013010609813465548	-179.9999977214454
8.790225168308842	0.00001276917522523317	-179.99999776407043
8.871560120379607	0.000012532293579750511	-179.99999780587564
8.953647655495937	0.000012299876328045618	-179.99999784687768
9.036494737223014	0.000012071836743142837	-179.99999788709306
9.120108393559097	0.000011848089878877863	-179.99999792653767
9.204495717531712	0.000011628552529778564	-179.99999796522724
9.289663867799362	0.000011413143191979548	-179.999998003177
9.375620069258803	0.000011201782025138841	-179.9999980404019
9.462371613657929	0.000010994390815326871	-179.99999807691643
9.549925860214358	0.000010790892938858476	-179.99999811273494
9.638290236239705	0.000010591213327039944	-179.99999814787134
9.727472237769652	0.000010395278431804107	-179.99999818233917
9.817479430199844	0.00001020301619220711	-179.9999982161518
9.908319448927676	0.000010014356001761833	-179.99999824932223
10.	9.829228676583491e-6	-179.99999828186318
10.092528860766844	9.647566424323832e-6	-179.99999831378713
10.18591388054117	9.469302813871263e-6	-179.99999834510623
10.280162981264736	9.294372745794841e-6	-179.99999837583238
10.375284158180126	9.122712423510891e-6	-179.99999840597724
10.471285480508996	8.954259325151816e-6	-179.99999843555221
10.568175092136585	8.788952176117093e-6	-179.99999846456848
10.665961212302578	8.626730922287309e-6	-179.99999849303688
10.76465213629835	8.467536703882746e-6	-179.99999852096815
10.864256236170656	8.311311829948452e-6	-179.99999854837273
10.964781961431852	8.157999753448435e-6	-179.99999857526083
11.066237839776663	8.007545046952228e-6	-179.99999860164246
11.168632477805613	7.859893378897477e-6	-179.99999862752742
11.271974561755105	7.714991490412876e-6	-179.99999865292529
11.37627285823431	7.5727871726860935e-6	-179.99999867784544
11.481536214968829	7.433229244862066e-6	-179.99999870229706
11.587773561551263	7.296267532457207e-6	-179.99999872628908
11.694993910198711	7.161852846275847e-6	-179.9999987498303
11.803206356517286	7.0299369618153225e-6	-179.9999987729293
11.912420080273739	6.900472599146788e-6	-179.99999879559448
12.022644346174118	6.773413403259279e-6	-179.99999881783398
12.133888504649763	6.64871392485453e-6	-179.99999883965586
12.246161992650476	6.526329601581012e-6	-179.99999886106792
12.359474334445094	6.40621673969547e-6	-179.99999888207773
12.47383514242942	6.28833249614105e-6	-179.99999890269268
12.589254117941662	6.172634861031029e-6	-179.99999892292
12.705741052085406	6.059082640527774e-6	-179.99999894276667
12.823305826560205	5.947635440106766e-6	-179.99999896223937
12.941958414499851	5.838253648195811e-6	-179.99999898134456
13.061708881318404	5.730898420179773e-6	-179.9999990000884
13.182567385564061	5.625531662761658e-6	-179.99999901847664
13.304544179780901	5.5221160186708115e-6	-179.9999990365147
13.427649611378628	5.420614851709522e-6	-179.9999990542074
13.551894123510351	5.320992232129252e-6	-179.99999907155873
13.67728825595848	5.2232129223280765e-6	-179.99999908857197
13.803842646028839	5.127242362860817e-6	-179.99999910524883
13.931568029453022	5.033046658753382e-6	-179.99999912158913
14.060475241299129	4.940592566112407e-6	-179.99999913758955
14.190575216890911	4.849847479020474e-6	-179.99999915324193
14.321878992735424	4.760779416705159e-6	-179.9999991685297
14.454397707459265	4.673357010965654e-6	-179.99999918342147
14.588142602753473	4.587549493829784e-6	-179.99999919785702
14.723125024327178	4.503326685386375e-6	-179.9999992117158
14.859356422870059	4.420658981656575e-6	-179.99999922473503
14.996848355023726	4.339517342093206e-6	-179.9999992362607
15.135612484362072	4.2598732751331445e-6	-179.9999992442803
15.275660582380716	4.181698813183472e-6	-179.99999923981383
15.417004529495584	4.104966380321685e-6	-179.9999991267964
15.559656316050734	4.02965198764117e-6	-179.99999736543415
15.703628043335515	3.955722654560339e-6	-179.99999925052592
15.848931924611126	3.883157805330382e-6	-179.9999993059536
15.995580286146678	3.8119307743583952e-6	-179.9999993278906
16.143585568264854	3.7420165941319294e-6	-179.9999993436181
16.292960326397214	3.673390820734373e-6	-179.9999993572627
16.443717232149307	3.6060294832808378e-6	-179.99999936992975
16.595869074375596	3.5399090678639793e-6	-179.99999938201637
16.749428760264365	3.4750065067798326e-6	-179.99999939369465
16.90440931643263	3.41129916916393e-6	-179.99999940505003
17.060823890031227	3.3487648521940527e-6	-179.99999941612958
17.21868574986006	3.2873817726147003e-6	-179.99999942696172
17.378008287493746	3.227128558496036e-6	-179.99999943756512
17.5388050184176	3.1679842411906556e-6	-179.99999944795275
17.701089583174202	3.1099282474699226e-6	-179.99999945813434
17.864875748520497	3.052940391829443e-6	-179.9999994681176
18.03017740859568	2.9970008689565323e-6	-179.99999947790883
18.197008586099827	2.9420902463543572e-6	-179.99999948751352
18.365383433483455	2.8881894571182703e-6	-179.9999994969365
18.535316234148105	2.83527979286037e-6	-179.99999950618215
18.706821403657997	2.7833428967786815e-6	-179.9999995152545
18.879913490962927	2.7323607568675356e-6	-179.9999995241574
19.054607179632463	2.6823156992658883e-6	-179.99999953289438
19.230917289101576	2.6331903817404887e-6	-179.99999954146884
19.408858775927772	2.584967787300862e-6	-179.99999954988414
19.58844673505989	2.537631217943173e-6	-179.99999955814343
19.769696401118598	2.4911642885201668e-6	-179.99999956624973
19.952623149688787	2.445550920734393e-6	-179.99999957420607
20.137242498623873	2.4007753372520467e-6	-179.9999995820153
20.32357010936221	2.356822055934802e-6	-179.9999995896803
20.511621788255646	2.313675884187079e-6	-179.99999959720378
20.701413487910415	2.271321913416258e-6	-179.99999960458845
20.892961308540386	2.2297455136034176e-6	-179.99999961183693
21.086281499332888	2.188932327982232e-6	-179.99999961895173
21.28139045982711	2.1488682678236867e-6	-179.99999962593546
21.47830474130533	2.109539507324393e-6	-179.99999963279055
21.67704104819694	2.070932478596276e-6	-179.9999996395194
21.87761623949552	2.033033866755483e-6	-179.99999964612434
22.080047330188993	1.9958306051084354e-6	-179.99999965260773
22.28435149270303	1.9593098704329343e-6	-179.99999965897183
22.490546058357804	1.9234590783523605e-6	-179.9999996652188
22.698648518838212	1.888265878800983e-6	-179.9999996713509
22.908676527677724	1.853718151578467e-6	-179.99999967737028
23.12064790175594	1.819804001991732e-6	-179.99999968327896
23.33458062281002	1.7865117565823242e-6	-179.99999968907903
23.55049283896009	1.7538299589375214e-6	-179.9999996947725
23.76840286624876	1.7217473655834229e-6	-179.99999970036134
23.9883291901949	1.6902529419583483e-6	-179.9999997058475
24.210290467361776	1.6593358584648568e-6	-179.99999971123287
24.434305526939713	1.6289854865987634e-6	-179.99999971651934
24.660393372343385	1.5991913951535907e-6	-179.99999972170875
24.888573182823905	1.5699433464988703e-6	-179.99999972680283
25.118864315095795	1.541231292930795e-6	-179.9999997318034
25.351286304979073	1.5130453730937372e-6	-179.99999973671217
25.58585886905645	1.485375908471182e-6	-179.99999974153081
25.82260190634596	1.4582133999446496e-6	-179.99999974626104
26.06153549998895	1.431548524419234e-6	-179.99999975090446
26.302679918953814	1.4053721315143863e-6	-179.9999997554627
26.54605561975539	1.3796752403186422e-6	-179.99999975993728
26.791683248190314	1.3544490362069574e-6	-179.99999976432977
27.039583641088434	1.3296848677194279e-6	-179.99999976864171
27.289777828080403	1.3053742435001167e-6	-179.99999977287456
27.542287033381662	1.2815088292947987e-6	-179.99999977702976
27.797132677592884	1.2580804450064287e-6	-179.99999978110878
28.05433637951713	1.2350810618071625e-6	-179.999999785113
28.31391995799379	1.2125027993058133e-6	-179.9999997890438
28.575905433749465	1.190337922769618e-6	-179.99999979290257
28.84031503126606	1.1685788403992285e-6	-179.99999979669056
29.10717118066605	1.1472181006558735e-6	-179.9999998004091
29.376496519615305	1.1262483896396316e-6	-179.99999980405954
29.648313895243422	1.1056625285178195e-6	-179.99999980764306
29.92264636608189	1.0854534710024775e-6	-179.9999998111609
30.19951720402016	1.0656143008759886e-6	-179.99999981461428
30.4789498962798	1.0461382295638767e-6	-179.9999998180044
30.76096814740705	1.0270185937538312e-6	-179.99999982133235
31.045595881283525	1.0082488530600839e-6	-179.9999998245994
31.332857243155825	9.89822587732186e-7	-179.99999982780656
31.62277660168376	9.717334964073588e-7	-179.999999830955
31.91537855100758	9.539753939055293e-7	-179.99999983404578
32.21068791283432	9.365422090662235e-7	-179.99999983707994
32.50872973854341	9.19427982626491e-7	-179.9999998400585
32.80952931131187	9.026268651390523e-7	-179.99999984298256
33.11311214825908	8.861331149298892e-7	-179.99999984585304
33.41950400261139	8.699410960944953e-7	-179.999999848671
33.72873086588685	8.540452765320325e-7	-179.99999985143734
34.040818970100055	8.384402260166632e-7	-179.99999985415303
34.35579478998743	8.231206143053162e-7	-179.99999985681902
34.67368504525313	8.08081209281186e-7	-179.99999985943617
34.994516702835696	7.93316875132274e-7	-179.99999986200544
35.318316979195664	7.788225705642757e-7	-179.9999998645277
35.64511334262439	7.645933470471592e-7	-179.99999986700377
35.9749335155742	7.506243470947747e-7	-179.9999998694345
36.3078054770101	7.369108025768613e-7	-179.99999987182076
36.64375746478329	7.23448033062808e-7	-179.99999987416336
36.98281797802659	7.102314441965791e-7	-179.9999998764631
37.32501577957203	6.972565261021748e-7	-179.99999987872073
37.670379898390856	6.845188518190594e-7	-179.99999988093708
38.01893963205609	6.72014075766964e-7	-179.99999988311285
38.370724549227845	6.597379322395063e-7	-179.99999988524885
38.72576449216169	6.476862339260676e-7	-179.99999988734575
39.08408957924017	6.358548704613871e-7	-179.99999988940428
39.44573020752781	6.242398070023384e-7	-179.99999989142515
39.81071705534969	6.128370828313632e-7	-179.99999989340904
40.17908108489396	6.016428099860623e-7	-179.99999989535667
40.55085354483835	5.906531719144243e-7	-179.99999989726868
40.92606597300105	5.798644221552203e-7	-179.9999998991457
41.304750199016105	5.692728830430663e-7	-179.9999999009884
41.68693834703351	5.588749444376951e-7	-179.99999990279738
42.07266283844438	5.486670624769636e-7	-179.9999999045733
42.46195639463126	5.386457583531525e-7	-179.9999999063167
42.85485203974392	5.28807617112105e-7	-179.99999990802826
43.251383103500835	5.19149286474778e-7	-179.9999999097085
43.65158322401656	5.096674756807693e-7	-179.999999911358
44.0554863506553	5.003589543534125e-7	-179.9999999129774
44.46312674691084	4.912205513860216e-7	-179.99999991456716
44.87453899331318	4.822491538488856e-7	-179.99999991612782
45.28975799036204	4.734417059166224e-7	-179.99999991765998
45.708818961487474	4.647952078155e-7	-179.99999991916408
46.13175745603791	4.563067147903511e-7	-179.99999992064073
46.55860935229586	4.4797333609070705e-7	-179.99999992209038
46.98941086052151	4.397922339757867e-7	-179.9999999235135
47.42419852602443	4.317606227379849e-7	-179.99999992491064
47.8630092322638	4.2387576774451317e-7	-179.99999992628221
48.30588020397723	4.1613498449684034e-7	-179.99999992762872
48.7528490103386	4.085356377076081e-7	-179.99999992895064
49.20395356814506	4.010751403946849e-7	-179.99999993024835
49.65923214503358	3.937509529920336e-7	-179.99999993152238
50.118723362727195	3.865605824770826e-7	-179.9999999327731
50.58246620031137	3.795015815142809e-7	-179.99999993400095
51.0504999975406	3.7257154761454036e-7	-179.99999993520638
51.52286445817562	3.657681223102588e-7	-179.99999993638977
51.99959965335157	3.5908899034563604e-7	-179.99999993755154
52.48074602497723	3.525318788819931e-7	-179.99999993869207
52.966344389165755	3.460945567178121e-7	-179.99999993981177
53.45643593969714	3.397748335232217e-7	-179.99999994091095
53.95106225151273	3.3357055908865476e-7	-179.99999994199013
54.450265284242086	3.274796225874163e-7	-179.99999994304952
54.95408738576243	3.2149995185189406e-7	-179.99999994408958
55.462571295791044	3.1562951266316455e-7	-179.99999994511063
55.97576014951099	3.098663080537341e-7	-179.999999946113
56.49369748123023	3.0420837762317774e-7	-179.99999994709708
57.01642722807472	2.986537968664278e-7	-179.99999994806313
57.543993733715666	2.932006765144774e-7	-179.99999994901157
58.07644175213118	2.8784716188727003e-7	-179.99999994994263
58.61381645140285	2.825914322585392e-7	-179.99999995085668
59.15616341754737	2.77431700232383e-7	-179.99999995175395
59.70352865838366	2.723662111313442e-7	-179.99999995263482
60.255958607435744	2.673932423957813e-7	-179.9999999534994
60.81350012787176	2.625111029942961e-7	-179.99999995434797
61.37620051647939	2.577181328449276e-7	-179.99999995518013
61.94410750767812	2.53012702246344e-7	-179.99999995599305
62.51726927756855	2.483932113069676e-7	-179.99999995670552
63.0957344480193	2.4385808951856894e-7	-179.99999995755022
63.67955209079155	2.3940579488649493e-7	-179.99999995836205
64.26877173170195	2.350348138379256e-7	-179.99999995912597
64.86344335482381	2.3074366041375355e-7	-179.99999995987335
65.46361740672747	2.265308758492024e-7	-179.9999999606065
66.06934480075958	2.223950280688785e-7	-179.99999996132598
66.68067692136219	2.1833471119678448e-7	-179.99999996203226
67.29766562843174	2.1434854507580254e-7	-179.9999999627256
67.92036326171844	2.1043517479611138e-7	-179.99999996340625
68.54882264526613	2.0659327023231014e-7	-179.99999996407445
69.18309709189363	2.0282152558907058e-7	-179.99999996473042
69.82324040771712	1.9911865895515932e-7	-179.9999999653744
70.46930689671467	1.9548341186566806e-7	-179.9999999660066
71.12135136533288	1.9191454887230188e-7	-179.9999999666273
71.77942912713615	1.8841085712157495e-7	-179.99999996723662
72.44359600749898	1.8497114594076793e-7	-179.9999999678348
73.11390834834172	1.8159424643149952e-7	-179.99999996842212
73.79042301291008	1.7827901107077658e-7	-179.99999996899865
74.47319739059888	1.750243133193791e-7	-179.99999996956467
75.16228940182053	1.718290472374468e-7	-179.99999997012034
75.85775750291836	1.686921271071337e-7	-179.99999997066587
76.55966069112561	1.6561248706219883e-7	-179.99999997120145
77.26805850957021	1.625890807244063e-7	-179.99999997172722
77.98301105232578	1.5962088084660653e-7	-179.99999997224342
78.70457896950977	1.5670687896237677e-7	-179.99999997275017
79.43282347242805	1.5384608504209987e-7	-179.99999997324767
80.16780633876782	1.5103752715536028e-7	-179.99999997373607
80.90958991783813	1.4828025113954183e-7	-179.99999997421557
81.65823713585914	1.4557332027451319e-7	-179.99999997468632
82.41381150130013	1.429158149632868e-7	-179.99999997514846
83.176377110267	1.4030683241854258e-7	-179.99999997560215
83.94599865193965	1.377454863549071e-7	-179.99999997604755
84.72274141405954	1.352309066868828e-7	-179.99999997648484
85.50667128846823	1.3276223923232115e-7	-179.9999999769141
86.29785477669692	1.3033864542133989e-7	-179.99999997733556
87.09635899560797	1.2795930201058166e-7	-179.9999999777493
87.90225168308834	1.2562340080271738e-7	-179.9999999781555
88.71560120379598	1.2333014837109523e-7	-179.99999997855423
89.53647655495928	1.2107876578944274e-7	-179.99999997894568
90.36494737223005	1.1886848836652722e-7	-179.99999997933
91.20108393559087	1.1669856538568333e-7	-179.99999997970724
92.04495717531702	1.145682598491169e-7	-179.99999998007758
92.89663867799354	1.1247684822689646e-7	-179.999999980441
93.75620069258792	1.104236202105415e-7	-179.99999998079764
94.6237161365792	1.0840787847110596e-7	-179.99999998114728
95.4992586021435	1.0642893842159688e-7	-179.9999999814889
96.38290236239695	1.0448612798294674e-7	-179.9999999818137
97.2747223776964	1.0257878696164407e-7	-179.99999987628206
98.17479430199833	1.0070626882693243e-7	-179.99999998247142
99.08319448927665	9.886793644370844e-8	-179.99999998280424
99.9999999999999	9.706316594108335e-8	-179.99999998312043