0.01000000000000001	0.009549032256047902	-3.301077286705209
0.010092528860766855	0.0095505076507076	-3.306382513487999
0.01018591388054118	0.009552011051968028	-3.311747779975086
0.010280162981264745	0.009553543011548723	-3.317173853224216
0.010375284158180138	0.009555104092713915	-3.3226615118128255
0.010471285480509006	0.009556694870538934	-3.3282115460517767
0.010568175092136596	0.009558315932183753	-3.333824758204256
0.01066596121230259	0.009559967877173368	-3.3395019627096647
0.010764652136298361	0.009561651317686113	-3.345243986413311
0.010864256236170667	0.009563366878849594	-3.3510516688016483
0.010964781961431863	0.009565115199044419	-3.35692586224323
0.011066237839776675	0.009566896930216314	-3.362867432235741
0.011168632477805623	0.00956871273819708	-3.3688772576595776
0.011271974561755117	0.009570563303033524	-3.3749562310371624
0.011376272858234322	0.009572449319326156	-3.381105258799461
0.01148153621496884	0.009574371496577134	-3.387325261559303
0.011587773561551273	0.009576330559547395	-3.3936171743913595
0.011694993910198724	0.009578327248624535	-3.39998194712008
0.01180320635651731	0.009580362320200004	-3.4064205446144094
0.011912420080273762	0.009582436547058187	-3.4129339470913336
0.012022644346174144	0.009584550718775281	-3.4195231504265267
0.012133888504649786	0.009586705642130289	-3.4261891664739994
0.012246161992650502	0.00958890214152755	-3.4329330233942468
0.01235947433444512	0.009591141059431442	-3.4397557659913796
0.012473835142429446	0.009593423256813616	-3.446658456059529
0.012589254117941687	0.009595749613613163	-3.4536421727388076
0.012705741052085433	0.009598121029210514	-3.460708012881507
0.012823305826560232	0.00960053842291487	-3.4678570914282782
0.01294195841449987	0.009603002734466314	-3.475090541795312
0.013061708881318424	0.009605514924552723	-3.4824095162725004
0.013182567385564082	0.009608075975342108	-3.489815186433092
0.01330454417978092	0.009610686891030834	-3.4973087435552856
0.013427649611378649	0.00961334869840856	-3.504891399056276
0.01355189412351037	0.00961606244744023	-3.5125643849391808
0.013677288255958502	0.009618829211865694	-3.5203289542530887
0.013803842646028859	0.009621650089817888	-3.528186381567233
0.013931568029453043	0.009624526204460188	-3.536137963459549
0.01406047524129915	0.009627458704643058	-3.5441850190198205
0.014190575216890933	0.009630448765581607	-3.552328890368681
0.014321878992735446	0.009633497589554167	-3.5605709431926167
0.014454397707459286	0.009636606406623395	-3.5689125672960538
0.014588142602753497	0.00963977647537928	-3.577355177170166
0.014723125024327202	0.009643009083706747	-3.5859002125804946
0.014859356422870082	0.00964630554957762	-3.5945491391732527
0.014996848355023748	0.009649667221867851	-3.603303449100961
0.015135612484362095	0.00965309548120179	-3.6121646616689786
0.015275660582380739	0.00965659174082362	-3.6211343240029628
0.015417004529495607	0.009660157447497531	-3.63021401173854
0.015559656316050758	0.009663794082437937	-3.6394053297343025
0.01570362804333554	0.00966750316227004	-3.64870991280842
0.015848931924611148	0.009671286240022933	-3.6581294265005573
0.015995580286146702	0.009675144906156136	-3.6676655678600016
0.016143585568264878	0.009679080789620846	-3.677320066260899
0.016292960326397238	0.009683095558956892	-3.687094684245684
0.01644371723214933	0.009687190923428061	-3.6969912183985874
0.016595869074375623	0.00969136863419604	-3.70701150024982
0.01674942876026439	0.009695630485535208	-3.7171573972119973
0.016904409316432657	0.009699978316089885	-3.7274308135504284
0.017060823890031253	0.00970441401017571	-3.737833691388469
0.017218685749860088	0.009708939499127125	-3.748368011749818
0.017378008287493772	0.009713556762692784	-3.7590357956392024
0.01753880501841763	0.00971826783048089	-3.769839105163225
0.01770108958317423	0.009723074783456449	-3.7807800446931505
0.017864875748520526	0.009727979755493358	-3.7918607620719214
0.018030177408595707	0.009732984934982604	-3.803083449866903
0.018197008586099853	0.009738092566500076	-3.8144503466710358
0.018365383433483484	0.009743304952535309	-3.8259637384538423
0.018535316234148135	0.009748624455285636	-3.8376259599659623
0.018706821403658026	0.009754053498516898	-3.8494393961984796
0.018879913490962956	0.009759594569494231	-3.861406483900007
0.019054607179632494	0.009765250220986914	-3.8735297131550785
0.019230917289101597	0.009771023073349233	-3.8858116290256346
0.019408858775927792	0.009776915816681902	-3.898254833259614
0.01958844673505991	0.00978293121307696	-3.9108619860693437
0.01976969640111862	0.009789072098950387	-3.923635807983471
0.01995262314968881	0.009795341387466702	-3.9365790817762902
0.020137242498623895	0.009801742071058987	-3.949694654477678
0.02032357010936223	0.009808277224049778	-3.9629854394684534
0.020511621788255666	0.009814950005377094	-3.976454418665134
0.020701413487910436	0.009821763661430224	-3.9901046447983837
0.02089296130854041	0.00982872152900158	-4.003939243790753
0.02108628149933291	0.009835827038359076	-4.0179614172380544
0.021281390459827135	0.009843083716445638	-4.032174445000288
0.021478304741305354	0.009850495190211304	-4.04658168790739
0.02167704104819696	0.009858065190085924	-4.061186590586916
0.02187761623949554	0.00986579755359696	-4.07599268441839
0.022080047330189013	0.009873696229142387	-4.0910035906231625
0.022284351492703053	0.009881765279924378	-4.106223023495458
0.022490546058357826	0.009890008888053005	-4.121654793783233
0.022698648518838235	0.009898431358827817	-4.137302812226352
0.022908676527677748	0.009907037125207907	-4.15317109326192
0.023120647901755963	0.009915830752477778	-4.169263758904234
0.023334580622810044	0.00992481694312236	-4.185585042811502
0.023550492838960112	0.009934000541918543	-4.202139294547079
0.023768402866248782	0.009943386541258335	-4.218930984049162
0.02398832919019492	0.009952980086712778	-4.235964706318272
0.0242102904673618	0.009962786482851977	-4.253245186337089
0.02443430552693974	0.009972811199333485	-4.270777284234749
0.024660393372343412	0.009983059877274688	-4.288566000710782
0.02488857318282393	0.00999353833592409	-4.306616482733432
0.025118864315095822	0.010004252579648439	-4.324934029528874
0.025351286304979098	0.010015208805253431	-4.343524098878915
0.02558585886905648	0.010026413409656274	-4.362392313745338
0.025822601906345985	0.01003787299793027	-4.381544469240852
0.026061535499988978	0.010049594391743412	-4.400986539968578
0.026302679918953843	0.01006158463821214	-4.420724687751345
0.026546055619755416	0.01007385101919612	-4.440765269776634
0.026791683248190343	0.010086401061058315	-4.461114847181756
0.027039583641088463	0.010099242544919304	-4.481780194108431
0.027289777828080432	0.010112383517433949	-4.502768307255383
0.02754228703338169	0.010125832302123116	-4.52408641596212
0.02779713267759291	0.010139597511292566	-4.545741992856947
0.02805433637951716	0.010153688058576485	-4.567742765107324
0.028313919957993816	0.010168113172142985	-4.590096726311216
0.028575905433749497	0.010182882408603312	-4.6128121490723775
0.028840315031266085	0.010198005667669185	-4.635897598305585
0.02910717118066608	0.010213493207604426	-4.659361945319988
0.029376496519615335	0.010229355661523273	-4.683214382734864
0.029648313895243455	0.010245604054588688	-4.707464440283892
0.02992264636608192	0.010262249822169953	-4.732122001569972
0.030199517204020192	0.010279304829021976	-4.757197321836533
0.03047894989627986	0.010296781389554671	-4.782701046827391
0.03076096814740711	0.010314692289264737	-4.808644232812102
0.031045595881283587	0.01033305080740848	-4.83503836786037
0.03133285724315589	0.010351870741001058	-4.861895394456662
0.031622776601683826	0.010371166430232115	-4.889227733551543
0.03191537855100765	0.010390952785397548	-4.917048310156959
0.03221068791283438	0.010411245315453158	-4.945370580599451
0.03250872973854347	0.010432060158305242	-4.974208561556047
0.03280952931131194	0.010453414112963202	-5.003576861008429
0.03311311214825915	0.01047532467368762	-5.033490711261261
0.03341950400261146	0.01049781006628149	-5.063966004185474
0.03372873086588692	0.010520889286681021	-5.095019328859077
0.034040818970100126	0.010544582142019157	-5.126668011795284
0.0343557947899875	0.010568909294347457	-5.158930159963622
0.0346736850452532	0.010593892307219317	-5.191824706828831
0.034994516702835765	0.010619553695355102	-5.225371461652925
0.035318316979195734	0.010645916977629502	-5.259591162328553
0.03564511334262446	0.010673006733642227	-5.294505532036379
0.03597493351557427	0.01070084866415793	-5.330137340047414
0.03630780547701017	0.01072946965572712	-5.366510467022113
0.03664375746478335	0.010758897849828399	-5.403649975191152
0.03698281797802665	0.010789162716905006	-5.441582183841457
0.037325015779572084	0.010820295135703298	-5.480334750571862
0.037670379898390914	0.010852327478361139	-5.519936758830451
0.038018939632056145	0.01088529370173638	-5.5604188122960085
0.0383707245492279	0.010919229445515577	-5.601813136725052
0.038725764492161745	0.010954172137694248	-5.644153689948111
0.03908408957924023	0.010990161108084063	-5.687476280773837
0.03944573020752787	0.01102723771056395	-5.731818697636091
0.039810717055349755	0.011065445454870513	-5.777220847911628
0.04017908108489402	0.011104830148805181	-5.823724908936361
0.040550853544838415	0.011145440051827014	-5.871375491859313
0.040926065973001115	0.011187326041107677	-5.920219819603979
0.041304750199016166	0.011230541791238342	-5.970307920345953
0.04168693834703357	0.011275143968913898	-6.0216928380811465
0.04207266283844444	0.011321192444063983	-6.074430862037576
0.04246195639463132	0.011368750519070268	-6.128581776892583
0.042854852039743985	0.011417885177897383	-6.184209135990329
0.04325138310350091	0.011468667357175128	-6.241380560017624
0.04365158322401663	0.011521172241516033	-6.300168063901203
0.044055486350655364	0.011575479585621004	-6.360648415029022
0.04446312674691091	0.011631674066041426	-6.422903526292785
0.04487453899331325	0.011689845665815584	-6.48702088789301
0.04528975799036211	0.011750090095606685	-6.553094042364083
0.04570881896148754	0.01181250925542666	-6.621223107861197
0.04613175745603798	0.01187721174156134	-6.691515355428495
0.04655860935229591	0.01194431340391801	-6.764085846745812
0.04698941086052156	0.012013937959711856	-6.839058139748603
0.04742419852602448	0.012086217670214278	-6.916565070558451
0.04786300923226385	0.012161294088204974	-6.996749621360711
0.04830588020397728	0.012239318884852045	-7.079765885275664
0.04875284901033865	0.012320454765972941	-7.165780140890739
0.04920395356814511	0.012404876489086015	-7.254972051038395
0.04965923214503363	0.012492771994332635	-7.3475360026276295
0.05011872336272725	0.01258434366431971	-7.443682606963501
0.05058246620031143	0.012679809730224144	-7.5436403830694205
0.051050499997540646	0.01277940584420392	-7.6476576501754625
0.05152286445817567	0.012883386841322904	-7.756004659840644
0.05199959965335162	0.01299202871794883	-7.868976003308296
0.052480746024977286	0.013105630858003986	-7.986893335790016
0.05296634438916581	0.013224518543704523	-8.110108466671187
0.05345643593969719	0.013349045793677608	-8.239006873383172
0.05395106225151279	0.01347959857879847	-8.374011707208668
0.05445026528424214	0.013616598475033555	-8.515588372018081
0.05495408738576248	0.013760506823294834	-8.664249772347079
0.0554625712957911	0.013911829479240332	-8.820562346001653
0.05597576014951104	0.01407112225158291	-8.985153019319387
0.05649369748123028	0.014238997146420683	-9.158717251371327
0.05701642722807478	0.01441612955816882	-9.342028368098225
0.05754399373371572	0.014603266575842	-9.53594843035548
0.05807644175213124	0.014801236607952281	-9.741440933314086
0.05861381645140291	0.015010960571727346	-9.95958570151978
0.05915616341754743	0.015233464944713759	-10.191596427926216
0.05970352865838372	0.015469897041638002	-10.438841411351227
0.06025595860743581	0.015721542959863687	-10.702868181620373
0.060813500127871824	0.01598984873696879	-10.985432873876492
0.061376200516479455	0.01627644538903579	-11.288535434844958
0.06194410750767818	0.016583178654646365	-11.614462029938812
0.06251726927756862	0.016912144465414697	-11.965836392295284
0.06309573444801936	0.01726573140909245	-12.345682342150146
0.06367955209079162	0.01764667175777552	-12.757500347184504
0.064268771731702	0.018058103015288565	-13.205361846509568
0.06486344335482389	0.018503642408931896	-13.694026198765933
0.06546361740672754	0.01898747732442543	-14.229086644339597
0.06606934480075964	0.01951447536431282	-14.817153740542842
0.06668067692136226	0.02009031848478844	-15.46608754316017
0.06729766562843183	0.020721666473883727	-16.185293655319157
0.0679203632617185	0.02141635571878002	-16.986103542071938
0.0685488226452662	0.022183639416871938	-17.88226675442926
0.0691830970918937	0.02303447435902584	-18.890592623324512
0.06982324040771719	0.02398185559885027	-20.031792423971993
0.07046930689671474	0.025041190572041173	-21.331590829790212
0.07112135136533296	0.02623068224877619	-22.822198040127333
0.07177942912713622	0.0275716442057574	-24.544259789301826
0.07244359600749906	0.029088574645262856	-26.549424689055144
0.0731139083483418	0.030808624573395862	-28.90366636067098
0.07379042301291015	0.03275972214081357	-31.691417441070158
0.07447319739059896	0.03496592017565526	-35.02028339511277
0.07516228940182061	0.037437345326247755	-39.02531667005158
0.07585775750291844	0.04015046213762355	-43.86997990493329
0.07655966069112569	0.043013308825787314	-49.737180307709416
0.07726805850957029	0.04581439951896891	-56.79793349245195
0.07798301105232593	0.04817378293830288	-65.14156761438764
0.07870457896950993	0.04955824524314961	-74.66575370945723
0.07943282347242822	0.049448533978000406	-84.9783778301973
0.08016780633876798	0.04763482896422516	-95.42469683356926
0.0809095899178383	0.044390530590529685	-105.29489979185747
0.0816582371358593	0.040315284560427524	-114.07560781085509
0.0824138115013003	0.036012835203925335	-121.55361100621111
0.08317637711026717	0.03189368512840934	-127.75404086921189
0.08394599865193982	0.028160160137613553	-132.82457759971442
0.08472274141405972	0.024872955248988228	-136.9474682382854
0.08550667128846841	0.02201822958912076	-140.2943174912542
0.0862978547766971	0.019551088473456595	-143.00984364668398
0.08709635899560814	0.01741847217405243	-145.20985108832554
0.08790225168308852	0.015569502987942869	-146.98460993509545
0.08871560120379617	0.013959333545689663	-148.40352044294673
0.08953647655495947	0.01254996919635095	-149.51945896653086
0.09036494737223023	0.011309832045271584	-150.37233464377462
0.09120108393559107	0.010212899958885727	-150.99182915865532
0.09204495717531722	0.009237785859122142	-151.39943395051796
0.09289663867799372	0.008366900784721423	-151.60992243314817
0.09375620069258811	0.0075857440801857965	-151.63237726979708
0.09462371613657934	0.00688232182751026	-151.47086548849074
0.09549925860214364	0.006246678996847378	-151.12482830895584
0.0963829023623971	0.0056705268759979655	-150.58923128882944
0.09727472237769656	0.005146948220455984	-149.85450447195046
0.09817479430199849	0.004670165112463406	-148.9062919947756
0.09908319448927681	0.004235357371370083	-147.72502733441283
0.10000000000000005	0.003838521969496001	-146.28535727269303
0.10092528860766849	0.0034763660717614	-144.55546124390418
0.10185913880541175	0.0031462279365668195	-142.49636484082168
0.10280162981264741	0.0028460208659360046	-140.0614462435112
0.10375284158180131	0.0025741954220909013	-137.19651007481914
0.10471285480509002	0.002329713768289346	-133.8410850210221
0.1056817509213659	0.0021120265470558354	-129.931995135471
0.10665961212302584	0.0019210365114838298	-125.41066581372763
0.10764652136298355	0.0017570245258056016	-120.23571082241196
0.10864256236170661	0.0016205061927953412	-114.40134915320665
0.10964781961431856	0.0015119911705792776	-107.95910803453867
0.1106623783977667	0.001431647451942734	-101.03500509967236
0.11168632477805618	0.0013789357870754827	-93.83008537956117
0.1127197456175511	0.001352345603794333	-86.59529940439475
0.11376272858234315	0.0013493662625477865	-79.58526822103806
0.11481536214968835	0.0013667282142610212	-73.01033809400043
0.11587773561551268	0.001400811092907307	-67.00763480112687
0.11694993910198717	0.0014480531670500122	-61.63815328957342
0.11803206356517304	0.001505242442145082	-56.90227489610629
0.11912420080273756	0.0015696587723787894	-52.76141529044959
0.12022644346174137	0.0016390983159661424	-49.15716773584141
0.1213388850464978	0.0017118293180572986	-46.024729251264986
0.12246161992650495	0.0017865193027828677	-43.300854448791895
0.12359474334445113	0.001862158113945112	-40.92782664784791
0.12473835142429439	0.0019379885660759208	-38.85495104411412
0.1258925411794168	0.0020134487229776996	-37.03868091965977
0.12705741052085426	0.0020881259151903447	-35.442080918553394
0.12823305826560225	0.002161721009143142	-34.03403097179067
0.1294195841449987	0.002234021022845847	-32.788383184203305
0.13061708881318423	0.002304878285140628	-31.68317252670462
0.1318256738556408	0.0023741946190476773	-30.699921379225636
0.13304544179780922	0.0024419093399038693	-29.823046890701487
0.13427649611378642	0.0025079901351129914	-29.039365547169957
0.13551894123510363	0.002572426117448128	-28.337683508390704
0.13677288255958495	0.0026352225193258805	-27.708459838921915
0.13803842646028852	0.002696396628935712	-27.143530371861516
0.13931568029453034	0.002755974669278395	-26.635881377879752
0.14060475241299142	0.0028139893958491076	-26.17946385898662
0.14190575216890927	0.0028704782442419796	-25.769040862922182
0.1432187899273544	0.0029254819002717514	-25.400061606289633
0.1445439770745928	0.002979043196001927	-25.068557372436132
0.1458814260275349	0.0030312062580973367	-24.771055122107942
0.14723125024327194	0.003082015852199851	-24.504505545251973
0.14859356422870074	0.0031315168800573096	-24.26622291926455
0.1499684835502374	0.003179753996000438	-24.05383464976673
0.15135612484362088	0.0032267713168720154	-23.86523877858484
0.15275660582380732	0.0032726122052499063	-23.698568070285276
0.154170045294956	0.003317319110215485	-23.552159549913732
0.1555965631605075	0.003360933453317682	-23.424528573926175
0.15703628043335532	0.0034034955500205984	-23.314346684325653
0.15848931924611143	0.0034450445589715504	-23.22042263125416
0.15995580286146696	0.003485618453030469	-23.14168605840984
0.1614358556826487	0.00352525400725738	-23.077173433996126
0.1629296032639723	0.0035639868000449	-23.026015881631395
0.16443717232149324	0.0036018512243636376	-22.98742862407748
0.16595869074375613	0.0036388805067075042	-22.960701800398432
0.16749428760264382	0.003675106731817973	-22.94519245631604
0.1690440931643265	0.0037105608716583765	-22.94031753974361
0.17060823890031243	0.003745272817421523	-22.945547760067676
0.17218685749860077	0.00377927141360512	-22.960402191760878
0.17378008287493762	0.0038125844933896993	-22.984443521197907
0.1753880501841762	0.0038452389147146716	-23.0172738507842
0.1770108958317422	0.003877260596578216	-23.058530987240474
0.17864875748520517	0.003908674555190167	-23.107885151564606
0.180301774085957	0.003939504939691423	-23.165036057166045
0.18197008586099844	0.003969775067220582	-23.22971031023751
0.18365383433483473	0.003999507457162676	-23.301659092826995
0.18535316234148125	0.004028723864458986	-23.38065609449764
0.18706821403658017	0.004057445311891244	-23.46649566307727
0.18879913490962946	0.004085692121282475	-23.558991148927593
0.19054607179632482	0.004113483943578241	-23.657973420525007
0.19230917289101596	0.004140839787790789	-23.76328953202097
0.19408858775927793	0.004167778048802396	-23.8748015259222
0.19588446735059908	0.004194316534035348	-23.992385356159552
0.1976969640111862	0.004220472489005301	-24.115929918648952
0.19952623149688808	0.004246262621781294	-24.245336178039427
0.20137242498623895	0.004271703126381149	-24.3805163807188
0.2032357010936223	0.0042968097051355415	-24.521393345347082
0.20511621788255666	0.004321597590056664	-24.667899823231966
0.20701413487910436	0.004346081563250672	-24.819977921772782
0.2089296130854041	0.004370275976414336	-24.977578585001275
0.2108628149933291	0.004394194769458719	-25.140661125948103
0.21281390459827135	0.004417851488303477	-25.309192806187994
0.21478304741305343	0.004441259301887126	-25.48314845846315
0.21677041048196952	0.004464431018439687	-25.662510148774487
0.2187761623949553	0.004487379101065745	-25.84726687476674
0.22080047330189004	0.004510115682687489	-26.037414297625457
0.22284351492703042	0.004532652580399396	-26.23295450505954
0.22490546058357816	0.004555001309288681	-26.433895803266093
0.22698648518838224	0.0045771730957785165	-26.640252536072925
0.22908676527677735	0.004599178890554946	-26.852044929732035
0.23120647901755953	0.0046210293811428495	-27.06929896209753
0.23334580622810033	0.004642735004201794	-27.2920462551749
0.23550492838960102	0.004664305957619736	-27.520323990269592
0.23768402866248772	0.004685752212490456	-27.75417484520727
0.2398832919019491	0.0047070835250708305	-27.99364695334199
0.2421029046736179	0.004728309448826356	-28.23879388432132
0.24434305526939726	0.004749439346687712	-28.48967464684496
0.246603933723434	0.004770482403659401	-28.746353713939556
0.24888573182823917	0.004791447639942703	-29.008901071587616
0.25118864315095807	0.004812343924761819	-29.277392291899183
0.2535128630497908	0.004833179991113522	-29.551908632414133
0.25585858869056466	0.004853964451699729	-29.832537163581236
0.2582260190634597	0.0048747058163498645	-30.11937092699507
0.26061535499988964	0.004895412511298197	-30.41250912760408
0.2630267991895383	0.004916092900753221	-30.71205736385364
0.26546055619755404	0.004936755311285722	-31.01812790063584
0.2679168324819033	0.004957408059673182	-31.330839991016664
0.2703958364108845	0.004978059484978557	-31.650320254059537
0.2728977782808042	0.004998717985818122	-31.976703117730533
0.27542287033381674	0.00501939206399939	-32.31013133794673
0.277971326775929	0.005040090376000366	-32.65075660744081
0.2805433637951715	0.005060821794139593	-32.998740271430464
0.28313919957993805	0.005081595479782128	-33.354254171331895
0.2857590543374948	0.005102420971586119	-33.71748164326608
0.2884031503126607	0.005123308292681354	-34.088618705331406
0.29107171180666064	0.005144268081881127	-34.46787547721434
0.2937649651961532	0.0051653117557046435	-34.855477888642355
0.2964831389524344	0.005186451710346331	-35.251669750888524
0.29922646366081906	0.005207701576110337	-35.65671529020419
0.30199517204020176	0.005229076541771901	-36.0709022771038
0.30478949896279844	0.005250593773711932	-36.49454593632571
0.307609681474071	0.005272272965963165	-36.92799389804023
0.3104559588128357	0.005294137075033429	-37.37163256672624
0.3133285724315587	0.005316213322009903	-37.82589546682145
0.3162277660168381	0.005338534592219456	-38.29127442234317
0.31915378551007634	0.005361141445323085	-38.76833493316058
0.3221068791283436	0.005384085097433345	-39.25773800567146
0.32508729738543457	0.0054074320172291515	-39.760272360439686
0.3280952931131192	0.0054312713355720525	-40.27690421513269
0.3311311214825913	0.005455727448088803	-40.80885872221409
0.33419504002611444	0.005480982880451321	-41.357762756911214
0.3372873086588691	0.0055073232037573215	-41.92591766785212
0.34040818970100106	0.005535234596600235	-42.516879626727125
0.34355794789987465	0.005565645846686287	-43.136881016306866
0.34673685045253166	0.005600651938445702	-43.79906154247594
0.3499451670283573	0.005646411541656333	-44.54049329750552
0.353183169791957	0.005733589242630998	-45.5449334248382
0.35645113342624424	0.002001974799253253	-90.34884571630843
0.3597493351557423	0.005551020739332429	-45.5896459644272
0.36307805477010135	0.005639733255478822	-46.64466947257516
0.36643757464783333	0.005691312108515975	-47.53416379780301
0.3698281797802663	0.00573531890079655	-48.41976441366572
0.3732501577957206	0.0057782515423224195	-49.34470691706729
0.37670379898390893	0.005822932421379592	-50.33606608997139
0.38018939632056126	0.00587141610451542	-51.422493300043
0.38370724549227886	0.005925887283800476	-52.64309809394851
0.3872576449216173	0.005989241717692506	-54.05851739008147
0.3908408957924021	0.006065872294573819	-55.772237618602425
0.39445730207527846	0.00616388281392408	-57.996071550422805
0.3981071705534973	0.006277775604966336	-61.067336456122106
0.40179081084894	0.006438945163158448	-65.98500159395681
0.40550853544838394	0.006572562739331017	-75.71044593770155
0.40926065973001097	0.005662119884604087	-100.31582251821854
0.41304750199016144	0.0013898893717097065	-77.79780094965501
0.4168693834703355	0.003366875569327009	-36.86042132043702
0.4207266283844442	0.004353740939447351	-41.60760275539385
0.424619563946313	0.004790424784434827	-45.41307587781135
0.4285485203974396	0.0050316833137153474	-48.1061142073876
0.43251383103500884	0.005185910927087401	-50.192182424735456
0.4365158322401661	0.0052944244150810085	-51.93538855630376
0.44055486350655343	0.005376255566688357	-53.48076530792412
0.4446312674691088	0.005441443936054684	-54.919994922424614
0.4487453899331323	0.005495946171762861	-56.32554173721277
0.4528975799036209	0.005543804922593244	-57.778144341033126
0.4570881896148752	0.0055883258113502855	-59.41427147303041
0.46131757456037953	0.005632538228180259	-61.58407433216921
0.4655860935229591	0.005668085475214618	-65.80703766812334
0.4698941086052156	0.0038479363084358755	-91.45245077220889
0.4742419852602448	0.005299448119358466	-51.84547793286475
0.47863009232263853	0.005546904971733479	-57.54059101927013
0.48305880203977286	0.005614866288802396	-59.79104133563258
0.4875284901033865	0.005655932725265103	-61.32833688240598
0.4920395356814511	0.005687389896643963	-62.5802954205056
0.49659232145033627	0.005714749320857718	-63.68691545477349
0.5011872336272725	0.005740479218466447	-64.70814975989266
0.5058246620031143	0.005766027922622873	-65.67442842365817
0.5105049999754064	0.0057924594331977206	-66.60339634678111
0.5152286445817567	0.005820704160036831	-67.50669395039102
0.5199959965335162	0.0058516794249251275	-68.39320296130377
0.5248074602497729	0.005886359371131477	-69.27090183868161
0.5296634438916581	0.0059258224938016964	-70.1481833775533
0.5345643593969719	0.005971286001755464	-71.03504359611335
0.5395106225151278	0.006024125901396863	-71.94439318059317
0.5445026528424215	0.006085871425925034	-72.89369469746089
0.5495408738576248	0.006158146388720892	-73.90712121285718
0.5546257129579107	0.006242500870258836	-75.01841330042473
0.5597576014951101	0.0063400231359001845	-76.27449238123694
0.5649369748123025	0.006450529458817397	-77.73946286933105
0.5701642722807475	0.006570995501133664	-79.49744372518907
0.5754399373371569	0.006692788544666172	-81.64984573130928
0.580764417521312	0.006797518317805151	-84.29726824637221
0.5861381645140288	0.006852848264331774	-87.48949183928906
0.591561634175474	0.006813469102646548	-91.13036334303146
0.5970352865838369	0.006635991764531351	-94.86420238831562
0.6025595860743578	0.0063078219872681985	-98.04650663161792
0.6081350012787179	0.005864910341842542	-99.88993773388988
0.6137620051647943	0.005371141070632641	-99.64227954624583
0.6194410750767815	0.004878287521396159	-96.36846271390975
0.6251726927756859	0.004434575889385036	-87.39412485192396
0.6309573444801934	0.004769833347297539	-63.39673332371647
0.6367955209079159	0.009262749217807337	-60.85803576938508
0.6426877173170198	0.015406660210695887	-86.47753484474919
0.6486344335482385	0.01155442407979028	-123.99098156252515
0.654636174067275	0.00819593760177115	-128.08227531851404
0.6606934480075961	0.008238079056142355	-131.72121265912278
0.6668067692136223	0.007166350233347549	-131.95101136009075
0.6729766562843178	0.006677657967758995	-133.41010333938746
0.6792036326171846	0.006298997722210537	-135.41248933652733
0.6854882264526617	0.005947630860720637	-137.61573234200128
0.6918309709189366	0.005602325609661811	-139.74618118898974
0.6982324040771715	0.005264460948182273	-141.61467492351073
0.7046930689671471	0.004942521621526735	-143.12514873422927
0.7112135136533292	0.004644430710776563	-144.26027439228864
0.7177942912713619	0.004374722988585312	-145.05460213472878
0.7244359600749902	0.004134478670841479	-145.5680653991287
0.7311390834834176	0.003922331135000171	-145.86668167841
0.7379042301291011	0.0037355718142492865	-146.0114018287868
0.7447319739059892	0.003570980312379353	-146.0532086166634
0.7516228940182057	0.003425335444121055	-146.03206471945813
0.758577575029184	0.00329568057332571	-145.97782392087004
0.7655966069112565	0.003179431349064377	-145.91190975637898
0.7726805850957026	0.003074394243703218	-145.84911202555676
0.7798301105232589	0.0029787405156566885	-145.79920197869694
0.7870457896950989	0.002890961791420654	-145.7682634625399
0.7943282347242817	0.0028098213719964715	-145.75973466384846
0.8016780633876793	0.002734308152445525	-145.77519549564175
0.8090958991783825	0.002663596053564314	-145.81494390557748
0.8165823713585927	0.0025970102883516206	-145.87835842483852
0.8241381150130026	0.0025339852651151355	-145.96588873160348
0.8317637711026713	0.0024740900009927	-146.07259697742555
0.8394599865193977	0.002416931788912648	-146.1997438475577
0.8472274141405968	0.0023622035289474663	-146.3449582504443
0.8550667128846836	0.002309647421350047	-146.50652555437216
0.8629785477669706	0.0022590481642277625	-146.68279435106936
0.870963589956081	0.002210225269305819	-146.87218301570607
0.8790225168308847	0.002163026775113121	-147.07319255312063
0.8871560120379608	0.0021173241677413467	-147.28441388939558
0.8953647655495938	0.002073008279661791	-147.50453013637318
0.9036494737223014	0.0020299859750615304	-147.73231519265443
0.9120108393559097	0.001988177468358937	-147.96662981316737
0.9204495717531712	0.001947514154425682	-148.20641596692528
0.9289663867799363	0.001907936854795495	-148.4506900405562
0.9375620069258802	0.0018693944048773674	-148.69853524101907
0.946237161365793	0.0018318425240253574	-148.94909339161677
0.9549925860214359	0.001795242924242216	-149.20155618604923
0.9638290236239705	0.0017595626251962588	-149.45515585207247
0.9727472237769651	0.0017247734539463768	-149.70915506640483
0.9817479430199844	0.001690851718167788	-149.96283584241584
0.9908319448927676	0.0016577780527721605	-150.21548696598398
1.	0.0016255374529772655	-150.46638936175205
1.0092528860766845	0.0015941195241008475	-150.71479850162214
1.0185913880541169	0.001563519002800697	-150.95992257369
1.0280162981264735	0.0015337366414744642	-151.20089454004284
1.0375284158180127	0.0015047806063861935	-151.43673530743422
1.0471285480508996	0.0014766686377921355	-151.66630381892182
1.0568175092136585	0.0014494313891258428	-151.88822761468433
1.066596121230258	0.0014231176659519882	-152.10080373955049
1.076465213629835	0.0013978028562050913	-152.3018538298213
1.0864256236170655	0.001373602970705442	-152.48850721168347
1.096478196143185	0.0013506990711973491	-152.65686961622816
1.1066237839776665	0.0013293821405624756	-152.80151109006627
1.1168632477805611	0.0013101412604003349	-152.91468396196404
1.1271974561755105	0.0012938523263314177	-152.98523793162627
1.1376272858234309	0.0012822290794884655	-152.99782565208446
1.1481536214968828	0.0012790724544094652	-152.93745993070993
1.1587773561551262	0.0012945111773079742	-152.83959321675684
1.1694993910198712	0.0013636635763295995	-153.31085664833418
1.1803206356517297	0.0015669056462785567	-162.97399020891808
1.191242008027375	0.001082555217217367	-174.92956530231896
1.2022644346174132	0.0009893408377993312	-164.56592755245444
1.2133888504649775	0.0009873733438434044	-161.2567615003958
1.224616199265049	0.0009821919048728356	-159.98095952654919
1.2359474334445106	0.0009727074015215024	-159.401959985819
1.2473835142429432	0.0009606146614594311	-159.12964151737378
1.2589254117941675	0.0009470193362819267	-159.01554479644625
1.270574105208542	0.000932574684868885	-158.99192832691818
1.2823305826560218	0.0009176782712474081	-159.02365707685317
1.2941958414499863	0.0009025843392197395	-159.09065578369618
1.3061708881318417	0.0008874648535125743	-159.18050663852446
1.3182567385564075	0.0008724440343600289	-159.28495360548962
1.3304544179780915	0.000857619480244167	-159.3980852350179
1.3427649611378643	0.0008430768360799687	-159.5152946150139
1.3551894123510364	0.0008289022689727372	-159.6326085280166
1.3677288255958495	0.0008151963573092602	-159.74617558839373
1.3803842646028852	0.0008020941999514556	-159.85178304131043
1.3931568029453034	0.0007898009645665942	-159.94430531533865
1.4060475241299142	0.0007786648182245871	-160.01704574927751
1.4190575216890926	0.0007693485046579228	-160.06131097854293
1.432187899273544	0.0007633027055190245	-160.0691658725766
1.4454397707459279	0.0007643833515378397	-160.06319281564527
1.4588142602753489	0.000786240976521644	-160.42118928051164
1.4723125024327193	0.0008643561000731939	-167.54059429069093
1.4859356422870074	0.0006399487574453737	-174.01698991997316
1.499684835502374	0.0006191585504995041	-166.70957079125776
1.5135612484362087	0.0006184990181423086	-164.84227967687076
1.5275660582380732	0.0006136315905508364	-164.17803085679765
1.54170045294956	0.0006063231626051292	-163.9065502207576
1.555965631605075	0.0005977409408537486	-163.80537953225007
1.5703628043335531	0.0005884798151835625	-163.79177703521427
1.584893192461114	0.0005788593102045102	-163.82845910782427
1.5995580286146696	0.0005690628712887338	-163.8962876823825
1.6143585568264869	0.0005592019291731487	-163.98447051883468
1.629296032639723	0.0005493472604351683	-164.08647426043345
1.6443717232149324	0.0005395453896408689	-164.198118708196
1.6595869074375613	0.0005298276886018169	-164.31660817499917
1.6749428760264382	0.0005202156865321524	-164.44000414118432
1.690440931643265	0.0005107243062559907	-164.56692161246121
1.7060823890031243	0.0005013639113620817	-164.69634593803852
1.7218685749860079	0.0004921416436444107	-164.82751785524087
1.7378008287493762	0.0004830623217979514	-164.9598588695601
1.753880501841762	0.0004741290603935849	-165.09292137695007
1.770108958317422	0.00046534370559409184	-165.22635445802908
1.7864875748520517	0.00045670714786476393	-165.35987988249562
1.803017740859568	0.0004482195503130037	-165.4932749333978
1.8197008586099825	0.00043988051801780934	-165.62635988909054
1.8365383433483455	0.0004316892253533837	-165.75898875032277
1.8535316234148105	0.0004236445129291088	-165.89104226938676
1.8706821403657996	0.00041574496222980946	-166.02242263924083
1.8879913490962925	0.00040798895366972546	-166.1530493975805
1.9054607179632463	0.00040037471215796796	-166.28285623235521
1.9230917289101574	0.00039290034315445717	-166.41178846456322
1.9408858775927773	0.00038556386140923166	-166.53980104582132
1.958844673505989	0.00037836321401814706	-166.66685695140413
1.97696964011186	0.0003712962990241962	-166.79292588013
1.9952623149688788	0.0003643609804990514	-166.9179831945385
2.0137242498623875	0.00035755510082209185	-167.04200905086827
2.032357010936221	0.00035087649071221166	-167.16498768016592
2.0511621788255647	0.00034432297744584734	-167.28690679064363
2.0701413487910414	0.0003378923916021556	-167.40775706800426
2.0892961308540388	0.000331582572605456	-167.52753175544967
2.108628149933289	0.000325391373280392	-167.64622629890758
2.1281390459827114	0.00031931666359278455	-167.76383804595443
2.147830474130533	0.0003133563337158729	-167.88036598919328
2.167704104819694	0.00030750829653540827	-167.99581054663136
2.1877616239495516	0.000301770489686268	-168.1101733730052
2.208004733018899	0.000296140877196633	-168.2234571971137
2.228435149270303	0.000290617450802457	-168.33566568110567
2.2490546058357803	0.0002851982309841812	-168.44680329837894
2.2698648518838214	0.0002798812677689258	-168.5568752273208
2.2908676527677723	0.00027466464133426704	-168.66588725858304
2.312064790175594	0.0002695464624438755	-168.7738457139628
2.333458062281002	0.00026452487274049736	-168.8807573752704
2.355049283896009	0.0002595980449177855	-168.9866294218183
2.376840286624876	0.0002547641827892051	-169.0914693753757
2.39883291901949	0.00025002152126948587	-169.1952850516081
2.4210290467361775	0.00024536832628181026	-169.29808451716428
2.4434305526939712	0.00024080289460199202	-169.39987605169625
2.4660393372343385	0.0002363235536492885	-169.5006681141976
2.48885731828239	0.00023192866123211166	-169.60046931313283
2.5118864315095797	0.00022761660525575018	-169.69928837990068
2.535128630497907	0.00022338580339822302	-169.7971341452376
2.5585858869056453	0.00021923470275954618	-169.89401551821845
2.582260190634596	0.00021516177948897714	-169.98994146755604
2.6061535499988953	0.00021116553839418232	-170.08492100493993
2.6302679918953813	0.00020724451253574614	-170.17896317018648
2.654605561975539	0.00020339726280998362	-170.27207701800086
2.6791683248190314	0.00019962237752262863	-170.36427160617626
2.703958364108843	0.00019591847195562175	-170.4555559850753
2.7289777828080406	0.00019228418792893837	-170.5459391882582
2.7542287033381663	0.00018871819335913306	-170.6354302241371
2.7797132677592886	0.00018521918181605736	-170.72403806855007
2.805433637951713	0.00018178587207901486	-170.81177165816024
2.831391995799379	0.00017841700769344736	-170.89863988459632
2.8575905433749464	0.00017511135652909955	-170.98465158925904
2.8840315031266055	0.00017186771034047844	-171.06981555872775
2.910717118066605	0.00016868488433031243	-171.1541405207067
2.9376496519615305	0.0001655617167166167	-171.23763514045822
2.9648313895243423	0.00016249706830388056	-171.32030801767522
2.992264636608189	0.00015948982205882118	-171.40216768374947
3.019951720402016	0.00015653888269107655	-171.48322259939823
3.047894989627983	0.0001536431762391545	-171.5634811526138
3.076096814740708	0.00015080164966190017	-171.64295165690527
3.1045595881283554	0.0001480132704357008	-171.7216423498043
3.1332857243155856	0.00014527702615760408	-171.7995613916099
3.162277660168379	0.00014259192415449375	-171.87671686434882
3.1915378551007616	0.0001399569910984307	-171.9531167709314
3.2210687912834346	0.00013737127262824567	-172.02876903448387
3.250872973854344	0.0001348338329774397	-172.10368149784043
3.2809529311311905	0.00013234375460843218	-172.17786192317917
3.311311214825911	0.00012990013785317434	-172.25131799178897
3.3419504002611427	0.00012750210056013125	-172.32405730395345
3.372873086588689	0.0001251487777476207	-172.3960873789416
3.404081897010009	0.00012283932126348329	-172.46741565509376
3.4355794789987466	0.00012057289945105156	-172.5380494899944
3.4673685045253166	0.00011834869682136916	-172.607996160722
3.499451670283573	0.00011616591373161021	-172.67726286416897
3.53183169791957	0.00011402376606963778	-172.74585671742406
3.5645113342624426	0.00011192148494463346	-172.813784758211
3.5974933515574232	0.00010985831638372887	-172.88105394537695
3.630780547701014	0.0001078335210345604	-172.9476711594259
3.664375746478333	0.0001058463738736698	-173.0136432030916
3.6982817978026628	0.00010389616392066492	-173.07897680194586
3.732501577957206	0.00010198219395805657	-173.14367860503782
3.767037989839089	0.0001001037802566833	-173.20775518556047
3.801893963205613	0.00009826025230663462	-173.2712130415413
3.8370724549227884	0.0000964509525535814	-173.3340585965535
3.8725764492161727	0.00009467523614042259	-173.39629820044502
3.908408957924021	0.00009293247065415581	-173.45793813008314
3.944573020752785	0.00009122203587787863	-173.51898459011176
3.981071705534973	0.00008954332354782844	-173.5794437137195
4.0179081084894	0.000087895737115368	-173.63932156341656
4.055085354483839	0.00008627869151382482	-173.6986241318184
4.09260659730011	0.00008469161293009147	-173.75735734243506
4.130475019901614	0.0000831339385808973	-173.81552705046394
4.168693834703355	0.00008160511649365908	-173.87313904358535
4.207266283844442	0.00008010460529182277	-173.93019904275897
4.24619563946313	0.00007863187398460645	-173.98671270302083
4.285485203974396	0.00007718640176105756	-174.04268561427892
4.325138310350088	0.0000757676777883369	-174.09812330210738
4.365158322401661	0.00007437520101414552	-174.15303122853777
4.405548635065534	0.00007300847997320861	-174.207414792847
4.446312674691089	0.00007166703259773444	-174.26127933234125
4.487453899331323	0.00007035038603176695	-174.314630123135
4.528975799036209	0.00006905807644935015	-174.36747238092502
4.570881896148752	0.0000677896488764273	-174.4198112617585
4.613175745603791	0.00006654465701639592	-174.4716518627949
4.655860935229586	0.00006532266307924187	-174.52299922306165
4.698941086052151	0.00006412323761417978	-174.5738583242023
4.742419852602444	0.00006294595934572375	-174.624234091218
4.7863009232263805	0.00006179041501311758	-174.6741313932013
4.830588020397723	0.000060656199213053365	-174.7235550440621
4.875284901033861	0.000059542914245608994	-174.7725098032459
4.920395356814506	0.00005845016996333693	-174.82100037644395
4.965923214503357	0.000057377583623436366	-174.86903141629486
5.01187233627272	0.000056324779742945096	-174.91660752307837
5.058246620031137	0.0000552913899568854	-174.9637332454002
5.105049999754059	0.00005427705287930228	-175.01041308086857
5.152286445817562	0.00005328141396713212	-175.0566514767622
5.1999599653351565	0.00005230412538684187	-175.10245283068954
5.248074602497723	0.00005134484588377941	-175.1478214912394
5.296634438916575	0.000050403240654178034	-175.1927617586229
5.345643593969713	0.000049478981219758	-175.23727788530684
5.395106225151273	0.00004857174530487041	-175.28137407663812
5.445026528424209	0.000047681216716129044	-175.32505449145984
5.495408738576242	0.00004680708522447738	-175.36832324271876
5.5462571295791046	0.00004594904644963894	-175.41118439806397
5.597576014951099	0.00004510680174690069	-175.4536419804373
5.649369748123022	0.00004428005809617935	-175.495699968655
5.701642722807472	0.000043468527993322706	-175.5373622979813
5.754399373371567	0.00004267192934359832	-175.57863286069357
5.807644175213118	0.00004188998535732339	-175.61951550663903
5.861381645140285	0.00004112242444759008	-175.6600140437835
5.9156163417547365	0.00004036898013004263	-175.70013223875193
5.9703528658383656	0.00003962939092466219	-175.7398738173611
6.025595860743575	0.00003890340025951743	-175.77924246514414
6.081350012787176	0.00003819075637643946	-175.8182418278674
6.137620051647939	0.000037491212238580013	-175.85687551203952
6.194410750767812	0.00003680452543981409	-175.8951470854129
6.251726927756856	0.000036130458115947244	-175.93306007747762
6.30957344480193	0.00003546877685769074	-175.97061797994783
6.367955209079155	0.000034819252625366305	-176.0078242472409
6.426877173170194	0.000034181660665305446	-176.0446822969495
6.486344335482381	0.000033555780427906646	-176.08119551030595
6.546361740672747	0.00003294139548731682	-176.11736723264033
6.6069344800759575	0.000032338293462702524	-176.153200773831
6.668067692136219	0.00003174626594107783	-176.18869940874862
6.729766562843175	0.000031165108401656735	-176.2238663776935
6.792036326171843	0.000030594620141698016	-176.25870488682588
6.854882264526613	0.00003003460420381186	-176.29321810859042
6.918309709189362	0.000029484867304697683	-176.32740918213355
6.9823240407717115	0.00002894521976528371	-176.36128121371493
7.046930689671467	0.000028415475442239155	-176.39483727711254
7.112135136533288	0.000027895451660830718	-176.42808041402168
7.177942912713615	0.000027384969149095595	-176.46101363444808
7.244359600749899	0.000026883851973304026	-176.49363991709475
7.311390834834173	0.0000263919274746847	-176.52596220974343
7.379042301291007	0.000025909026207387025	-176.55798342963
7.447319739059888	0.000025434981877655107	-176.58970646381445
7.516228940182053	0.000024969631284188428	-176.62113416954512
7.585775750291836	0.000024512814259664938	-176.65226937461782
7.655966069112561	0.00002406437361340285	-176.68311487772914
7.726805850957022	0.000023624155075137996	-176.7136734488251
7.798301105232586	0.0000231920072398938	-176.74394782944387
7.870457896950985	0.000022767781513921778	-176.77394073305422
7.943282347242813	0.00002235133206169079	-176.8036548453884
8.01678063387679	0.00002194251575390376	-176.83309282477032
8.090958991783822	0.000021541192116520906	-176.8622573024389
8.165823713585922	0.000021147223280769385	-176.89115088286675
8.241381150130021	0.000020760473934119056	-176.91977614407398
8.317637711026709	0.00002038081127220521	-176.9481356379377
8.394599865193973	0.0000200081049516789	-176.97623189049673
8.472274141405963	0.00001964222704396635	-177.00406740225233
8.550667128846833	0.000019283051989919055	-177.03164464846407
8.629785477669701	0.00001893045655533688	-177.0589660794418
8.709635899560805	0.000018584319787346292	-177.08603412083323
8.790225168308842	0.000018244522971617048	-177.11285117390756
8.871560120379607	0.000017910949590400174	-177.13941961583498
8.953647655495937	0.000017583485281371027	-177.16574179996206
9.036494737223014	0.000017262017797261384	-177.19182005608363
9.120108393559097	0.000016946436966264692	-177.2176566907102
9.204495717531712	0.000016636634653199207	-177.24325398733228
9.289663867799362	0.00001633250472141401	-177.26861420668055
9.375620069258803	0.000016033942995422895	-177.29373958698255
9.462371613657929	0.000015740847224252032	-177.31863234421567
9.549925860214358	0.00001545311704548695	-177.34329467235688
9.638290236239705	0.00001517065395000525	-177.36772874362873
9.727472237769652	0.000014893361247381373	-177.3919367087421
9.817479430199844	0.000014621144031950096	-177.41592069713553
9.908319448927676	0.000014353909149515972	-177.4396828172115
10.	0.000014091565164695756	-177.46322515656902
10.092528860766844	0.000013834022328881567	-177.48654978223365
10.18591388054117	0.000013581192548812426	-177.50965874088388
10.280162981264736	0.000013332989355742348	-177.53255405907473
10.375284158180126	0.00001308932787519321	-177.55523774345835
10.471285480508996	0.000012850124797281002	-177.57771178100148
10.568175092136585	0.000012615298347604165	-177.5999781392003
10.665961212302578	0.000012384768258683148	-177.62203876629198
10.76465213629835	0.000012158455741940286	-177.64389559146392
10.864256236170656	0.000011936283460209571	-177.66555052505993
10.964781961431852	0.000011718175500765896	-177.68700545878372
11.066237839776663	0.000011504057348863756	-177.70826226589975
11.168632477805613	0.000011293855861775448	-177.72932280143158
11.271974561755105	0.000011087499243319026	-177.75018890235737
11.37627285823431	0.000010884917018866595	-177.7708623878031
11.481536214968829	0.000010686040010823579	-177.7913450592332
11.587773561551263	0.0000104908003145698	-177.8116387006387
11.694993910198711	0.00001029913127485355	-177.83174507872283
11.803206356517286	0.000010110967462629797	-177.85166594308475
11.912420080273739	9.926244652333837e-6	-177.87140302640032
12.022644346174118	9.744899799582422e-6	-177.89095804460078
12.133888504649763	9.566871019293495e-6	-177.9103326970496
12.246161992650476	9.392097564217018e-6	-177.92952866671635
12.359474334445094	9.220519803868619e-6	-177.948547620349
12.47383514242942	9.052079203858528e-6	-177.96739120864382
12.589254117941662	8.88671830560808e-6	-177.98606106641307
12.705741052085406	8.724380706446375e-6	-178.00455881275096
12.823305826560205	8.565011040079861e-6	-178.02288605119705
12.941958414499851	8.408554957427592e-6	-178.04104436989797
13.061708881318404	8.25495910781522e-6	-178.05903534176733
13.182567385564061	8.10417112052085e-6	-178.0768605246431
13.304544179780901	7.956139586665997e-6	-178.09452146144355
13.427649611378628	7.810814041445097e-6	-178.11201968032117
13.551894123510351	7.668144946687062e-6	-178.12935669481465
13.67728825595848	7.528083673742558e-6	-178.14653400399908
13.803842646028839	7.390582486690812e-6	-178.16355309263434
13.931568029453022	7.2555945258598375e-6	-178.18041543131164
14.060475241299129	7.123073791654122e-6	-178.1971224765985
14.190575216890911	6.992975128683913e-6	-178.21367567118182
14.321878992735424	6.865254210190387e-6	-178.23007644400917
14.454397707459265	6.739867522761066e-6	-178.2463262104288
14.588142602753473	6.616772351329972e-6	-178.26242637232752
14.723125024327178	6.495926764457111e-6	-178.27837831826724
14.859356422870059	6.377289599882015e-6	-178.29418342361996
14.996848355023726	6.260820450346098e-6	-178.3098430507009
15.135612484362072	6.146479649678784e-6	-178.3253585489003
15.275660582380716	6.034228259142394e-6	-178.34073125481382
15.417004529495584	5.9240280540308895e-6	-178.3559624923709
15.559656316050734	5.815841510517682e-6	-178.37105357296238
15.703628043335515	5.709631792747813e-6	-178.38600579556595
15.848931924611126	5.605362740169851e-6	-178.40082044687063
15.995580286146678	5.50299885510304e-6	-178.41549880139965
16.143585568264854	5.402505290535212e-6	-178.4300421216319
16.292960326397214	5.30384783814713e-6	-178.4444516581221
16.443717232149307	5.2069929165590125e-6	-178.45872864961953
16.595869074375596	5.111907559795018e-6	-178.4728743231855
16.749428760264365	5.018559405961628e-6	-178.48688989430937
16.90440931643263	4.926916686135875e-6	-178.5007765670233
17.060823890031227	4.8369482134594795e-6	-178.51453553401592
17.21868574986006	4.748623372435045e-6	-178.52816797674444
17.378008287493746	4.6619121084204685e-6	-178.5416750655456
17.5388050184176	4.5767849173178984e-6	-178.55505795974557
17.701089583174202	4.493212835453563e-6	-178.56831780776827
17.864875748520497	4.411167429644887e-6	-178.58145574724293
18.03017740859568	4.330620787451385e-6	-178.59447290511014
18.197008586099827	4.251545507605908e-6	-178.60737039772684
18.365383433483455	4.1739146906228425e-6	-178.62014933097007
18.535316234148105	4.097701929579956e-6	-178.63281080033988
18.706821403657997	4.022881301070645e-6	-178.6453558910607
18.879913490962927	3.949427356323388e-6	-178.657785678182
19.054607179632463	3.877315112485293e-6	-178.67010122667747
19.230917289101576	3.806520044066648e-6	-178.6823035915435
19.408858775927772	3.7370180745435073e-6	-178.6943938178964
19.58844673505989	3.668785568115287e-6	-178.7063729410685
19.769696401118598	3.6017993216145956e-6	-178.71824198670348
19.952623149688787	3.536036556566323e-6	-178.73000197085034
20.137242498623873	3.471474911393307e-6	-178.7416539000566
20.32357010936221	3.4080924337658004e-6	-178.75319877146066
20.511621788255646	3.345867573092053e-6	-178.76463757288255
20.701413487910415	3.284779173147415e-6	-178.77597128291447
20.892961308540386	3.224806464839323e-6	-178.78720087100993
21.086281499332888	3.165929059105713e-6	-178.79832729757194
21.28139045982711	3.1081269399443155e-6	-178.8093515140406
21.47830474130533	3.0513804575704084e-6	-178.8202744629793
21.67704104819694	2.9956703217006836e-6	-178.83109707816044
21.87761623949552	2.9409775949608226e-6	-178.84182028464988
22.080047330188993	2.887283686414517e-6	-178.852444998891
22.28435149270303	2.8345703452116577e-6	-178.86297212878725
22.490546058357804	2.782819654353511e-6	-178.87340257378432
22.698648518838212	2.7320140245726704e-6	-178.88373722495132
22.908676527677724	2.6821361883256665e-6	-178.89397696506106
23.12064790175594	2.63316919389617e-6	-178.90412266866957
23.33458062281002	2.585096399606695e-6	-178.91417520219466
23.55049283896009	2.537901468136817e-6	-178.92413542399393
23.76840286624876	2.491568360945918e-6	-178.93400418444165
23.9883291901949	2.446081332798537e-6	-178.9437823260052
24.210290467361776	2.401424926390405e-6	-178.95347068332035
24.434305526939713	2.3575839670733006e-6	-178.9630700832661
24.660393372343385	2.314543557676923e-6	-178.97258134503858
24.888573182823905	2.2722890734259457e-6	-178.9820052802242
25.118864315095795	2.2308061569505215e-6	-178.9913426928721
25.351286304979073	2.190080713388487e-6	-179.00059437956583
25.58585886905645	2.15009890557759e-6	-179.00976112949434
25.82260190634596	2.1108471493360527e-6	-179.01884372452216
26.06153549998895	2.0723121088298546e-6	-179.02784293925905
26.302679918953814	2.0344806920251217e-6	-179.03675954112873
26.54605561975539	1.997340046224059e-6	-179.04559429043698
26.791683248190314	1.960877553682863e-6	-179.05434794043921
27.039583641088434	1.925080827310125e-6	-179.06302123740704
27.289777828080403	1.8899377064442155e-6	-179.07161492069466
27.542287033381662	1.8554362527081999e-6	-179.0801297228039
27.797132677592884	1.8215647459408679e-6	-179.08856636944924
28.05433637951713	1.7883116802024365e-6	-179.09692557962194
28.31391995799379	1.7556657598535921e-6	-179.10520806565333
28.575905433749465	1.7236158957064778e-6	-179.11341453327773
28.84031503126606	1.692151201246323e-6	-179.12154568169478
29.10717118066605	1.6612609889224145e-6	-179.12960220363078
29.376496519615305	1.6309347665071053e-6	-179.13758478539987
29.648313895243422	1.601162233521634e-6	-179.14549410696415
29.92264636608189	1.5719332777275111e-6	-179.1533308419938
30.19951720402016	1.5432379716822601e-6	-179.16109565792578
30.4789498962798	1.5150665693583363e-6	-179.16878921602276
30.76096814740705	1.487409502824042e-6	-179.17641217143083
31.045595881283525	1.4602573789853394e-6	-179.18396517323717
31.332857243155825	1.4336009763873713e-6	-179.1914488645265
31.62277660168376	1.4074312420746538e-6	-179.1988638824378
31.91537855100758	1.3817392885088248e-6	-179.20621085821952
32.21068791283432	1.3565163905429e-6	-179.21349041728507
32.50872973854341	1.3317539824509991e-6	-179.22070317926722
32.80952931131187	1.3074436550125128e-6	-179.22784975807215
33.11311214825908	1.2835771526497175e-6	-179.234930761933
33.41950400261139	1.260146370617854e-6	-179.2419467934627
33.72873086588685	1.2371433522466961e-6	-179.2488984497065
34.040818970100055	1.2145602862326818e-6	-179.25578632219379
34.35579478998743	1.1923895039806523e-6	-179.2626109969893
34.67368504525313	1.1706234769943139e-6	-179.26937305474422
34.994516702835696	1.1492548143145086e-6	-179.27607307074632
35.318316979195664	1.1282762600044272e-6	-179.2827116149696
35.64511334262439	1.107680690680898e-6	-179.28928925212384
35.9749335155742	1.0874611130909112e-6	-179.2958065417032
36.3078054770101	1.0676106617325446e-6	-179.3022640380344
36.64375746478329	1.0481225965194828e-6	-179.30866229032458
36.98281797802659	1.0289903004883344e-6	-179.31500184270857
37.32501577957203	1.0102072775479578e-6	-179.32128323429544
37.670379898390856	9.9176715027004e-7	-179.32750699921496
38.01893963205609	9.736636577201708e-7	-179.3336736666634
38.370724549227845	9.558906533286802e-7	-179.33978376094873
38.72576449216169	9.384421028005256e-7	-179.34583780153568
39.08408957924017	9.213120820635152e-7	-179.3518363030901
39.44573020752781	9.044947752541962e-7	-179.35777977552334
39.81071705534969	8.87984472740727e-7	-179.36366872403605
40.17908108489396	8.717755691820945e-7	-179.36950364916194
40.55085354483835	8.558625616230403e-7	-179.37528504681168
40.92606597300105	8.402400476241055e-7	-179.3810134083167
41.304750199016105	8.249027234261963e-7	-179.38668922047407
41.68693834703351	8.098453821491469e-7	-179.39231296559205
42.07266283844438	7.950629120237648e-7	-179.39788512153788
42.46195639463126	7.805502946569136e-7	-179.4034061617887
42.85485203974392	7.663026033292544e-7	-179.40887655548718
43.251383103500835	7.523150013253562e-7	-179.41429676750536
43.65158322401656	7.385827402960468e-7	-179.41966725852072
44.0554863506553	7.251011586530441e-7	-179.4249884851119
44.46312674691084	7.118656799962406e-7	-179.43026089988592
44.87453899331318	6.98871811574458e-7	-179.43548495165646
45.28975799036204	6.861151427812431e-7	-179.44066108570618
45.708818961487474	6.735913436884796e-7	-179.4457897441919
46.13175745603791	6.61296163622622e-7	-179.45087136679584
46.55860935229586	6.492254297919204e-7	-179.45590639181745
46.98941086052151	6.373750459794313e-7	-179.46089525807992
47.42419852602443	6.25740991328794e-7	-179.4658384084082
47.8630092322638	6.143193192739658e-7	-179.47073629629404
48.30588020397723	6.031061567151324e-7	-179.47558939942212
48.7528490103386	5.920977036581791e-7	-179.48039824908741
49.20395356814506	5.812902338172055e-7	-179.48516349992767
49.65923214503358	5.706800974432801e-7	-179.48988611458748
50.118723362727195	5.602637299788204e-7	-179.49456793090246
50.58246620031137	5.500376783942806e-7	-179.49921380937496
51.0504999975406	5.399986896964887e-7	-179.50384279601482
51.52286445817562	5.301439000115438e-7	-179.5085833907082
51.99959965335157	5.204621063031779e-7	-179.51379230552655
52.48074602497723	5.109595496818516e-7	-179.51756696377706
52.966344389165755	5.016341877759855e-7	-179.5218368860837
53.45643593969714	4.924784821258562e-7	-179.52617805167108
53.95106225151273	4.834896426285176e-7	-179.53050457020453
54.450265284242086	4.7466475993108556e-7	-179.53480006572724
54.95408738576243	4.6600089790990644e-7	-179.53905995897745
55.462571295791044	4.5749514406094966e-7	-179.54328272374107
55.97576014951099	4.4914462631850515e-7	-179.54746786511743
56.49369748123023	4.4094651898614806e-7	-179.5516153039257
57.01642722807472	4.3289804479101947e-7	-179.5557251506481
57.543993733715666	4.249964753898365e-7	-179.55979761035763
58.07644175213118	4.1723913119577125e-7	-179.56383293840065
58.61381645140285	4.096233808858695e-7	-179.56783141800102
59.15616341754737	4.021466407511581e-7	-179.5717933481824
59.70352865838366	3.9480637396790434e-7	-179.57571903689796
60.255958607435744	3.87600089830273e-7	-179.5796087969449
60.81350012787176	3.805253429660608e-7	-179.5834629434435
61.37620051647939	3.735797325476561e-7	-179.587281792231
61.94410750767812	3.6676090150524993e-7	-179.5910656588124
62.51726927756855	3.600665357464661e-7	-179.59481485765835
63.0957344480193	3.534943633849203e-7	-179.59852970172818
63.67955209079155	3.470421539792244e-7	-179.60221050214042
64.26877173170195	3.4070771778335017e-7	-179.6058575679435
64.86344335482381	3.344889050088826e-7	-179.60947120595497
65.46361740672747	3.2838360509944827e-7	-179.61305172064903
66.06934480075958	3.223897460174485e-7	-179.61659941407808
66.68067692136219	3.1650529354311683e-7	-179.62011458581932
67.29766562843174	3.1072825058585286e-7	-179.62359753293896
67.92036326171844	3.050566565077353e-7	-179.62704854997023
68.54882264526613	2.994885864590884e-7	-179.63046792890106
69.18309709189363	2.9402215072594456e-7	-179.63385595916947
69.82324040771712	2.886554940892472e-7	-179.63721292766462
70.46930689671467	2.833867951956097e-7	-179.64053911873222
71.12135136533288	2.782142659394547e-7	-179.64383481418352
71.77942912713615	2.73136150856349e-7	-179.64710029330644
72.44359600749898	2.6815072652734563e-7	-179.65033583287928
73.11390834834172	2.6325630099414485e-7	-179.65354170718575
73.79042301291008	2.5845121318489347e-7	-179.65671818803114
74.47319739059888	2.53733832350429e-7	-179.6598655447596
75.16228940182053	2.4910255751079023e-7	-179.66298404427226
75.85775750291836	2.4455581691181205e-7	-179.66607395104546
76.55966069112561	2.400920674916206e-7	-179.66913552715
77.26805850957021	2.3570979435685673e-7	-179.67216903227035
77.98301105232578	2.3140751026844989e-7	-179.67517472372415
78.70457896950977	2.2718375513676966e-7	-179.67815285648203
79.43282347242805	2.2303709552599085e-7	-179.68110368318736
80.16780633876782	2.1896612416749778e-7	-179.684027454176
80.90958991783813	2.149694594821702e-7	-179.68692441749647
81.65823713585914	2.11045745111386e-7	-179.68979481892956
82.41381150130013	2.0719364945658559e-7	-179.6926389020084
83.176377110267	2.0341186522723867e-7	-179.69545690803812
83.94599865193965	1.9969910899706328e-7	-179.69824907611562
84.72274141405954	1.9605412076834687e-7	-179.70101564314925
85.50667128846823	1.9247566354421875e-7	-179.70375684387827
86.29785477669692	1.8896252290873407e-7	-179.70647291089227
87.09635899560797	1.8551350661462178e-7	-179.70916407465054
87.90225168308834	1.821274441785611e-7	-179.71183056350122
88.71560120379598	1.78803186483846e-7	-179.71447260370033
89.53647655495928	1.7553960539030518e-7	-179.7170904194307
90.36494737223005	1.7233559335134376e-7	-179.71968423282067
91.20108393559087	1.6919006303797782e-7	-179.72225426396287
92.04495717531702	1.6610194696973298e-7	-179.72480073093254
92.89663867799354	1.630701971522822e-7	-179.72732384980597
93.75620069258792	1.6009378472170136e-7	-179.72982383467865
94.6237161365792	1.571716995952187e-7	-179.73230089768336
95.4992586021435	1.5430295012834212e-7	-179.73475524900792
96.38290236239695	1.5148656277824695e-7	-179.737187096913
97.2747223776964	1.4872158177331002e-7	-179.73959664774995
98.17479430199833	1.460070687886769e-7	-179.74198410597768
99.08319448927665	1.433421026277553e-7	-179.7443496741806
99.9999999999999	1.40725778909521e-7	-179.7466935530852