0.01000000000000001	0.011153229127851093	-2.4526202293508073
0.010092528860766855	0.011154864813654472	-2.453823043027374
0.01018591388054118	0.01115653187155223	-2.455048889582853
0.010280162981264745	0.011158230921851031	-2.4562982288898967
0.010375284158180138	0.01115996259783188	-2.4575715306627903
0.010471285480509006	0.011161727546050522	-2.458869274692125
0.010568175092136596	0.011163526426642286	-2.460191951086756
0.01066596121230259	0.011165359913636444	-2.461540060521758
0.010764652136298361	0.011167228695280414	-2.4629141144933744
0.010864256236170667	0.011169133474369076	-2.4643146355818426
0.010964781961431863	0.011171074968586544	-2.46574215772062
0.011066237839776675	0.011173053910856214	-2.467197226473601
0.011168632477805623	0.01117507104969774	-2.4686803993211535
0.011271974561755117	0.011177127149597704	-2.470192245952666
0.011376272858234322	0.011179222991387457	-2.4717333485688324
0.01148153621496884	0.011181359372632602	-2.4733043021924015
0.011587773561551273	0.01118353710803316	-2.4749057149873965
0.011694993910198724	0.011185757029834814	-2.4765382085885044
0.01180320635651731	0.011188019988252163	-2.478202418439005
0.011912420080273762	0.011190326851901444	-2.4798989941404948
0.012022644346174144	0.011192678508249272	-2.481628599810872
0.012133888504649786	0.01119507586407067	-2.4833919144545207
0.012246161992650502	0.011197519845923097	-2.4851896323427582
0.01235947433444512	0.01120001140063083	-2.487022463406457
0.012473835142429446	0.011202551495786844	-2.488891133639733
0.012589254117941687	0.011205141120265038	-2.4907963855167625
0.012705741052085433	0.011207781284751858	-2.4927389784207548
0.012823305826560232	0.011210473022290769	-2.494719689086185
0.01294195841449987	0.01121321738884145	-2.496739312055481
0.013061708881318424	0.011216015463861232	-2.4987986601483727
0.013182567385564082	0.011218868350895864	-2.50089856494781
0.01330454417978092	0.011221777178193688	-2.5030398772997535
0.013427649611378649	0.011224743099337593	-2.505223467829087
0.01355189412351037	0.011227767293892781	-2.5074502274726895
0.013677288255958502	0.011230850968078137	-2.5097210680283712
0.013803842646028859	0.011233995355456055	-2.512036922722297
0.013931568029453043	0.01123720171764308	-2.514398746794882
0.01406047524129915	0.011240471345043676	-2.5168075181049363
0.014190575216890933	0.011243805557607107	-2.5192642377540113
0.014321878992735446	0.01124720570560547	-2.521769930731633
0.014454397707459286	0.01125067317043929	-2.5243256465816404
0.014588142602753497	0.011254209365466108	-2.526932460090254
0.014723125024327202	0.011257815736856663	-2.529591471997814
0.014859356422870082	0.01126149376447934	-2.532303809734058
0.014996848355023748	0.011265244962809982	-2.5350706281785476
0.015135612484362095	0.011269070881873768	-2.537893110447086
0.015275660582380739	0.011272973108218926	-2.540772468704261
0.015417004529495607	0.011276953265915544	-2.543709945005675
0.015559656316050758	0.011281013017597133	-2.546706812167491
0.01570362804333554	0.011285154065529109	-2.549764374667358
0.015848931924611148	0.011289378152715487	-2.5528839695767864
0.015995580286146702	0.011293687064042721	-2.556066967526512
0.016143585568264878	0.011298082627462758	-2.559314773705828
0.016292960326397238	0.0113025667152134	-2.562628828897937
0.01644371723214933	0.011307141245084338	-2.5660106105522846
0.016595869074375623	0.011311808181724472	-2.569461633895773
0.01674942876026439	0.011316569537992479	-2.5729834530848033
0.016904409316432657	0.011321427376359078	-2.57657766239862
0.017060823890031253	0.011326383810355039	-2.580245897477211
0.017218685749860088	0.011331441006069665	-2.583989836605399
0.017378008287493772	0.01133660118370535	-2.5878112020441084
0.01753880501841763	0.011341866619184536	-2.5917117614122605
0.01770108958317423	0.011347239645817835	-2.5956933291199378
0.017864875748520526	0.011352722656027095	-2.5997577678576924
0.018030177408595707	0.011358318103138327	-2.6039069901408065
0.018197008586099853	0.011364028503232326	-2.6081429599152224
0.018365383433483484	0.01136985643707123	-2.612467694223153
0.018535316234148135	0.011375804552090295	-2.616883264936333
0.018706821403658026	0.011381875564468133	-2.621391800555506
0.018879913490962956	0.011388072261272145	-2.6259954880815597
0.019054607179632494	0.011394397502687354	-2.6306965749614166
0.019230917289101597	0.011400854224329512	-2.635497371111233
0.019408858775927792	0.011407445439644753	-2.6404002510221503
0.01958844673505991	0.0114141742424053	-2.6454076559504243
0.01976969640111862	0.011421043809300683	-2.650522096197492
0.01995262314968881	0.011428057402630951	-2.6557461534840505
0.020137242498623895	0.01143521837310349	-2.6610824834224847
0.02032357010936223	0.011442530162747069	-2.6665338180914397
0.020511621788255666	0.011449996307934763	-2.6721029687202362
0.020701413487910436	0.011457620442534308	-2.677792828484993
0.02089296130854041	0.011465406301184849	-2.6836063754248167
0.02108628149933291	0.011473357722705359	-2.689546675482999
0.021281390459827135	0.011481478653647955	-2.6956168856787195
0.021478304741305354	0.01148977315199239	-2.7018202574175283
0.02167704104819696	0.011498245391000467	-2.7081601399466275
0.02187761623949554	0.0115068996632294	-2.714639983961642
0.022080047330189013	0.011515740384717546	-2.7212633453745125
0.022284351492703053	0.011524772099345028	-2.7280338892500033
0.022490546058357826	0.011533999483385281	-2.734955393919107
0.022698648518838235	0.01154342735025415	-2.7420317552785884
0.022908676527677748	0.011553060655463973	-2.7492669912887764
0.023120647901755963	0.011562904501795647	-2.756665246676931
0.023334580622810044	0.011572964144703586	-2.7642307978599687
0.023550492838960112	0.011583244997957081	-2.7719680580963844
0.023768402866248782	0.011593752639539786	-2.7798815828819237
0.02398832919019492	0.011604492817814886	-2.787976075600173
0.0242102904673618	0.011615471457971852	-2.7962563934446636
0.02443430552693974	0.01162669466877126	-2.804727553625416
0.024660393372343412	0.011638168749604286	-2.8133947398771237
0.02488857318282393	0.011649900197878843	-2.8222633092865803
0.025118864315095822	0.011661895716758353	-2.8313387994558967
0.025351286304979098	0.011674162223266303	-2.840626936022939
0.02558585886905648	0.011686706856781932	-2.850133640557749
0.025822601906345985	0.011699536987944162	-2.8598650388584366
0.026061535499988978	0.0117126602279921	-2.8698274696699353
0.026302679918953843	0.011726084438564308	-2.880027493849435
0.026546055619755416	0.011739817741983856	-2.8904719040073794
0.026791683248190343	0.01175386853205705	-2.901167734650945
0.027039583641088463	0.01176824548541904	-2.912122272861866
0.027289777828080432	0.011782957573455896	-2.9233430695402403
0.02754228703338169	0.011798014074836981	-2.934837951251526
0.02779713267759291	0.011813424588698327	-2.9466150327114136
0.02805433637951716	0.011829199048512524	-2.958682729951857
0.028313919957993816	0.011845347736693438	-2.9710497742086006
0.028575905433749497	0.01186188129997098	-2.9837252265797845
0.028840315031266085	0.011878810765597613	-2.996718493502446
0.02910717118066608	0.011896147558427142	-3.010039343101887
0.029376496519615335	0.011913903518927472	-3.0236979224718246
0.029648313895243455	0.011932090922190127	-3.0377047759449862
0.02992264636608192	0.011950722497991942	-3.052070864423855
0.030199517204020192	0.011969811451988357	-3.0668075858398147
0.03047894989627986	0.01198937148810661	-3.081926796820392
0.03076096814740711	0.012009416832220034	-3.0974408356467644
0.031045595881283587	0.012029962257192712	-3.1133625465906505
0.03133285724315589	0.012051023109385406	-3.1297053057293
0.031622776601683826	0.01207261533672213	-3.1464830483415205
0.03191537855100765	0.012094755518429175	-3.163710297999147
0.03221068791283438	0.012117460896562453	-3.1814021974755504
0.03250872973854347	0.012140749409446533	-3.199574541605064
0.03280952931131194	0.01216463972716833	-3.21824381223617
0.03311311214825915	0.01218915128926802	-3.2374272154346264
0.03341950400261146	0.012214304344794326	-3.2571427211057844
0.03372873086588692	0.012240119994887914	-3.2774091052211247
0.034040818970100126	0.012266620238096002	-3.2982459948465057
0.0343557947899875	0.012293828018608665	-3.319673916192708
0.0346736850452532	0.012321767277652391	-3.341714345922365
0.034994516702835765	0.012350463008275695	-3.364389765973539
0.035318316979195734	0.012379941313792667	-3.38772372218153
0.03564511334262446	0.012410229470175291	-3.411740887005346
0.03597493351557427	0.012441355992705364	-3.436467126696134
0.03630780547701017	0.012473350707227807	-3.461929573276464
0.03664375746478335	0.012506244826387512	-3.488156701730587
0.03698281797802665	0.012540071031246155	-3.5151784128518635
0.037325015779572084	0.01257486355874477	-3.5430261222266903
0.037670379898390914	0.012610658295488141	-3.5717328558928707
0.038018939632056145	0.012647492878399124	-3.6013333532546548
0.0383707245492279	0.0126854068028378	-3.6318641779000744
0.038725764492161745	0.01272444153882868	-3.6633638370312336
0.03908408957924023	0.01276464065612212	-3.6958729102924823
0.03944573020752787	0.0128060499588773	-3.7294341888605844
0.039810717055349755	0.01284871763083665	-3.764092825757171
0.04017908108489402	0.012892694391963323	-3.7998964984425427
0.040550853544838415	0.012938033667599762	-3.8368955848675164
0.040926065973001115	0.012984791771333215	-3.875143354290353
0.041304750199016166	0.013033028102876794	-3.914696174307746
0.04168693834703357	0.013082805362417068	-3.955613735719616
0.04207266283844444	0.013134189783052834	-3.9979592970241344
0.04246195639463132	0.013187251383108648	-4.0417999505601125
0.042854852039743985	0.013242064240348952	-4.08720691253989
0.04325138310350091	0.0132987067903192	-4.134255839491425
0.04365158322401663	0.013357262151322586	-4.183027173934921
0.044055486350655364	0.013417818478842318	-4.233606522460542
0.04446312674691091	0.013480469352547122	-4.2860850697796025
0.04487453899331325	0.013545314199425004	-4.3405600327633005
0.04528975799036211	0.01361245875701515	-4.397135159012982
0.04570881896148754	0.013682015581230573	-4.455921275089512
0.04613175745603798	0.013754104603826011	-4.5170368902204965
0.04655860935229591	0.013828853745248802	-4.5806088620832845
0.04698941086052156	0.013906399589356418	-4.646773132172273
0.04742419852602448	0.013986888127382963	-4.715675539306511
0.04786300923226385	0.014070475579527337	-4.787472721046212
0.04830588020397728	0.014157329303737125	-4.862333114204754
0.04875284901033865	0.014247628802597244	-4.940438067275829
0.04920395356814511	0.014341566840835695	-5.021983079525175
0.04965923214503363	0.014439350687781568	-5.107179183733805
0.05011872336272725	0.014541203501264735	-5.196254492222537
0.05058246620031143	0.014647365871973099	-5.289455928877956
0.051050499997540646	0.014758097550211935	-5.387051173577257
0.05152286445817567	0.014873679380496534	-5.489330849723315
0.05199959965335162	0.014994415473500037	-5.596610990760502
0.052480746024977286	0.015120635649716902	-5.7092358276589215
0.05296634438916581	0.015252698194943144	-5.827580946681003
0.05345643593969719	0.01539099297452281	-5.952056875520891
0.05395106225151279	0.015535944961435939	-6.083113166464814
0.05445026528424214	0.0156880182430902	-6.221243057982725
0.05495408738576248	0.01584772058337368	-6.3669888116140285
0.0554625712957911	0.016015608630645384	-6.520947839827313
0.05597576014951104	0.016192293879387913	-6.683779763524968
0.05649369748123028	0.016378449513927865	-6.856214566066183
0.05701642722807478	0.016574818287767593	-7.039062045452498
0.05754399373371572	0.016782221622778083	-7.233222809359874
0.05807644175213124	0.01700157015009462	-7.439701111244307
0.05861381645140291	0.01723387596075136	-7.659619892680671
0.05915616341754743	0.017480266891059172	-7.894238481189467
0.05970352865838372	0.017742003238173827	-8.144973499035988
0.06025595860743581	0.018020497388699326	-8.41342367340707
0.060813500127871824	0.018317336951904083	-8.701399410692337
0.061376200516479455	0.018634312124680284	-9.010958219047772
0.06194410750767818	0.01897344818472667	-9.344447349644367
0.06251726927756862	0.019337044220148304	-9.704555399374138
0.06309573444801936	0.019727719468273265	-10.094375105279752
0.06367955209079162	0.0201484689665685	-10.517480203381993
0.064268771731702	0.02060273062826489	-10.978020076842526
0.06486344335482389	0.02109446635947458	-11.480837056432797
0.06546361740672754	0.0216282604454926	-12.03161276607394
0.06606934480075964	0.022209439154515547	-12.637051975356153
0.06668067692136226	0.02284421631691812	-13.305115235800843
0.06729766562843183	0.023539870464661012	-14.045315425563139
0.0679203632617185	0.024304959776072884	-14.869098605062701
0.0685488226452662	0.025149581159498818	-15.790336831828798
0.0691830970918937	0.026085678469491516	-16.825970500025573
0.06982324040771719	0.027127400330985093	-17.996851210608984
0.07046930689671474	0.02829149682849325	-19.328853997306705
0.07112135136533296	0.029597719382745327	-20.854350299224603
0.07177942912713622	0.031069135627849062	-22.61415889474389
0.07244359600749906	0.0327321639773603	-24.660114256529788
0.0731139083483418	0.03461591927006367	-27.058389792196518
0.07379042301291015	0.03675004772428014	-29.893633063725815
0.07447319739059896	0.03915946360636345	-33.2736809270742
0.07516228940182061	0.04185309794458052	-37.33383513730869
0.07585775750291844	0.04480196529553338	-42.23782714142444
0.07655966069112569	0.0479007755193319	-48.16885418040503
0.07726805850957029	0.05091194866760149	-55.298245000555326
0.07798301105232593	0.05341294119086126	-63.71566601724133
0.07870457896950993	0.054815609992060546	-73.31915383955969
0.07943282347242822	0.05455352839730709	-83.71698974378738
0.08016780633876798	0.05240790896427279	-94.25485793856777
0.0809095899178383	0.048694443714149056	-104.22340956709888
0.0816582371358593	0.04408400832859999	-113.10976518527008
0.0824138115013003	0.03924520356704114	-120.7012543928868
0.08317637711026717	0.03462872147133362	-127.02359073408485
0.08394599865193982	0.030453784133913794	-132.22508126903324
0.08472274141405972	0.026783378459122924	-136.48864638550907
0.08550667128846841	0.023598967370791694	-139.98661135252848
0.0862978547766971	0.02084854782139176	-142.86446143559388
0.08709635899560814	0.018471773840813853	-145.23881122801686
0.08790225168308852	0.01641120643036733	-147.2007774692094
0.08871560120379617	0.0146164174959962	-148.8206311310536
0.08953647655495947	0.013044790468512221	-150.15212281920864
0.09036494737223023	0.011660963130440743	-151.23600655493956
0.09120108393559107	0.010435824389502897	-152.10272814882524
0.09204495717531722	0.009345461342535803	-152.7743832511025
0.09289663867799372	0.00837020992648553	-153.26606848811323
0.09375620069258811	0.007493853530117639	-153.5867239334517
0.09462371613657934	0.00670296850986926	-153.73952574909728
0.09549925860214364	0.00598639918289375	-153.72184233741308
0.0963829023623971	0.005334841259521483	-153.52471407066767
0.09727472237769656	0.004740514326001061	-153.13174762666588
0.09817479430199849	0.0041969076134355	-152.51721627918593
0.09908319448927681	0.0036985876527243573	-151.64300142413822
0.10000000000000005	0.0032410613657286942	-150.45375352059696
0.10092528860766849	0.002820694308571125	-148.86921583388278
0.10185913880541175	0.002434692729859336	-146.7719186724724
0.10280162981264741	0.002081172964293942	-143.9872621074365
0.10375284158180131	0.0017593681776964236	-140.25139843686455
0.10471285480509002	0.0014700686364965917	-135.16173145119393
0.1056817509213659	0.0012164539263113275	-128.11337692429535
0.10665961212302584	0.0010054497371584947	-118.27559908616138
0.10764652136298355	0.0008490722386545458	-104.83757272665754
0.10864256236170661	0.0007626078645134115	-87.96724422550747
0.10964781961431856	0.0007544725301533909	-69.97990273122024
0.1106623783977667	0.0008148603337849499	-54.14158836883215
0.11168632477805618	0.0009214541866245432	-41.9697105837495
0.1127197456175511	0.0010536856023319822	-33.12511271314292
0.11376272858234315	0.001198108574448227	-26.72530879142684
0.11481536214968835	0.0013470185233616326	-22.011814149430098
0.11587773561551268	0.0014961642734219681	-18.45646353096891
0.11694993910198717	0.0016432174967673737	-15.710378559857995
0.11803206356517304	0.001786915709178719	-13.5433530091847
0.11912420080273756	0.0019265985551735869	-11.800850868014582
0.12022644346174137	0.002061953859201516	-10.376724014957157
0.1213388850464978	0.0021928747731324847	-9.196306636329565
0.12246161992650495	0.0023193769944044045	-8.205873794268044
0.12359474334445113	0.0024415494390064322	-7.365952771125083
0.12473835142429439	0.00255952413307661	-6.646987744461359
0.1258925411794168	0.0026734574750345865	-6.026467250369826
0.12705741052085426	0.0027835184070783762	-5.486979746175015
0.12823305826560225	0.002889880885119928	-5.014870596873776
0.1294195841449987	0.0029927190774391	-4.599296902682553
0.13061708881318423	0.0030922043250946277	-4.231550696552747
0.1318256738556408	0.0031885032553341476	-3.9045665247951487
0.13304544179780922	0.0032817766572974393	-3.6125578885890026
0.13427649611378642	0.003372178865010848	-3.3507451807012956
0.13551894123510363	0.0034598574787984867	-3.1151495468800334
0.13677288255958495	0.0035449533118975534	-2.9024348978362653
0.13803842646028852	0.0036276004856236757	-2.709785535901363
0.13931568029453034	0.0037079266207757974	-2.5348104341394855
0.14060475241299142	0.003786053089400578	-2.375467679061231
0.14190575216890927	0.003862095302234852	-2.2300043230938646
0.1432187899273544	0.003936163014867579	-2.096908125452503
0.1445439770745928	0.004008360641019853	-1.9748685459790154
0.1458814260275349	0.004078787565069517	-1.862745000420443
0.14723125024327194	0.0041475384485919805	-1.7595408584946297
0.14859356422870074	0.00421470352752963	-1.6643820168026644
0.1499684835502374	0.00428036889789367	-1.5764991411499352
0.15135612484362088	0.004344616788848208	-1.4952128710173083
0.15275660582380732	0.004407525822635726	-1.4199214298024005
0.154170045294956	0.004469171261282825	-1.3500902001741804
0.1555965631605075	0.004529625240311065	-1.285242913327938
0.15703628043335532	0.0045889569898859735	-1.224954170520906
0.15848931924611143	0.004647233044007472	-1.1688430697730314
0.15995580286146696	0.004704517438361114	-1.1165677536007588
0.1614358556826487	0.0047608718975776995	-1.0678207276988028
0.1629296032639723	0.004816356012618304	-1.0223248276634187
0.16443717232149324	0.004871027409016882	-0.9798297326241948
0.16595869074375613	0.004924941906730625	-0.9401089421960048
0.16749428760264382	0.004978153672294475	-0.9029571473796983
0.1690440931643265	0.005030715364006091	-0.8681879375930774
0.17060823890031243	0.005082678270796462	-0.8356317954702668
0.17218685749860077	0.00513409244545598	-0.8051343388156336
0.17378008287493762	0.005185006832860959	-0.776554775490833
0.1753880501841762	0.005235469393796846	-0.7497645423048512
0.1770108958317422	0.005285527225004511	-0.7246461033625354
0.17864875748520517	0.005335226676016948	-0.7010918869942817
0.180301774085957	0.005384613463378553	-0.6790033434475838
0.18197008586099844	0.005433732782797005	-0.6582901080964132
0.18365383433483473	0.005482629419808249	-0.6388692570857375
0.18535316234148125	0.005531347859507978	-0.6206646441613022
0.18706821403658017	0.005579932395925231	-0.6036063089836843
0.18879913490962946	0.005628427241607434	-0.5876299485457886
0.19054607179632482	0.005676876638020413	-0.572676444435704
0.19230917289101596	0.005725324967358973	-0.5586914396512341
0.19408858775927793	0.005773816866425273	-0.5456249594949435
0.19588446735059908	0.005822397343222635	-0.5334310717923266
0.1976969640111862	0.005871111896995311	-0.5220675822858765
0.19952623149688808	0.0059200066424514065	-0.511495761592318
0.20137242498623895	0.005969128438995765	-0.5016801005698307
0.2032357010936223	0.0060185250258537	-0.4925880913463772
0.20511621788255666	0.006068245164032094	-0.48419003161416946
0.20701413487910436	0.0061183387861789736	-0.4764588501048511
0.2089296130854041	0.006168857155503005	-0.4693699514357681
0.2108628149933291	0.00621985303503442	-0.4629010787628196
0.21281390459827135	0.006271380868637051	-0.457032192895887
0.21478304741305343	0.006323496975404841	-0.45174536672830057
0.21677041048196952	0.0063762597592021755	-0.4470246940164414
0.2187761623949553	0.006429729935388647	-0.4428562117097256
0.22080047330189004	0.006483970777013522	-0.4392278351879434
0.22284351492703042	0.0065390483830820665	-0.4361293059101637
0.22490546058357816	0.006595031971847254	-0.4335521511216467
0.22698648518838224	0.006651994202546588	-0.4314896554021174
0.22908676527677735	0.006710011529455199	-0.4299368439791874
0.23120647901755953	0.006769164592760806	-0.42889047786879814
0.23334580622810033	0.0068295386514728145	-0.42834906104961984
0.23550492838960102	0.006891224064365355	-0.428312860032483
0.23768402866248772	0.006954316826038317	-0.4287839363462024
0.2398832919019491	0.007018919166264448	-0.42976619264328003
0.2421029046736179	0.007085140222349448	-0.43126543332136713
0.24434305526939726	0.007153096795855865	-0.43328944078090026
0.246603933723434	0.007222914207200804	-0.43584806868750664
0.24888573182823917	0.007294727264183277	-0.43895335389502466
0.25118864315095807	0.007368681363635257	-0.44261964901695533
0.2535128630497908	0.0074449337491721	-0.44686377802376626
0.25585858869056466	0.007523654952916971	-0.4517052176951499
0.2582260190634597	0.007605030454839753	-0.4571663083019202
0.26061535499988964	0.007689262600878593	-0.46327249753352806
0.2630267991895383	0.0077765728303217235	-0.47005262246284063
0.26546055619755404	0.007867204274759733	-0.47753923527799413
0.2679168324819033	0.007961424806101814	-0.48576897965029897
0.2703958364108845	0.00805953063066446	-0.49478302600689417
0.2728977782808042	0.008161850551606521	-0.5046275757064778
0.27542287033381674	0.008268751055274443	-0.5153544462659734
0.277971326775929	0.008380642420778607	-0.5270217524909376
0.2805433637951715	0.008497986110764858	-0.5396947017870863
0.28313919957993805	0.00862130378033279	-0.5534465263173295
0.2857590543374948	0.008751188348855568	-0.5683595803534903
0.2884031503126607	0.008888317728601538	-0.5845266386201443
0.29107171180666064	0.009033472012411413	-0.602052441348848
0.2937649651961532	0.009187555218987025	-0.621055545155114
0.2964831389524344	0.00935162312106521	-0.6416705572874676
0.29922646366081906	0.009526919307811707	-0.6640508566560684
0.30199517204020176	0.009714922566880918	-0.688371942163521
0.30478949896279844	0.009917410094755691	-0.7148356034450293
0.307609681474071	0.010136543259063926	-0.7436751916856914
0.3104559588128357	0.010374986169672773	-0.7751623969664163
0.3133285724315587	0.010636073104607017	-0.8096161464594969
0.3162277660168381	0.010924050612346926	-0.8474145862901499
0.31915378551007634	0.01124443719359605	-0.8890117190681817
0.3221068791283436	0.011604574486875026	-0.9349613846840025
0.32508729738543457	0.012014502790296281	-0.9859534235519404
0.3280952931131192	0.012488411558884506	-1.0428712611146274
0.3311311214825913	0.013047165966982781	-1.1068897722509246
0.33419504002611444	0.013722983650167647	-1.1796550316486043
0.3372873086588691	0.014568770590695165	-1.2636466475900339
0.34040818970100106	0.015678652105938364	-1.3629958776174482
0.34355794789987465	0.017239366691718338	-1.4856185943760012
0.34673685045253166	0.01968498069356623	-1.6499746697763327
0.3499451670283573	0.024320131451294687	-1.9138964132244454
0.353183169791957	0.037757904492521754	-2.591666377049766
0.35645113342624424	0.8187185883706608	-133.82778497389577
0.3597493351557423	0.012019772554471913	-179.27956778305665
0.36307805477010135	0.0008146254841886536	-13.659960249805755
0.36643757464783333	0.005560876639016314	-3.3285094552579246
0.3698281797802663	0.008356284116334265	-3.1489882521284533
0.3732501577957206	0.010445379598098369	-3.3625863528009305
0.37670379898390893	0.01227933912854111	-3.739031609332073
0.38018939632056126	0.014091043243125245	-4.2586451835684
0.38370724549227886	0.016052918932219433	-4.9523406334622155
0.3872576449216173	0.01834707487759004	-5.889721927542642
0.3908408957924021	0.021227896470116876	-7.201522682337089
0.39445730207527846	0.025124969320590836	-9.187004954361647
0.3981071705534973	0.030772580314063328	-12.067283065320648
0.40179081084894	0.040248489629956086	-17.36727599141607
0.40550853544838394	0.05839310440611426	-28.639140520794193
0.40926065973001097	0.09346070914280022	-59.534632552119035
0.41304750199016144	0.08381340401163843	-117.32337760638381
0.4168693834703355	0.04588706897578988	-144.96215571263016
0.4207266283844442	0.0277218752976402	-156.2763646648655
0.424619563946313	0.0180671675594976	-161.2447399069232
0.4285485203974396	0.012235499438049647	-163.62346491895633
0.43251383103500884	0.00825991279924004	-164.4963591875089
0.4365158322401661	0.0052847275426154226	-163.854357532101
0.44055486350655343	0.002877984211661215	-159.9299135299796
0.4446312674691088	0.0008748219892914117	-132.28808433836355
0.4487453899331323	0.0015270167122734808	-14.781769743216307
0.4528975799036209	0.0037444512148493937	-2.8567900646289073
0.4570881896148752	0.0066382342851694235	-0.37853607670176376
0.46131757456037953	0.011304922531936904	-0.4905231822709859
0.4655860935229591	0.02260026558582422	-4.459501517877331
0.4698941086052156	0.10209107989702042	-54.632692119612514
0.4742419852602448	0.0278075522679308	-153.48921960052184
0.47863009232263853	0.012471030151603666	-161.48986954357915
0.48305880203977286	0.007189427875295186	-161.0265880351084
0.4875284901033865	0.0044304494218392445	-157.65700843973607
0.4920395356814511	0.002680756381841145	-150.01465524585157
0.49659232145033627	0.0015153442597447906	-131.72198661784952
0.5011872336272725	0.0009949764960904446	-87.61757361369712
0.5058246620031143	0.0012932459443324533	-44.127661760829284
0.5105049999754064	0.001902809020687283	-26.04426251471538
0.5152286445817567	0.0025470653578842607	-18.09772706030354
0.5199959965335162	0.0031797659238885947	-13.887254115295084
0.5248074602497729	0.0037989068549980336	-11.368462465239658
0.5296634438916581	0.004410987949276969	-9.749590525088092
0.5345643593969719	0.005024219757513991	-8.67026048502267
0.5395106225151278	0.005647115977287711	-7.947274747867495
0.5445026528424215	0.0062883141836026744	-7.481014418477333
0.5495408738576248	0.006956691046237243	-7.216068630367474
0.5546257129579107	0.007661499813109961	-7.122932997840336
0.5597576014951101	0.008412394631624288	-7.188676960499219
0.5649369748123025	0.009219199573923439	-7.411271361303721
0.5701642722807475	0.01009123804937398	-7.7942855991861855
0.5754399373371569	0.011036100512038283	-8.338573228607466
0.580764417521312	0.012058305485616184	-9.026637413819964
0.5861381645140288	0.013160316096931269	-9.796716025431857
0.591561634175474	0.014352402521530852	-10.515850304211574
0.5970352865838369	0.015679556792552216	-10.992005122903986
0.6025595860743578	0.017260560323946014	-11.07953238323563
0.6081350012787179	0.0193129191707864	-10.84115850478008
0.6137620051647943	0.022164178661730302	-10.615931583498226
0.6194410750767815	0.02633617779906263	-11.021699025543418
0.6251726927756859	0.0328680957649365	-13.461674342696245
0.6309573444801934	0.042997001359544616	-24.115358182029922
0.6367955209079159	0.03472122833314382	-38.259272253285914
0.6426877173170198	0.03919969089915476	-21.00756420965388
0.6486344335482385	0.07219754326331865	-0.7727894080121344
0.654636174067275	0.23436410050137868	-0.9294522548936485
0.6606934480075961	0.30859731157057796	-176.53136202389064
0.6668067692136223	0.09856652199950108	-178.58383321689675
0.6729766562843178	0.05955263514373712	-179.09596667844144
0.6792036326171846	0.04289845539841447	-179.36628593929683
0.6854882264526617	0.03359313530369952	-179.53633810003072
0.6918309709189366	0.027623404869861583	-179.64919718597068
0.6982324040771715	0.02345520382242496	-179.72484484761108
0.7046930689671471	0.02037307406831103	-179.77530115969566
0.7112135136533292	0.017997362868478146	-179.80874813497124
0.7177942912713619	0.016107440499947123	-179.83089357563395
0.7244359600749902	0.014566153435368883	-179.8456458580126
0.7311390834834176	0.01328369528462608	-179.85560832898972
0.7379042301291011	0.012198778332528413	-179.86247495745076
0.7447319739059892	0.011268136550855585	-179.86733027114283
0.7516228940182057	0.010460348361417852	-179.87086180775097
0.758577575029184	0.009752036948630615	-179.8735030601215
0.7655966069112565	0.009125444880124255	-179.87552646219714
0.7726805850957026	0.008566836317462877	-179.8771026595606
0.7798301105232589	0.008065415249873649	-179.87833787378221
0.7870457896950989	0.0076125753197353934	-179.87929733686155
0.7943282347242817	0.00720136842911749	-179.8800199626073
0.8016780633876793	0.006826121115417331	-179.88052752218164
0.8090958991783825	0.0064821528420768776	-179.88083034757977
0.8165823713585927	0.006165565891984593	-179.88093058664384
0.8241381150130026	0.005873087388813862	-179.8808321728464
0.8317637711026713	0.005601944040678887	-179.8805119701062
0.8394599865193977	0.0053497739797317674	-179.87997137360236
0.8472274141405968	0.0051145474702814974	-179.87919302526933
0.8550667128846836	0.004894510719271756	-179.8781590220469
0.8629785477669706	0.004688138770386441	-179.87684802848037
0.870963589956081	0.004494097786661844	-179.87523475729913
0.8790225168308847	0.0043112143660391095	-179.87328933884604
0.8871560120379608	0.004138450351633833	-179.8709764935615
0.8953647655495938	0.003974881963999659	-179.86825446394826
0.9036494737223014	0.00381968234675183	-179.86507364921493
0.9120108393559097	0.003672106811365769	-179.86137486235125
0.9204495717531712	0.003531480210371078	-179.85708709734521
0.9289663867799363	0.0033971859730346494	-179.8521246501353
0.9375620069258802	0.003268656412383168	-179.84638337472015
0.946237161365793	0.0031453639624235553	-179.83973576639158
0.9549925860214359	0.003026813032565226	-179.83202443294252
0.9638290236239705	0.0029125321731182504	-179.82305331909902
0.9727472237769651	0.00280206622944451	-179.8125757522584
0.9817479430199844	0.002694968117857625	-179.80027791738058
0.9908319448927676	0.0025907897742425043	-179.7857556410465
1.	0.0024890716902767358	-179.76848118704117
1.0092528860766845	0.0023893302345664724	-179.74775481150817
1.0185913880541169	0.002291041610415842	-179.72263248988222
1.0280162981264735	0.0021936207483528604	-179.6918153509341
1.0375284158180127	0.0020963925292722314	-179.65347562288213
1.0471285480508996	0.0019985512285915995	-179.6049734881438
1.0568175092136585	0.0018991014871456372	-179.54237855680486
1.066596121230258	0.0017967695265781445	-179.45962396817075
1.076465213629835	0.0016898648646501474	-179.3469284361394
1.0864256236170655	0.001576056477626019	-179.18765270317638
1.096478196143185	0.0014519943221280283	-178.9514988433095
1.1066237839776665	0.0013126363910885817	-178.57813499163316
1.1168632477805611	0.001149981108879213	-177.93156781477137
1.1271974561755105	0.0009505284877273399	-176.64261842351485
1.1376272858234309	0.0006900632999506121	-173.33140730644075
1.1481536214968828	0.00033033401915609533	-157.181000965174
1.1587773561551262	0.0004089183811299959	-36.462772810231506
1.1694993910198712	0.001765098484416591	-21.049300093327496
1.1803206356517297	0.006280940163600047	-24.341403564450793
1.191242008027375	0.0099722692245974	-167.76414796546126
1.2022644346174132	0.004891775147252845	-174.79465902383262
1.2133888504649775	0.0035920970174057147	-177.19111428002307
1.224616199265049	0.002984856136855451	-178.2238647936318
1.2359474334445106	0.00262460965240099	-178.76215110429948
1.2473835142429432	0.0023803663513308213	-179.07774882099847
1.2589254117941675	0.0021999783104075833	-179.2778024732462
1.270574105208542	0.002058617561286547	-179.411615527519
1.2823305826560218	0.0019429569366693734	-179.50445335134935
1.2941958414499863	0.0018451934964624603	-179.57029929618488
1.3061708881318417	0.0017604440946721771	-179.61731486311567
1.3182567385564075	0.001685484120475381	-179.65039918158283
1.3304544179780915	0.0016180840578689348	-179.6724591192449
1.3427649611378643	0.0015566353526195503	-179.68503862435662
1.3551894123510364	0.0014999248495139352	-179.6885731905776
1.3677288255958495	0.0014469872708129006	-179.68234663305728
1.3803842646028852	0.0013969953307687623	-179.66407531893174
1.3931568029453034	0.0013491569561328769	-179.62879495409484
1.4060475241299142	0.0013025816451402864	-179.56606762676034
1.4190575216890926	0.0012560377405975455	-179.45231747445567
1.432187899273544	0.0012073803912141367	-179.22584985649425
1.4454397707459279	0.0011519091589619387	-178.68017847741058
1.4588142602753489	0.0010778246794993255	-176.755989533469
1.4723125024327193	0.0010623114196609046	-165.4503633392169
1.4859356422870074	0.0013249520435461562	-174.5206839804839
1.499684835502374	0.001206688371707204	-178.88632103247946
1.5135612484362087	0.0011413234898575947	-179.60155370674798
1.5275660582380732	0.0010960435203494197	-179.81493673284942
1.54170045294956	0.0010593555662873678	-179.900780158916
1.555965631605075	0.001027313801368081	-179.9417599593931
1.5703628043335531	0.0009982251083653498	-179.96360886874393
1.584893192461114	0.0009712358164267421	-179.97619371367827
1.5995580286146696	0.0009458613365120021	-179.9838684653073
1.6143585568264869	0.0009218003758841184	-179.9887591434651
1.629296032639723	0.0008988515739598488	-179.9919864088837
1.6443717232149324	0.0008768722459218148	-179.99417742098302
1.6595869074375613	0.000855756314663939	-179.99570046113598
1.6749428760264382	0.0008354217335178755	-179.99678051072326
1.690440931643265	0.0008158029281024118	-179.997559626891
1.7060823890031243	0.0007968460448885608	-179.99813005693895
1.7218685749860079	0.0007785058455166536	-179.99855316328345
1.7378008287493762	0.0007607436064118582	-179.9988706263887
1.753880501841762	0.0007435256548259533	-179.999111281417
1.770108958317422	0.0007268223207069838	-179.9992954026981
1.7864875748520517	0.0007106071680192574	-179.9994374523639
1.803017740859568	0.0006948564186737352	-179.99954788070528
1.8197008586099825	0.0006795485122855958	-179.99963432749325
1.8365383433483455	0.0006646637637278354	-179.9997024370605
1.8535316234148105	0.0006501840924471405	-179.99975641971756
1.8706821403657996	0.000636092805361854	-179.99979944377137
1.8879913490962925	0.0006223744204113621	-179.99983391269333
1.9054607179632463	0.000609014521403264	-179.99986166333312
1.9230917289101574	0.0005959996372856527	-179.99988410916365
1.9408858775927773	0.0005833171407210116	-179.99990234480603
1.958844673505989	0.000570955162090481	-179.99991722298594
1.97696964011186	0.0005589025159664711	-179.99992941166366
1.9952623149688788	0.000547148637760679	-179.99993943677393
2.0137242498623875	0.0005356835287529747	-179.99994771443133
2.032357010936221	0.0005244977080823254	-179.99995457536002
2.0511621788255647	0.0005135821705671902	-179.99996028354332
2.0701413487910414	0.0005029283494432048	-179.99996505054398
2.0892961308540388	0.0004925280832773097	-179.9999690465619
2.108628149933289	0.0004823735864518567	-179.99997240901666
2.1281390459827114	0.00047245742271858384	-179.9999752492429
2.147830474130533	0.00046277248140715467	-179.9999776577364
2.167704104819694	0.000453311955941162	-179.99997970828412
2.1877616239495516	0.00044406932436968937	-179.99998146122837
2.208004733018899	0.0004350383316675188	-179.9999829660572
2.228435149270303	0.00042621297359402997	-179.99998426346778
2.2490546058357803	0.0004175874819312777	-179.99998538701598
2.2698648518838214	0.00040915631094709645	-179.9999863644396
2.2908676527677723	0.00040091412495017455	-179.99998721872308
2.312064790175594	0.0003928557868218076	-179.9999879689573
2.333458062281002	0.00038497634742400047	-179.99998863103548
2.355049283896009	0.00037727103579625576	-179.99998921821856
2.376840286624876	0.00036973525006420534	-179.99998974159507
2.39883291901949	0.0003623645489924513	-179.9999902104572
2.4210290467361775	0.0003551546441219193	-179.99999063260785
2.4434305526939712	0.00034810139243884983	-179.99999101461313
2.4660393372343385	0.00034120078952846084	-179.99999136200955
2.48885731828239	0.000334448963171438	-179.99999167947513
2.5118864315095797	0.0003278421673458794	-179.9999919709704
2.535128630497907	0.0003213767766012139	-179.99999223985532
2.5585858869056453	0.00031504928077403735	-179.99999248898612
2.582260190634596	0.00030885628001881097	-179.99999272079583
2.6061535499988953	0.0003027944801290202	-179.9999929373613
2.6302679918953813	0.00029686068812672403	-179.99999314045897
2.654605561975539	0.0002910518081005081	-179.99999333161176
2.6791683248190314	0.0002853648372736939	-179.99999351212793
2.703958364108843	0.00027979686228629425	-179.99999368313405
2.7289777828080406	0.00027434505567567333	-179.99999384560232
2.7542287033381663	0.00026900667254218125	-179.99999400037376
2.7797132677592886	0.0002637790473871996	-179.99999414817773
2.805433637951713	0.0002586595911120974	-179.99999428964838
2.831391995799379	0.00025364578816754153	-179.9999944253384
2.8575905433749464	0.0002487351938434637	-179.9999945557309
2.8840315031266055	0.00024392543169075688	-179.99999468124926
2.910717118066605	0.00023921419106647654	-179.99999480226575
2.9376496519615305	0.00023459922479495562	-179.99999491910847
2.9648313895243423	0.00023007834693781806	-179.9999950320676
2.992264636608189	0.00022564943066639913	-179.99999514140055
3.019951720402016	0.00022131040623055937	-179.99999524733641
3.047894989627983	0.00021705925901831477	-179.99999535007984
3.076096814740708	0.0002128940277011	-179.999995449814
3.1045595881283554	0.00020881280245985305	-179.99999554670381
3.1332857243155856	0.0002048137232874341	-179.9999956408978
3.162277660168379	0.00020089497836320536	-179.9999957325306
3.1915378551007616	0.0001970548024958731	-179.99999582172444
3.2210687912834346	0.00019329147563095937	-179.99999590859073
3.250872973854344	0.0001896033214194996	-179.99999599323147
3.2809529311311905	0.00018598870584479106	-179.9999960757402
3.311311214825911	0.00018244603590421274	-179.99999615620303
3.3419504002611427	0.00017897375834332848	-179.99999623469967
3.372873086588689	0.00017557035843965808	-179.99999631130393
3.404081897010009	0.0001722343588336576	-179.9999963860844
3.4355794789987466	0.00016896431840460565	-179.99999645910518
3.4673685045253166	0.00016575883118922458	-179.99999653042605
3.499451670283573	0.0001626165253409948	-179.9999966001033
3.53183169791957	0.00015953606212824385	-179.99999666818962
3.5645113342624426	0.0001565161349691949	-179.999996734735
3.5974933515574232	0.0001535554685022716	-179.99999679978637
3.630780547701014	0.000150652817690045	-179.99999686338842
3.664375746478333	0.0001478069669553022	-179.99999692558347
3.6982817978026628	0.00014501672934779931	-179.99999698641176
3.732501577957206	0.00014228094574033929	-179.9999970459117
3.767037989839089	0.00013959848405288884	-179.99999710411993
3.801893963205613	0.0001369682385035175	-179.99999716107143
3.8370724549227884	0.00013438912888500527	-179.9999972167998
3.8725764492161727	0.00013186009986602677	-179.99999727133724
3.908408957924021	0.00012938012031587598	-179.99999732471457
3.944573020752785	0.0001269481826517472	-179.99999737696155
3.981071705534973	0.00012456330220764046	-179.99999742810675
4.0179081084894	0.00012222451662400417	-179.9999974781777
4.055085354483839	0.0001199308852572729	-179.99999752720103
4.09260659730011	0.00011768148860849897	-179.99999757520234
4.130475019901614	0.00011547542777031727	-179.99999762220642
4.168693834703355	0.00011331182389151638	-179.99999766823728
4.207266283844442	0.00011118981765852788	-179.99999771331807
4.24619563946313	0.00010910856879317441	-179.99999775747128
4.285485203974396	0.0001070672555660514	-179.99999780071863
4.325138310350088	0.00010506507432494318	-179.99999784308122
4.365158322401661	0.00010310123903770603	-179.99999788457956
4.405548635065534	0.0001011749808490721	-179.99999792523343
4.446312674691089	0.00009928554765085649	-179.99999796506214
4.487453899331323	0.00009743220366507127	-179.9999980040844
4.528975799036209	0.00009561422903947273	-179.99999804231848
4.570881896148752	0.00009383091945508993	-179.99999807978193
4.613175745603791	0.00009208158574530046	-179.9999981164921
4.655860935229586	0.00009036555352604026	-179.99999815246562
4.698941086052151	0.0000886821628367522	-179.99999818771886
4.742419852602444	0.00008703076779169236	-179.99999822226755
4.7863009232263805	0.00008541073624123273	-179.99999825612724
4.830588020397723	0.00008382144944281139	-179.99999828931288
4.875284901033861	0.000082262301741198	-179.99999832183914
4.920395356814506	0.00008073270025775499	-179.99999835372031
4.965923214503357	0.0000792320645883873	-179.99999838497024
5.01187233627272	0.00007775982650988886	-179.99999841560253
5.058246620031137	0.00007631542969440212	-179.99999844563035
5.105049999754059	0.00007489832943172173	-179.99999847506663
5.152286445817562	0.00007350799235918181	-179.99999850392393
5.1999599653351565	0.00007214389619887847	-179.99999853221448
5.248074602497723	0.00007080552950198676	-179.99999855995026
5.296634438916575	0.00006949239139994353	-179.99999858714295
5.345643593969713	0.00006820399136227405	-179.99999861380397
5.395106225151273	0.00006693984896084992	-179.99999863994438
5.445026528424209	0.00006569949364037407	-179.9999986655751
5.495408738576242	0.00006448246449489616	-179.9999986907067
5.5462571295791046	0.00006328831005016854	-179.99999871534953
5.597576014951099	0.00006211658805166181	-179.99999873951373
5.649369748123022	0.00006096686525806314	-179.99999876320916
5.701642722807472	0.00005983871724008971	-179.99999878644547
5.754399373371567	0.00005873172818445409	-179.99999880923207
5.807644175213118	0.00005764549070282472	-179.99999883157824
5.861381645140285	0.00005657960564563096	-179.99999885349288
5.9156163417547365	0.00005553368192056654	-179.9999988749849
5.9703528658383656	0.000054507336315651494	-179.9999988960628
6.025595860743575	0.00005350019332671728	-179.99999891673502
6.081350012787176	0.000052511884989184006	-179.99999893700985
6.137620051647939	0.00005154205071400431	-179.9999989568952
6.194410750767812	0.00005059033712765216	-179.99999897639904
6.251726927756856	0.000049656397916038885	-179.999998995529
6.30957344480193	0.00004873989367224399	-179.99999901429257
6.367955209079155	0.00004784049174795017	-179.99999903269716
6.426877173170194	0.000046957866108477856	-179.9999990507499
6.486344335482381	0.000046091697191316726	-179.99999906845787
6.546361740672747	0.000045241671768055356	-179.9999990858279
6.6069344800759575	0.00004440748280961415	-179.99999910286678
6.668067692136219	0.00004358882935468892	-179.99999911958102
6.729766562843175	0.00004278541638131607	-179.9999991359771
6.792036326171843	0.00004199695468147344	-179.99999915206132
6.854882264526613	0.000041223160738633	-179.9999991678399
6.918309709189362	0.000040463756608185076	-179.99999918331878
6.9823240407717115	0.00003971846980065571	-179.9999991985039
7.046930689671467	0.00003898703316764218	-179.9999992134011
7.112135136533288	0.00003826918479039254	-179.999999228016
7.177942912713615	0.00003756466787095937	-179.99999924235414
7.244359600749899	0.00003687323062585858	-179.99999925642095
7.311390834834173	0.00003619462618216713	-179.99999927022174
7.379042301291007	0.00003552861247599478	-179.99999928376167
7.447319739059888	0.00003487495215326826	-179.99999929704592
7.516228940182053	0.00003423341247276694	-179.99999931007937
7.585775750291836	0.000033603765211351555	-179.99999932286698
7.655966069112561	0.00003298578657132912	-179.99999933541352
7.726805850957022	0.000032379257089899136	-179.99999934772362
7.798301105232586	0.00003178396155062768	-179.99999935980193
7.870457896950985	0.00003119968889689734	-179.9999993716529
7.943282347242813	0.00003062623214728318	-179.9999993832809
8.01678063387679	0.00003006338831280552	-179.9999993946903
8.090958991783822	0.00002951095831601276	-179.9999994058853
8.165823713585922	0.00002896874691184775	-179.99999941686997
8.241381150130021	0.00002843656261025372	-179.99999942764845
8.317637711026709	0.000027914217600476125	-179.99999943822462
8.394599865193973	0.00002740152767701855	-179.99999944860244
8.472274141405963	0.000026898312167211777	-179.99999945878565
8.550667128846833	0.000026404393860356584	-179.99999946877801
8.629785477669701	0.000025919598938401656	-179.99999947858313
8.709635899560805	0.000025443756908119105	-179.99999948820468
8.790225168308842	0.000024976700534741486	-179.99999949764606
8.871560120379607	0.00002451826577702485	-179.99999950691074
8.953647655495937	0.000024068291723703564	-179.9999995160021
9.036494737223014	0.00002362662053130345	-179.99999952492345
9.120108393559097	0.000023193097363280947	-179.99999953367796
9.204495717531712	0.00002276757033045649	-179.99999954226882
9.289663867799362	0.000022349890432711806	-179.99999955069913
9.375620069258803	0.00002193991150192083	-179.99999955897192
9.462371613657929	0.000021537490146085676	-179.99999956709016
9.549925860214358	0.000021142485694648927	-179.99999957505676
9.638290236239705	0.000020754760144955263	-179.9999995828746
9.727472237769652	0.000020374178109835296	-179.99999959054642
9.817479430199844	0.000020000606766285746	-179.99999959807502
9.908319448927676	0.0000196339158052206	-179.99999960546302
10.	0.000019273977382268557	-179.99999961271305
10.092528860766844	0.000018920666069592854	-179.99999961982772
10.18591388054117	0.000018573858808709857	-179.99999962680948
10.280162981264736	0.000018233434864283905	-179.99999963366085
10.375284158180126	0.000017899275778875975	-179.99999964038417
10.471285480508996	0.000017571265328624833	-179.99999964698188
10.568175092136585	0.0000172492894798393	-179.99999965345614
10.665961212302578	0.000016933236346481406	-179.99999965980933
10.76465213629835	0.00001662299614852026	-179.99999966604358
10.864256236170656	0.000016318461171137277	-179.99999967216104
10.964781961431852	0.000016019525724763612	-179.9999996781638
11.066237839776663	0.00001572608610593157	-179.99999968405388
11.168632477805613	0.000015438040558921605	-179.99999968983326
11.271974561755105	0.000015155289238187645	-179.99999969550382
11.37627285823431	0.000014877734171543324	-179.9999997010675
11.481536214968829	0.00001460527922409262	-179.999999706526
11.587773561551263	0.000014337830062888372	-179.99999971188115
11.694993910198711	0.000014075294122302954	-179.99999971713453
11.803206356517286	0.000013817580570095506	-179.99999972228773
11.912420080273739	0.000013564600274160342	-179.9999997273423
12.022644346174118	0.000013316265769942426	-179.99999973229964
12.133888504649763	0.000013072491228504562	-179.999999737161
12.246161992650476	0.000012833192425233002	-179.9999997419276
12.359474334445094	0.000012598286709167277	-179.99999974660054
12.47383514242942	0.000012367692972941002	-179.9999997511806
12.589254117941662	0.000012141331623320477	-179.9999997556685
12.705741052085406	0.000011919124552328199	-179.9999997600647
12.823305826560205	0.000011700995108938888	-179.9999997643693
12.941958414499851	0.000011486868071335483	-179.9999997685821
13.061708881318404	0.00001127666961971327	-179.99999977270224
13.182567385564061	0.000011070327309620053	-179.99999977672837
13.304544179780901	0.000010867770045820777	-179.99999978065816
13.427649611378628	0.000010668928056674706	-179.99999978448807
13.551894123510351	0.000010473732869013566	-179.99999978821293
13.67728825595848	0.000010282117283508281	-179.999999791825
13.803842646028839	0.000010094015350511554	-179.99999979531304
13.931568029453022	9.909362346361852e-6	-179.99999979866035
14.060475241299129	9.728094750131376e-6	-179.9999998018417
14.190575216890911	9.550150220794608e-6	-179.9999998048179
14.321878992735424	9.37546757478187e-6	-179.99999980752605
14.454397707459265	9.203986763855352e-6	-179.99999980986047
14.588142602753473	9.035648853182537e-6	-179.99999981163265
14.723125024327178	8.870395999321467e-6	-179.99999981247996
14.859356422870059	8.708171427369359e-6	-179.99999981162935
14.996848355023726	8.548919404960967e-6	-179.99999980717706
15.135612484362072	8.392585204173938e-6	-179.99999979329468
15.275660582380716	8.239115002283689e-6	-179.9999997440199
15.417004529495584	8.08845517061633e-6	-179.9999993817369
15.559656316050734	7.940570511922193e-6	-179.9999942563477
15.703628043335515	7.795372670757691e-6	-179.99999966980084
15.848931924611126	7.652842016535759e-6	-179.99999979624198
15.995580286146678	7.512922363269635e-6	-179.9999998265157
16.143585568264854	7.375565356120183e-6	-179.99999983945548
16.292960326397214	7.2407238202149486e-6	-179.99999984697683
16.443717232149307	7.1083515088878365e-6	-179.99999985226304
16.595869074375596	6.978403047654039e-6	-179.999999856451
16.749428760264365	6.85083390748796e-6	-179.99999986002734
16.90440931643263	6.725600385386132e-6	-179.99999986322825
17.060823890031227	6.602659587428855e-6	-179.99999986617948
17.21868574986006	6.481969412963212e-6	-179.99999986895298
17.378008287493746	6.363488539427798e-6	-179.9999998715924
17.5388050184176	6.247176407626622e-6	-179.9999998741256
17.701089583174202	6.132993207364635e-6	-179.99999987657094
17.864875748520497	6.020899863400704e-6	-179.99999987894125
18.03017740859568	5.910858021692871e-6	-179.9999998812455
18.197008586099827	5.802830035920192e-6	-179.99999988349037
18.365383433483455	5.696778954269991e-6	-179.9999998856809
18.535316234148105	5.592668506482111e-6	-179.9999998878209
18.706821403657997	5.490463091143063e-6	-179.99999988991354
18.879913490962927	5.390127763223974e-6	-179.9999998919613
19.054607179632463	5.291628221856709e-6	-179.99999989396622
19.230917289101576	5.194930798343023e-6	-179.99999989593007
19.408858775927772	5.100002444391809e-6	-179.99999989785445
19.58844673505989	5.006810720579713e-6	-179.99999989974063
19.769696401118598	4.91532378503064e-6	-179.99999990158977
19.952623149688787	4.825510382309693e-6	-179.99999990340302
20.137242498623873	4.737339832527314e-6	-179.9999999051813
20.32357010936221	4.650782020649464e-6	-179.99999990692555
20.511621788255646	4.5658073860097585e-6	-179.99999990863657
20.701413487910415	4.482386912019623e-6	-179.99999991031524
20.892961308540386	4.400492116072567e-6	-179.9999999119622
21.086281499332888	4.320095039638825e-6	-179.9999999135782
21.28139045982711	4.241168238546608e-6	-179.99999991516393
21.47830474130533	4.163684773446368e-6	-179.99999991672
21.67704104819694	4.087618200454518e-6	-179.99999991824706
21.87761623949552	4.012942561973152e-6	-179.9999999197457
22.080047330188993	3.939632377682269e-6	-179.9999999212165
22.28435149270303	3.867662635701294e-6	-179.99999992265998
22.490546058357804	3.797008783916541e-6	-179.99999992407675
22.698648518838212	3.7276467214714383e-6	-179.99999992546728
22.908676527677724	3.659552790416369e-6	-179.99999992683215
23.12064790175594	3.5927037675150927e-6	-179.99999992817177
23.33458062281002	3.5270768562047113e-6	-179.9999999294867
23.55049283896009	3.4626496787062066e-6	-179.99999993077736
23.76840286624876	3.3994002682826982e-6	-179.99999993204426
23.9883291901949	3.3373070616425925e-6	-179.99999993328785
24.210290467361776	3.2763488914848115e-6	-179.9999999345085
24.434305526939713	3.216504979183397e-6	-179.99999993570674
24.660393372343385	3.1577549276088525e-6	-179.99999993688294
24.888573182823905	3.10007871408357e-6	-179.9999999380375
25.118864315095795	3.043456683468802e-6	-179.99999993917086
25.351286304979073	2.9878695413806754e-6	-179.9999999402834
25.58585886905645	2.933298347532764e-6	-179.99999994137553
25.82260190634596	2.87972450920284e-6	-179.9999999424476
26.06153549998895	2.8271297748214164e-6	-179.99999994350003
26.302679918953814	2.775496227679773e-6	-179.9999999445331
26.54605561975539	2.7248062797552084e-6	-179.99999994554727
26.791683248190314	2.67504266565125e-6	-179.9999999465428
27.039583641088434	2.62618843665071e-6	-179.99999994752014
27.289777828080403	2.5782269548793717e-6	-179.9999999484795
27.542287033381662	2.5311418875782594e-6	-179.99999994942132
27.797132677592884	2.4849172014824265e-6	-179.99999995034585
28.05433637951713	2.439537157304232e-6	-179.9999999512535
28.31391995799379	2.394986304319136e-6	-179.99999995214446
28.575905433749465	2.3512494750520883e-6	-179.99999995301914
28.84031503126606	2.3083117800625847e-6	-179.9999999538778
29.10717118066605	2.266158602826562e-6	-179.9999999547207
29.376496519615305	2.2247755947132645e-6	-179.99999995554822
29.648313895243422	2.184148670055328e-6	-179.99999995636054
29.92264636608189	2.144264001310305e-6	-179.99999995715802
30.19951720402016	2.1051080143119123e-6	-179.9999999579409
30.4789498962798	2.0666673836093106e-6	-179.99999995870945
30.76096814740705	2.028929027892752e-6	-179.99999995946393
31.045595881283525	1.9918801055040194e-6	-179.9999999602046
31.332857243155825	1.9555080100299737e-6	-179.99999996093172
31.62277660168376	1.9198003659777405e-6	-179.99999996164553
31.91537855100758	1.884745024529941e-6	-179.9999999623463
32.21068791283432	1.850330059378498e-6	-179.99999996303424
32.50872973854341	1.8165437626355284e-6	-179.9999999637096
32.80952931131187	1.7833746408198799e-6	-179.9999999643726
33.11311214825908	1.750811410917898e-6	-179.99999996502348
33.41950400261139	1.7188429965170353e-6	-179.99999996566245
33.72873086588685	1.6874585240109213e-6	-179.99999996628972
34.040818970100055	1.6566473188745855e-6	-179.99999996690556
34.35579478998743	1.6263989020084945e-6	-179.9999999675101
34.67368504525313	1.5967029861501285e-6	-179.99999996810362
34.994516702835696	1.5675494723518409e-6	-179.99999996868624
35.318316979195664	1.5389284465237476e-6	-179.99999996925823
35.64511334262439	1.5108301760404469e-6	-179.99999996981978
35.9749335155742	1.483245106410364e-6	-179.99999997037105
36.3078054770101	1.4561638580065703e-6	-179.99999997091226
36.64375746478329	1.4295772228579078e-6	-179.99999997144351
36.98281797802659	1.4034761614993202e-6	-179.9999999719651
37.32501577957203	1.3778517998802611e-6	-179.99999997247718
37.670379898390856	1.3526954263301225e-6	-179.99999997297985
38.01893963205609	1.3279984885795982e-6	-179.99999997347336
38.370724549227845	1.3037525908369624e-6	-179.99999997395784
38.72576449216169	1.279949490918223e-6	-179.99999997443348
39.08408957924017	1.2565810974301626e-6	-179.99999997490042
39.44573020752781	1.2336394670052754e-6	-179.9999999753588
39.81071705534969	1.2111168015876333e-6	-179.99999997580883
40.17908108489396	1.1890054457687433e-6	-179.99999997625062
40.55085354483835	1.1672978841724597e-6	-179.99999997668434
40.92606597300105	1.1459867388880455e-6	-179.99999997711015
41.304750199016105	1.1250647669504818e-6	-179.99999997752815
41.68693834703351	1.1045248578671627e-6	-179.99999997793856
42.07266283844438	1.0843600311900917e-6	-179.99999997834144
42.46195639463126	1.0645634341327625e-6	-179.99999997873695
42.85485203974392	1.0451283392308764e-6	-179.99999997912522
43.251383103500835	1.026048142046086e-6	-179.99999997950644
43.65158322401656	1.0073163589119797e-6	-179.99999997988067
44.0554863506553	9.889266247215134e-7	-179.99999998024808
44.46312674691084	9.708726907551181e-7	-179.99999998060875
44.87453899331318	9.531484225487473e-7	-179.99999998096283
45.28975799036204	9.357477978011023e-7	-179.99999998131045
45.708818961487474	9.186649043193351e-7	-179.99999998165174
46.13175745603791	9.018939380024912e-7	-179.99999998198678
46.55860935229586	8.854292008620157e-7	-179.99999998231567
46.98941086052151	8.692650990786215e-7	-179.9999999826386
47.42419852602443	8.533961410948603e-7	-179.9999999829556
47.8630092322638	8.378169357427277e-7	-179.99999998326683
48.30588020397723	8.225221904056526e-7	-179.99999998357234
48.7528490103386	8.075067092142498e-7	-179.9999999838723
49.20395356814506	7.927653912751927e-7	-179.99999998416678
49.65923214503358	7.782932289326125e-7	-179.99999998445585
50.118723362727195	7.640853060614089e-7	-179.99999998473967
50.58246620031137	7.501367963918922e-7	-179.9999999850183
51.0504999975406	7.364429618651752e-7	-179.99999998529182
51.52286445817562	7.229991510187487e-7	-179.99999998556035
51.99959965335157	7.098007974016796e-7	-179.999999985824
52.48074602497723	6.968434180188926e-7	-179.9999999860828
52.966344389165755	6.84122611803992e-7	-179.9999999863369
53.45643593969714	6.716340581201006e-7	-179.99999998658632
53.95106225151273	6.593735152881992e-7	-179.9999999868312
54.450265284242086	6.4733681914246e-7	-179.99999998707162
54.95408738576243	6.355198816120733e-7	-179.99999998730763
55.462571295791044	6.239186893290853e-7	-179.99999998753933
55.97576014951099	6.125293022617586e-7	-179.99999998776678
56.49369748123023	6.013478523729981e-7	-179.99999998799007
57.01642722807472	5.903705423033657e-7	-179.99999998820928
57.543993733715666	5.795936440782413e-7	-179.99999998842446
58.07644175213118	5.690134978386825e-7	-179.99999998863566
58.61381645140285	5.586265105955414e-7	-179.999999988843
59.15616341754737	5.484291550064109e-7	-179.99999998904644
59.70352865838366	5.384179681749693e-7	-179.99999998924602
60.255958607435744	5.285895504722898e-7	-179.99999998944173
60.81350012787176	5.189405643796206e-7	-179.9999999896332
61.37620051647939	5.094677333518958e-7	-179.99999998981937
61.94410750767812	5.001678406991988e-7	-179.99999998999357
62.51726927756855	4.910377284360883e-7	-179.9999999899832
63.0957344480193	4.820742967133397e-7	-179.99999999028068
63.67955209079155	4.732745013689468e-7	-179.99999999053597
64.26877173170195	4.6463535471763934e-7	-179.99999999071645
64.86344335482381	4.5615392331631043e-7	-179.9999999908881
65.46361740672747	4.4782732733729355e-7	-179.99999999105538
66.06934480075958	4.39652739562067e-7	-179.99999999121908
66.68067692136219	4.316273844171086e-7	-179.99999999137964
67.29766562843174	4.237485370292626e-7	-179.9999999915372
67.92036326171844	4.160135222987514e-7	-179.99999999169177
68.54882264526613	4.0841971398925356e-7	-179.99999999184354
69.18309709189363	4.0096453383466716e-7	-179.9999999919925
69.82324040771712	3.9364545066224397e-7	-179.9999999921387
70.46930689671467	3.8645997953177714e-7	-179.99999999228226
71.12135136533288	3.794056808905476e-7	-179.99999999242314
71.77942912713615	3.724801597437434e-7	-179.9999999925615
72.44359600749898	3.6568106484006173e-7	-179.9999999926973
73.11390834834172	3.59006087872214e-7	-179.99999999283062
73.79042301291008	3.524529626920676e-7	-179.9999999929615
74.47319739059888	3.46019464540147e-7	-179.99999999309
75.16228940182053	3.397034092892361e-7	-179.99999999321616
75.85775750291836	3.3350265270182175e-7	-179.99999999334
76.55966069112561	3.2741508970112324e-7	-179.99999999346156
77.26805850957021	3.214386536554614e-7	-179.99999999358093
77.98301105232578	3.155713156757192e-7	-179.9999999936981
78.70457896950977	3.0981108392565407e-7	-179.99999999381316
79.43282347242805	3.041560029448339e-7	-179.9999999939261
80.16780633876782	2.9860415298395107e-7	-179.99999999403695
80.90958991783813	2.931536493523005e-7	-179.9999999941458
81.65823713585914	2.878026417771918e-7	-179.99999999425268
82.41381150130013	2.825493137750796e-7	-179.9999999943576
83.176377110267	2.7739188203419543e-7	-179.9999999944606
83.94599865193965	2.7232859580847144e-7	-179.99999999456173
84.72274141405954	2.6735773632255017e-7	-179.999999994661
85.50667128846823	2.624776161876728e-7	-179.99999999475847
86.29785477669692	2.576865788282532e-7	-179.99999999485414
87.09635899560797	2.5298299791893556e-7	-179.99999999494807
87.90225168308834	2.4836527683194783e-7	-179.9999999950403
88.71560120379598	2.438318480945603e-7	-179.99999999513082
89.53647655495928	2.393811728564647e-7	-179.99999999521972
90.36494737223005	2.3501174036689242e-7	-179.99999999530698
91.20108393559087	2.3072206746129337e-7	-179.99999999539264
92.04495717531702	2.2651069805739945e-7	-179.99999999547674
92.89663867799354	2.2237620266050136e-7	-179.9999999955593
93.75620069258792	2.1831717787777224e-7	-179.99999999564037
94.6237161365792	2.143322459414675e-7	-179.99999999571997
95.4992586021435	2.1042005424084322e-7	-179.99999999579808
96.38290236239695	2.0657927486263008e-7	-179.9999999958748
97.2747223776964	2.028086041399093e-7	-179.99999999595008
98.17479430199833	1.9910676220923307e-7	-179.99999999602403
99.08319448927665	1.9547249257584167e-7	-179.9999999960966
99.9999999999999	1.919045616868277e-7	-179.99999999616784