0.01000000000000001	0.012208846502409533	-2.24035673114813
0.010092528860766855	0.012210484104101211	-2.2414834681612836
0.01018591388054118	0.012212153112459604	-2.2426318029224337
0.010280162981264745	0.012213854148389125	-2.2438021673277193
0.010375284158180138	0.012215587845778518	-2.244995002539853
0.010471285480509006	0.01221735485179967	-2.246210759210302
0.010568175092136596	0.01221915582721405	-2.2474498977076816
0.01066596121230259	0.012220991446686974	-2.248712888352223
0.010764652136298361	0.012222862399110674	-2.2500002116571105
0.010864256236170667	0.012224769387935784	-2.2513123585765853
0.010964781961431863	0.012226713131511626	-2.2526498307609044
0.011066237839776675	0.012228694363435854	-2.2540131408186865
0.011168632477805623	0.012230713832913761	-2.255402812587038
0.011271974561755117	0.0122327723051268	-2.2568193814088287
0.011376272858234322	0.012234870561611629	-2.2582633944185178
0.01148153621496884	0.012237009400649737	-2.259735410836239
0.011587773561551273	0.012239189637667179	-2.261236002270079
0.011694993910198724	0.01224141210564625	-2.2627657530278444
0.01180320635651731	0.012243677655547661	-2.264325260437253
0.011912420080273762	0.012245987156745866	-2.2659151351766145
0.012022644346174144	0.012248341497475279	-2.267536001614387
0.012133888504649786	0.012250741585290012	-2.269188498159525
0.012246161992650502	0.012253188347536461	-2.2708732776222105
0.01235947433444512	0.01225568273183947	-2.27259100758552
0.012473835142429446	0.012258225706602352	-2.2743423707883847
0.012589254117941687	0.012260818261521337	-2.27612806552021
0.012705741052085433	0.012263461408115404	-2.277948806027896
0.012823305826560232	0.012266156180270936	-2.2798053229351023
0.01294195841449987	0.012268903634802958	-2.281698363674875
0.013061708881318424	0.012271704852032666	-2.2836286929356056
0.013182567385564082	0.01227456093638216	-2.2855970931211136
0.01330454417978092	0.012277473016986852	-2.287604364825173
0.013427649611378649	0.012280442248326397	-2.289651327321252
0.01355189412351037	0.012283469810874711	-2.2917388190679233
0.013677288255958502	0.012286556911769362	-2.2938676982303003
0.013803842646028859	0.012289704785501804	-2.2960388432186076
0.013931568029453043	0.012292914694628844	-2.2982531532442874
0.01406047524129915	0.012296187930505426	-2.300511548893906
0.014190575216890933	0.012299525814040823	-2.302814972722284
0.014321878992735446	0.01230292969647805	-2.305164389865111
0.014454397707459286	0.01230640096019833	-2.3075607886722667
0.014588142602753497	0.012309941019549837	-2.310005181361601
0.014723125024327202	0.01231355132170387	-2.312498604695381
0.014859356422870082	0.012317233347537938	-2.315042120679488
0.014996848355023748	0.012320988612546876	-2.3176368172860933
0.015135612484362095	0.01232481866778416	-2.320283809201567
0.015275660582380739	0.012328725100833096	-2.3229842385997728
0.015417004529495607	0.012332709536810055	-2.3257392759422686
0.015559656316050758	0.012336773639401092	-2.3285501208066157
0.01570362804333554	0.012340919111932004	-2.3314180027433187
0.015848931924611148	0.012345147698474725	-2.33434418216324
0.015995580286146702	0.012349461184990628	-2.337329951256626
0.016143585568264878	0.012353861400512348	-2.3403766349447905
0.016292960326397238	0.01235835021836524	-2.3434855918657727
0.01644371723214933	0.012362929557431287	-2.3466582153960838
0.016595869074375623	0.012367601383455953	-2.349895934709317
0.01674942876026439	0.012372367710400102	-2.3532002158734855
0.016904409316432657	0.012377230601839116	-2.3565725629888554
0.017060823890031253	0.012382192172410874	-2.3600145193678306
0.017218685749860088	0.012387254589314738	-2.363527668758939
0.017378008287493772	0.012392420073863706	-2.3671136366166845
0.01753880501841763	0.012397690903091806	-2.370774091419311
0.01770108958317423	0.01240306941141908	-2.374510746036499
0.017864875748520526	0.012408557992377072	-2.3783253591496587
0.018030177408595707	0.012414159100396687	-2.382219736726601
0.018197008586099853	0.012419875252661887	-2.386195733553571
0.018365383433483484	0.012425709031030815	-2.3902552548264047
0.018535316234148135	0.012431663084029466	-2.3944002578049925
0.018706821403658026	0.012437740128918826	-2.3986327535324303
0.018879913490962956	0.012443942953839585	-2.4029548086224133
0.019054607179632494	0.012450274420038926	-2.407368547118731
0.019230917289101597	0.012456737464181291	-2.4118761524290555
0.019408858775927792	0.012463335100748164	-2.4164798693375094
0.01958844673505991	0.012470070424530336	-2.421182006099089
0.01976969640111862	0.012476946613217115	-2.4259849366202206
0.01995262314968881	0.012483966930087194	-2.430891102729731
0.020137242498623895	0.012491134726805072	-2.435903016543994
0.02032357010936223	0.012498453446328934	-2.441023262931535
0.020511621788255666	0.012505926625934818	-2.4462545020817084
0.020701413487910436	0.012513557900361922	-2.4515994721821848
0.02089296130854041	0.012521351005086367	-2.4570609922115714
0.02108628149933291	0.012529309779728035	-2.4626419648520153
0.021281390459827135	0.012537438171597878	-2.4683453795284533
0.021478304741305354	0.01254574023939159	-2.474174315580334
0.02167704104819696	0.012554220157038814	-2.4801319455737785
0.02187761623949554	0.01256288221771242	-2.486221538759467
0.022080047330189013	0.012571730838009096	-2.492446464685983
0.022284351492703053	0.012580770562307523	-2.4988101969750875
0.022490546058357826	0.012590006067314209	-2.505316317268264
0.022698648518838235	0.012599442166805749	-2.5119685193530246
0.022908676527677748	0.012609083816579103	-2.518770613479705
0.023120647901755963	0.012618936119617962	-2.5257265308770567
0.023334580622810044	0.01262900433149002	-2.5328403284799177
0.023550492838960112	0.012639293865983033	-2.5401161938776
0.023768402866248782	0.012649810300996621	-2.5475584504981263
0.02398832919019492	0.012660559384699482	-2.5551715630386784
0.0242102904673618	0.012671547041969336	-2.562960143158065
0.02443430552693974	0.012682779381128648	-2.5709289554444923
0.024660393372343412	0.012694262700993749	-2.5790829236751467
0.02488857318282393	0.012706003498253562	-2.5874271373836533
0.025118864315095822	0.012718008475196463	-2.595966858753267
0.025351286304979098	0.012730284547804966	-2.6047075298550166
0.02558585886905648	0.012742838854238492	-2.6136547802502794
0.025822601906345985	0.012755678763725894	-2.6228144349795457
0.026061535499988978	0.012768811885892519	-2.6321925229608794
0.026302679918953843	0.012782246080544695	-2.6417952858211446
0.026546055619755416	0.012795989467940205	-2.6516291871876727
0.026791683248190343	0.012810050439571423	-2.6617009224668915
0.027039583641088463	0.012824437669493038	-2.672017429141162
0.027289777828080432	0.012839160126225099	-2.6825858976144064
0.02754228703338169	0.012854227085267553	-2.6934137826421556
0.02779713267759291	0.012869648142261344	-2.704508815381149
0.02805433637951716	0.01288543322683748	-2.715879016099235
0.028313919957993816	0.012901592617194967	-2.727532707586674
0.028575905433749497	0.012918136955453621	-2.739478529314543
0.028840315031266085	0.012935077263830367	-2.751725452389029
0.02910717118066608	0.012952424961689918	-2.7642827953527775
0.029376496519615335	0.012970191883527373	-2.777160240890694
0.029648313895243455	0.012988390297941332	-2.7903678534995304
0.02992264636608192	0.013007032927662532	-2.8039160981868365
0.030199517204020192	0.013026132970706704	-2.817815860268648
0.03047894989627986	0.013045704122726782	-2.832078466341939
0.03076096814740711	0.013065760600643688	-2.846715706512654
0.031045595881283587	0.01308631716764215	-2.861739857967071
0.03133285724315589	0.013107389159625631	-2.877163709982141
0.031622776601683826	0.013128992513228391	-2.893000590475836
0.03191537855100765	0.013151143795495103	-2.909264394209649
0.03221068791283438	0.0131738602353432	-2.925969612762414
0.03250872973854347	0.013197159756934996	-2.9431313664054657
0.03280952931131194	0.013221061015096323	-2.960765438020524
0.03311311214825915	0.01324558343292842	-2.9788883092121194
0.03341950400261146	0.013270747241774935	-2.99751719878168
0.03372873086588692	0.013296573523715716	-3.0166701037424355
0.034040818970100126	0.013323084256777444	-3.036365843072019
0.0343557947899875	0.013350302363064311	-3.0566241044156808
0.0346736850452532	0.013378251760031922	-3.077465493972791
0.034994516702835765	0.013406957415145837	-3.0989115898201436
0.035318316979195734	0.013436445404188374	-3.120984998948879
0.03564511334262446	0.013466742973500123	-3.1437094183168126
0.03597493351557427	0.01349787860646899	-3.1671097002467694
0.03630780547701017	0.013529882094609272	-3.1912119225328435
0.03664375746478335	0.01356278461360292	-3.2160434636502333
0.03698281797802665	0.013596618804712215	-3.2416330835035585
0.037325015779572084	0.013631418862010162	-3.268011010189902
0.037670379898390914	0.013667220625919446	-3.295209033301358
0.038018939632056145	0.013704061683596629	-3.3232606043426745
0.0383707245492279	0.013741981476753443	-3.3522009448997783
0.038725764492161745	0.013781021417562201	-3.382067163257373
0.03908408957924023	0.013821225013363086	-3.4128983802402852
0.03944573020752787	0.01386263800095811	-3.444735865129989
0.039810717055349755	0.013905308491362053	-3.4776231826017456
0.04017908108489402	0.01394928712597083	-3.5116063517286293
0.040550853544838415	0.01399462724520687	-3.5467340182113962
0.040926065973001115	0.014041385070819638	-3.5830576411245176
0.041304750199016166	0.014089619903141982	-3.6206316956091493
0.04168693834703357	0.014139394334752172	-3.659513893110613
0.04207266283844444	0.014190774482147573	-3.699765420937745
0.04246195639463132	0.014243830237222742	-3.741451203131961
0.042854852039743985	0.014298635540548483	-3.78464018486823
0.04325138310350091	0.014355268678678482	-3.8294056428748013
0.04365158322401663	0.014413812607979014	-3.8758255246655353
0.044055486350655364	0.014474355307769513	-3.9239828197195084
0.04446312674691091	0.01453699016590624	-3.9739659661393394
0.04487453899331325	0.014601816400322449	-4.025869296765235
0.04528975799036211	0.014668939520483483	-4.079793529240494
0.04570881896148754	0.014738471833214452	-4.135846305110025
0.04613175745603798	0.014810532997934988	-4.194142783713602
0.04655860935229591	0.014885250636996212	-4.254806297415471
0.04698941086052156	0.014962761007570496	-4.317969075611595
0.04742419852602448	0.015043209742423472	-4.383773046001254
0.04786300923226385	0.015126752667895208	-4.452370722810397
0.04830588020397728	0.015213556708595989	-4.523926193068071
0.04875284901033865	0.015303800889656063	-4.5986162136588655
0.04920395356814511	0.015397677448951616	-4.676631433795772
0.04965923214503363	0.01549539307354339	-4.758177759782405
0.05011872336272725	0.015597170276701868	-4.843477881562991
0.05058246620031143	0.015703248934379826	-4.932772983640661
0.051050499997540646	0.015813888002924468	-5.026324666596001
0.05152286445817567	0.015929367443248493	-5.124417109743186
0.05199959965335162	0.016049990380745876	-5.227359510594746
0.052480746024977286	0.016176085535022967	-5.335488842902666
0.05296634438916581	0.016308009959203746	-5.449172982341737
0.05345643593969719	0.0164461521353325	-5.568814257652758
0.05395106225151279	0.016590935480448876	-5.694853495582823
0.05445026528424214	0.016742822327573285	-5.827774640689191
0.05495408738576248	0.016902318457406282	-5.96811004648076
0.0554625712957911	0.01706997827048829	-6.116446553141262
0.05597576014951104	0.017246410706403318	-6.2734324900119836
0.05649369748123028	0.01743228603700686	-6.439785769155571
0.05701642722807478	0.01762834368546105	-6.616303271016509
0.05754399373371572	0.01783540125311454	-6.803871766153988
0.05807644175213124	0.018054364973288974	-7.003480670470238
0.05861381645140291	0.018286241856496747	-7.216236998179082
0.05915616341754743	0.018532153847619092	-7.443382960731667
0.05970352865838372	0.01879335438477338	-7.686316765997416
0.06025595860743581	0.019071247835354507	-7.946617306748448
0.060813500127871824	0.019367412391271897	-8.22607359962829
0.061376200516479455	0.019683627138070252	-8.526720056997112
0.06194410750767818	0.02002190417803467	-8.850878960014049
0.06251726927756862	0.0203845268937956	-9.201211873370557
0.06309573444801936	0.020774095696309943	-9.580782229212298
0.06367955209079162	0.021193582921146998	-9.993131949777618
0.064268771731702	0.021646398932854798	-10.442375830021167
0.06486344335482389	0.02213647198179861	-10.933318538937728
0.06546361740672754	0.022668344941097623	-11.471600627381829
0.06606934480075964	0.023247292732236295	-12.063881998469043
0.06668067692136226	0.023879465000561928	-12.718074110509946
0.06729766562843183	0.024572059344827896	-13.443636029134124
0.0679203632617185	0.025333530942500387	-14.251954721627513
0.0685488226452662	0.02617384431788217	-15.156837230539772
0.0691830970918937	0.027104771386160017	-16.17515227870576
0.06982324040771719	0.028140234975276845	-17.32767229574821
0.07046930689671474	0.02929668518574961	-18.64018467224724
0.07112135136533296	0.030593470077279035	-20.14496360957523
0.07177942912713622	0.032053108277684934	-21.88271975256767
0.07244359600749906	0.033701262020737185	-23.905167031592644
0.0731139083483418	0.03556599328611154	-26.278344138151013
0.07379042301291015	0.03767547005073032	-29.08674767779914
0.07447319739059896	0.040052523868351	-32.438044881377046
0.07516228940182061	0.04270316818395931	-36.4673463454567
0.07585775750291844	0.045594422996736	-41.33816743201267
0.07655966069112569	0.04861582558200109	-47.23346033426714
0.07726805850957029	0.05152387908910652	-54.32427496534184
0.07798301105232593	0.05389105520248635	-62.69995933247978
0.07870457896950993	0.055128632307007354	-72.258185077048
0.07943282347242822	0.05467805077292359	-82.60681347743206
0.08016780633876798	0.052337244036515344	-93.09104338498331
0.0809095899178383	0.04844122413209504	-103.00096255701514
0.0816582371358593	0.043674344565557785	-111.8230344998055
0.0824138115013003	0.038709561362375494	-119.34381867821341
0.08317637711026717	0.03399526655957361	-125.58812112349315
0.08394599865193982	0.02974562156868155	-130.7031733954867
0.08472274141405972	0.026018350527803453	-134.87061352196494
0.08550667128846841	0.02279049340700193	-138.2612277730159
0.0862978547766971	0.020006655167428024	-141.01864145866443
0.08709635899560814	0.01760399473952386	-143.2572043615768
0.08790225168308852	0.015523270342297942	-145.0652529900634
0.08871560120379617	0.013712760188617567	-146.50961534967894
0.08953647655495947	0.012128922579670484	-147.63973773892212
0.09036494737223023	0.010735738060626136	-148.49093736181092
0.09120108393559107	0.009503636870098543	-149.08671537417308
0.09204495717531722	0.008408400083663933	-149.44018776835514
0.09289663867799372	0.007430181955901571	-149.55468433749724
0.09375620069258811	0.006552694328720201	-149.42349973117743
0.09462371613657934	0.005762550720850248	-149.02867396074578
0.09549925860214364	0.005048753643082768	-148.33852259137583
0.0963829023623971	0.004402308020814672	-147.30339663086508
0.09727472237769656	0.0038159497672009142	-145.84877072409833
0.09817479430199849	0.003283989895554083	-143.8641511962032
0.09908319448927681	0.0028022928004154033	-141.18539173332968
0.10000000000000005	0.0023684371048447797	-137.56699243152477
0.10092528860766849	0.0019821538688611566	-132.64139311504593
0.10185913880541175	0.001646186726678946	-125.87132726342477
0.10280162981264741	0.0013676456529838719	-116.54432251042408
0.10375284158180131	0.0011591827718596714	-103.98858559863959
0.10471285480509002	0.0010368371236240423	-88.32397635168306
0.1056817509213659	0.0010097206204686554	-71.39210047774363
0.10665961212302584	0.0010677956438227157	-56.00796122499981
0.10764652136298355	0.0011858905972468668	-43.78701807305953
0.10864256236170661	0.0013388547018407322	-34.68965533016874
0.10964781961431856	0.001509165036362339	-28.00994866325033
0.1106623783977667	0.0016863517540871527	-23.050598319141358
0.11168632477805618	0.0018644927537851464	-19.294657956682382
0.1127197456175511	0.002040298128742261	-16.38874056940164
0.11376272858234315	0.0022119686717903125	-14.094903268714974
0.11481536214968835	0.00237855688297369	-12.251420771438251
0.11587773561551268	0.002539610203155418	-10.746334453793684
0.11694993910198717	0.0026949681338556074	-9.500498117030201
0.11803206356517304	0.0028446440181712444	-8.456783250333432
0.11912420080273756	0.002988754464315399	-7.573135241454255
0.12022644346174137	0.003127476302127582	-6.818030458027588
0.1213388850464978	0.0032610198769211897	-6.167446410527704
0.12246161992650495	0.003389612277358025	-5.602801258818701
0.12359474334445113	0.0035134867363021305	-5.109525862561001
0.12473835142429439	0.0036328759397033263	-4.676056404956683
0.1258925411794168	0.0037480078480369374	-4.293111802345508
0.12705741052085426	0.0038591031527243818	-3.9531673340107085
0.12823305826560225	0.003966373805561514	-3.6500656994230853
0.1294195841449987	0.004070022255562116	-3.3787258096726704
0.13061708881318423	0.0041702411521586024	-3.134922082484744
0.1318256738556408	0.004267213354033838	-2.91511527649492
0.13304544179780922	0.00436111213547161	-2.7163214695296207
0.13427649611378642	0.0044521015170445235	-2.5360095933483806
0.13551894123510363	0.0045403366709208075	-2.3720205772159813
0.13677288255958495	0.004625964366996856	-2.2225030070546534
0.13803842646028852	0.004709123436960848	-2.0858615256639657
0.13931568029453034	0.004789945240904925	-1.9607151482239222
0.14060475241299142	0.004868554126306067	-1.8458633573054373
0.14190575216890927	0.004945067872812741	-1.740258348616525
0.1432187899273544	0.00501959811878994	-1.6429821748637683
0.1445439770745928	0.00509225076732324	-1.5532278167247133
0.1458814260275349	0.005163126370591772	-1.4702834225849775
0.14723125024327194	0.005232320492348738	-1.3935191205855912
0.14859356422870074	0.00529992404880912	-1.3223759307198208
0.1499684835502374	0.005366023628614189	-1.2563564006853798
0.15135612484362088	0.005430701792778708	-1.1950166638668893
0.15275660582380732	0.005494037355667521	-1.1379596762997874
0.154170045294956	0.00555610564812299	-1.0848294355487809
0.1555965631605075	0.00561697876389265	-1.0353060209620828
0.15703628043335532	0.005676725790503226	-0.9891013238813511
0.15848931924611143	0.005735413025702493	-0.9459553597240548
0.15995580286146696	0.005793104180551763	-0.9056330726532926
0.1614358556826487	0.0058498605702057335	-0.8679215587669296
0.1629296032639723	0.005905741293364777	-0.8326276461130706
0.16443717232149324	0.00596080340133217	-0.7995757799477129
0.16595869074375613	0.006015102057556207	-0.7686061699441088
0.16749428760264382	0.006068690688485605	-0.7395731628944863
0.1690440931643265	0.006121621126518451	-0.7123438100949
0.17060823890031243	0.006173943745778253	-0.6867966032938615
0.17218685749860077	0.006225707591409022	-0.6628203569927159
0.17378008287493762	0.006276960503042012	-0.6403132181529751
0.1753880501841762	0.0063277492330509975	-0.6191817871062724
0.1770108958317422	0.006378119560182471	-0.5993403357693682
0.17864875748520517	0.006428116399118044	-0.5807101112143841
0.180301774085957	0.00647778390650299	-0.5632187142937451
0.18197008586099844	0.0065271655839536785	-0.5467995444207162
0.18365383433483473	0.006576304378539863	-0.5313913028001193
0.18535316234148125	0.006625242781224321	-0.516937547423897
0.18706821403658017	0.006674022923732224	-0.5033862940202658
0.18879913490962946	0.006722686674316493	-0.49068965789627517
0.19054607179632482	0.006771275732882578	-0.47880353226094763
0.19230917289101596	0.00681983172593671	-0.4676872991755834
0.19408858775927793	0.006868396301827309	-0.45730356976293307
0.19588446735059908	0.006917011226756883	-0.44761795072861876
0.1976969640111862	0.006965718482055684	-0.4385988346162981
0.19952623149688808	0.007014560363225206	-0.43021721154027825
0.20137242498623895	0.007063579581281885	-0.4224465004225896
0.2032357010936223	0.007112819366959286	-0.4152623980117255
0.20511621788255666	0.007162323578359314	-0.4086427441821867
0.20701413487910436	0.007212136812683132	-0.4025674022120477
0.2089296130854041	0.007262304522718483	-0.3970181529138053
0.2108628149933291	0.007312873138814391	-0.3919786016546937
0.21281390459827135	0.007363890197136705	-0.38743409744985713
0.21478304741305343	0.007415404475071931	-0.3833716634474448
0.21677041048196952	0.007467466134729302	-0.37977993825129597
0.2187761623949553	0.007520126875589597	-0.37664912764689923
0.22080047330189004	0.007573440097460076	-0.3739709664112476
0.22284351492703042	0.007627461075024099	-0.3717386899996803
0.22490546058357816	0.007682247145422261	-0.36994701601433855
0.22698648518838224	0.007737857910473689	-0.36859213547178976
0.22908676527677735	0.007794355455343801	-0.3676717140036645
0.23120647901755953	0.007851804585693723	-0.3671849032460928
0.23334580622810033	0.00791027308561349	-0.3671323628041103
0.23550492838960102	0.00796983199894789	-0.36751629331827945
0.23768402866248772	0.008030555936986032	-0.3683404813165992
0.2398832919019491	0.008092523415903044	-0.3696103567081967
0.2421029046736179	0.008155817227837587	-0.3713330639718045
0.24434305526939726	0.008220524850064734	-0.37351754831578143
0.246603933723434	0.008286738897407353	-0.3761746583449548
0.24888573182823917	0.008354557623835957	-0.37931726706978597
0.25118864315095807	0.008424085480167386	-0.3829604134455203
0.2535128630497908	0.008495433735914973	-0.38712146704404354
0.25585858869056466	0.008568721174717861	-0.3918203189550655
0.2582260190634597	0.008644074874426607	-0.397079602603039
0.26061535499988964	0.00872163108492413	-0.4029249488764063
0.2630267991895383	0.008801536219193527	-0.40938528082505954
0.26546055619755404	0.008883947976127382	-0.4164931542293153
0.2679168324819033	0.00896903661724207	-0.4242851516270074
0.2703958364108845	0.009056986424021822	-0.43280233897069675
0.2728977782808042	0.009147997368308066	-0.442090796056496
0.27542287033381674	0.009242287035331375	-0.4522022343346154
0.277971326775929	0.00934009284810093	-0.46319471882787255
0.2805433637951715	0.00944167465357804	-0.47513351485634
0.28313919957993805	0.009547317746233805	-0.48809208537413284
0.2857590543374948	0.009657336424500165	-0.5021532713666712
0.2884031503126607	0.009772078202050042	-0.5174106964916103
0.29107171180666064	0.009891928831408424	-0.533970448783417
0.2937649651961532	0.010017318345988487	-0.5519531079665086
0.2964831389524344	0.010148728394111765	-0.5714962085066079
0.29922646366081906	0.010286701233970245	-0.5927572586871247
0.30199517204020176	0.010431850896059703	-0.6159174789614779
0.30478949896279844	0.010584877222438286	-0.6411864854035413
0.307609681474071	0.010746583798456825	-0.6688082374534149
0.3104559588128357	0.010917901267782023	-0.6990687123807262
0.3133285724315587	0.011099918280893838	-0.7323059954066546
0.3162277660168381	0.011293923581570393	-0.7689238452083784
0.31915378551007634	0.011501464886169474	-0.8094104253960503
0.3221068791283436	0.011724434053557236	-0.8543650137440936
0.32508729738543457	0.011965195245919973	-0.9045375948827753
0.3280952931131192	0.012226787035147024	-0.9608903814225006
0.3311311214825913	0.012513259473900685	-1.0246990499634134
0.33419504002611444	0.012830275539885605	-1.097731441070271
0.3372873086588691	0.013186276922885749	-1.1825915955515856
0.34040818970100106	0.013594991561207005	-1.2834587141940086
0.34355794789987465	0.014081614707331056	-1.4079185355822532
0.34673685045253166	0.014701237722227258	-1.5725015100291693
0.3499451670283573	0.015612690756989338	-1.8254882462443698
0.353183169791957	0.017602821518503918	-2.41815635669038
0.35645113342624424	0.08781603851430679	-131.49909516687484
0.3597493351557423	0.01266047984053214	-1.173501602474752
0.36307805477010135	0.014747457602085939	-1.6583339214745842
0.36643757464783333	0.01596136055139183	-2.001401534840065
0.3698281797802663	0.0170439295189925	-2.3363455517607443
0.3732501577957206	0.018172341554659507	-2.708418997234402
0.37670379898390893	0.01943935670182196	-3.1489408604775337
0.38018939632056126	0.02092973638907199	-3.6927145493963716
0.38370724549227886	0.02275051629895549	-4.388339329688732
0.3872576449216173	0.025061068224156345	-5.312249096557177
0.3908408957924021	0.028124959524803792	-6.597486881994033
0.39445730207527846	0.032419004348709896	-8.539844951344284
0.3981071705534973	0.038775977722963366	-11.375461816790772
0.40179081084894	0.049584589346909916	-16.6090415344038
0.40550853544838394	0.07036549894672382	-27.793490368402725
0.40926065973001097	0.11010466758057005	-58.57341515836588
0.41304750199016144	0.09638021460532858	-116.2008703645548
0.4168693834703355	0.051391074693912624	-143.60984348080206
0.4207266283844442	0.030078709199548893	-154.66359041205197
0.424619563946313	0.018828303291992095	-159.19032990290268
0.4285485203974396	0.012066348466253249	-160.8142601812678
0.43251383103500884	0.007480960039303521	-160.19650337169742
0.4365158322401661	0.004084168089862369	-155.62704314826712
0.44055486350655343	0.0015046689531406168	-131.20456630331032
0.4446312674691088	0.001620136874756488	-27.241882713850142
0.4487453899331323	0.003842778560530334	-6.671811323274012
0.4528975799036209	0.0064273672293350395	-1.9069569135426785
0.4570881896148752	0.009765326195677954	-0.2944054579116437
0.46131757456037953	0.015147067239288744	-0.41963602494971497
0.4655860935229591	0.02816281674596552	-4.113921774421437
0.4698941086052156	0.118868424024832	-53.76833429847262
0.4742419852602448	0.030119593331488698	-151.60662571403464
0.47863009232263853	0.012320571037707785	-158.18596774423568
0.48305880203977286	0.006241744626083779	-154.2721436827262
0.4875284901033865	0.0031613420460058416	-141.73963746734344
0.4920395356814511	0.0016129813648730052	-104.4432494922033
0.49659232145033627	0.001753244746920308	-48.995329948243864
0.5011872336272725	0.0026734587510250166	-25.889052441720434
0.5058246620031143	0.003637105533057037	-16.97232615062597
0.5105049999754064	0.004546700773916085	-12.571348066252073
0.5152286445817567	0.005406901230610759	-10.032850671232971
0.5199959965335162	0.006234409085490352	-8.42694758050935
0.5248074602497729	0.007045719045581769	-7.355036748721725
0.5296634438916581	0.007855735153834049	-6.62142701037653
0.5345643593969719	0.008678202692248367	-6.121128553295326
0.5395106225151278	0.009526397066993859	-5.794967551544758
0.5445026528424215	0.010413783399820305	-5.6095087148137575
0.5495408738576248	0.011354604852770124	-5.547378900530393
0.5546257129579107	0.012364385093812469	-5.602392720251069
0.5597576014951101	0.01346029126992851	-5.776957801173334
0.5649369748123025	0.01466122489565048	-6.080245082043346
0.5701642722807475	0.01598741493207411	-6.525568090953184
0.5754399373371569	0.017459328169839274	-7.124532639478966
0.580764417521312	0.019096450025630877	-7.874143532725585
0.5861381645140288	0.020919336131066557	-8.733597316328968
0.591561634175474	0.02296473089836333	-9.597726123398992
0.5970352865838369	0.02532871244914182	-10.302318020924915
0.6025595860743578	0.02823941313986291	-10.714401561086593
0.6081350012787179	0.032135128147722555	-10.887387059274134
0.6137620051647943	0.03777348508406002	-11.158755055052646
0.6194410750767815	0.04659984670922323	-12.230292826413937
0.6251726927756859	0.06211292214869256	-15.885682373313278
0.6309573444801934	0.09283652072131457	-30.342429379955863
0.6367955209079159	0.0858280720026283	-64.1267091240829
0.6426877173170198	0.09310979721241434	-73.75089523335345
0.6486344335482385	0.042412974778608954	-57.24974748568035
0.654636174067275	0.18329482006521622	-9.506411365859437
0.6606934480075961	0.2960963254606883	-179.4381509057126
0.6668067692136223	0.10414803226159824	-179.9686815478271
0.6729766562843178	0.06637413240216448	-179.87844429344835
0.6792036326171846	0.04944975697502576	-179.85130961763304
0.6854882264526617	0.0396247321695578	-179.8559660134031
0.6918309709189366	0.03312803921609987	-179.87079636987414
0.6982324040771715	0.02848051349774117	-179.8863514854701
0.7046930689671471	0.024975401862634146	-179.8992063086683
0.7112135136533292	0.0222293228493022	-179.90868943930087
0.7177942912713619	0.020014996176459972	-179.91522204156405
0.7244359600749902	0.018188554236472546	-179.91951509901745
0.7311390834834176	0.01665422922643746	-179.92223419205578
0.7379042301291011	0.01534567724461294	-179.92389755859477
0.7447319739059892	0.014215420085414132	-179.92487332883636
0.7516228940182057	0.013228548358448932	-179.92540891677456
0.758577575029184	0.012358798168506473	-179.92566419044562
0.7655966069112565	0.011586015906425693	-179.92573893786565
0.7726805850957026	0.010894468545583838	-179.92569302438918
0.7798301105232589	0.010271687020712529	-179.92556030490408
0.7870457896950989	0.009707655847558078	-179.92535789042353
0.7943282347242817	0.0091942335385378	-179.92509217879757
0.8016780633876793	0.008724730424733308	-179.92476270648024
0.8090958991783825	0.008293596041806383	-179.9243645468169
0.8165823713585927	0.007896184168031221	-179.92388959135442
0.8241381150130026	0.007528574603712393	-179.92333241503002
0.8317637711026713	0.007187432235896386	-179.9226713843733
0.8394599865193977	0.006869904491114067	-179.92190152187473
0.8472274141405968	0.006573532080808781	-179.92100652697553
0.8550667128846836	0.006296183413484364	-179.91997031788014
0.8629785477669706	0.006036000103800691	-179.91877506302086
0.870963589956081	0.0057913530605653895	-179.91740075476397
0.8790225168308847	0.005560806624369595	-179.91582472793135
0.8871560120379608	0.005343089033616691	-179.91402106403237
0.8953647655495938	0.005137067899471819	-179.9119598506442
0.9036494737223014	0.004941729663756447	-179.90960625800122
0.9120108393559097	0.004756162231684632	-179.90691938082924
0.9204495717531712	0.004579540133531351	-179.90385077402652
0.9289663867799363	0.004411111689463964	-179.9003425839687
0.9375620069258802	0.0042501877391702084	-179.8963251394891
0.946237161365793	0.0040961315586968425	-179.8917138125683
0.9549925860214359	0.003948349624616135	-179.8864048801176
0.9638290236239705	0.00380628290148478	-179.88027000182365
0.9727472237769651	0.003669398321339765	-179.87314875374886
0.9817479430199844	0.003537180089494336	-179.86483838866639
0.9908319448927676	0.003409120380800189	-179.85507957395828
1.	0.00328470887012089	-179.84353618671662
1.0092528860766845	0.0031634203449893536	-179.82976614776862
1.0185913880541169	0.0030446993347798775	-179.81317843263497
1.0280162981264735	0.0029279401859638645	-179.79296820930188
1.0375284158180127	0.0028124601880849015	-179.76801635536867
1.0471285480508996	0.0026974619760810996	-179.73672903910202
1.0568175092136585	0.002581979063244557	-179.69677259278785
1.066596121230258	0.0024647941424229738	-179.64461731203667
1.076465213629835	0.0023443119970939716	-179.57471421933894
1.0864256236170655	0.002218353785059749	-179.47792215065857
1.096478196143185	0.0020838087231794247	-179.33828444004013
1.1066237839776665	0.0019360126130283637	-179.12581442009892
1.1168632477805611	0.0017675677526438707	-178.7783772034757
1.1271974561755105	0.001565928290667559	-178.14838903881156
1.1376272858234309	0.0013080124083705465	-176.80440625058827
1.1481536214968828	0.0009473753309974999	-172.92485422565787
1.1587773561551262	0.0004093670531414677	-147.2303603737668
1.1694993910198712	0.001050975099259635	-33.40270225343436
1.1803206356517297	0.005189033466509977	-27.11249268266201
1.191242008027375	0.009696811751530972	-168.5054537861913
1.2022644346174132	0.005050017697537971	-175.38735292767947
1.2133888504649775	0.0038494182841924012	-177.59974990679322
1.224616199265049	0.0032808297144378985	-178.51898593901714
1.2359474334445106	0.0029381380829468892	-178.9857376912416
1.2473835142429432	0.002701798648450402	-179.2541346889256
1.2589254117941675	0.0025241863889663933	-179.42178286235688
1.270574105208542	0.0023826118456490293	-179.53266494674182
1.2823305826560218	0.0022648867499871685	-179.60894031283146
1.2941958414499863	0.002163868421829244	-179.66270724036
1.3061708881318417	0.0020750816850919757	-179.7009538359058
1.3182567385564075	0.0019955669655726182	-179.727847521929
1.3304544179780915	0.0019232742431376597	-179.74586094581903
1.3427649611378643	0.0018567211874082178	-179.7563305285963
1.3551894123510364	0.0017947869457428554	-179.75969256370433
1.3677288255958495	0.0017365771329094029	-179.75547494361618
1.3803842646028852	0.0016813230357844472	-179.74199775599607
1.3931568029453034	0.0016282869598050493	-179.7155436689019
1.4060475241299142	0.0015766385683054628	-179.66826500427914
1.4190575216890926	0.0015252294142526672	-179.58244622888753
1.432187899273544	0.001472059769060818	-179.41187269741874
1.4454397707459279	0.0014127379267998626	-179.00276873757076
1.4588142602753489	0.0013360512629193183	-177.5742531565328
1.4723125024327193	0.0013066529629775447	-169.07979603721682
1.4859356422870074	0.0015498712389992488	-175.6559055819213
1.499684835502374	0.0014342421389322074	-179.13022432564551
1.5135612484362087	0.001366768783716622	-179.69102376346328
1.5275660582380732	0.0013180615778148285	-179.85704574259137
1.54170045294956	0.0012774877714611743	-179.92354745697972
1.555965631605075	0.0012413854621389653	-179.95520519623219
1.5703628043335531	0.0012081798993201862	-179.97205036537778
1.584893192461114	0.0011770747580650194	-179.98173843709506
1.5995580286146696	0.001147616136312055	-179.9876395156436
1.6143585568264869	0.0011195202771896154	-179.99139619751594
1.629296032639723	0.0010925962517449182	-179.99387306052517
1.6443717232149324	0.0010667076903671329	-179.9955533711413
1.6595869074375613	0.0010417523103931545	-179.99672062705238
1.6749428760264382	0.0010176502463756674	-179.99754786558245
1.690440931643265	0.000994337035686038	-179.99814426305372
1.7060823890031243	0.0009717592074375989	-179.99858066788684
1.7218685749860079	0.0009498713979194235	-179.99890418018973
1.7378008287493762	0.0009286343985140964	-179.99914677575396
1.753880501841762	0.0009080137939730726	-179.9993305652857
1.770108958317422	0.0008879789864513198	-179.9994710882817
1.7864875748520517	0.000868502478819003	-179.99957942497775
1.803017740859568	0.0008495593367136721	-179.99966357896753
1.8197008586099825	0.0008311267766727984	-179.99972939934594
1.8365383433483455	0.0008131838450776146	-179.99978120610174
1.8535316234148105	0.0007957111637652573	-179.99982222070605
1.8706821403657996	0.0007786907254490634	-179.99985486666705
1.8879913490962925	0.0007621057269545999	-179.99988098195692
1.9054607179632463	0.0007459404315957219	-179.99990197087848
1.9230917289101574	0.0007301800543152078	-179.99991891378252
1.9408858775927773	0.000714810664836274	-179.99993264710616
1.958844673505989	0.0006998191052321834	-179.99994382228485
1.97696964011186	0.0006851929191641089	-179.9999529494765
1.9952623149688788	0.000670920290657669	-179.99996043026442
2.0137242498623875	0.0006569899907506611	-179.99996658229423
2.032357010936221	0.0006433913306928007	-179.99997165795884
2.0511621788255647	0.0006301141206437411	-179.99997585865947
2.0701413487910414	0.0006171486330200011	-179.99997934575413
2.0892961308540388	0.000604485569800344	-179.9999822490104
2.108628149933289	0.0005921160332238212	-179.99998467316487
2.1281390459827114	0.0005800314994133772	-179.99998670303935
2.147830474130533	0.0005682237945366539	-179.99998840754924
2.167704104819694	0.0005566850731789407	-179.99998984285847
2.1877616239495516	0.0005454077986545303	-179.99999105487274
2.208004733018899	0.0005343847250245459	-179.99999208121767
2.228435149270303	0.0005236088806236767	-179.9999929528146
2.2490546058357803	0.0005130735529266235	-179.99999369513975
2.2698648518838214	0.0005027722746086433	-179.99999432923443
2.2908676527677723	0.0004926988106742829	-179.9999948725177
2.312064790175594	0.00048284714654494914	-179.99999533944248
2.333458062281002	0.00047321147700994946	-179.99999574202653
2.355049283896009	0.0004637861959574844	-179.99999609028373
2.376840286624876	0.00045456588681219945	-179.99999639257499
2.39883291901949	0.0004455453136145383	-179.99999665589482
2.4210290467361775	0.0004367194126845991	-179.99999688610563
2.4434305526939712	0.0004280832848195983	-179.9999970881302
2.4660393372343385	0.0004196321879796177	-179.9999972661094
2.48885731828239	0.0004113615304211415	-179.99999742353285
2.5118864315095797	0.0004032668642421046	-179.9999975633461
2.535128630497907	0.0003953438793058776	-179.9999976880398
2.5585858869056453	0.00038758839751483357	-179.99999779972327
2.582260190634596	0.0003799963674070197	-179.9999979001861
2.6061535499988953	0.0003725638590519607	-179.99999799094863
2.6302679918953813	0.0003652870592238601	-179.999998073305
2.654605561975539	0.0003581622668324492	-179.9999981483581
2.6791683248190314	0.00035118588859349713	-179.9999982170497
2.703958364108843	0.0003443544349225676	-179.9999982801851
2.7289777828080406	0.0003376645160370215	-179.99999833845402
2.7542287033381663	0.0003311128382525293	-179.99999839244816
2.7797132677592886	0.00032469620046148375	-179.99999844267595
2.805433637951713	0.00031841149078173486	-179.999998489575
2.831391995799379	0.0003122556833649871	-179.99999853352267
2.8575905433749464	0.0003062258353550337	-179.9999985748448
2.8840315031266055	0.0003003190839867543	-179.99999861382327
2.910717118066605	0.00029453264381749586	-179.99999865070257
2.9376496519615305	0.00028886380408306786	-179.99999868569483
2.9648313895243423	0.00028330992617116134	-179.99999871898476
2.992264636608189	0.00027786844120550937	-179.99999875073328
3.019951720402016	0.00027253684773458477	-179.99999878108108
3.047894989627983	0.00026731270951905935	-179.99999881015125
3.076096814740708	0.000262193653412647	-179.99999883805188
3.1045595881283554	0.0002571773673313146	-179.99999886487794
3.1332857243155856	0.0002522615983061784	-179.99999889071327
3.162277660168379	0.0002474441506157138	-179.99999891563183
3.1915378551007616	0.0002427228839931806	-179.99999893969928
3.2210687912834346	0.00023809571190543975	-179.99999896297385
3.250872973854344	0.00023356059989956395	-179.99999898550752
3.2809529311311905	0.00022911556401387847	-179.9999990073466
3.311311214825911	0.00022475866925026779	-179.99999902853267
3.3419504002611427	0.00022048802810477856	-179.99999904910305
3.372873086588689	0.0002163017991537229	-179.99999906909142
3.404081897010009	0.00021219818569265348	-179.99999908852817
3.4355794789987466	0.00020817543442573378	-179.99999910744089
3.4673685045253166	0.00020423183420316778	-179.99999912585466
3.499451670283573	0.00020036571480448688	-179.9999991437924
3.53183169791957	0.00019657544576561699	-179.99999916127504
3.5645113342624426	0.00019285943524775925	-179.99999917832184
3.5974933515574232	0.0001892161289462306	-179.9999991949505
3.630780547701014	0.00018564400903750772	-179.99999921117745
3.664375746478333	0.00018214159316281246	-179.99999922701778
3.6982817978026628	0.00017870743344666559	-179.99999924248567
3.732501577957206	0.00017534011554891767	-179.99999925759423
3.767037989839089	0.0001720382577488432	-179.99999927235567
3.801893963205613	0.00016880051005995717	-179.99999928678162
3.8370724549227884	0.00016562555337427983	-179.99999930088282
3.8725764492161727	0.00016251209863484198	-179.99999931466948
3.908408957924021	0.00015945888603528062	-179.99999932815118
3.944573020752785	0.0001564646842454336	-179.99999934133706
3.981071705534973	0.0001535282896618936	-179.9999993542357
4.0179081084894	0.0001506485256825331	-179.99999936685535
4.055085354483839	0.00014782424200405873	-179.99999937920376
4.09260659730011	0.00014505431394169852	-179.99999939128838
4.130475019901614	0.00014233764177016712	-179.99999940311633
4.168693834703355	0.0001396731500850949	-179.99999941469443
4.207266283844442	0.00013705978718414285	-179.99999942602915
4.24619563946313	0.00013449652446706302	-179.99999943712672
4.285485203974396	0.00013198235585399544	-179.99999944799322
4.325138310350088	0.00012951629722132574	-179.99999945863436
4.365158322401661	0.00012709738585445885	-179.99999946905572
4.405548635065534	0.0001247246799168895	-179.99999947926273
4.446312674691089	0.00012239725793498048	-179.99999948926046
4.487453899331323	0.00012011421829788459	-179.99999949905393
4.528975799036209	0.00011787467877206848	-179.99999950864805
4.570881896148752	0.00011567777602992317	-179.9999995180474
4.613175745603791	0.00011352266519196526	-179.99999952725656
4.655860935229586	0.00011140851938215389	-179.9999995362799
4.698941086052151	0.0001093345292958715	-179.99999954512165
4.742419852602444	0.00010729990278013036	-179.99999955378593
4.7863009232263805	0.00010530386442558835	-179.9999995622768
4.830588020397723	0.00010334565516997393	-179.99999957059808
4.875284901033861	0.00010142453191253539	-179.99999957875355
4.920395356814506	0.00009953976713914626	-179.9999995867469
4.965923214503357	0.00009769064855771203	-179.99999959458168
5.01187233627272	0.00009587647874353951	-179.99999960226137
5.058246620031137	0.00009409657479434087	-179.99999960978937
5.105049999754059	0.00009235026799456009	-179.99999961716892
5.152286445817562	0.0000906369034887189	-179.99999962440322
5.1999599653351565	0.00008895583996349361	-179.9999996314954
5.248074602497723	0.00008730644933824265	-179.99999963844851
5.296634438916575	0.00008568811646371855	-179.99999964526552
5.345643593969713	0.00008410023882870402	-179.99999965194925
5.395106225151273	0.00008254222627432604	-179.99999965850253
5.445026528424209	0.00008101350071580746	-179.99999966492817
5.495408738576242	0.00007951349587142658	-179.9999996712288
5.5462571295791046	0.00007804165699846252	-179.99999967740703
5.597576014951099	0.00007659744063591366	-179.99999968346538
5.649369748123022	0.00007518031435378253	-179.99999968940637
5.701642722807472	0.00007378975650872881	-179.99999969523242
5.754399373371567	0.00007242525600589999	-179.9999997009459
5.807644175213118	0.00007108631206675434	-179.99999970654912
5.861381645140285	0.0000697724340026987	-179.99999971204437
5.9156163417547365	0.00006848314099436976	-179.9999997174338
5.9703528658383656	0.00006721796187639244	-179.99999972271962
6.025595860743575	0.00006597643492745671	-179.9999997279039
6.081350012787176	0.00006475810766555738	-179.99999973298873
6.137620051647939	0.00006356253664824831	-179.9999997379761
6.194410750767812	0.00006238928727776775	-179.99999974286797
6.251726927756856	0.00006123793361089462	-179.99999974766632
6.30957344480193	0.0000601080581734025	-179.99999975237296
6.367955209079155	0.00005899925177898068	-179.99999975698978
6.426877173170194	0.00005791111335249781	-179.99999976151852
6.486344335482381	0.00005684324975748552	-179.999999765961
6.546361740672747	0.00005579527562772588	-179.99999977031894
6.6069344800759575	0.000054766813202828905	-179.99999977459396
6.668067692136219	0.00005375749216768982	-179.99999977878775
6.729766562843175	0.00005276694949572092	-179.99999978290197
6.792036326171843	0.00005179482929575421	-179.99999978693808
6.854882264526613	0.00005084078266251634	-179.99999979089768
6.918309709189362	0.00004990446753057857	-179.99999979478233
6.9823240407717115	0.00004898554853168954	-179.99999979859342
7.046930689671467	0.00004808369685539984	-179.99999980233244
7.112135136533288	0.00004719859011289116	-179.99999980600083
7.177942912713615	0.000046329912203925294	-179.99999980959987
7.244359600749899	0.00004547735318683098	-179.99999981313107
7.311390834834173	0.000044640609151449124	-179.99999981659562
7.379042301291007	0.00004381938209495869	-179.9999998199949
7.447319739059888	0.00004301337980050942	-179.99999982333014
7.516228940182053	0.00004222231571858814	-179.99999982660262
7.585775750291836	0.0000414459088510489	-179.99999982981353
7.655966069112561	0.00004068388363773825	-179.99999983296405
7.726805850957022	0.00003993596984564998	-179.99999983605542
7.798301105232586	0.00003920190246054504	-179.99999983908873
7.870457896950985	0.00003848142158097412	-179.9999998420651
7.943282347242813	0.00003777427231464281	-179.99999984498567
8.01678063387679	0.00003708020467706048	-179.99999984785146
8.090958991783822	0.00003639897349241599	-179.99999985066356
8.165823713585922	0.000035730338296624924	-179.99999985342302
8.241381150130021	0.0000350740632424946	-179.99999985613078
8.317637711026709	0.00003442991700695493	-179.99999985878793
8.394599865193973	0.00003379767270030414	-179.99999986139537
8.472274141405963	0.00003317710777742025	-179.9999998639541
8.550667128846833	0.000032568003950890786	-179.999999866465
8.629785477669701	0.000031970147106013725	-179.99999986892902
8.709635899560805	0.000031383327217624816	-179.99999987134706
8.790225168308842	0.00003080733826870749	-179.99999987371996
8.871560120379607	0.000030241978170742217	-179.9999998760486
8.953647655495937	0.000029687048685754276	-179.99999987833388
9.036494737223014	0.00002914235535001928	-179.99999988057652
9.120108393559097	0.00002860770739938731	-179.99999988277742
9.204495717531712	0.000028082917696187314	-179.99999988493732
9.289663867799362	0.00002756780265767495	-179.99999988705704
9.375620069258803	0.000027062182185987233	-179.9999998891373
9.462371613657929	0.00002656587959956936	-179.99999989117887
9.549925860214358	0.000026078721566038897	-179.9999998931825
9.638290236239705	0.000025600538036454547	-179.99999989514887
9.727472237769652	0.000025131162180956653	-179.9999998970787
9.817479430199844	0.00002467043032574809	-179.99999989897267
9.908319448927676	0.000024218181891384666	-179.99999990083148
10.	0.000023774259332345122	-179.9999999026558
10.092528860766844	0.000023338508077851617	-179.9999999044462
10.18591388054117	0.000022910776473912263	-179.99999990620344
10.280162981264736	0.000022490915726557912	-179.99999990792804
10.375284158180126	0.00002207877984624646	-179.9999999096207
10.471285480508996	0.000021674225593408215	-179.99999991128198
10.568175092136585	0.00002127711242510685	-179.99999991291241
10.665961212302578	0.000020887302442790808	-179.99999991451267
10.76465213629835	0.00002050466034111115	-179.99999991608325
10.864256236170656	0.000020129053357781846	-179.99999991762476
10.964781961431852	0.00001976035122445953	-179.99999991913768
11.066237839776663	0.000019398426118620224	-179.99999992062263
11.168632477805613	0.000019043152616410954	-179.99999992208004
11.271974561755105	0.000018694407646455	-179.99999992351044
11.37627285823431	0.00001835207044458962	-179.9999999249144
11.481536214968829	0.000018016022509516246	-179.99999992629233
11.587773561551263	0.000017686147559342833	-179.99999992764475
11.694993910198711	0.000017362331488999425	-179.99999992897213
11.803206356517286	0.00001704446232850762	-179.99999993027492
11.912420080273739	0.000016732430202085573	-179.9999999315536
12.022644346174118	0.000016426127288070978	-179.99999993280855
12.133888504649763	0.000016125447779643533	-179.99999993404026
12.246161992650476	0.00001583028784633065	-179.9999999352491
12.359474334445094	0.000015540545596279043	-179.99999993643553
12.47383514242942	0.000015256121039276142	-179.99999993759988
12.589254117941662	0.000014976916050505301	-179.9999999387426
12.705741052085406	0.000014702834335019104	-179.99999993986404
12.823305826560205	0.000014433781392915767	-179.99999994096453
12.941958414499851	0.000014169664485203512	-179.99999994204444
13.061708881318404	0.000013910392600338653	-179.9999999431041
13.182567385564061	0.000013655876421422971	-179.99999994414378
13.304544179780901	0.000013406028294046698	-179.99999994516378
13.427649611378628	0.000013160762194763478	-179.99999994616434
13.551894123510351	0.00001291999370018409	-179.9999999471456
13.67728825595848	0.000012683639956675979	-179.99999994810773
13.803842646028839	0.000012451619650655858	-179.99999994905073
13.931568029453022	0.000012223852979463012	-179.99999994997447
14.060475241299129	0.000012000261622800967	-179.9999999508787
14.190575216890911	0.000011780768714735349	-179.99999995176267
14.321878992735424	0.00001156529881623563	-179.99999995262516
14.454397707459265	0.00001135377788824795	-179.9999999534638
14.588142602753473	0.00001114613326528441	-179.99999995427427
14.723125024327178	0.00001094229362950976	-179.99999995504788
14.859356422870059	0.000010742188985292478	-179.99999995576593
14.996848355023726	0.000010545750634139905	-179.9999999563818
15.135612484362072	0.000010352911149736056	-179.9999999567523
15.275660582380716	0.00001016360435158203	-179.99999995623867
15.417004529495584	9.977765260498144e-6	-179.99999994800643
15.559656316050734	9.795330630220019e-6	-179.99999982242372
15.703628043335515	9.616236750502646e-6	-179.99999995642375
15.848931924611126	9.440423128306721e-6	-179.9999999601885
15.995580286146678	9.267829268229014e-6	-179.99999996157175
16.143585568264854	9.098396000184182e-6	-179.99999996251606
16.292960326397214	8.932065256971115e-6	-179.99999996331528
16.443717232149307	8.768780046643155e-6	-179.99999996404813
16.595869074375596	8.608484431207946e-6	-179.9999999647428
16.749428760264365	8.45112350659302e-6	-179.99999996541155
16.90440931643263	8.296643383200748e-6	-179.9999999660604
17.060823890031227	8.144991166899797e-6	-179.99999996669257
17.21868574986006	7.996114940404231e-6	-179.99999996731012
17.378008287493746	7.84996374501846e-6	-179.99999996791428
17.5388050184176	7.706487562735467e-6	-179.9999999685059
17.701089583174202	7.56563729867876e-6	-179.9999999690857
17.864875748520497	7.427364763880259e-6	-179.99999996965408
18.03017740859568	7.291622658386776e-6	-179.99999997021152
18.197008586099827	7.15836455468834e-6	-179.99999997075827
18.365383433483455	7.027544881461864e-6	-179.99999997129467
18.535316234148105	6.899118907623788e-6	-179.99999997182098
18.706821403657997	6.7730427266855906e-6	-179.99999997233746
18.879913490962927	6.6492732414061504e-6	-179.9999999728443
19.054607179632463	6.527768148735137e-6	-179.99999997334172
19.230917289101576	6.408485925041672e-6	-179.99999997382992
19.408858775927772	6.291385811622685e-6	-179.99999997430905
19.58844673505989	6.176427800485456e-6	-179.99999997477937
19.769696401118598	6.063572620399034e-6	-179.999999975241
19.952623149688787	5.952781723209208e-6	-179.99999997569412
20.137242498623873	5.844017270411953e-6	-179.9999999761389
20.32357010936221	5.737242119980264e-6	-179.99999997657548
20.511621788255646	5.632419813439498e-6	-179.99999997700402
20.701413487910415	5.529514563186323e-6	-179.9999999774247
20.892961308540386	5.42849124004663e-6	-179.99999997783766
21.086281499332888	5.329315361067703e-6	-179.999999978243
21.28139045982711	5.231953077540136e-6	-179.99999997864094
21.47830474130533	5.136371163245059e-6	-179.99999997903157
21.67704104819694	5.042537002922279e-6	-179.999999979415
21.87761623949552	4.950418580955141e-6	-179.99999997979145
22.080047330188993	4.859984470267844e-6	-179.99999998016096
22.28435149270303	4.771203821431146e-6	-179.9999999805237
22.490546058357804	4.6840463519724985e-6	-179.9999999808798
22.698648518838212	4.598482335886596e-6	-179.9999999812294
22.908676527677724	4.514482593342506e-6	-179.99999998157256
23.12064790175594	4.432018480583673e-6	-179.99999998190944
23.33458062281002	4.351061880016994e-6	-179.99999998224013
23.55049283896009	4.2715851904874215e-6	-179.9999999825648
23.76840286624876	4.193561317734463e-6	-179.9999999828835
23.9883291901949	4.116963665027206e-6	-179.99999998319637
24.210290467361776	4.041766123974326e-6	-179.9999999835035
24.434305526939713	3.967943065505822e-6	-179.99999998380503
24.660393372343385	3.895469331023182e-6	-179.999999984101
24.888573182823905	3.824320223714736e-6	-179.9999999843916
25.118864315095795	3.754471500033087e-6	-179.99999998467686
25.351286304979073	3.6858993613314993e-6	-179.9999999849569
25.58585886905645	3.6185804456562465e-6	-179.9999999852318
25.82260190634596	3.552491819691924e-6	-179.9999999855017
26.06153549998895	3.487610970856851e-6	-179.9999999857666
26.302679918953814	3.423915799545671e-6	-179.9999999860267
26.54605561975539	3.3613846115164083e-6	-179.99999998628203
26.791683248190314	3.299996110419182e-6	-179.9999999865327
27.039583641088434	3.2397293904639477e-6	-179.9999999867788
27.289777828080403	3.1805639292245874e-6	-179.99999998702035
27.542287033381662	3.1224795805768013e-6	-179.99999998725752
27.797132677592884	3.0654565677672486e-6	-179.99999998749036
28.05433637951713	3.009475476611464e-6	-179.99999998771892
28.31391995799379	2.9545172488181196e-6	-179.99999998794328
28.575905433749465	2.900563175437242e-6	-179.99999998816355
28.84031503126606	2.847594890430033e-6	-179.9999999883798
29.10717118066605	2.7955943643580453e-6	-179.9999999885921
29.376496519615305	2.744543898189395e-6	-179.9999999888005
29.648313895243422	2.6944261172198637e-6	-179.9999999890051
29.92264636608189	2.645223965106709e-6	-179.99999998920595
30.19951720402016	2.5969206980130477e-6	-179.99999998940316
30.4789498962798	2.549499878860754e-6	-179.99999998959674
30.76096814740705	2.5029453716898005e-6	-179.99999998978677
31.045595881283525	2.4572413361221163e-6	-179.99999998997333
31.332857243155825	2.4123722219278864e-6	-179.99999999015648
31.62277660168376	2.3683227636924722e-6	-179.9999999903363
31.91537855100758	2.325077975582011e-6	-179.9999999905128
32.21068791283432	2.282623146205852e-6	-179.99999999068612
32.50872973854341	2.24094383357404e-6	-179.99999999085622
32.80952931131187	2.200025860148019e-6	-179.99999999102326
33.11311214825908	2.1598553079828585e-6	-179.99999999118722
33.41950400261139	2.1204185139592646e-6	-179.99999999134818
33.72873086588685	2.0817020651036875e-6	-179.9999999915062
34.040818970100055	2.0436927939949114e-6	-179.99999999166133
34.35579478998743	2.006377774255472e-6	-179.99999999181364
34.67368504525313	1.9697443161263432e-6	-179.99999999196314
34.994516702835696	1.93377996212333e-6	-179.99999999210993
35.318316979195664	1.8984724827736382e-6	-179.99999999225403
35.64511334262439	1.8638098724311278e-6	-179.9999999923955
35.9749335155742	1.8297803451687904e-6	-179.99999999253438
36.3078054770101	1.7963723307469936e-6	-179.99999999267072
36.64375746478329	1.763574470656095e-6	-179.99999999280456
36.98281797802659	1.731375614232039e-6	-179.99999999293598
37.32501577957203	1.6997648148435619e-6	-179.999999993065
37.670379898390856	1.6687313261496975e-6	-179.99999999319164
38.01893963205609	1.6382645984262515e-6	-179.99999999331598
38.370724549227845	1.608354274959973e-6	-179.99999999343802
38.72576449216169	1.5789901885091621e-6	-179.99999999355788
39.08408957924017	1.5501623578294845e-6	-179.99999999367552
39.44573020752781	1.5218609842637609e-6	-179.999999993791
39.81071705534969	1.4940764483945737e-6	-179.99999999390437
40.17908108489396	1.4667993067584946e-6	-179.9999999940157
40.55085354483835	1.4400202886208045e-6	-179.99999999412498
40.92606597300105	1.413730292809586e-6	-179.99999999423224
41.304750199016105	1.387920384608073e-6	-179.99999999433757
41.68693834703351	1.3625817927041888e-6	-179.99999999444097
42.07266283844438	1.3377059061962035e-6	-179.99999999454246
42.46195639463126	1.3132842716534804e-6	-179.99999999464214
42.85485203974392	1.2893085902312806e-6	-179.99999999473997
43.251383103500835	1.2657707148386233e-6	-179.99999999483603
43.65158322401656	1.2426626473582347e-6	-179.9999999949303
44.0554863506553	1.2199765359175996e-6	-179.99999999502288
44.46312674691084	1.1977046722101834e-6	-179.99999999511374
44.87453899331318	1.1758394888658904e-6	-179.99999999520298
45.28975799036204	1.1543735568698502e-6	-179.99999999529055
45.708818961487474	1.1332995830286366e-6	-179.99999999537656
46.13175745603791	1.1126104074830416e-6	-179.99999999546097
46.55860935229586	1.0922990012665403e-6	-179.99999999554385
46.98941086052151	1.0723584639086106e-6	-179.99999999562522
47.42419852602443	1.0527820210820699e-6	-179.99999999570508
47.8630092322638	1.0335630222936198e-6	-179.9999999957835
48.30588020397723	1.0146949386167995e-6	-179.9999999958605
48.7528490103386	9.961713604665646e-7	-179.99999999593607
49.20395356814506	9.779859954147223e-7	-179.99999999601027
49.65923214503358	9.601326660454692e-7	-179.99999999608312
50.118723362727195	9.426053078502924e-7	-179.9999999961546
50.58246620031137	9.253979671615026e-7	-179.99999999622483
51.0504999975406	9.085047991236952e-7	-179.99999999629372
51.52286445817562	8.919200657024297e-7	-179.99999999636142
51.99959965335157	8.756381337294469e-7	-179.99999999642785
52.48074602497723	8.596534729837517e-7	-179.99999999649307
52.966344389165755	8.439606543078946e-7	-179.99999999655708
53.45643593969714	8.285543477588054e-7	-179.99999999661995
53.95106225151273	8.134293207925436e-7	-179.99999999668162
54.450265284242086	7.985804364823418e-7	-179.99999999674222
54.95408738576243	7.840026517693205e-7	-179.9999999968017
55.462571295791044	7.696910157452862e-7	-179.99999999686008
55.97576014951099	7.556406679670061e-7	-179.9999999969174
56.49369748123023	7.418468368013941e-7	-179.99999999697368
57.01642722807472	7.283048378010295e-7	-179.99999999702894
57.543993733715666	7.150100721094509e-7	-179.99999999708314
58.07644175213118	7.019580248956838e-7	-179.99999999713637
58.61381645140285	6.891442638174564e-7	-179.99999999718864
59.15616341754737	6.765644375125762e-7	-179.99999999723994
59.70352865838366	6.642142741179541e-7	-179.9999999972903
60.255958607435744	6.520895798157568e-7	-179.9999999973397
60.81350012787176	6.40186237406179e-7	-179.99999999738813
61.37620051647939	6.285002049063093e-7	-179.99999999743548
61.94410750767812	6.170275141742866e-7	-179.99999999748107
62.51726927756855	6.057642695518763e-7	-179.9999999975068
63.0957344480193	5.94706646604309e-7	-179.99999999756446
63.67955209079155	5.838508906392846e-7	-179.99999999761704
64.26877173170195	5.73193315665012e-7	-179.99999999766132
64.86344335482381	5.627303029791546e-7	-179.99999999770424
65.46361740672747	5.524582999857135e-7	-179.99999999774624
66.06934480075958	5.423738189831415e-7	-179.99999999778743
66.68067692136219	5.324734359777056e-7	-179.99999999782784
67.29766562843174	5.22753789518814e-7	-179.9999999978675
67.92036326171844	5.13211579555712e-7	-179.99999999790646
68.54882264526613	5.03843566315124e-7	-179.99999999794468
69.18309709189363	4.946465691994389e-7	-179.9999999979822
69.82324040771712	4.856174657050739e-7	-179.99999999801904
70.46930689671467	4.7675319036063154e-7	-179.99999999805522
71.12135136533288	4.6805073368449386e-7	-179.9999999980907
71.77942912713615	4.595071411614986e-7	-179.99999999812556
72.44359600749898	4.5111951223833883e-7	-179.99999999815978
73.11390834834172	4.428849993373509e-7	-179.99999999819337
73.79042301291008	4.348008068883479e-7	-179.99999999822637
74.47319739059888	4.2686419037817237e-7	-179.99999999825874
75.16228940182053	4.1907245541763475e-7	-179.99999999829052
75.85775750291836	4.114229568255305e-7	-179.99999999832173
76.55966069112561	4.0391309772941224e-7	-179.99999999835237
77.26805850957021	3.965403286828154e-7	-179.99999999838244
77.98301105232578	3.8930214679863304e-7	-179.99999999841197
78.70457896950977	3.821960948983443e-7	-179.99999999844096
79.43282347242805	3.752197606768094e-7	-179.9999999984694
80.16780633876782	3.683707758823388e-7	-179.99999999849734
80.90958991783813	3.6164681551176105e-7	-179.99999999852477
81.65823713585914	3.550455970202149e-7	-179.99999999855171
82.41381150130013	3.485648795453943e-7	-179.99999999857818
83.176377110267	3.4220246314598017e-7	-179.99999999860412
83.94599865193965	3.359561880540018e-7	-179.9999999986296
84.72274141405954	3.2982393394087154e-7	-179.9999999986546
85.50667128846823	3.2380361919683984e-7	-179.99999999867916
86.29785477669692	3.178932002236291e-7	-179.9999999987033
87.09635899560797	3.120906707400013e-7	-179.99999999872693
87.90225168308834	3.063940611000246e-7	-179.99999999875018
88.71560120379598	3.0080143762380426e-7	-179.99999999877298
89.53647655495928	2.9531090194045195e-7	-179.9999999987954
90.36494737223005	2.899205903430676e-7	-179.9999999988174
91.20108393559087	2.846286731555143e-7	-179.99999999883897
92.04495717531702	2.794333541107703e-7	-179.99999999886018
92.89663867799354	2.7433286974064553e-7	-179.99999999888098
93.75620069258792	2.6932548877665667e-7	-179.99999999890142
94.6237161365792	2.6440951156185257e-7	-179.99999999892145
95.4992586021435	2.59583269473394e-7	-179.99999999894112
96.38290236239695	2.548451243556866e-7	-179.99999999896048
97.2747223776964	2.5019346796387735e-7	-179.99999999897946
98.17479430199833	2.4562672141752364e-7	-179.99999999899808
99.08319448927665	2.41143334664246e-7	-179.99999999901638
99.9999999999999	2.367417859531875e-7	-179.99999999903432