0.01000000000000001	0.0008379322462050598	-1.5231890567935067
0.010092528860766855	0.0008379452409446386	-1.5267029865790704
0.01018591388054118	0.0008379584874517858	-1.5302497870691736
0.010280162981264745	0.0008379719905213508	-1.5338297708030506
0.010375284158180138	0.0008379857550375245	-1.5374432534149796
0.010471285480509006	0.0008379997859797784	-1.54109055367598
0.010568175092136596	0.0008380140884198766	-1.5447719935194304
0.01066596121230259	0.0008380286675275623	-1.5484878980831187
0.010764652136298361	0.0008380435285697094	-1.5522385957395823
0.010864256236170667	0.0008380586769128274	-1.5560244181330898
0.010964781961431863	0.0008380741180249729	-1.5598457002158936
0.011066237839776675	0.0008380898574824951	-1.5637027802940089
0.011168632477805623	0.000838105900958	-1.567596000038339
0.011271974561755117	0.000838122254244202	-1.571525704563225
0.011376272858234322	0.0008381389232340735	-1.575492242423832
0.01148153621496884	0.0008381559139353284	-1.5794959656781455
0.011587773561551273	0.0008381732324724865	-1.5835372299262924
0.011694993910198724	0.0008381908850820442	-1.5876163943372412
0.01180320635651731	0.0008382088781245414	-1.591733821707954
0.011912420080273762	0.0008382272180769589	-1.59588987848577
0.012022644346174144	0.0008382459115400017	-1.6000849348194803
0.012133888504649786	0.0008382649652415185	-1.6043193646036336
0.012246161992650502	0.000838284386037418	-1.6085935455186244
0.01235947433444512	0.0008383041809121433	-1.6129078590703454
0.012473835142429446	0.0008383243569848274	-1.61726269064137
0.012589254117941687	0.0008383449215101264	-1.6216584295324026
0.012705741052085433	0.0008383658818794277	-1.626095469005062
0.012823305826560232	0.0008383872456256491	-1.6305742063320376
0.01294195841449987	0.0008384090204256438	-1.6350950428434445
0.013061708881318424	0.0008384312141027622	-1.639658383973767
0.013182567385564082	0.0008384538346281718	-1.644264639307241
0.01330454417978092	0.0008384768901262108	-1.6489142226315905
0.013427649611378649	0.0008385003888762987	-1.6536075519856859
0.01355189412351037	0.0008385243393138879	-1.6583450497059598
0.013677288255958502	0.0008385487500366149	-1.6631271424836673
0.013803842646028859	0.0008385736298102887	-1.667954261422646
0.013931568029453043	0.0008385989875581936	-1.6728268420644774
0.01406047524129915	0.0008386248323865551	-1.677745324486378
0.014190575216890933	0.0008386511735637018	-1.6827101533073974
0.014321878992735446	0.0008386780205439699	-1.6877217777848252
0.014454397707459286	0.0008387053829575858	-1.6927806518431119
0.014588142602753497	0.0008387332706202416	-1.6978872341431528
0.014723125024327202	0.0008387616935365598	-1.703041988139966
0.014859356422870082	0.0008387906619017058	-1.7082453821375263
0.014996848355023748	0.0008388201861035663	-1.71349788934531
0.015135612484362095	0.0008388502767347568	-1.7187999879559044
0.015275660582380739	0.0008388809445847951	-1.724152161182808
0.015417004529495607	0.0008389122006561649	-1.7295548973481099
0.015559656316050758	0.000838944056154781	-1.73500868991832
0.01570362804333554	0.0008389765225095345	-1.7405140376010542
0.015848931924611148	0.0008390096113614858	-1.7460714443799332
0.015995580286146702	0.0008390433345823722	-1.7516814196112245
0.016143585568264878	0.0008390777042627977	-1.7573444780580925
0.016292960326397238	0.0008391127327348173	-1.7630611399979463
0.01644371723214933	0.0008391484325642479	-1.7688319312672316
0.016595869074375623	0.000839184816557114	-1.7746573833368773
0.01674942876026439	0.0008392218977661497	-1.7805380333888734
0.016904409316432657	0.0008392596894950556	-1.7864744243891624
0.017060823890031253	0.0008392982053077449	-1.7924671051723757
0.017218685749860088	0.000839337459025986	-1.7985166305027718
0.017378008287493772	0.000839377464738092	-1.80462356115987
0.01753880501841763	0.000839418236805904	-1.8107884640216492
0.01770108958317423	0.0008394597898649387	-1.817011912134255
0.017864875748520526	0.0008395021388374045	-1.8232944848105366
0.018030177408595707	0.000839545298934814	-1.8296367677075414
0.018197008586099853	0.0008395892856554116	-1.8360393528936652
0.018365383433483484	0.0008396341148056684	-1.8425028389697509
0.018535316234148135	0.0008396798024936691	-1.8490278311300903
0.018706821403658026	0.0008397263651393804	-1.85561494126157
0.018879913490962956	0.0008397738194841686	-1.862264788042836
0.019054607179632494	0.0008398221825898469	-1.8689779970214448
0.019230917289101597	0.0008398714718526233	-1.875755200725704
0.019408858775927792	0.0008399217050056826	-1.8825970387526432
0.01958844673505991	0.0008399729001247645	-1.8895041578640874
0.01976969640111862	0.000840025075640419	-1.8964772120993747
0.01995262314968881	0.0008400782503385423	-1.903516862863216
0.020137242498623895	0.0008401324433747157	-1.9106237790464333
0.02032357010936223	0.0008401876742743883	-1.9177986371161373
0.020511621788255666	0.0008402439629445471	-1.92504212123384
0.020701413487910436	0.0008403013296820404	-1.9323549233676574
0.02089296130854041	0.0008403597951789658	-1.9397377433995338
0.02108628149933291	0.0008404193805321182	-1.947191289243687
0.021281390459827135	0.0008404801072508615	-1.9547162769632183
0.021478304741305354	0.0008405419972650146	-1.9623134308887609
0.02167704104819696	0.0008406050729356576	-1.9699834837458094
0.02187761623949554	0.0008406693570641715	-1.9777271767801643
0.022080047330189013	0.0008407348728928211	-1.9855452598652374
0.022284351492703053	0.0008408016441264089	-1.9934384916613164
0.022490546058357826	0.0008408696949334698	-2.001407639728763
0.022698648518838235	0.0008409390499604134	-2.009453480673952
0.022908676527677748	0.0008410097343346302	-2.017576800271296
0.023120647901755963	0.0008410817736825061	-2.025778393623258
0.023334580622810044	0.0008411551941366772	-2.0340590652970145
0.023550492838960112	0.0008412300223423615	-2.0424196294613117
0.023768402866248782	0.0008413062854777607	-2.0508609100599164
0.02398832919019492	0.0008413840112520246	-2.0593837409331677
0.0242102904673618	0.0008414632279283482	-2.0679889660034303
0.02443430552693974	0.0008415439643277371	-2.076677439416093
0.024660393372343412	0.0008416262498466359	-2.0854500257174338
0.02488857318282393	0.000841710114462068	-2.09430760000444
0.025118864315095822	0.0008417955887499421	-2.1032510481103577
0.025351286304979098	0.0008418827038955365	-2.1122812667738042
0.02558585886905648	0.0008419714917036693	-2.1213991638101524
0.025822601906345985	0.0008420619846191466	-2.1306056583121067
0.026061535499988978	0.0008421542157305167	-2.139901680811361
0.026302679918953843	0.0008422482187900075	-2.149288173484538
0.026546055619755416	0.0008423440282296049	-2.1587660903531427
0.026791683248190343	0.0008424416791685365	-2.168336397464865
0.027039583641088463	0.0008425412074309882	-2.1780000731047897
0.027289777828080432	0.0008426426495673113	-2.187758108019698
0.02754228703338169	0.0008427460428573719	-2.1976115055997525
0.02779713267759291	0.0008428514253395879	-2.207561282131117
0.02805433637951716	0.0008429588358164415	-2.2176084669912632
0.028313919957993816	0.0008430683138773411	-2.227754102893986
0.028575905433749497	0.000843179899913729	-2.2379992461182914
0.028840315031266085	0.0008432936351349949	-2.248344966744046
0.02910717118066608	0.0008434095615880447	-2.2587923489017117
0.029376496519615335	0.0008435277221793656	-2.269342491033955
0.029648313895243455	0.0008436481606848219	-2.2799965061286933
0.02992264636608192	0.0008437709217769783	-2.290755522004732
0.030199517204020192	0.0008438960510402714	-2.3016206815695535
0.03047894989627986	0.0008440235949916437	-2.3125931430972324
0.03076096814740711	0.0008441536011059185	-2.323674080525017
0.031045595881283587	0.0008442861178283144	-2.3348646837199847
0.03133285724315589	0.0008444211946063261	-2.3461661588051133
0.031622776601683826	0.0008445588819030838	-2.357579728439949
0.03191537855100765	0.0008446992312247035	-2.3691066321462193
0.03221068791283438	0.000844842295144043	-2.3807481266300825
0.03250872973854347	0.0008449881273222732	-2.3925054861044788
0.03280952931131194	0.00084513678253436	-2.40438000262932
0.03311311214825915	0.0008452883167004074	-2.4163729864755847
0.03341950400261146	0.0008454427868943803	-2.4284857664313764
0.03372873086588692	0.0008456002513944135	-2.4407196902351704
0.034040818970100126	0.0008457607696921372	-2.453076124898509
0.0343557947899875	0.0008459244025256783	-2.465556457104667
0.0346736850452532	0.0008460912119136457	-2.478162093618829
0.034994516702835765	0.0008462612611752424	-2.490894461665546
0.035318316979195734	0.0008464346149690737	-2.50375500937
0.03564511334262446	0.0008466113393210701	-2.516745206176044
0.03597493351557427	0.0008467915016537455	-2.5298665432770906
0.03630780547701017	0.0008469751708214784	-2.5431205340744665
0.03664375746478335	0.0008471624171468772	-2.556508714649002
0.03698281797802665	0.0008473533124521088	-2.5700326442273638
0.037325015779572084	0.0008475479300928938	-2.583693905666665
0.037670379898390914	0.0008477463449974459	-2.5974941059649033
0.038018939632056145	0.0008479486337063194	-2.611434876785466
0.0383707245492279	0.000848154874408058	-2.625517874980056
0.038725764492161745	0.000848365146975466	-2.6397447831249714
0.03908408957924023	0.0008485795330131528	-2.6541173101049726
0.03944573020752787	0.0008487981158985531	-2.668637191689511
0.039810717055349755	0.0008490209808211851	-2.6833061911161
0.04017908108489402	0.0008492482148260184	-2.6981260996999605
0.040550853544838415	0.0008494799068682435	-2.7130987374942674
0.040926065973001115	0.000849716147847063	-2.7282259538973217
0.041304750199016166	0.000849957030667486	-2.743509628364761
0.04168693834703357	0.0008502026502773595	-2.7589516710569275
0.04207266283844444	0.0008504531037310084	-2.7745540235888
0.04246195639463132	0.0008507084902292634	-2.7903186597188596
0.042854852039743985	0.00085096891118507	-2.806247586139284
0.04325138310350091	0.0008512344702712244	-2.8223428432244346
0.04365158322401663	0.0008515052734847152	-2.8386065058530567
0.044055486350655364	0.0008517814291983771	-2.8550406842063496
0.04446312674691091	0.0008520630482273345	-2.8716475246355753
0.04487453899331325	0.0008523502438913781	-2.888429210535967
0.04528975799036211	0.0008526431320795307	-2.905387963249259
0.04570881896148754	0.0008529418313115065	-2.9225260429764557
0.04613175745603798	0.0008532464628166066	-2.9398457497737187
0.04655860935229591	0.0008535571505983162	-2.957349424521819
0.04698941086052156	0.0008538740215120184	-2.975039449965389
0.04742419852602448	0.0008541972053304676	-2.9929182517336574
0.04786300923226385	0.0008545268348328969	-3.0109882994705512
0.04830588020397728	0.0008548630458826039	-3.0292521079511907
0.04875284901033865	0.0008552059775067643	-3.047712238233562
0.04920395356814511	0.0008555557719854575	-3.0663712988721583
0.04965923214503363	0.000855912574938427	-3.0852319471534226
0.05011872336272725	0.0008562765354206564	-3.1042968903942776
0.05058246620031143	0.0008566478060057203	-3.123568887227636
0.051050499997540646	0.0008570265428989942	-3.143050749031549
0.05152286445817567	0.0008574129060275591	-3.1627453413069047
0.05199959965335162	0.0008578070591434376	-3.182655585140015
0.052480746024977286	0.0008582091699461025	-3.2027844587757395
0.05296634438916581	0.0008586194101698352	-3.2231349990961347
0.05345643593969719	0.0008590379557238184	-3.243710303339766
0.05395106225151279	0.0008594649867912135	-3.264513530706395
0.05445026528424214	0.0008599006879640676	-3.2855479041425584
0.05495408738576248	0.0008603452483692527	-3.3068167121382386
0.0554625712957911	0.0008607988617965227	-3.3283233105786216
0.05597576014951104	0.0008612617268413986	-3.350071124703
0.05649369748123028	0.0008617340470370085	-3.3720636510707367
0.05701642722807478	0.0008622160310123447	-3.3943044596853826
0.05754399373371572	0.0008627078926356977	-3.4167971961148917
0.05807644175213124	0.0008632098511756487	-3.4395455837395117
0.05861381645140291	0.0008637221314631004	-3.462553426063872
0.05915616341754743	0.0008642449640617881	-3.485824609125931
0.05970352865838372	0.0008647785854420957	-3.509363103984427
0.06025595860743581	0.0008653232381638496	-3.533172969310887
0.060813500127871824	0.0008658791710622168	-3.5572583540649294
0.061376200516479455	0.0008664466394514882	-3.5816235003181576
0.06194410750767818	0.0008670259053211454	-3.6062727461224284
0.06251726927756862	0.0008676172375445153	-3.6312105285106173
0.06309573444801936	0.0008682209121080439	-3.6564413866692576
0.06367955209079162	0.0008688372123315277	-3.681969965159816
0.064268771731702	0.0008694664291072289	-3.7078010173119953
0.06486344335482389	0.0008701088611421019	-3.733939408725591
0.06546361740672754	0.0008707648152220583	-3.7603901209681707
0.06606934480075964	0.0008714346064682929	-3.7871582553416765
0.06668067692136226	0.0008721185586256205	-3.8142490368993482
0.06729766562843183	0.0008728170043319905	-3.8416678184915045
0.0679203632617185	0.0008735302854373111	-3.869420085151446
0.0685488226452662	0.000874258753307624	-3.8975114585401016
0.0691830970918937	0.0008750027691480356	-3.9259477016052062
0.06982324040771719	0.000875762704341672	-3.9547347234493495
0.07046930689671474	0.000876538940805787	-3.9838785844201543
0.07112135136533296	0.0008773318713604126	-4.01338550140808
0.07177942912713622	0.0008781419001026432	-4.043261853325946
0.07244359600749906	0.0008789694428213758	-4.073514186943501
0.0731139083483418	0.000879814927398451	-4.104149222828831
0.07379042301291015	0.0008806787942603717	-4.135173861711553
0.07447319739059896	0.0008815614968230952	-4.166595191002206
0.07516228940182061	0.0008824635019631582	-4.198420491636269
0.07585775750291844	0.0008833852905264218	-4.230657245310509
0.07655966069112569	0.0008843273578418279	-4.263313141963779
0.07726805850957029	0.0008852902142603663	-4.296396087611379
0.07798301105232593	0.0008862743857201366	-4.329914212550425
0.07870457896950993	0.0008872804143558907	-4.363875880044251
0.07943282347242822	0.000888308859097212	-4.398289695215439
0.08016780633876798	0.0008893602963416856	-4.433164514602286
0.0809095899178383	0.0008904353206197084	-4.468509455969178
0.0816582371358593	0.0008915345453127916	-4.504333908703414
0.0824138115013003	0.0008926586034122972	-4.540647544753343
0.08317637711026717	0.0008938081482874783	-4.577460329960286
0.08394599865193982	0.0008949838545210447	-4.614782536112117
0.08472274141405972	0.0008961864187727068	-4.652624753532384
0.08550667128846841	0.0008974165606788283	-4.690997904268579
0.0862978547766971	0.000898675023814433	-4.729913256046638
0.08709635899560814	0.0008999625766903106	-4.769382436870834
0.08790225168308852	0.000901280013808014	-4.809417450419823
0.08871560120379617	0.0009026281567672583	-4.850030692239617
0.08953647655495947	0.0009040078554249956	-4.891234966759541
0.09036494737223023	0.0009054199891353157	-4.933043505329592
0.09120108393559107	0.0009068654680301469	-4.975469985090079
0.09204495717531722	0.0009083452343854149	-5.018528548963498
0.09289663867799372	0.000909860264056417	-5.062233826718966
0.09375620069258811	0.0009114115679920966	-5.106600957208929
0.09462371613657934	0.0009130001938252377	-5.151645611807215
0.09549925860214364	0.0009146272275748654	-5.197384019312542
0.0963829023623971	0.0009162937954096623	-5.243832992070663
0.09727472237769656	0.0009180010655420489	-5.291009953784411
0.09817479430199849	0.0009197502502153072	-5.338932968852767
0.09908319448927681	0.0009215426078105394	-5.3876207734656605
0.10000000000000005	0.000923379445074463	-5.437092808533198
0.10092528860766849	0.0009252621194815328	-5.487369254610733
0.10185913880541175	0.0009271920417372029	-5.538471068944459
0.10280162981264741	0.0009291706784351116	-5.590420024810037
0.10375284158180131	0.0009311995548610753	-5.643238753193272
0.10471285480509002	0.0009332802579970401	-5.696950787256714
0.1056817509213659	0.0009354144396812233	-5.751580609426055
0.10665961212302584	0.0009376038199910669	-5.80715370164566
0.10764652136298355	0.0009398501908376186	-5.863696598865453
0.10864256236170661	0.0009421554197733439	-5.921236945912717
0.10964781961431856	0.0009445214540720608	-5.97980355829103
0.1106623783977667	0.0009469503250585786	-6.039426486927471
0.11168632477805618	0.0009494441527364943	-6.100137087373872
0.1127197456175511	0.0009520051507240946	-6.161968093728773
0.11376272858234315	0.000954635631522902	-6.224953697663154
0.11481536214968835	0.0009573380121570239	-6.289129633045054
0.11587773561551268	0.0009601148201909853	-6.354533266473931
0.11694993910198717	0.0009629687001934023	-6.42120369447223
0.11803206356517304	0.0009659024206262717	-6.489181847496776
0.11912420080273756	0.000968918881280095	-6.5585106019541195
0.12022644346174137	0.0009720211211986869	-6.629234900184408
0.1213388850464978	0.00097521232722963	-6.701401879787227
0.12246161992650495	0.000978495843195899	-6.775061012698179
0.12359474334445113	0.0009818751797740072	-6.8502642551194555
0.12473835142429439	0.0009853540251028663	-6.927066209004832
0.1258925411794168	0.000988936256259825	-7.005524296698524
0.12705741052085426	0.0009926259516070412	-7.085698949389055
0.12823305826560225	0.0009964274041239036	-7.167653810953157
0.1294195841449987	0.0010003451358486391	-7.251455958907836
0.13061708881318423	0.0010043839134617604	-7.337176143582928
0.1318256738556408	0.0010085487651953033	-7.424889047884871
0.13304544179780922	0.0010128449991423662	-7.514673569292604
0.13427649611378642	0.0010172782231559364	-7.6066131267442625
0.13551894123510363	0.0010218543664496117	-7.700795994612845
0.13677288255958495	0.0010265797031027621	-7.797315666840759
0.13803842646028852	0.0010314608776647032	-7.896271254424101
0.13931568029453034	0.001036504933073358	-7.997767919809375
0.14060475241299142	0.0010417193411319148	-8.101917352226435
0.14190575216890927	0.001047112035834348	-8.20883828863378
0.1432187899273544	0.0010526914498507904	-8.31865708542516
0.1445439770745928	0.001058466554488322	-8.431508346419218
0.1458814260275349	0.0010644469035955195	-8.547535614341141
0.14723125024327194	0.001070642681793936	-8.66689213274131
0.14859356422870074	0.0010770647575924217	-8.789741687280008
0.1499684835502374	0.00108372474192279	-8.916259535765626
0.15135612484362088	0.0010906350528020654	-9.046633438479336
0.15275660582380732	0.0010978089867986927	-9.18106480086106
0.154170045294956	0.0011052607982954881	-9.319769944394306
0.1555965631605075	0.0011130057873260453	-9.462981520633255
0.15703628043335532	0.0011210603973252887	-9.610950089704541
0.15848931924611143	0.0011294423239177123	-9.763945884107992
0.15995580286146696	0.0011381706363217188	-9.922260784558397
0.1614358556826487	0.0011472659130707177	-10.0862105378042
0.1629296032639723	0.0011567503940233498	-10.25613725132982
0.16443717232149324	0.0011666481509648749	-10.432412205819876
0.16595869074375613	0.0011769852795081538	-10.615439033585817
0.16749428760264382	0.001187790115427751	-10.805657319352392
0.1690440931643265	0.0011990934789990275	-11.003546688936703
0.17060823890031243	0.001210928951757995	-11.209631465597766
0.17218685749860077	0.001223333190623607	-11.424485986209335
0.17378008287493762	0.0012363462852998405	-11.648740687838627
0.1753880501841762	0.0012500121661161955	-11.883089098590805
0.1770108958317422	0.001264379070420106	-12.128295889327113
0.17864875748520517	0.0012795000775827946	-12.385206179118951
0.180301774085957	0.0012954337243103995	-12.654756324337235
0.18197008586099844	0.0013122447144394925	-12.937986472474721
0.18365383433483473	0.0013300047400249847	-13.236055221184053
0.18535316234148125	0.0013487934342193526	-13.550256802517065
0.18706821403658017	0.0013686994803616462	-13.882041305594344
0.18879913490962946	0.0013898219071073615	-14.233038575452039
0.19054607179632482	0.0014122716054840172	-14.605086577159172
0.19230917289101596	0.0014361731118181888	-15.000265214628117
0.19408858775927793	0.0014616667096976304	-15.420936842634454
0.19588446735059908	0.0014889109159938612	-15.869795038697424
0.1976969640111862	0.0015180854301902968	-16.349923624227465
0.19952623149688808	0.0015493946433330842	-16.86486847407596
0.20137242498623895	0.00158307182376154	-17.418725380227993
0.2032357010936223	0.0016193841209323357	-18.016248190352748
0.20511621788255666	0.0016586385560531664	-18.66298270869476
0.20701413487910436	0.0017011891980626833	-19.36543354254236
0.2089296130854041	0.001747445750627006	-20.13127333189789
0.2108628149933291	0.0017978837955045077	-20.96960685271545
0.21281390459827135	0.0018530569301847865	-21.891306552143593
0.21478304741305343	0.0019136109763134683	-22.909441553656293
0.21677041048196952	0.0019803002580610018	-24.039829441892014
0.2187761623949553	0.0020540055444610997	-25.301749649077582
0.22080047330189004	0.0021357524041489074	-26.718869307645182
0.22284351492703042	0.0022267270346881716	-28.320446685046225
0.22490546058357816	0.002328283358034488	-30.14289175973269
0.22698648518838224	0.0024419289560425926	-32.231771875614
0.22908676527677735	0.0025692658241548423	-34.64433645110767
0.23120647901755953	0.002711840874754574	-37.4525600022104
0.23334580622810033	0.0028708246572441945	-40.746482105318506
0.23550492838960102	0.0030463791679290744	-44.63708151456221
0.23768402866248772	0.0032365026908582214	-49.25674237385317
0.2398832919019491	0.0034351059313989076	-54.75312197356955
0.2421029046736179	0.003629270590120245	-61.26882987012028
0.24434305526939726	0.0037964950738703165	-68.89679262492514
0.246603933723434	0.0039046235264020724	-77.60703420749104
0.24888573182823917	0.00391885741316628	-87.1671484193288
0.25118864315095807	0.0038170970463142634	-97.12045324874994
0.2535128630497908	0.0036044254495094623	-106.8845408365158
0.25585858869056466	0.0033124440929050993	-115.93618786352887
0.2582260190634597	0.002983058210442942	-123.9540034610371
0.26061535499988964	0.002651666017231632	-130.8383001518667
0.2630267991895383	0.0023402919390334456	-136.644165660039
0.26546055619755404	0.0020590555862590914	-141.5009182224734
0.2679168324819033	0.0018103928096766418	-145.55616597805619
0.2703958364108845	0.0015927301928159478	-148.94733929234462
0.2728977782808042	0.001402821231537139	-151.7911536552835
0.27542287033381674	0.0012369985086090138	-154.18208818180068
0.277971326775929	0.0010917591425432076	-156.194483477325
0.2805433637951715	0.0009639927808021827	-157.8855883343686
0.28313919957993805	0.0008510354785193085	-159.29841000265137
0.2857590543374948	0.0007506469826014957	-160.46394358416805
0.2884031503126607	0.000660959789063399	-161.40264282308743
0.29107171180666064	0.0005804224823651865	-162.12506171168081
0.2937649651961532	0.0005077469745550361	-162.6315393542473
0.2964831389524344	0.0004418631518006198	-162.91063601047568
0.29922646366081906	0.0003818817735061608	-162.93570283249773
0.30199517204020176	0.0003270655919234193	-162.6583204286501
0.30478949896279844	0.00027680887909342986	-161.99597085474213
0.307609681474071	0.00023062691700093723	-160.80818743401588
0.3104559588128357	0.00018816069410712593	-158.84775078712838
0.3133285724315587	0.0001492123015614881	-155.65304793176722
0.3162277660168381	0.00011385852964149432	-150.28963401113958
0.31915378551007634	0.00008280134300693149	-140.6927549346257
0.3221068791283436	0.00005847348448187354	-122.2975601833806
0.32508729738543457	0.00004722438359490077	-90.25508555330502
0.3280952931131192	0.00005427323824742273	-57.43348486790531
0.3311311214825913	0.00007270521551250779	-38.12642794610078
0.33419504002611444	0.00009499522854783014	-28.00070252917014
0.3372873086588691	0.00011821498392320327	-22.27692158611891
0.34040818970100106	0.000141379595673744	-18.76725453204623
0.34355794789987465	0.00016414464644468513	-16.484266836605617
0.34673685045253166	0.000186397729123238	-14.940486976138958
0.3499451670283573	0.0002081207659097376	-13.872989173551604
0.353183169791957	0.00022933740062976526	-13.129186570429829
0.35645113342624424	0.0002500906679546541	-12.615169194595937
0.3597493351557423	0.00027043276491035205	-12.27035716213264
0.36307805477010135	0.00029042014620592703	-12.054169305253028
0.36643757464783333	0.0003101111504725659	-11.938589069676619
0.3698281797802663	0.0003295649092483616	-11.90381000117328
0.3732501577957206	0.000348840943396682	-11.935577054294239
0.37670379898390893	0.0003679991486381266	-12.023505396333428
0.38018939632056126	0.0003871000156861891	-12.159985521637367
0.38370724549227886	0.0004062050041719123	-12.3394526290058
0.3872576449216173	0.0004253770294434102	-12.557889612174408
0.3908408957924021	0.0004446810441183718	-12.812484375424761
0.39445730207527846	0.0004641847104602232	-13.101392081676913
0.3981071705534973	0.00048395916918567015	-13.42357091437777
0.40179081084894	0.0005040799177777143	-13.77867108028568
0.40550853544838394	0.0005246278178803724	-14.166963914571026
0.40926065973001097	0.0005456902580007291	-14.589302680528515
0.41304750199016144	0.0005673625049295797	-15.047109936811774
0.4168693834703355	0.0005897492856991847	-15.542388757352862
0.4207266283844442	0.000612966651887545	-16.077757011862786
0.424619563946313	0.0006371441901577289	-16.65650561033363
0.4285485203974396	0.0006624276574081474	-17.28268328604396
0.43251383103500884	0.0006889821360422681	-17.96121232069821
0.4365158322401661	0.0007169958245213683	-18.698041789164492
0.44055486350655343	0.0007466845994891069	-19.500347641332453
0.4446312674691088	0.0007782975056002052	-20.37679251941518
0.4487453899331323	0.0008121233414000709	-21.337862998558254
0.4528975799036209	0.0008484985008997843	-22.3963084219514
0.4570881896148752	0.000887816173541194	-23.567714308133503
0.46131757456037953	0.0009305368461920861	-24.87125522275636
0.4655860935229591	0.0009771996831230618	-26.330687861992374
0.4698941086052156	0.0010284335757154374	-27.97566544113586
0.4742419852602448	0.0010849650489893957	-29.843478602644932
0.47863009232263853	0.0011476170092886656	-31.981351424712884
0.48305880203977286	0.0012172860485426416	-34.449429182088636
0.4875284901033865	0.0012948740237214405	-37.324548195644674
0.4920395356814511	0.0013811274980981944	-40.70468159948834
0.49659232145033627	0.0014763006207784437	-44.71339071038913
0.5011872336272725	0.0015795015600849984	-49.50223551389672
0.5058246620031143	0.0016875356049427862	-55.24617344912871
0.5105049999754064	0.0017931400117484292	-62.121920608889965
0.5152286445817567	0.0018830403748345602	-70.25406351116342
0.5199959965335162	0.0019376488471011541	-79.61913183399493
0.5248074602497729	0.0019357100481636222	-89.93550927536221
0.5296634438916581	0.00186493339897824	-100.63367064781067
0.5345643593969719	0.0017313626952591436	-111.00025920057706
0.5395106225151278	0.0015570313993857117	-120.4320107887096
0.5445026528424215	0.0013677221757920214	-128.60234702868343
0.5495408738576248	0.0011827777469121423	-135.45049169403535
0.5546257129579107	0.0010126021305067034	-141.07413094715304
0.5597576014951101	0.0008608683890405841	-145.6267866621447
0.5649369748123025	0.0007274807796267569	-149.25536250788522
0.5701642722807475	0.000610680368820853	-152.06973107759106
0.5754399373371569	0.0005082106368194667	-154.12686404316506
0.580764417521312	0.0004178708486393604	-155.4143713521779
0.5861381645140288	0.00033775009943537334	-155.81789119007203
0.591561634175474	0.00026633267209097373	-155.04445518726342
0.5970352865838369	0.00020261541799626156	-152.42900663279167
0.6025595860743578	0.000146452947544178	-146.40111068644998
0.6081350012787179	0.00009982621713683732	-132.9721591754561
0.6137620051647943	0.00007109392794317188	-104.04664979608988
0.6194410750767815	0.00007491073970023058	-65.6602180086158
0.6251726927756859	0.00010423960439322403	-42.55861728187077
0.6309573444801934	0.0001424805194622311	-31.981197865306996
0.6367955209079159	0.00018330377975094212	-26.92280992544251
0.6426877173170198	0.00022497317424645058	-24.434750951563583
0.6486344335482385	0.00026707107854650986	-23.31314060557618
0.654636174067275	0.0003096061346427953	-23.00897211448142
0.6606934480075961	0.0003527479161491114	-23.246349907116088
0.6668067692136223	0.00039673499377148116	-23.87714585317356
0.6729766562843178	0.00044183854063061293	-24.819264724203475
0.6792036326171846	0.0004883454458092028	-26.02783977092288
0.6854882264526617	0.0005365477931204023	-27.480747954645278
0.6918309709189366	0.0005867327234922967	-29.170886810610426
0.6982324040771715	0.000639168947303471	-31.101852440954456
0.7046930689671471	0.000694086625731028	-33.28538743032734
0.7112135136533292	0.0007516470628290196	-35.73972014263756
0.7177942912713619	0.0008118981817172862	-38.48824591315407
0.7244359600749902	0.0008747116715102026	-41.55812843633136
0.7311390834834176	0.0009396989232270013	-44.9784273015905
0.7379042301291011	0.001006106966891514	-48.777348660776155
0.7447319739059892	0.0010727046804596488	-52.978239066004136
0.7516228940182057	0.0011376853020847368	-57.594095809170526
0.758577575029184	0.0011986324204088495	-62.62077549851823
0.7655966069112565	0.001252614162292106	-68.02983254606572
0.7726805850957026	0.0012964644431764658	-73.7629013983392
0.7798301105232589	0.0013272576694883314	-79.73026305048386
0.7870457896950989	0.0013428832927133132	-85.81589690680066
0.7943282347242817	0.0013425290265211493	-91.88937316582528
0.8016780633876793	0.0013268712847811625	-97.82199214688741
0.8090958991783825	0.0012978885039364053	-103.5024344206896
0.8165823713585927	0.0012583885423963282	-108.84744630861287
0.8241381150130026	0.0012114504324573807	-113.8055463194114
0.8317637711026713	0.001159963968846252	-118.35460846265643
0.8394599865193977	0.0011063540845255896	-122.49581447225097
0.8472274141405968	0.0010524826043652683	-126.2465370496468
0.8550667128846836	0.0009996719466715998	-129.63388489462005
0.8629785477669706	0.0009487905178983157	-132.6896837211793
0.870963589956081	0.0009003558190087893	-135.44699233006014
0.8790225168308847	0.0008546306479842289	-137.9379162645784
0.8871560120379608	0.0008117022452729604	-140.1923836933821
0.8953647655495938	0.000771542636826053	-142.23757306476202
0.9036494737223014	0.0007340523254534653	-144.09775047821108
0.9120108393559097	0.0006990907254635693	-145.79434582948633
0.9204495717531712	0.0006664966870239719	-147.34615496812066
0.9289663867799363	0.0006361019117849431	-148.76959747844876
0.9375620069258802	0.0006077394175839454	-150.0789884396527
0.946237161365793	0.0005812486337900182	-151.28680106920197
0.9549925860214359	0.0005564782496820154	-152.4039086478131
0.9638290236239705	0.0005332875947074125	-153.43980097246597
0.9727472237769651	0.0005115470820345999	-154.40277448422214
0.9817479430199844	0.0004911380729696375	-155.30009730098547
0.9908319448927676	0.0004719523997284765	-156.138151381428
1.	0.0004538917021293477	-156.9225544128974
1.0092528860766845	0.00043686667841767143	-157.6582640340313
1.0185913880541169	0.00042079631335509597	-158.34966684086348
1.0280162981264735	0.0004056071220776353	-159.00065438206508
1.0375284158180127	0.00039123243202625395	-159.61468808103982
1.0471285480508996	0.0003776117147269637	-160.19485475976595
1.0568175092136585	0.00036468997246702316	-160.74391419690858
1.066596121230258	0.0003524171807127619	-161.26433993682983
1.076465213629835	0.0003407477845830633	-161.75835437825523
1.0864256236170655	0.000329640246257526	-162.22795901005424
1.096478196143185	0.0003190566394701644	-162.67496052463724
1.1066237839776665	0.000308962286962124	-163.1009934238218
1.1168632477805611	0.0002993254367681132	-163.50753963480759
1.1271974561755105	0.00029011697337797044	-163.89594557238507
1.1376272858234309	0.00028131016007246874	-164.26743701528983
1.1481536214968828	0.0002728804090348442	-164.62313210746427
1.1587773561551262	0.00026480507615443243	-164.9640527472312
1.1694993910198712	0.00025706327774991424	-165.29113458731305
1.1803206356517297	0.0002496357267344022	-165.60523583508962
1.191242008027375	0.00024250458601852163	-165.9071450142875
1.2022644346174132	0.00023565333719723934	-166.19758782561536
1.2133888504649775	0.00022906666279182332	-166.47723322388194
1.224616199265049	0.0002227303405197996	-166.7466988123092
1.2359474334445106	0.00021663114824543243	-167.0065556404925
1.2473835142429432	0.0002107567784219427	-167.25733248041436
1.2589254117941675	0.00020509576097719304	-167.4995196446553
1.270574105208542	0.00019963739371795124	-167.73357240224962
1.2823305826560218	0.00019437167943667306	-167.95991404019225
1.2941958414499863	0.00018928926900015853	-168.1789386122645
1.3061708881318417	0.0001843814097833366	-168.39101341141017
1.3182567385564075	0.0001796398988850404	-168.59648119723497
1.3304544179780915	0.00017505704062730764	-168.79566220619375
1.3427649611378643	0.00017062560789647156	-168.9888559685837
1.3551894123510364	0.00016633880693428228	-169.1763429534765
1.3677288255958495	0.00016219024523109226	-169.35838606015372
1.3803842646028852	0.00015817390221179887	-169.5352319723727
1.3931568029453034	0.00015428410243921437	-169.70711238985544
1.4060475241299142	0.0001505154910895141	-169.8742451497051
1.4190575216890926	0.00014686301148085672	-170.03683524898946
1.432187899273544	0.00014332188445962586	-170.19507577844465
1.4454397707459279	0.00013988758946941566	-170.3491487761337
1.4588142602753489	0.00013655584714614076	-170.49922600891134
1.4723125024327193	0.00013332260329888183	-170.645469688684
1.4859356422870074	0.00013018401415043404	-170.78803312969652
1.499684835502374	0.00012713643272430994	-170.9270613524091
1.5135612484362087	0.00012417639627629583	-171.0626916389405
1.5275660582380732	0.00012130061467877187	-171.19505404453207
1.54170045294956	0.00011850595967502484	-171.3242718690291
1.555965631605075	0.00011578945492880731	-171.45046209196695
1.5703628043335531	0.00011314826680160751	-171.573735774488
1.584893192461114	0.00011057969579649028	-171.69419843099493
1.5995580286146696	0.00010808116861314646	-171.81195037315945
1.6143585568264869	0.00010565023076393626	-171.92708702864962
1.629296032639723	0.0001032845397053393	-172.03969923671377
1.6443717232149324	0.00010098185844338916	-172.14987352255338
1.6595869074375613	0.00009874004957540734	-172.2576923522373
1.6749428760264382	0.0000965570697337188	-172.36323436974592
1.690440931643265	0.0000944309644000703	-172.4665746175876
1.7060823890031243	0.00009235986306220802	-172.5677847422992
1.7218685749860079	0.00009034197468654837	-172.66693318602387
1.7378008287493762	0.000088375583483111	-172.76408536525358
1.753880501841762	0.00008645904494090886	-172.85930383772737
1.770108958317422	0.00008459078211382306	-172.95264845839088
1.7864875748520517	0.0000827692821386552	-173.0441765252438
1.803017740859568	0.00008099309296855892	-173.13394291583202
1.8197008586099825	0.00007926082030642385	-173.2220002150766
1.8365383433483455	0.00007757112472403676	-173.3083988350747
1.8535316234148105	0.00007592271895397282	-173.39318712745438
1.8706821403657996	0.00007431436534221303	-173.4764114888175
1.8879913490962925	0.00007274487345042254	-173.55811645976243
1.9054607179632463	0.00007121309779768741	-173.63834481793762
1.9230917289101574	0.00006971793573229495	-173.71713766554203
1.9408858775927773	0.00006825832542485987	-173.7945345116554
1.958844673505989	0.00006683324397476091	-173.8705733497516
1.97696964011186	0.00006544170562245097	-173.94529073072056
1.9952623149688788	0.00006408276006075922	-174.01872183169996
2.0137242498623875	0.00006275549083881098	-174.09090052099478
2.032357010936221	0.00006145901385265398	-174.16185941934165
2.0511621788255647	0.00006019247591710991	-174.23162995775618
2.0701413487910414	0.0000589550534137615	-174.30024243218395
2.0892961308540388	0.000057745951010348274	-174.3677260551592
2.108628149933289	0.00005656440044717625	-174.434109004661
2.1281390459827114	0.000055409659386454696	-174.49941847034287
2.147830474130533	0.00005428101032075545	-174.56368069729928
2.167704104819694	0.000053177759537051515	-174.62692102752072
2.1877616239495516	0.00005209923613303389	-174.68916393917925
2.208004733018899	0.000051044791082626646	-174.75043308387512
2.228435149270303	0.00005001379634782816	-174.81075132196793
2.2490546058357803	0.00004900564403419589	-174.8701407561056
2.2698648518838214	0.00004801974558746952	-174.9286227630582
2.2908676527677723	0.00004705553102899048	-174.9862180239555
2.312064790175594	0.00004611244822772684	-175.04294655302107
2.333458062281002	0.00004518996220685543	-175.09882772488984
2.355049283896009	0.00004428755448298072	-175.15388030058932
2.376840286624876	0.00004340472243619418	-175.20812245226082
2.39883291901949	0.000042540978709288075	-175.26157178669126
2.4210290467361775	0.00004169585063454458	-175.3142453677218
2.4434305526939712	0.00004086887968661721	-175.36615973759552
2.4660393372343385	0.000040059620960113147	-175.417330937302
2.48885731828239	0.00003926764267056925	-175.46777452597422
2.5118864315095797	0.00003849252567759366	-175.51750559938782
2.535128630497907	0.00003773386302901838	-175.56653880761172
2.5585858869056453	0.000036991259524976486	-175.61488837185502
2.582260190634596	0.000036264331300882226	-175.66256810055205
2.6061535499988953	0.00003555270542835171	-175.70959140472638
2.6302679918953813	0.00003485601953315784	-175.75597131267043
2.654605561975539	0.000034173921429365364	-175.80172048397654
2.6791683248190314	0.00003350606876884131	-175.84685122295238
2.703958364108843	0.00003285212870538077	-175.89137549145204
2.7289777828080406	0.00003221177757273192	-175.93530492115272
2.7542287033381663	0.00003158470057584403	-175.97865082530387
2.7797132677592886	0.00003097059149469912	-176.02142420997603
2.805433637951713	0.000030369152400124154	-176.06363578483348
2.831391995799379	0.000029780093381013377	-176.10529597345402
2.8575905433749464	0.00002920313228242127	-176.1464149232182
2.8840315031266055	0.000028637994454015924	-176.18700251478884
2.910717118066605	0.000028084412508410274	-176.22706837120006
2.9376496519615305	0.000027542126088913915	-176.26662186657498
2.9648313895243423	0.000027010881646272702	-176.30567213448938
2.992264636608189	0.000026490432223986222	-176.3442280759979
3.019951720402016	0.00002598053725181437	-176.3822983673389
3.047894989627983	0.00002548096234710455	-176.41989146733232
3.076096814740708	0.0000249914791235901	-176.45701562448545
3.1045595881283554	0.000024511865007328484	-176.49367888381911
3.1332857243155856	0.000024041903059464145	-176.5298890934278
3.162277660168379	0.000023581381805517873	-176.56565391078516
3.1915378551007616	0.000023130095070918156	-176.6009808088066
3.2210687912834346	0.000022687841822505667	-176.63587708167987
3.250872973854344	0.000022254426015753813	-176.67034985047343
3.2809529311311905	0.000021829656447462517	-176.7044060685333
3.311311214825911	0.000021413346613692775	-176.7380525266767
3.3419504002611427	0.00002100531457272214	-176.77129585819173
3.372873086588689	0.00002060538281281093	-176.8041425436518
3.404081897010009	0.000020213378124579666	-176.83659891555212
3.4355794789987466	0.00001982913147780743	-176.86867116277614
3.4673685045253166	0.000019452477902470035	-176.90036533489965
3.499451670283573	0.00001908325637384534	-176.93168734633824
3.53183169791957	0.000018721309701521243	-176.96264298034595
3.5645113342624426	0.000018366484422149302	-176.99323789287047
3.5974933515574232	0.000018018630695794553	-177.02347761627104
3.630780547701014	0.00001767760220573866	-177.05336756290492
3.664375746478333	0.00001734325606160023	-177.08291302858774
3.6982817978026628	0.000017015452705642212	-177.11211919593234
3.732501577957206	0.00001669405582214235	-177.14099113757203
3.767037989839089	0.000016378932249707906	-177.16953381927198
3.801893963205613	0.000016069951896421652	-177.19775210293383
3.8370724549227884	0.000015766987657710585	-177.22565074949713
3.8725764492161727	0.00001546991533683407	-177.25323442174275
3.908408957924021	0.000015178613567892441	-177.28050768700075
3.944573020752785	0.00001489296374126134	-177.3074750197678
3.981071705534973	0.000014612849931361471	-177.3341408042365
4.0179081084894	0.000014338158826676822	-177.36050933674102
4.055085354483839	0.000014068779661938827	-177.38658482812139
4.09260659730011	0.00001380460415239683	-177.41237140601035
4.130475019901614	0.000013545526430098882	-177.43787311704503
4.168693834703355	0.00001329144298211016	-177.4630939290068
4.207266283844442	0.000013042252590599136	-177.4880377328918
4.24619563946313	0.000012797856274724753	-177.51270834491473
4.285485203974396	0.000012558157234260411	-177.5371095084483
4.325138310350088	0.000012323060794893368	-177.56124489590118
4.365158322401661	0.000012092474355140712	-177.58511811053597
4.405548635065534	0.000011866307334825259	-177.6087326882303
4.446312674691089	0.00001164447112505714	-177.63209209918207
4.487453899331323	0.000011426879039669248	-177.65519974956212
4.528975799036209	0.000011213446268056205	-177.678058983115
4.570881896148752	0.000011004089829369266	-177.7006730827105
4.613175745603791	0.000010798728528020863	-177.72304527184752
4.655860935229586	0.000010597282910454478	-177.7451787161119
4.698941086052151	0.000010399675223137685	-177.76707652458978
4.742419852602444	0.00001020582937173706	-177.78874175123823
4.7863009232263805	0.000010015670881435974	-177.8101773962147
4.830588020397723	9.82912685835738e-6	-177.83138640716635
4.875284901033861	9.646125952055404e-6	-177.85237168048113
4.920395356814506	9.466598319040724e-6	-177.87313606250166
4.965923214503357	9.290475587306113e-6	-177.89368235070327
5.01187233627272	9.117690821819963e-6	-177.91401329483733
5.058246620031137	8.948178490956563e-6	-177.93413159804126
5.105049999754059	8.781874433833173e-6	-177.95403991791628
5.152286445817562	8.618715828525178e-6	-177.97374086757364
5.1999599653351565	8.45864116113144e-6	-177.99323701665108
5.248074602497723	8.301590195663128e-6	-178.01253089229996
5.296634438916575	8.147503944730326e-6	-178.03162498014427
5.345643593969713	7.996324641001514e-6	-178.0505217252122
5.395106225151273	7.84799570941203e-6	-178.06922353284182
5.445026528424209	7.702461740098452e-6	-178.08773276956074
5.495408738576242	7.559668462036659e-6	-178.1060517639418
5.5462571295791046	7.419562717362103e-6	-178.12418280743415
5.597576014951099	7.282092436351672e-6	-178.14212815517195
5.649369748123022	7.147206613047129e-6	-178.15989002676048
5.701642722807472	7.014855281500879e-6	-178.17747060704076
5.754399373371567	6.884989492625561e-6	-178.194872046833
5.807644175213118	6.757561291629454e-6	-178.2120964636604
5.861381645140285	6.632523696020401e-6	-178.22914594245265
5.9156163417547365	6.509830674161576e-6	-178.24602253623112
5.9703528658383656	6.389437124362917e-6	-178.26272826677533
6.025595860743575	6.2712988544926546e-6	-178.27926512527176
6.081350012787176	6.155372562093857e-6	-178.2956350729454
6.137620051647939	6.041615814991439e-6	-178.31184004167454
6.194410750767812	5.9299870323756095e-6	-178.32788193458958
6.251726927756856	5.820445466348083e-6	-178.34376262665606
6.30957344480193	5.712951183918012e-6	-178.35948396524245
6.367955209079155	5.607465049434845e-6	-178.37504777067338
6.426877173170194	5.5039487074458855e-6	-178.39045583676833
6.486344335482381	5.402364565966624e-6	-178.40570993136694
6.546361740672747	5.3026757801523625e-6	-178.4208117968403
6.6069344800759575	5.204846236360015e-6	-178.43576315058982
6.668067692136219	5.108840536589291e-6	-178.45056568553306
6.729766562843175	5.014623983292872e-6	-178.46522107057754
6.792036326171843	4.922162564545482e-6	-178.47973095108267
6.854882264526613	4.8314229395620685e-6	-178.49409694930986
6.918309709189362	4.742372424555672e-6	-178.50832066486205
6.9823240407717115	4.654978978925808e-6	-178.52240367511172
7.046930689671467	4.569211191768489e-6	-178.5363475356188
7.112135136533288	4.485038268699273e-6	-178.55015378053824
7.177942912713615	4.402430018981078e-6	-178.5638239230176
7.244359600749899	4.321356842948611e-6	-178.57735945558508
7.311390834834173	4.2417897197216495e-6	-178.5907618505281
7.379042301291007	4.1637001951995606e-6	-178.60403256026302
7.447319739059888	4.087060370329735e-6	-178.61717301769556
7.516228940182053	4.011842889642773e-6	-178.6301846365732
7.585775750291836	3.938020930047555e-6	-178.64306881182895
7.655966069112561	3.8655681898794595e-6	-178.6558269199169
7.726805850957022	3.7944588781952275e-6	-178.66846031914034
7.798301105232586	3.724667704308182e-6	-178.68097034997172
7.870457896950985	3.6561698675576673e-6	-178.69335833536556
7.943282347242813	3.588941047306761e-6	-178.70562558106394
8.01678063387679	3.5229573931625146e-6	-178.71777337589512
8.090958991783822	3.4581955154130752e-6	-178.7298029920652
8.165823713585922	3.394632475676332e-6	-178.74171568544315
8.241381150130021	3.3322457777547165e-6	-178.75351269583942
8.317637711026709	3.2710133586911006e-6	-178.76519524727843
8.394599865193973	3.2109135800207965e-6	-178.77676454826457
8.472274141405963	3.151925219214778e-6	-178.78822179204272
8.550667128846833	3.094027461309507e-6	-178.79956815685256
8.629785477669701	3.0371998907187186e-6	-178.81080480617757
8.709635899560805	2.981422483222774e-6	-178.82193288898853
8.790225168308842	2.926675598131263e-6	-178.83295353998142
8.871560120379607	2.8729399706146435e-6	-178.84386787981046
8.953647655495937	2.820196704200871e-6	-178.85467701531599
9.036494737223014	2.76842726343303e-6	-178.8653820397474
9.120108393559097	2.7176134666841366e-6	-178.87598403298128
9.204495717531712	2.667737479125344e-6	-178.886484061735
9.289663867799362	2.618781805843925e-6	-178.8968831797756
9.375620069258803	2.570729285107466e-6	-178.90718242812466
9.462371613657929	2.5235630817708577e-6	-178.91738283525817
9.549925860214358	2.4772666808226683e-6	-178.9274854173029
9.638290236239705	2.4318238810676947e-6	-178.93749117822844
9.727472237769652	2.3872187889424798e-6	-178.94740111003506
9.817479430199844	2.3434358124607035e-6	-178.95721619293795
9.908319448927676	2.3004596552854354e-6	-178.96693739554777
10.	2.2582753109253323e-6	-178.97656567504723
10.092528860766844	2.2168680570519087e-6	-178.98610197736426
10.18591388054117	2.1762234499350963e-6	-178.9955472373417
10.280162981264736	2.1363273189944027e-6	-179.0049023789036
10.375284158180126	2.0971657614629973e-6	-179.01416831521817
10.471285480508996	2.058725137162182e-6	-179.02334594885755
10.568175092136585	2.0209920633836944e-6	-179.03243617195457
10.665961212302578	1.9839534098773803e-6	-179.04143986635648
10.76465213629835	1.947596293941752e-6	-179.05035790377613
10.864256236170656	1.9119080756148392e-6	-179.05919114594107
10.964781961431852	1.8768763529621017e-6	-179.06794044474236
11.066237839776663	1.8424889574551925e-6	-179.0766066423892
11.168632477805613	1.808733949413192e-6	-179.0851905716026
11.271974561755105	1.7755996130212971e-6	-179.0936930559083
11.37627285823431	1.7430744575790701e-6	-179.10211490204674
11.481536214968829	1.7111471970977872e-6	-179.11045693009248
11.587773561551263	1.6798067681145656e-6	-179.1187199246354
11.694993910198711	1.6490423103616142e-6	-179.12690467459217
11.803206356517286	1.6188431676649773e-6	-179.13501195817676
11.912420080273739	1.589198883624308e-6	-179.14304254479572
12.022644346174118	1.5600991977421506e-6	-179.15099719528388
12.133888504649763	1.5315340416569679e-6	-179.15887666204335
12.246161992650476	1.503493535456454e-6	-179.16668168916536
12.359474334445094	1.4759679840659106e-6	-179.17441301254544
12.47383514242942	1.4489478737092869e-6	-179.18207135999575
12.589254117941662	1.4224238684410368e-6	-179.1896574513545
12.705741052085406	1.396386806747201e-6	-179.19717199859375
12.823305826560205	1.370827698214196e-6	-179.20461570592474
12.941958414499851	1.3457377202638359e-6	-179.2119892699014
13.061708881318404	1.3211082149531887e-6	-179.21929337952236
13.182567385564061	1.2969306858378664e-6	-179.22652871633065
13.304544179780901	1.2731967948974146e-6	-179.23369595451214
13.427649611378628	1.249898359521487e-6	-179.24079576099197
13.551894123510351	1.2270273495555148e-6	-179.24782879552941
13.67728825595848	1.204575884404629e-6	-179.25479571081118
13.803842646028839	1.1825362301946014e-6	-179.26169715254315
13.931568029453022	1.1609007969886188e-6	-179.26853375954045
14.060475241299129	1.139662136058719e-6	-179.27530616381597
14.190575216890911	1.1188129372107452e-6	-179.28201499066782
14.321878992735424	1.0983460261617107e-6	-179.28866085876473
14.454397707459265	1.0782543619684808e-6	-179.2952443802305
14.588142602753473	1.0585310345067131e-6	-179.301766160727
14.723125024327178	1.039169261999006e-6	-179.30822679953553
14.859356422870059	1.0201623885912524e-6	-179.3146268896373
14.996848355023726	1.001503881976195e-6	-179.32096701779233
15.135612484362072	9.831873310632194e-7	-179.32724776461708
15.275660582380716	9.652064436934274e-7	-179.33346970466096
15.417004529495584	9.475550443990767e-7	-179.3396334064818
15.559656316050734	9.302270722064581e-7	-179.34573943271963
15.703628043335515	9.132165784813485e-7	-179.35178834016986
15.848931924611126	8.965177248161555e-7	-179.35778067985507
15.995580286146678	8.801247809579041e-7	-179.3637169970956
16.143585568264854	8.640321227762512e-7	-179.3695978315793
16.292960326397214	8.482342302707e-7	-179.3754237174302
16.443717232149307	8.327256856162332e-7	-179.38119518327582
16.595869074375596	8.175011712465785e-7	-179.38691275231398
16.749428760264365	8.025554679743593e-7	-179.39257694237818
16.90440931643263	7.878834531473776e-7	-179.39818826600242
17.060823890031227	7.734800988403036e-7	-179.40374723048467
17.21868574986006	7.593404700810727e-7	-179.4092543379497
17.378008287493746	7.454597231112781e-7	-179.41471008541097
17.5388050184176	7.318331036798915e-7	-179.4201149648316
17.701089583174202	7.184559453696365e-7	-179.42546946318453
17.864875748520497	7.053236679553762e-7	-179.43077406251174
18.03017740859568	6.924317757938596e-7	-179.4360292399828
18.197008586099827	6.797758562442196e-7	-179.4412354679525
18.365383433483455	6.673515781186029e-7	-179.44639321401803
18.535316234148105	6.551546901623352e-7	-179.45150294107472
18.706821403657997	6.431810195630401e-7	-179.45656510737186
18.879913490962927	6.314264704881345e-7	-179.46158016656727
19.054607179632463	6.198870226501444e-7	-179.4665485677814
19.230917289101576	6.085587298992887e-7	-179.47147075565064
19.408858775927772	5.974377188427968e-7	-179.47634717038014
19.58844673505989	5.865201874904316e-7	-179.48117824779584
19.769696401118598	5.758024039257066e-7	-179.48596441939594
19.952623149688787	5.652807050022863e-7	-179.4907061124019
20.137242498623873	5.549514950650852e-7	-179.49540374980882
20.32357010936221	5.448112446955754e-7	-179.50005775043502
20.511621788255646	5.348564894808309e-7	-179.50466852897154
20.701413487910415	5.250838288058469e-7	-179.50923649603084
20.892961308540386	5.15489924668679e-7	-179.51376205819525
21.086281499332888	5.060715005179571e-7	-179.5182456180647
21.28139045982711	4.968253401123419e-7	-179.5226875743042
21.47830474130533	4.877482864014911e-7	-179.52708832169102
21.67704104819694	4.788372404281247e-7	-179.53144825116135
21.87761623949552	4.700891602507788e-7	-179.53576774985672
22.080047330188993	4.6150105988684225e-7	-179.54004720117004
22.28435149270303	4.530700082754894e-7	-179.54428698479148
22.490546058357804	4.447931282601233e-7	-179.54848747675413
22.698648518838212	4.366675955899513e-7	-179.55264904947936
22.908676527677724	4.286906379403236e-7	-179.5567720718221
23.12064790175594	4.208595339514779e-7	-179.56085690911615
23.33458062281002	4.131716122853304e-7	-179.56490392321928
23.55049283896009	4.0562425069996994e-7	-179.56891347255828
23.76840286624876	3.982148751415145e-7	-179.57288591217437
23.9883291901949	3.9094095885299824e-7	-179.57682159376853
24.210290467361776	3.838000214999614e-7	-179.5807208657469
24.434305526939713	3.767896283124239e-7	-179.584584073267
24.660393372343385	3.699073892429317e-7	-179.58841155828347
24.888573182823905	3.6315095814036787e-7	-179.5922036595952
25.118864315095795	3.565180319392268e-7	-179.5959607128923
25.351286304979073	3.500063498640604e-7	-179.59968305080412
25.58585886905645	3.436136926488064e-7	-179.60337100294785
25.82260190634596	3.3733788177071625e-7	-179.60702489597855
26.06153549998895	3.3117677869860656e-7	-179.61064505363953
26.302679918953814	3.251282841551644e-7	-179.61423179681466
26.54605561975539	3.191903373930404e-7	-179.61778544358194
26.791683248190314	3.133609154844695e-7	-179.62130630926876
27.039583641088434	3.076380326241667e-7	-179.62479470650916
27.289777828080403	3.020197394452485e-7	-179.62825094530342
27.542287033381662	2.965041223479356e-7	-179.6316753330801
27.797132677592884	2.9108930284080117e-7	-179.63506817476124
28.05433637951713	2.8577343689432943e-7	-179.63842977283076
28.31391995799379	2.805547143065572e-7	-179.64176042740687
28.575905433749465	2.754313580805784e-7	-179.64506043631872
28.84031503126606	2.7040162381368923e-7	-179.64833009518847
29.10717118066605	2.654637990979684e-7	-179.6515696975186
29.376496519615305	2.606162029320783e-7	-179.65477953478637
29.648313895243422	2.558571851440914e-7	-179.65795989654558
29.92264636608189	2.51185125825142e-7	-179.66111107053712
30.19951720402016	2.4659843477371434e-7	-179.66423334280944
30.4789498962798	2.420955509503804e-7	-179.66732699785075
30.76096814740705	2.3767494194280743e-7	-179.67039231873414
31.045595881283525	2.33335103440868e-7	-179.6734295872786
31.332857243155825	2.2907455872167402e-7	-179.67643908422718
31.62277660168376	2.2489185814438676e-7	-179.6794210894462
31.91537855100758	2.2078557865464144e-7	-179.68237588214834
32.21068791283432	2.1675432329844668e-7	-179.68530374114354
32.50872973854341	2.1279672074541937e-7	-179.68820494512283
32.80952931131187	2.0891142482122932e-7	-179.69107977298032
33.11311214825908	2.0509711404913894e-7	-179.69392850418032
33.41950400261139	2.01352491200533e-7	-179.6967514191777
33.72873086588685	1.9767628285434741e-7	-179.6995487999012
34.040818970100055	1.9406723896532674e-7	-179.70232093031143
34.35579478998743	1.905241324410518e-7	-179.70506809704824
34.67368504525313	1.870457587277075e-7	-179.7077905901847
34.994516702835696	1.8363093540458226e-7	-179.71048870410937
35.318316979195664	1.8027850178732712e-7	-179.71316273856354
35.64511334262439	1.769873185400355e-7	-179.7158129998659
35.9749335155742	1.737562672962566e-7	-179.71843980236608
36.3078054770101	1.70584250289112e-7	-179.72104347017793
36.64375746478329	1.6747018999075334e-7	-179.72362433925733
36.98281797802659	1.6441302876149638e-7	-179.72618275990607
37.32501577957203	1.6141172850907263e-7	-179.72871909980634
37.670379898390856	1.5846527035859053e-7	-179.73123374771947
38.01893963205609	1.5557265433397964e-7	-179.73372711802222
38.370724549227845	1.527328990519319e-7	-179.73619965630596
38.72576449216169	1.4994504142966644e-7	-179.73865184633576
39.08408957924017	1.472081364082536e-7	-179.74108421876105
39.44573020752781	1.4452125669377624e-7	-179.74349736210368
39.81071705534969	1.418834925193359e-7	-179.7458919367321
40.17908108489396	1.3929395143189197e-7	-179.74826869278854
40.55085354483835	1.367517581092683e-7	-179.75062849340415
40.92606597300105	1.3425605421451559e-7	-179.7529723450651
41.304750199016105	1.3180599829741654e-7	-179.75530143776606
41.68693834703351	1.2940076575659755e-7	-179.75761719873174
42.07266283844438	1.2703954888099395e-7	-179.7599213652144
42.46195639463126	1.2472155699711729e-7	-179.76221608451996
42.85485203974392	1.2244601675998275e-7	-179.7645040535553
43.251383103500835	1.2021217264275042e-7	-179.76678871679442
43.65158322401656	1.1801928770655317e-7	-179.76907455235727
44.0554863506553	1.1586664477340312e-7	-179.77136749399008
44.46312674691084	1.1375354819148166e-7	-179.77367556794027
44.87453899331318	1.1167932649123101e-7	-179.7760098792522
45.28975799036204	1.0964333641473687e-7	-179.77838618441956
45.708818961487474	1.0764496912044678e-7	-179.7808274839016
46.13175745603791	1.0568365993717732e-7	-179.7833684629907
46.55860935229586	1.0375890409727848e-7	-179.7860634459425
46.98941086052151	1.0187028296155151e-7	-179.7890014079609
47.42419852602443	1.0001750862948464e-7	-179.7923361620039
47.8630092322638	9.820050413399759e-8	-179.79635172082283
48.30588020397723	9.641954581765965e-8	-179.80161773816423
48.7528490103386	9.46755040684533e-8	-179.8094031261982
49.20395356814506	9.297004800745583e-8	-179.82293473320223
49.65923214503358	9.130361211029639e-8	-179.8517111569978
50.118723362727195	8.964775883698246e-8	-179.9224956478855
50.58246620031137	8.784410990988798e-8	-179.99816009138567
51.0504999975406	8.611014559419309e-8	-179.91113723581674
51.52286445817562	8.455784372206246e-8	-179.8523547955359
51.99959965335157	8.304190247698273e-8	-179.83078966154284
52.48074602497723	8.154524664299958e-8	-179.82231676466122
52.966344389165755	8.006974736466017e-8	-179.81885498505153
53.45643593969714	7.861730943830262e-8	-179.8176227263531
53.95106225151273	7.718891197517071e-8	-179.81750893650852
54.450265284242086	7.578494726181634e-8	-179.8180088151363
54.95408738576243	7.440547811329282e-8	-179.81886853969164
55.462571295791044	7.305038147045601e-8	-179.81994989556927
55.97576014951099	7.171942679426124e-8	-179.8211726763479
56.49369748123023	7.041232001266448e-8	-179.82248787021865
57.01642722807472	6.912872906316762e-8	-179.82386422411344
57.543993733715666	6.786829927960144e-8	-179.8252810871638
58.07644175213118	6.663066296786983e-8	-179.82672439797727
58.61381645140285	6.541544553785338e-8	-179.82818433416753
59.15616341754737	6.422226952715536e-8	-179.82965388278186
59.70352865838366	6.305075729589492e-8	-179.83112794192374
60.255958607435744	6.190053286134501e-8	-179.83260273976535
60.81350012787176	6.077122316250832e-8	-179.83407544917216
61.37620051647939	5.966245893879536e-8	-179.83554392624478
61.94410750767812	5.8573875342466196e-8	-179.8370065293106
62.51726927756855	5.7505112364248977e-8	-179.83846199130863
63.0957344480193	5.645581512586101e-8	-179.8399093283218
63.67955209079155	5.5425634076422726e-8	-179.84134777302754
64.26877173170195	5.4414225118648156e-8	-179.84277672561078
64.86344335482381	5.3421249683189256e-8	-179.84419571709893
65.46361740672747	5.2446374764362735e-8	-179.84560438165815
66.06934480075958	5.148927292689918e-8	-179.84700243543512
66.68067692136219	5.054962229082147e-8	-179.84838966023844
67.29766562843174	4.962710649974654e-8	-179.8497658908363
67.92036326171844	4.8721414676593576e-8	-179.85113100498444
68.54882264526613	4.7832241369723094e-8	-179.8524849155354
69.18309709189363	4.6959286491819155e-8	-179.8538275641477
69.82324040771712	4.6102255253301176e-8	-179.85515891623578
70.46930689671467	4.526085809164936e-8	-179.85647895688953
71.12135136533288	4.443481059772739e-8	-179.85778768755677
71.77942912713615	4.362383343995272e-8	-179.8590851233308
72.44359600749898	4.282765228698635e-8	-179.8603712907202
73.11390834834172	4.204599772947454e-8	-179.86164622580628
73.79042301291008	4.1278605201267236e-8	-179.8629099727128
74.47319739059888	4.052521490045099e-8	-179.86416258233007
75.16228940182053	3.978557171046774e-8	-179.86540411124568
75.85775750291836	3.905942512153658e-8	-179.86663462084553
76.55966069112561	3.8346529152552193e-8	-179.8678541765547
77.26805850957021	3.764664227359935e-8	-179.86906284719427
77.98301105232578	3.695952732919521e-8	-179.87026070443434
78.70457896950977	3.628495146234754e-8	-179.87144782232787
79.43282347242805	3.562268603950007e-8	-179.87262427691127
80.16780633876782	3.497250657641939e-8	-179.87379014586233
80.90958991783813	3.433419266506644e-8	-179.87494550820566
81.65823713585914	3.3707527901485894e-8	-179.8760904440586
82.41381150130013	3.309229981473722e-8	-179.87722503441194
83.176377110267	3.248829979688515e-8	-179.87834936093944
83.94599865193965	3.189532303406135e-8	-179.87946350583317
84.72274141405954	3.131316843860439e-8	-179.88056755165974
85.50667128846823	3.074163858228074e-8	-179.88166158123545
86.29785477669692	3.0180539630587296e-8	-179.88274567751714
87.09635899560797	2.962968127813178e-8	-179.88381992350722
87.90225168308834	2.9088876685086677e-8	-179.88488440217023
88.71560120379598	2.8557942414708924e-8	-179.88593919635997
89.53647655495928	2.8036698371917478e-8	-179.88698438875588
90.36494737223005	2.7524967742918423e-8	-179.88802006180694
91.20108393559087	2.702257693586698e-8	-179.8890462976828
92.04495717531702	2.6529355522554484e-8	-179.8900631782307
92.89663867799354	2.6045136181107817e-8	-179.8910707849379
93.75620069258792	2.556975463968838e-8	-179.89206919889872
94.6237161365792	2.510304962117663e-8	-179.8930585007856
95.4992586021435	2.4644862788828363e-8	-179.89403877082387
96.38290236239695	2.4195038692888394e-8	-179.89501008876977
97.2747223776964	2.3753424718146876e-8	-179.89597253389135
98.17479430199833	2.3319871032423175e-8	-179.8969261849517
99.08319448927665	2.289423053596216e-8	-179.89787112019448
99.9999999999999	2.2476358811727275e-8	-179.8988074173319