0.01000000000000001	0.001901500721311867	-1.7403222870476664
0.010092528860766855	0.001901549257261071	-1.7419057507671005
0.01018591388054118	0.001901598704304769	-1.743504380949732
0.010280162981264745	0.0019016490795436562	-1.745118329071617
0.010375284158180138	0.0019017004003926026	-1.7467477482549605
0.010471285480509006	0.0019017526846083867	-1.7483927933093761
0.010568175092136596	0.0019018059502715235	-1.750053620730952
0.01066596121230259	0.001901860215812602	-1.751730388742721
0.010764652136298361	0.0019019155000049844	-1.7534232573042348
0.010864256236170667	0.001901971821974699	-1.7551323881373078
0.010964781961431863	0.0019020292012071872	-1.7568579447490575
0.011066237839776675	0.0019020876575788998	-1.7586000924782472
0.011168632477805623	0.0019021472112922076	-1.760358998452561
0.011271974561755117	0.0019022078829948293	-1.7621348317165344
0.011376272858234322	0.0019022696936744374	-1.7639277631521444
0.01148153621496884	0.001902332664729792	-1.765737965562717
0.011587773561551273	0.0019023968179778976	-1.767565613698163
0.011694993910198724	0.0019024621756256925	-1.7694108842474103
0.01180320635651731	0.0019025287603285218	-1.771273955911861
0.011912420080273762	0.0019025965951474197	-1.7731550093850292
0.012022644346174144	0.001902665703582833	-1.7750542274035777
0.012133888504649786	0.0019027361095884517	-1.7769717947801946
0.012246161992650502	0.0019028078375720459	-1.7789078984247946
0.01235947433444512	0.0019028809123939918	-1.780862727363699
0.012473835142429446	0.0019029553593949127	-1.7828364727865176
0.012589254117941687	0.0019030312043958814	-1.7848293280676173
0.012705741052085433	0.0019031084737004711	-1.7868414887898516
0.012823305826560232	0.001903187194115186	-1.7888731527855353
0.01294195841449987	0.0019032673929575022	-1.7909245201667299
0.013061708881318424	0.0019033490980646236	-1.79299579335592
0.013182567385564082	0.001903432337795775	-1.7950871771115964
0.01330454417978092	0.001903517141055137	-1.7971988785733368
0.013427649611378649	0.0019036035372970055	-1.7993311072906089
0.01355189412351037	0.0019036915565258867	-1.8014840752473285
0.013677288255958502	0.0019037812293232952	-1.8036579969118447
0.013803842646028859	0.0019038725868735507	-1.8058530892867088
0.013931568029453043	0.0019039656609037576	-1.8080695718774722
0.01406047524129915	0.001904060483809546	-1.810307666837998
0.014190575216890933	0.001904157088542698	-1.8125675988904064
0.014321878992735446	0.0019042555087286708	-1.8148495954637993
0.014454397707459286	0.001904355778609126	-1.8171538866670873
0.014588142602753497	0.0019044579330855754	-1.8194807053586717
0.014723125024327202	0.0019045620077314984	-1.8218302871864367
0.014859356422870082	0.0019046680387948384	-1.8242028706193618
0.014996848355023748	0.0019047760632032902	-1.8265986969819599
0.015135612484362095	0.0019048861186199782	-1.8290180105378027
0.015275660582380739	0.0019049982433970885	-1.8314610584757223
0.015417004529495607	0.0019051124766521438	-1.8339280910143498
0.015559656316050758	0.0019052288582126302	-1.8364193613806905
0.01570362804333554	0.0019053474287098818	-1.8389351259327698
0.015848931924611148	0.0019054682295169133	-1.8414756441329132
0.015995580286146702	0.001905591302836734	-1.844041178666667
0.016143585568264878	0.0019057166916347382	-1.846631995411516
0.016292960326397238	0.0019058444397476774	-1.8492483635775194
0.01644371723214933	0.001905974591836968	-1.8518905556976197
0.016595869074375623	0.001906107193414443	-1.854558847688995
0.01674942876026439	0.0019062422908682694	-1.8572535189151924
0.016904409316432657	0.001906379931477175	-1.8599748522376074
0.017060823890031253	0.0019065201634501448	-1.8627231340928931
0.017218685749860088	0.0019066630359063446	-1.865498654512523
0.017378008287493772	0.001906808598911649	-1.868301707198468
0.01753880501841763	0.001906956903506232	-1.8711325895909634
0.01770108958317423	0.0019071080016968497	-1.873991602902816
0.017864875748520526	0.0019072619465151056	-1.876879052218783
0.018030177408595707	0.0019074187920220483	-1.8797952465436802
0.018197008586099853	0.0019075785932859781	-1.8827404988246672
0.018365383433483484	0.0019077414064836962	-1.8857151260961138
0.018535316234148135	0.0019079072888571796	-1.8887194494830915
0.018706821403658026	0.001908076298756775	-1.8917537942909028
0.018879913490962956	0.0019082484956803396	-1.8948184900920364
0.019054607179632494	0.0019084239402584102	-1.8979138707602834
0.019230917289101597	0.0019086026943156886	-1.9010402745819643
0.019408858775927792	0.001908784820873933	-1.9041980443099098
0.01958844673505991	0.001908970384170052	-1.9073875272336047
0.01976969640111862	0.001909159449708237	-1.910609075284535
0.01995262314968881	0.0019093520842516955	-1.9138630450823932
0.020137242498623895	0.0019095483558850598	-1.9171497980531969
0.02032357010936223	0.0019097483340038157	-1.9204697004754414
0.020511621788255666	0.0019099520893625258	-1.9238231235866932
0.020701413487910436	0.0019101596941056124	-1.92721044367385
0.02089296130854041	0.001910371221782787	-1.9306320421492964
0.02108628149933291	0.001910586747385084	-1.9340883056493723
0.021281390459827135	0.0019108063473725736	-1.9375796261256188
0.021478304741305354	0.001911030099701813	-1.9411064009375045
0.02167704104819696	0.0019112580838680593	-1.944669032961314
0.02187761623949554	0.0019114903809381214	-1.948267930691512
0.022080047330189013	0.0019117270735394855	-1.9519035082988003
0.022284351492703053	0.001911968245957356	-1.9555761857998029
0.022490546058357826	0.0019122139841263265	-1.959286389121303
0.022698648518838235	0.0019124643756882238	-1.96303455023334
0.022908676527677748	0.0019127195099929838	-1.966821107226138
0.023120647901755963	0.001912979478175719	-1.9706465044667243
0.023334580622810044	0.0019132443731782424	-1.9745111927005354
0.023550492838960112	0.0019135142897654675	-1.9784156291497794
0.023768402866248782	0.0019137893246137534	-1.9823602776875897
0.02398832919019492	0.0019140695762836324	-1.9863456088953224
0.0242102904673618	0.0019143551453212537	-1.9903721002545596
0.02443430552693974	0.0019146461342601751	-1.994440236238487
0.024660393372343412	0.0019149426476939445	-1.998550508478767
0.02488857318282393	0.001915244792284187	-2.0027034158676087
0.025118864315095822	0.0019155526768358602	-2.0068994647322507
0.025351286304979098	0.0019158664123319546	-2.0111391689695135
0.02558585886905648	0.00191618611196614	-2.015423050180696
0.025822601906345985	0.001916511891227757	-2.0197516378638825
0.026061535499988978	0.0019168438679006575	-2.0241254695186033
0.026302679918953843	0.0019171821621446507	-2.0285450908397027
0.026546055619755416	0.0019175268965566825	-2.033011055893154
0.026791683248190343	0.0019178781961874162	-2.0375239272473875
0.027039583641088463	0.0019182361886098305	-2.0420842761625604
0.027289777828080432	0.0019186010040052302	-2.0466926828015706
0.02754228703338169	0.0019189727751571237	-2.0513497363462507
0.02779713267759291	0.0019193516375763094	-2.056056035256386
0.02805433637951716	0.0019197377295047911	-2.060812187403053
0.028313919957993816	0.0019201311920081067	-2.0656188102997395
0.028575905433749497	0.0019205321690272902	-2.070476531293669
0.028840315031266085	0.0019209408074344035	-2.0753859877650047
0.02910717118066608	0.0019213572571061923	-2.0803478273487803
0.029376496519615335	0.001921781671009952	-2.0853627081745336
0.029648313895243455	0.0019222142052257728	-2.0904312990406484
0.02992264636608192	0.0019226550190580814	-2.095554279689795
0.030199517204020192	0.0019231042750841633	-2.10073234102019
0.03047894989627986	0.0019235621392299925	-2.1059661853308547
0.03076096814740711	0.001924028780869687	-2.1112565265973373
0.031045595881283587	0.00192450437285828	-2.116604090679155
0.03133285724315589	0.0019249890916630344	-2.122009615639893
0.031622776601683826	0.0019254831173990332	-2.1274738519674843
0.03191537855100765	0.001925986633935713	-2.1329975628771014
0.03221068791283438	0.0019264998289841371	-2.1385815245988127
0.03250872973854347	0.0019270228941722512	-2.144226526656871
0.03280952931131194	0.0019275560251393342	-2.1499333721760467
0.03311311214825915	0.0019280994216595575	-2.1557028782263177
0.03341950400261146	0.0019286532876487685	-2.1615358760433208
0.03372873086588692	0.001929217831383417	-2.167433211491519
0.034040818970100126	0.0019297932655085099	-2.173395745298551
0.0343557947899875	0.0019303798071659021	-2.17942435343016
0.0346736850452532	0.0019309776781266021	-2.185519927477178
0.034994516702835765	0.0019315871048509556	-2.1916833749679037
0.035318316979195734	0.0019322083186435511	-2.197915619794778
0.03564511334262446	0.001932841555751199	-2.2042176025843996
0.03597493351557427	0.00193348705746668	-2.210590281081529
0.03630780547701017	0.001934145070262114	-2.217034630574833
0.03664375746478335	0.0019348158459266858	-2.223551644336102
0.03698281797802665	0.0019354996416773307	-2.23014233403712
0.037325015779572084	0.0019361967202817932	-2.2368077301893474
0.037670379898390914	0.0019369073502056744	-2.2435488826203582
0.038018939632056145	0.0019376318057627558	-2.250366860963721
0.0383707245492279	0.0019383703672424253	-2.2572627551322526
0.038725764492161745	0.0019391233210388566	-2.2642376758030758
0.03908408957924023	0.0019398909598363745	-2.271292754978573
0.03944573020752787	0.0019406735827598924	-2.278429146517819
0.039810717055349755	0.0019414714955147381	-2.285648026666542
0.04017908108489402	0.0019422850105459046	-2.292950594621288
0.040550853544838415	0.001943114447253898	-2.300338073172244
0.040926065973001115	0.001943960132101537	-2.3078117092302977
0.041304750199016166	0.001944822398862212	-2.3153727745334787
0.04168693834703357	0.0019457015887396098	-2.323022566215046
0.04207266283844444	0.0019465980506216014	-2.3307624075443423
0.04246195639463132	0.001947512141211425	-2.338593648535969
0.042854852039743985	0.0019484442252876047	-2.346517666727447
0.04325138310350091	0.0019493946758703635	-2.3545358678601898
0.04365158322401663	0.00195036387447079	-2.362649686676101
0.044055486350655364	0.0019513522112728434	-2.3708605876491493
0.04446312674691091	0.00195236008538866	-2.379170065823018
0.04487453899331325	0.001953387905090619	-2.3875796476379465
0.04528975799036211	0.001954436088052151	-2.3960908917872294
0.04570881896148754	0.001955505061570079	-2.4047053900691164
0.04613175745603798	0.0019565952628733544	-2.4134247683649703
0.04655860935229591	0.0019577071393560045	-2.422250687544789
0.04698941086052156	0.001958841148874234	-2.431184844472888
0.04742419852602448	0.001959997759978061	-2.4402289729545674
0.04786300923226385	0.0019611774522605694	-2.449384844851093
0.04830588020397728	0.0019623807166451656	-2.4586542711422323
0.04875284901033865	0.0019636080556809394	-2.4680391030228512
0.04920395356814511	0.001964859983881662	-2.4775412330797573
0.04965923214503363	0.00196613702804967	-2.4871625964764696
0.05011872336272725	0.0019674397276411254	-2.496905172217436
0.05058246620031143	0.0019687686350651156	-2.5067709843573516
0.051050499997540646	0.001970124316131146	-2.5167621034282086
0.05152286445817567	0.0019715073503737035	-2.52688064774167
0.05199959965335162	0.0019729183314406264	-2.537128784804204
0.052480746024977286	0.001974357867575305	-2.547508732886384
0.05296634438916581	0.00197582658191525	-2.5580227623912135
0.05345643593969719	0.001977325113054646	-2.5686731975983323
0.05395106225151279	0.001978854115393096	-2.5794624181701056
0.05445026528424214	0.00198041425966179	-2.5903928609265634
0.05495408738576248	0.0019820062333987492	-2.601467021595331
0.0554625712957911	0.001983630741429389	-2.6126874566110314
0.05597576014951104	0.001985288506416891	-2.624056785050352
0.05649369748123028	0.0019869802693504813	-2.6355776905313277
0.05701642722807478	0.0019887067901619773	-2.6472529233303357
0.05754399373371572	0.0019904688482605673	-2.659085302440929
0.05807644175213124	0.0019922672431502597	-2.671077717794485
0.05861381645140291	0.00199410279504573	-2.683233132533231
0.05915616341754743	0.0019959763455240837	-2.6955545853882317
0.05970352865838372	0.001997888758185964	-2.708045193129186
0.06025595860743581	0.001999840919354531	-2.720708153126875
0.060813500127871824	0.002001833738782077	-2.733546745990434
0.061376200516479455	0.0020038681504390764	-2.746564338384013
0.06194410750767818	0.0020059451132552306	-2.759764385848594
0.06251726927756862	0.0020080656119153208	-2.7731504357714467
0.06309573444801936	0.0020102306577501404	-2.7867261305631255
0.06367955209079162	0.002012441289571545	-2.8004952108381347
0.064268771731702	0.0020146985745929744	-2.814461518796869
0.06486344335482389	0.0020170036093549006	-2.8286290017023106
0.06546361740672754	0.0020193575207506907	-2.8430017155880836
0.06606934480075964	0.002021761467000436	-2.857583828989973
0.06668067692136226	0.0020242166387746522	-2.8723796269880038
0.06729766562843183	0.002026724260209745	-2.8873935152005967
0.0679203632617185	0.0020292855901597974	-2.9026300242230256
0.0685488226452662	0.002031901923360033	-2.9180938140563057
0.0691830970918937	0.002034574591670534	-2.9337896787708546
0.06982324040771719	0.002037304965385716	-2.9497225513897916
0.07046930689671474	0.002040094454614379	-2.965897509007278
0.07112135136533296	0.0020429445107063974	-2.982319778113074
0.07177942912713622	0.0020458566276902105	-2.998994740077867
0.07244359600749906	0.0020488323438963216	-3.0159279370629677
0.0731139083483418	0.002051873243492717	-3.033125077961349
0.07379042301291015	0.00205498095825542	-3.050592044852594
0.07447319739059896	0.002058157169282822	-3.0683348995524238
0.07516228940182061	0.002061403608820623	-3.086359890511054
0.07585775750291844	0.0020647220622531724	-3.1046734601545105
0.07655966069112569	0.00206811437009545	-3.1232822524339507
0.07726805850957029	0.0020715824300864237	-3.1421931207420797
0.07798301105232593	0.0020751281993868723	-3.161413136213781
0.07870457896950993	0.002078753696972728	-3.18094959656396
0.07943282347242822	0.002082461005941361	-3.2008100350436433
0.08016780633876798	0.002086252276163898	-3.221002230190674
0.0809095899178383	0.0020901297268623494	-3.241534215745727
0.0816582371358593	0.0020940956494210922	-3.2624142912222216
0.0824138115013003	0.0020981524103648595	-3.2836510330481796
0.08317637711026717	0.002102302454344986	-3.3052533060472404
0.08394599865193982	0.002106548307424231	-3.3272302757328367
0.08472274141405972	0.00211089258045911	-3.349591421122801
0.08550667128846841	0.0021153379726184056	-3.372346548154093
0.0862978547766971	0.0021198872751667587	-3.3955058039262442
0.08709635899560814	0.00212454337537397	-3.4190796915779624
0.08790225168308852	0.0021293092606613144	-3.4430790859990457
0.08871560120379617	0.002134188022954318	-3.467515250358677
0.08953647655495947	0.0021391828632350077	-3.492399853467232
0.09036494737223023	0.0021442970964359346	-3.5177449882356733
0.09120108393559107	0.002149534156472036	-3.543563190935895
0.09204495717531722	0.002154897601629572	-3.569867461655083
0.09289663867799372	0.002160391120226678	-3.596671285844599
0.09375620069258811	0.0021660185365892327	-3.623988657078123
0.09462371613657934	0.0021717838173224216	-3.6518341010309796
0.09549925860214364	0.0021776910780534793	-3.6802227010216573
0.0963829023623971	0.0021837445903850213	-3.709170124733189
0.09727472237769656	0.0021899487893998638	-3.7386926527404163
0.09817479430199849	0.002196308281523516	-3.76880720857923
0.09908319448927681	0.00220282785287074	-3.799531390635289
0.10000000000000005	0.002209512478073818	-3.8308835059172495
0.10092528860766849	0.0022163673296515056	-3.8628826058928563
0.10185913880541175	0.0022233977879439755	-3.8955485245089663
0.10280162981264741	0.0022306094516678985	-3.928901918581187
0.10375284158180131	0.002238008149046673	-3.9629643105625485
0.10471285480509002	0.002245599949768366	-3.997758134239881
0.1056817509213659	0.002253391177543207	-4.033306783062522
0.10665961212302584	0.002261388423578038	-4.069634661784623
0.10764652136298355	0.002269598560897837	-4.106767241426353
0.10864256236170661	0.0022780287595100808	-4.1447311176821096
0.10964781961431856	0.002286686502686101	-4.183554073421287
0.1106623783977667	0.0022955796042319994	-4.223265145212938
0.11168632477805618	0.0023047162269698262	-4.263894694453595
0.1127197456175511	0.002314104902458348	-4.30547448334363
0.11376272858234315	0.002323754552052908	-4.348037756106046
0.11481536214968835	0.0023336745094688313	-4.391619325976128
0.11587773561551268	0.0023438745448611867	-4.4362556682373295
0.11694993910198717	0.0023543648907241995	-4.481985020139946
0.11803206356517304	0.002365156269481726	-4.528847487755551
0.11912420080273756	0.002376259923325627	-4.576885161145654
0.12022644346174137	0.002387687645992001	-4.626142237605874
0.1213388850464978	0.002399451817102614	-4.67666515457381
0.12246161992650495	0.002411565439007493	-4.728502732502907
0.12359474334445113	0.002424042176500263	-4.781706328889277
0.12473835142429439	0.0024368963994747532	-4.836330004088724
0.1258925411794168	0.002450143229133384	-4.892430700694835
0.12705741052085426	0.0024637985877031914	-4.950068437003443
0.12823305826560225	0.0024778792521575883	-5.009306516238264
0.1294195841449987	0.0024924029124702507	-5.070211753343105
0.13061708881318423	0.0025073882344813945	-5.132854720340205
0.1318256738556408	0.002522854928182229	-5.197310012802356
0.13304544179780922	0.0025388238216836802	-5.26365653900897
0.13427649611378642	0.0025553169416790826	-5.331977834581219
0.13551894123510363	0.0025723576008299634	-5.4023624047455865
0.13677288255958495	0.002589970492925847	-5.474904097398251
0.13803842646028852	0.0026081817966155997	-5.549702510206863
0.13931568029453034	0.0026270192885928124	-5.626863435357988
0.14060475241299142	0.002646512467234726	-5.706499346030644
0.14190575216890927	0.0026666926879014507	-5.78872992936272
0.1432187899273544	0.002687593311175908	-5.8736826711286705
0.1445439770745928	0.0027092498653223294	-5.961493497665004
0.1458814260275349	0.0027317002249430756	-6.052307482468679
0.14723125024327194	0.002754984807373993	-6.14627962439126
0.14859356422870074	0.002779146789147173	-6.243575706543445
0.1499684835502374	0.0028042323447260587	-6.3443732453454
0.15135612484362088	0.0028302909104645324	-6.448862541468005
0.15275660582380732	0.0028573754765576576	-6.557247844752418
0.154170045294956	0.002885542911187227	-6.6697486493395735
0.1555965631605075	0.0029148543199755445	-6.786601133772419
0.15703628043335532	0.0029453754464528526	-6.908059767967817
0.15848931924611143	0.002977177118128787	-7.034399107803266
0.15995580286146696	0.0030103357448076295	-7.165915804450563
0.1614358556826487	0.0030449338762476054	-7.302930858615669
0.1629296032639723	0.0030810608274147154	-7.4457921548585695
0.16443717232149324	0.003118813380983593	-7.59487731717967
0.16595869074375613	0.0031582965784751993	-7.750596934471979
0.16749428760264382	0.0031996246132196264	-7.913398212638373
0.1690440931643265	0.003242921840165828	-8.08376911922041
0.17060823890031243	0.0032883239212492194	-8.262243101006948
0.17218685749860077	0.0033359791271959033	-8.44940446718237
0.17378008287493762	0.003386049820865295	-8.645894549185934
0.1753880501841762	0.003438714152632293	-8.85241877204
0.1770108958317422	0.003494168002335633	-9.069754794238348
0.17864875748520517	0.003552627210883041	-9.298761910171088
0.180301774085957	0.003614330151637455	-9.540391945833491
0.18197008586099844	0.0036795407026394447	-9.795701930121608
0.18365383433483473	0.0037485516922526984	-10.065868883311845
0.18535316234148125	0.003821688907190649	-10.352207144318836
0.18706821403658017	0.0038993157692960695	-10.656188751400768
0.18879913490962946	0.0039818388117375675	-10.979467516045355
0.19054607179632482	0.00406971411264066	-11.323907581057858
0.19230917289101596	0.004163454880949295	-11.69161745485563
0.19408858775927793	0.004263640431863235	-12.0849907630511
0.19588446735059908	0.004370926844630797	-12.506755287184149
0.1976969640111862	0.004486059663045003	-12.960032283666319
0.19952623149688808	0.004609889081841191	-13.448408626098459
0.20137242498623895	0.004743388165869341	-13.97602504159413
0.2032357010936223	0.004887674773633813	-14.547684667377473
0.20511621788255666	0.005044038005830564	-15.168987421493343
0.20701413487910436	0.005213970174881093	-15.846497378589264
0.2089296130854041	0.005399205479504989	-16.587952596764097
0.2108628149933291	0.00560176676261615	-17.402529896610933
0.21281390459827135	0.005824021867537236	-18.301181162536675
0.21478304741305343	0.006068751106510081	-19.297063218618128
0.21677041048196952	0.006339227005183062	-20.406090605613837
0.2187761623949553	0.006639306396149156	-21.647650100846256
0.22080047330189004	0.006973532333363136	-23.045527869347595
0.22284351492703042	0.007347237695624402	-24.629114390633703
0.22490546058357816	0.007766630896561856	-26.434966753957934
0.22698648518838224	0.008238821472357341	-28.508816300515203
0.22908676527677735	0.008771699651551695	-30.908095638224236
0.23120647901755953	0.00937350223301951	-33.70498434883422
0.23334580622810033	0.01005175053649026	-36.98975208679754
0.23550492838960102	0.010811004122570071	-40.87363637511187
0.23768402866248772	0.01164854050145356	-45.48931315007944
0.2398832919019491	0.012546826268988629	-50.984769643574595
0.2421029046736179	0.01346220375399438	-57.50298959406961
0.24434305526939726	0.014312308550568576	-65.13732526070646
0.246603933723434	0.014972263257271308	-73.85828656043702
0.24888573182823917	0.015297751851831876	-83.43402403528837
0.25118864315095807	0.015183421135456936	-93.40849601041707
0.2535128630497908	0.014624553343635308	-103.2000342048271
0.25585858869056466	0.013724117840368413	-112.28627336622627
0.2582260190634597	0.012635953630361595	-120.34682303082454
0.26061535499988964	0.01149857004655799	-127.28316824714541
0.2630267991895383	0.010403883474542013	-133.15177888892148
0.26546055619755404	0.009398885771739564	-138.08361261937875
0.2679168324819033	0.008499938223908708	-142.22823542319176
0.2703958364108845	0.007706395719203857	-145.72543321933273
0.2728977782808042	0.007009727816230112	-148.69477877301023
0.27542287033381674	0.006398651756125934	-151.23424838408536
0.277971326775929	0.005861690813498955	-153.422505910134
0.2805433637951715	0.005388293077500125	-155.32220411629166
0.28313919957993805	0.004969214281978126	-156.9831892669715
0.2857590543374948	0.004596553117034766	-158.44523294466833
0.2884031503126607	0.004263639396592791	-159.74023055217168
0.29107171180666064	0.003964873070321956	-160.89392247642314
0.2937649651961532	0.0036955591349728243	-161.92722461207632
0.2964831389524344	0.0034517571393360203	-162.85725231121887
0.29922646366081906	0.003230151345566372	-163.69810857768385
0.30199517204020176	0.003027941884750314	-164.4614925968153
0.30478949896279844	0.0028427549059376897	-165.1571717101038
0.307609681474071	0.0026725689883333255	-165.79334947325876
0.3104559588128357	0.002515655077727694	-166.37695435259374
0.3133285724315587	0.002370527491269325	-166.91386749624513
0.3162277660168381	0.002235903902376187	-167.40910344410392
0.31915378551007634	0.0021106725821844604	-167.86695422370482
0.3221068791283436	0.0019938654968775327	-168.29110473408747
0.32508729738543457	0.0018846361335373423	-168.68472540854515
0.3280952931131192	0.0017822411503295417	-169.0505467115368
0.3311311214825913	0.0016860251280231258	-169.3909189251148
0.33419504002611444	0.001595407843503173	-169.70785983846534
0.3372873086588691	0.0015098736013868946	-170.00309228438954
0.34040818970100106	0.0014289622503590308	-170.27807293006316
0.34355794789987465	0.001352261583580553	-170.5340132714633
0.34673685045253166	0.0012794008796469744	-170.77189337278335
0.3499451670283573	0.001210045386440475	-170.99246849786357
0.353183169791957	0.0011438915864679146	-171.19626836462348
0.35645113342624424	0.0010806631114400524	-171.383588277062
0.3597493351557423	0.0010201071972280877	-171.55447079660024
0.36307805477010135	0.0009619915889647674	-171.70867583360246
0.36643757464783333	0.0009061018214811201	-171.8456359580176
0.3698281797802663	0.0008522388123902849	-171.96439217227135
0.3732501577957206	0.0008002167156458033	-172.06350309344603
0.37670379898390893	0.0007498609920810126	-172.14091699746405
0.38018939632056126	0.000701006661317445	-172.1937907436608
0.38370724549227886	0.0006534967075219287	-172.21823091920933
0.3872576449216173	0.0006071806203531098	-172.20891830390977
0.3908408957924021	0.0005619130650949096	-172.15855270480643
0.39445730207527846	0.0005175526950394255	-172.05701322398065
0.3981071705534973	0.00047396115330730984	-171.89005296731648
0.40179081084894	0.00043100237502656264	-171.63720348881768
0.40550853544838394	0.0003885424294283368	-171.2682791319649
0.40926065973001097	0.00034645041598201765	-170.73727260049787
0.41304750199016144	0.00030460155657508186	-169.97108795945317
0.4168693834703355	0.0002628851829832278	-168.8472824468987
0.4207266283844442	0.00022122459230285543	-167.14619741427677
0.424619563946313	0.0001796290819863336	-164.4362604928356
0.4285485203974396	0.00013834767009659552	-159.75826718240285
0.43251383103500884	0.00009841857825857047	-150.59744036885758
0.4365158322401661	0.00006416351820472982	-129.26513856870793
0.44055486350655343	0.00005243455542167154	-83.5747559322866
0.4446312674691088	0.00007766164942534799	-45.94497127301248
0.4487453899331323	0.00012073278838307038	-30.389810088492304
0.4528975799036209	0.00017091490211904492	-23.53748663694625
0.4570881896148752	0.00022593064811714554	-20.148489327232813
0.46131757456037953	0.0002855727405497399	-18.456860576945004
0.4655860935229591	0.00035029436290827913	-17.760800633157114
0.4698941086052156	0.0004208914819716358	-17.746350949770655
0.4742419852602448	0.0004984292863992334	-18.268507158748772
0.47863009232263853	0.0005842368202209271	-19.269168827075042
0.48305880203977286	0.0006799168263217013	-20.743483645464334
0.4875284901033865	0.0007873366713830362	-22.7260297974782
0.4920395356814511	0.0009085511663298551	-25.286130494404862
0.49659232145033627	0.001045565029249418	-28.527258138942685
0.5011872336272725	0.0011997643119195148	-32.58651279960795
0.5058246620031143	0.0013707405748686402	-37.628252051067854
0.5105049999754064	0.0015541983203871113	-43.82135858163305
0.5152286445817567	0.0017390308474970885	-51.28467273531073
0.5199959965335162	0.0019051280050356254	-59.99065719048596
0.5248074602497729	0.002025847885131467	-69.65509327141395
0.5296634438916581	0.002078417713418594	-79.70725938191298
0.5345643593969719	0.0020569564513020664	-89.43409643054945
0.5395106225151278	0.0019754484580607554	-98.23438326848543
0.5445026528424215	0.0018577750117243965	-105.7857904104394
0.5495408738576248	0.0017258411627847977	-112.03475517763553
0.5546257129579107	0.001594273448071112	-117.09035795201564
0.5597576014951101	0.0014708055906750657	-121.12365305553087
0.5649369748123025	0.0013585724745623017	-124.30843539646942
0.5701642722807475	0.0012581727058095973	-126.79630847832004
0.5754399373371569	0.0011689999780773804	-128.7105671508114
0.580764417521312	0.0010899787292968787	-130.148087354856
0.5861381645140288	0.0010199317506132657	-131.1837129223507
0.591561634175474	0.0009577468581838906	-131.87482064249454
0.5970352865838369	0.0009024416157421279	-132.2652792783022
0.6025595860743578	0.0008531794061444696	-132.38865950362845
0.6081350012787179	0.0008092640537632498	-132.27078240604095
0.6137620051647943	0.0007701263311202442	-131.93175472882518
0.6194410750767815	0.0007353085892830883	-131.38763625728993
0.6251726927756859	0.0007044502116783103	-130.65186223505694
0.6309573444801934	0.0006772748624228194	-129.73651721306538
0.6367955209079159	0.0006535796780806425	-128.6535304795924
0.6426877173170198	0.0006332261759166061	-127.4158369901221
0.6486344335482385	0.0006161324927769496	-126.03852006485715
0.654636174067275	0.0006022665148173061	-124.53992221106384
0.6606934480075961	0.0005916394565064074	-122.9426792188009
0.6668067692136223	0.0005842994719168089	-121.27460386651029
0.6729766562843178	0.0005803249145191273	-119.5693257547674
0.6792036326171846	0.000579816881105511	-117.86659112844683
0.6854882264526617	0.0005828906460833922	-116.21214765528791
0.6918309709189366	0.0005896654659107422	-114.65718442979036
0.6982324040771715	0.0006002519572148905	-113.25735731660804
0.7046930689671471	0.000614735791262253	-112.07148393352992
0.7112135136533292	0.0006331558208302255	-111.16001544654155
0.7177942912713619	0.0006554740901289643	-110.58336237833167
0.7244359600749902	0.0006815347898511521	-110.40006167778384
0.7311390834834176	0.0007110097262958828	-110.66463676217263
0.7379042301291011	0.0007433303151411721	-111.42486089298744
0.7447319739059892	0.0007776119128549814	-112.71805621736975
0.7516228940182057	0.0008125866927991996	-114.56614855027662
0.758577575029184	0.0008465755514066665	-116.96957542287072
0.7655966069112565	0.0008775419812953336	-119.90089141824193
0.7726805850957026	0.0009032684821020947	-123.29991086452192
0.7798301105232589	0.0009216631396297193	-127.07297609184234
0.7870457896950989	0.0009311387388709893	-131.09862177321912
0.7943282347242817	0.0009309408142167701	-135.23997808365058
0.8016780633876793	0.0009212904408761333	-139.361319602393
0.8090958991783825	0.0009032809399584638	-143.3440323274442
0.8165823713585927	0.0008785823470238848	-147.09753590157524
0.8241381150130026	0.0008490817790714022	-150.5631603905976
0.8317637711026713	0.0008165804899047878	-153.71184682602254
0.8394599865193977	0.0007826073590009696	-156.53817538896396
0.8472274141405968	0.0007483469489199556	-159.05329338106426
0.8550667128846836	0.0007146478643516209	-161.27848194087946
0.8629785477669706	0.000682072880615103	-163.24014219595145
0.870963589956081	0.0006509622013523015	-164.96630494791842
0.8790225168308847	0.0006214935150836311	-166.4844302290266
0.8871560120379608	0.0005937318833918577	-167.82016421024517
0.8953647655495938	0.0005676680211349304	-168.9967450779559
0.9036494737223014	0.0005432461452358162	-170.03481730919773
0.9120108393559097	0.0005203834497981995	-170.95248444083
0.9204495717531712	0.000498983287042515	-171.76548827840546
0.9289663867799363	0.00047894381535754647	-172.48744461806322
0.9375620069258802	0.00046016348048369773	-173.13009412157052
0.946237161365793	0.00044254433573639974	-173.7035454064075
0.9549925860214359	0.00042599391755579203	-174.21649881726427
0.9638290236239705	0.0004104261747513279	-174.6764461322761
0.9727472237769651	0.0003957617922091192	-175.08984531654275
0.9817479430199844	0.00038192813878204686	-175.46227149264666
0.9908319448927676	0.00036885899220548033	-175.79854627831028
1.	0.0003564941413297206	-176.10284799973834
1.0092528860766845	0.0003447789304028945	-176.3788053040882
1.0185913880541169	0.0003336637862801838	-176.62957653307032
1.0280162981264735	0.0003231037535842838	-176.85791697931288
1.0375284158180127	0.0003130580523831725	-177.06623588344692
1.0471285480508996	0.0003034896661625405	-177.25664477207533
1.0568175092136585	0.000294364963511615	-177.4309984998725
1.066596121230258	0.0002856533542243267	-177.59093014869418
1.076465213629835	0.00027732697886393006	-177.73788075417264
1.0864256236170655	0.00026936042990925697	-177.87312467417982
1.096478196143185	0.00026173050211472036	-177.9977912815234
1.1066237839776665	0.0002544159695272547	-178.11288355218088
1.1168632477805611	0.000247397386595005	-178.21929402739534
1.1271974561755105	0.00024065691090324176	-178.31781855031704
1.1376272858234309	0.00023417814522582543	-178.4091681132055
1.1481536214968828	0.0002279459967761097	-178.49397909724183
1.1587773561551262	0.00022194655172930438	-178.57282214215903
1.1694993910198712	0.00021616696329001669	-178.64620984542094
1.1803206356517297	0.00021059535175831112	-178.7146034594971
1.191242008027375	0.000205220715223219	-178.77841872968435
1.2022644346174132	0.00020003284966531998	-178.8380309931449
1.2133888504649775	0.0001950222773957205	-178.89377964154264
1.224616199265049	0.00019018018288044072	-178.9459720343625
1.2359474334445106	0.00018549835511639756	-178.99488693709174
1.2473835142429432	0.00018096913581969846	-179.0407775476221
1.2589254117941675	0.00017658537277973375	-179.08387416505545
1.270574105208542	0.00017234037780514716	-179.1243865473822
1.2823305826560218	0.00016822788875909208	-179.1625059979338
1.2941958414499863	0.00016424203523855162	-179.19840721495993
1.3061708881318417	0.00016037730750592048	-179.23224993394686
1.3182567385564075	0.00015662852832612066	-179.26418038826938
1.3304544179780915	0.00015299082740365856	-179.2943326103244
1.3427649611378643	0.00014945961814743247	-179.32282959236218
1.3551894123510364	0.00014603057652472066	-179.34978432369775
1.3677288255958495	0.00014269962179028003	-179.37530071883376
1.3803842646028852	0.00013946289890214199	-179.3994744491568
1.3931568029453034	0.00013631676245581933	-179.42239368926866
1.4060475241299142	0.0001332577619875926	-179.44413978762805
1.4190575216890926	0.00013028262851354615	-179.46478786998193
1.432187899273544	0.00012738826218523298	-179.4844073830297
1.4454397707459279	0.00012457172095643786	-179.50306258485853
1.4588142602753489	0.00012183021016532189	-179.52081298791336
1.4723125024327193	0.00011916107294748076	-179.537713759577
1.4859356422870074	0.00011656178140335777	-179.5538160848468
1.499684835502374	0.00011402992845181763	-179.5691674950723
1.5135612484362087	0.00011156322030828651	-179.58381216626702
1.5275660582380732	0.00010915946953200501	-179.59779119010892
1.54170045294956	0.00010681658859307344	-179.61114282039378
1.555965631605075	0.00010453258391336354	-179.6239026974046
1.5703628043335531	0.00010230555034200645	-179.63610405238154
1.584893192461114	0.00010013366602760546	-179.64777789404988
1.5995580286146696	0.00009801518765463524	-179.65895317894496
1.6143585568264869	0.00009594844601389435	-179.66965696709227
1.629296032639723	0.00009393184187949299	-179.6799145644372
1.6443717232149324	0.00009196384216778313	-179.68974965327175
1.6595869074375613	0.00009004297635574627	-179.69918441177742
1.6749428760264382	0.00008816783313830102	-179.7082396236905
1.690440931643265	0.00008633705730588589	-179.71693477899234
1.7060823890031243	0.00008454934682535158	-179.72528816643836
1.7218685749860079	0.00008280345010858699	-179.73331695865716
1.7378008287493762	0.00008109816345472995	-179.74103729048136
1.753880501841762	0.00007943232865308552	-179.74846433110486
1.770108958317422	0.0000778048307347638	-179.75561235060619
1.7864875748520517	0.0000762145958622065	-179.7624947813243
1.803017740859568	0.00007466058934667351	-179.7691242745283
1.8197008586099825	0.00007314181378452937	-179.77551275278017
1.8365383433483455	0.00007165730730389668	-179.78167145835312
1.8535316234148105	0.00007020614191400932	-179.7876109980347
1.8706821403657996	0.00006878742195008551	-179.79334138461337
1.8879913490962925	0.00006740028260722137	-179.79887207532033
1.9054607179632463	0.00006604388855725946	-179.80421200747415
1.9230917289101574	0.00006471743264308374	-179.8093696315537
1.9408858775927773	0.00006342013464511626	-179.81435294190456
1.958844673505989	0.00006215124011543807	-179.81916950526653
1.97696964011186	0.00006091001927489804	-179.82382648729376
1.9952623149688788	0.00005969576596937364	-179.82833067722328
2.0137242498623875	0.00005850779668129209	-179.832688510836
2.032357010936221	0.00005734544959296181	-179.83690609183992
2.0511621788255647	0.00005620808369841667	-179.840989211797
2.0701413487910414	0.00005509507796089666	-179.8449433687023
2.0892961308540388	0.00005400583051304181	-179.848773784317
2.108628149933289	0.00005293975789725888	-179.85248542034793
2.1281390459827114	0.00005189629434386828	-179.85608299355837
2.147830474130533	0.000050874891084748125	-179.85957098988834
2.167704104819694	0.000049875015700400526	-179.86295367765646
2.1877616239495516	0.000048896151498466	-179.86623511990962
2.208004733018899	0.00004793779692192703	-179.86941918598103
2.228435149270303	0.000046999464985213834	-179.8725095623134
2.2490546058357803	0.00004608068273671508	-179.87550976259865
2.2698648518838214	0.00004518099074613158	-179.87842313728189
2.2908676527677723	0.00004429994261537039	-179.88125288247443
2.312064790175594	0.000043437104511599866	-179.88400204831595
2.333458062281002	0.00004259205472131817	-179.88667354682366
2.355049283896009	0.000041764383224245396	-179.88927015926382
2.376840286624876	0.000040953691286046505	-179.89179454307703
2.39883291901949	0.000040159591068778604	-179.89424923838808
2.4210290467361775	0.0000393817052582402	-179.89663667412754
2.4434305526939712	0.00003861966670724703	-179.89895917379064
2.4660393372343385	0.000037873118094089156	-179.9012189608578
2.48885731828239	0.0000371417115953126	-179.9034181638983
2.5118864315095797	0.00003642510857216908	-179.90555882137798
2.535128630497907	0.00003572297926997486	-179.90764288619022
2.5585858869056453	0.00003503500252981413	-179.90967222992694
2.582260190634596	0.00003436086551188849	-179.91164864690757
2.6061535499988953	0.00003370026343001	-179.91357385798005
2.6302679918953813	0.000033052899296645264	-179.91544951410873
2.654605561975539	0.00003241848367805961	-179.91727719976228
2.6791683248190314	0.00003179673445899874	-179.91905843611426
2.703958364108843	0.00003118737661651883	-179.92079468406732
2.7289777828080406	0.00003059014200252041	-179.92248734711256
2.7542287033381663	0.00003000476913456159	-179.92413777403328
2.7797132677592886	0.00002943100299457272	-179.92574726146304
2.805433637951713	0.000028868594835133087	-179.9273170563069
2.831391995799379	0.00002831730199293551	-179.9288483580331
2.8575905433749464	0.000027776887709119683	-179.93034232084423
2.8840315031266055	0.0000272471209561912	-179.93180005573367
2.910717118066605	0.00002672777627120026	-179.93322263243482
2.9376496519615305	0.000026218633594922115	-179.93461108126925
2.9648313895243423	0.000025719478116779456	-179.93596639489917
2.992264636608189	0.000025230100125246114	-179.93728952999052
3.019951720402016	0.00002475029486349866	-179.9385814087909
3.047894989627983	0.000024279862390111158	-179.9398429206277
3.076096814740708	0.00002381860744453996	-179.94107492333129
3.1045595881283554	0.0000233663393172392	-179.94227824458625
3.1332857243155856	0.0000229228717241875	-179.94345368321623
3.162277660168379	0.000022488022685651716	-179.94460201040482
3.1915378551007616	0.000022061614409010574	-179.94572397085673
3.2210687912834346	0.00002164347317548349	-179.94682028390213
3.250872973854344	0.00002123342923058563	-179.94789164454795
3.2809529311311905	0.000020831316678184463	-179.94893872447759
3.311311214825911	0.00002043697337799195	-179.9499621730038
3.3419504002611427	0.00002005024084637401	-179.9509626179753
3.372873086588689	0.000019670964160335853	-179.95194066664118
3.404081897010009	0.000019298991864563434	-179.9528969064741
3.4355794789987466	0.000018934175881405362	-179.95383190595544
3.4673685045253166	0.00001857637142367333	-179.95474621532367
3.499451670283573	0.000018225436910168823	-179.95564036728828
3.53183169791957	0.000017881233883817282	-179.95651487771096
3.5645113342624426	0.000017543626932320434	-179.95737024625566
3.5974933515574232	0.000017212483611233322	-179.95820695700903
3.630780547701014	0.00001688767436936909	-179.9590254790733
3.664375746478333	0.000016569072476456775	-179.959826267132
3.6982817978026628	0.00001625655395296084	-179.96060976199098
3.732501577957206	0.000015949997501984694	-179.96137639109526
3.767037989839089	0.000015649284443191686	-179.96212656902313
3.801893963205613	0.0000153542986486597	-179.9628606979587
3.8370724549227884	0.000015064926480610719	-179.9635791681438
3.8725764492161727	0.000014781056730942236	-179.96428235831056
3.908408957924021	0.00001450258056250036	-179.96497063609507
3.944573020752785	0.000014229391452037818	-179.96564435843365
3.981071705534973	0.000013961385134787528	-179.9663038719423
4.0179081084894	0.000013698459550609833	-179.96694951327984
4.055085354483839	0.000013440514791651529	-179.96758160949622
4.09260659730011	0.000013187453051465839	-179.96820047836593
4.130475019901614	0.000012939178575546886	-179.96880642870795
4.168693834703355	0.0000126955976132322	-179.9693997606922
4.207266283844442	0.000012456618370921306	-179.9699807661336
4.24619563946313	0.000012222150966577327	-179.97054972877422
4.285485203974396	0.000011992107385458508	-179.9711069245538
4.325138310350088	0.00001176640143704855	-179.97165262186954
4.365158322401661	0.000011544948713143157	-179.97218708182555
4.405548635065534	0.000011327666547052335	-179.97271055847227
4.446312674691089	0.00001111447397389237	-179.97322329903645
4.487453899331323	0.000010905291691920035	-179.97372554414207
4.528975799036209	0.00001070004202488961	-179.97421752802276
4.570881896148752	0.000010498648885388225	-179.9746994787259
4.613175745603791	0.000010301037739129284	-179.9751716183087
4.655860935229586	0.000010107135570166914	-179.97563416302708
4.698941086052151	9.916870847007143e-6	-179.976087323517
4.742419852602444	9.730173489588067e-6	-179.97653130496917
4.7863009232263805	9.546974837099754e-6	-179.97696630729706
4.830588020397723	9.367207616622684e-6	-179.97739252529865
4.875284901033861	9.19080591255624e-6	-179.9778101488121
4.920395356814506	9.01770513681624e-6	-179.97821936286567
4.965923214503357	8.847841999777214e-6	-179.97862034782236
5.01187233627272	8.681154481938613e-6	-179.97901327951877
5.058246620031137	8.51758180629294e-6	-179.9793983293993
5.105049999754059	8.357064411374122e-6	-179.9797756646454
5.152286445817562	8.199543924970493e-6	-179.98014544830014
5.1999599653351565	8.044963138476889e-6	-179.98050783938825
5.248074602497723	7.893265981873756e-6	-179.9808629930321
5.296634438916575	7.74439749931132e-6	-179.98121106056325
5.345643593969713	7.598303825282882e-6	-179.98155218963055
5.395106225151273	7.4549321613715405e-6	-179.98188652430386
5.445026528424209	7.314230753552044e-6	-179.9822142051747
5.495408738576242	7.176148870034526e-6	-179.98253536945322
5.5462571295791046	7.040636779633766e-6	-179.98285015106163
5.597576014951099	6.907645730649541e-6	-179.98315868072473
5.649369748123022	6.7771279302444946e-6	-179.98346108605725
5.701642722807472	6.649036524305761e-6	-179.9837574916482
5.754399373371567	6.523325577776382e-6	-179.98404801914245
5.807644175213118	6.3999500554455905e-6	-179.98433278731943
5.861381645140285	6.2788658031830835e-6	-179.9846119121693
5.9156163417547365	6.160029529608076e-6	-179.98488550696683
5.9703528658383656	6.0433987881793515e-6	-179.98515368234226
6.025595860743575	5.928931959696556e-6	-179.9854165463504
6.081350012787176	5.81658823520075e-6	-179.9856742045373
6.137620051647939	5.706327599264819e-6	-179.9859267600044
6.194410750767812	5.5981108136628e-6	-179.98617431347128
6.251726927756856	5.4918994014085305e-6	-179.98641696333573
6.30957344480193	5.387655631153828e-6	-179.98665480573223
6.367955209079155	5.285342501937296e-6	-179.98688793458865
6.426877173170194	5.184923728274336e-6	-179.9871164416807
6.486344335482381	5.08636372558033e-6	-179.98734041668533
6.546361740672747	4.989627595917006e-6	-179.98755994723166
6.6069344800759575	4.894681114056221e-6	-179.98777511895105
6.668067692136219	4.801490713850484e-6	-179.987986015525
6.729766562843175	4.710023474904484e-6	-179.98819271873202
6.792036326171843	4.620247109539413e-6	-179.98839530849278
6.854882264526613	4.532129950042308e-6	-179.98859386291386
6.918309709189362	4.445640936194364e-6	-179.9887884583303
6.9823240407717115	4.360749603070502e-6	-179.98897916934686
7.046930689671467	4.277426069103692e-6	-179.9891660688777
7.112135136533288	4.195641024407945e-6	-179.98934922818526
7.177942912713615	4.1153657193532156e-6	-179.9895287169178
7.244359600749899	4.03657195338618e-6	-179.9897046031457
7.311390834834173	3.959232064091159e-6	-179.989876953397
7.379042301291007	3.883318916485223e-6	-179.99004583269135
7.447319739059888	3.808805892541606e-6	-179.99021130457362
7.516228940182053	3.7356668809366903e-6	-179.99037343114605
7.585775750291836	3.663876267014323e-6	-179.99053227309966
7.655966069112561	3.5934089229629182e-6	-179.9906878897448
7.726805850957022	3.524240198200111e-6	-179.99084033904083
7.798301105232586	3.456345909959966e-6	-179.99098967762495
7.870457896950985	3.389702334077972e-6	-179.9911359608404
7.943282347242813	3.324286195969493e-6	-179.9912792427639
8.01678063387679	3.260074661796493e-6	-179.99141957623232
8.090958991783822	3.1970453298187705e-6	-179.9915570128691
8.165823713585922	3.135176221924765e-6	-179.99169160310976
8.241381150130021	3.074445775338298e-6	-179.99182339622723
8.317637711026709	3.0148328344966165e-6	-179.9919524403568
8.394599865193973	2.956316643095922e-6	-179.9920787825208
8.472274141405963	2.898876836300432e-6	-179.99220246865306
8.550667128846833	2.8424934331108284e-6	-179.99232354362363
8.629785477669701	2.7871468288884092e-6	-179.9924420512636
8.709635899560805	2.732817788031072e-6	-179.99255803439038
8.790225168308842	2.6794874367971966e-6	-179.992671534834
8.871560120379607	2.6271372562734483e-6	-179.99278259346417
8.953647655495937	2.5757490754827834e-6	-179.9928912502194
9.036494737223014	2.5253050646283235e-6	-179.99299754413846
9.120108393559097	2.475787728468845e-6	-179.99310151339463
9.204495717531712	2.4271798998210365e-6	-179.99320319533493
9.289663867799362	2.379464733183462e-6	-179.99330262652492
9.375620069258803	2.332625698476036e-6	-179.99339984280172
9.462371613657929	2.2866465748875525e-6	-179.99349487933847
9.549925860214358	2.2415114448222255e-6	-179.99358777072376
9.638290236239705	2.1972046879330433e-6	-179.99367855106306
9.727472237769652	2.1537109752251413e-6	-179.99376725411045
9.817479430199844	2.1110152632055247e-6	-179.9938539134441
9.908319448927676	2.069102788043356e-6	-179.99393856270532
10.	2.027959059685532e-6	-179.9940212359328
10.092528860766844	1.987569855838549e-6	-179.99410196804078
10.18591388054117	1.9479212156669533e-6	-179.99418079552217
10.280162981264736	1.9089994329459506e-6	-179.99425775751143
10.375284158180126	1.8707910481862412e-6	-179.9943328974439
10.471285480508996	1.8332828387948772e-6	-179.99440626573625
10.568175092136585	1.796461805334595e-6	-179.99447792428694
10.665961212302578	1.7603151495469615e-6	-179.99454795435673
10.76465213629835	1.7248302334553042e-6	-179.99461647095404
10.864256236170656	1.6899944896997192e-6	-179.99468364980564
10.964781961431852	1.6557951842337235e-6	-179.9947497747314
11.066237839776663	1.6222186109028106e-6	-179.9948152579175
11.168632477805613	1.5892459926518587e-6	-179.9948793497638
11.271974561755105	1.5567959762898088e-6	-179.9948501718275
11.37627285823431	1.5253053808516773e-6	-179.99472409505037
11.481536214968829	1.4940484162782383e-6	-179.99497299858558
11.587773561551263	1.4634247603912986e-6	-179.99505240713827
11.694993910198711	1.433370744394832e-6	-179.99511379520993
11.803206356517286	1.4038696965349987e-6	-179.9951688495284
11.912420080273739	1.3749097145271216e-6	-179.99522031846888
12.022644346174118	1.3464801627382777e-6	-179.99526917454673
12.133888504649763	1.3185709533252636e-6	-179.99531584992562
12.246161992650476	1.2911723299133329e-6	-179.99536056762983
12.359474334445094	1.2642747851847908e-6	-179.99540345579337
12.47383514242942	1.2378690234989094e-6	-179.99544459423507
12.589254117941662	1.211945941269852e-6	-179.9954840358647
12.705741052085406	1.1864966152256158e-6	-179.9955218174548
12.823305826560205	1.1615122945055357e-6	-179.99555796545897
12.941958414499851	1.1369843947769933e-6	-179.99559249933762
13.061708881318404	1.1129044934880427e-6	-179.99562543354847
13.182567385564061	1.0892643257991643e-6	-179.99565677878266
13.304544179780901	1.066055780945225e-6	-179.99568654275566
13.427649611378628	1.0432708988856375e-6	-179.99571473072493
13.551894123510351	1.020901867158342e-6	-179.99574134583386
13.67728825595848	9.989410178857607e-7	-179.99576638934204
13.803842646028839	9.773808248996763e-7	-179.9957898607787
13.931568029453022	9.562139009633904e-7	-179.99581175804292
14.060475241299129	9.354329950765301e-7	-179.99583207746582
14.190575216890911	9.150309898522893e-7	-179.9958508138447
14.321878992735424	8.950008989598685e-7	-179.99586796045637
14.454397707459265	8.753358646266983e-7	-179.99588350905358
14.588142602753473	8.56029155196378e-7	-179.99589744984857
14.723125024327178	8.370741627391914e-7	-179.99590977148512
14.859356422870059	8.184644007125837e-7	-179.9959204610009
14.996848355023726	8.001935016695645e-7	-179.9959295037816
15.135612484362072	7.822552150132033e-7	-179.99593688350615
15.275660582380716	7.646434047957141e-7	-179.995942582085
15.417004529495584	7.473520475607668e-7	-179.99594657959028
15.559656316050734	7.303752302277848e-7	-179.99594885417847
15.703628043335515	7.137071480171412e-7	-179.99594938200522
15.848931924611126	6.973421024152087e-7	-179.9959481371321
15.995580286146678	6.812744991783067e-7	-179.99594509142474
16.143585568264854	6.654988463746287e-7	-179.99594021444207
16.292960326397214	6.50009752463306e-7	-179.99593347331597
16.443717232149307	6.348019244097666e-7	-179.9959248326203
16.595869074375596	6.19870165836611e-7	-179.9959142542292
16.749428760264365	6.052093752092429e-7	-179.99590169716345
16.90440931643263	5.908145440555103e-7	-179.9958871174231
17.060823890031227	5.766807552186582e-7	-179.99587046780715
17.21868574986006	5.62803181142892e-7	-179.99585169771643
17.378008287493746	5.491770821908802e-7	-179.99583075294078
17.5388050184176	5.357978049925429e-7	-179.99580757542705
17.701089583174202	5.226607808244862e-7	-179.9957821030273
17.864875748520497	5.097615240194603e-7	-179.99575426922442
18.03017740859568	4.970956304052253e-7	-179.99572400283375
18.197008586099827	4.84658775772242e-7	-179.99569122767744
18.365383433483455	4.7244671436959183e-7	-179.99565586222914
18.535316234148105	4.604552774285614e-7	-179.995617819226
18.706821403657997	4.48680371713338e-7	-179.9955770052443
18.879913490962927	4.371179780982596e-7	-179.9955333202346
19.054607179632463	4.257641501710905e-7	-179.99548665701232
19.230917289101576	4.1461501286179647e-7	-179.99543690069825
19.408858775927772	4.0366676109630443e-7	-179.9953839281038
19.58844673505989	3.9291565847473674e-7	-179.99532760705407
19.769696401118598	3.823580359736367e-7	-179.99526779564172
19.952623149688787	3.7199029067168403e-7	-179.99520434140294
20.137242498623873	3.6180888449843724e-7	-179.99513708040635
20.32357010936221	3.518103430056256e-7	-179.99506583624355
20.511621788255646	3.4199125416053556e-7	-179.9949904189094
20.701413487910415	3.32348267161038e-7	-179.9949106235568
20.892961308540386	3.2287809127181483e-7	-179.99482622911046
21.086281499332888	3.135774946813453e-7	-179.99473699671975
21.28139045982711	3.04443303379232e-7	-179.99464266802917
21.47830474130533	2.954724000534328e-7	-179.9945429632405
21.67704104819694	2.866617230069983e-7	-179.99443757893712
21.87761623949552	2.7800826509389974e-7	-179.99432618563566
22.080047330188993	2.695090726735477e-7	-179.99420842502414
22.28435149270303	2.61161244583608e-7	-179.99408390683945
22.490546058357804	2.5296193113073204e-7	-179.99395220532728
22.698648518838212	2.4490833309881e-7	-179.99381285521847
22.908676527677724	2.369977007743778e-7	-179.993665347143
23.12064790175594	2.292273329888071e-7	-179.99350912238754
23.33458062281002	2.2159457617690875e-7	-179.99334356688433
23.55049283896009	2.140968234515941e-7	-179.99316800429753
23.76840286624876	2.0673151369423515e-7	-179.99298168804333
23.9883291901949	1.9949613066037854e-7	-179.99278379204873
24.210290467361776	1.9238820210046042e-7	-179.99257340000946
24.434305526939713	1.8540529889518514e-7	-179.9923494928542
24.660393372343385	1.7854503420523122e-7	-179.99211093405722
24.888573182823905	1.7180506263494724e-7	-179.9918564523548
25.118864315095795	1.6518307940971029e-7	-179.99158462131442
25.351286304979073	1.5867681956661974e-7	-179.9912938350672
25.58585886905645	1.5228405715820374e-7	-179.99098227933638
25.82260190634596	1.4600260446881744e-7	-179.9906478966615
26.06153549998895	1.3983031124341672e-7	-179.99028834441665
26.302679918953814	1.3376506392839125e-7	-179.9899009438171
26.54605561975539	1.278047849241475e-7	-179.98948261757454
26.791683248190314	1.2194743184912652e-7	-179.98902981314015
27.039583641088434	1.161909968149557e-7	-179.98853840749155
27.289777828080403	1.1053350571241991e-7	-179.98800358807156
27.542287033381662	1.0497301750795505e-7	-179.98741970260662
27.797132677592884	9.95076235503557e-8	-179.98678006788137
28.05433637951713	9.413544688739741e-8	-179.986076723761
28.31391995799379	8.885464159207339e-8	-179.98530011325306
28.575905433749465	8.366339209814696e-8	-179.98443866129733
28.84031503126606	7.85599125447226e-8	-179.98347821280151
29.10717118066605	7.354244612954441e-8	-179.98240127181194
29.376496519615305	6.860926447073117e-8	-179.9811859545728
29.648313895243422	6.375866697666932e-8	-179.97980452255533
29.92264636608189	5.898898022379504e-8	-179.97822128476923
30.19951720402016	5.4298557342022113e-8	-179.97638952856644
30.4789498962798	4.968577740761227e-8	-179.97424691010545
30.76096814740705	4.514904484336099e-8	-179.97170832025824
31.045595881283525	4.0686788826129244e-8	-179.96865445083276
31.332857243155825	3.629746270203702e-8	-179.9649127002129
31.62277660168376	3.197954341030214e-8	-179.96022367773134
31.91537855100758	2.7731530918184223e-8	-179.9541788129251
32.21068791283432	2.3551947673254514e-8	-179.94609510559988
32.50872973854341	1.943933808978267e-8	-179.9347382197927
32.80952931131187	1.5392268120687298e-8	-179.91762552348294
33.11311214825908	1.1409325106701161e-8	-179.88891412052425
33.41950400261139	7.489118879982697e-9	-179.83080812366674
33.72873086588685	3.6302932860996563e-9	-179.65099758843476
34.040818970100055	1.7007590388668573e-10	-7.471019795135567
34.35579478998743	3.908886774983278e-9	-0.324212355537563
34.67368504525313	7.591700974467737e-9	-0.16699189213680185
34.994516702835696	1.121848842759008e-8	-0.1130621229232898
35.318316979195664	1.4790518327549624e-8	-0.08581208802506013
35.64511334262439	1.8309055214913964e-8	-0.06937595182667758
35.9749335155742	2.1775349819804187e-8	-0.058386821391127976
36.3078054770101	2.519063816272983e-8	-0.050525129258269956
36.64375746478329	2.8556141728491358e-8	-0.044624646451403446
36.98281797802659	3.1873067883624435e-8	-0.04003490799110226
37.32501577957203	3.514261036898162e-8	-0.03636447939647395
37.670379898390856	3.8365949821462016e-8	-0.033363692465030674
38.01893963205609	4.15442543098804e-8	-0.030865795415087393
38.370724549227845	4.46786798796027e-8	-0.028755171365270213
38.72576449216169	4.777037110407867e-8	-0.026949134088494333
39.08408957924017	5.082046164285621e-8	-0.025386983817366357
39.44573020752781	5.3830074806363736e-8	-0.02402315568335317
39.81071705534969	5.680032412815949e-8	-0.022822780009735436
40.17908108489396	5.973231394566533e-8	-0.02175871883980791
40.55085354483835	6.26271399907381e-8	-0.020809536101012386
40.92606597300105	6.548588999186371e-8	-0.01995807536087312
41.304750199016105	6.830964429040394e-8	-0.019190443073628386
41.68693834703351	7.109947647436147e-8	-0.018495268558356412
42.07266283844438	7.385645403489904e-8	-0.017863156648063216
42.46195639463126	7.658163905401886e-8	-0.017286276917446528
42.85485203974392	7.927608893780718e-8	-0.01675805131607952
43.251383103500835	8.194085722162445e-8	-0.016272913764947272
43.65158322401656	8.457699449912172e-8	-0.01582612311453819
44.0554863506553	8.718554958551386e-8	-0.015413616228288839
44.46312674691084	8.976757117289801e-8	-0.015031891800170222
44.87453899331318	9.232411065187126e-8	-0.01467791875447602
45.28975799036204	9.485622814480929e-8	-0.014349067851149548
45.708818961487474	9.73650093851311e-8	-0.014043082862886703
46.13175745603791	9.985163278948069e-8	-0.01375824327834743
46.55860935229586	1.0231786617663608e-7	-0.013496331922491453
46.98941086052151	1.0472686707215149e-7	-0.014647645465566395
47.42419852602443	1.071827797237392e-7	-0.013021223579268028
47.8630092322638	1.0959101988723823e-7	-0.012796449494920445
48.30588020397723	1.1198141494782194e-7	-0.012590406721976644
48.7528490103386	1.1435556146853567e-7	-0.012397946875784825
49.20395356814506	1.1671464560285125e-7	-0.012217538057515564
49.65923214503358	1.19059788119777e-7	-0.012048173387753184
50.118723362727195	1.213920978821225e-7	-0.011888995925741646
50.58246620031137	1.237126868010036e-7	-0.011739410276224656
51.0504999975406	1.2602267399928735e-7	-0.011599179896126641
51.52286445817562	1.2832319050832438e-7	-0.01146730770665658
51.99959965335157	1.3061538201481772e-7	-0.011343283485573907
52.48074602497723	1.3290040948373502e-7	-0.011226713037254806
52.966344389165755	1.351794512740296e-7	-0.011117205339145005
53.45643593969714	1.3745370495057568e-7	-0.011014393854011933
53.95106225151273	1.3972438907556775e-7	-0.010917941230933318
54.450265284242086	1.4199274506363215e-7	-0.010827538550048766
54.95408738576243	1.4426003912518502e-7	-0.0107429033542119
55.462571295791044	1.4652756431345172e-7	-0.010663777526304813
55.97576014951099	1.4879664268820474e-7	-0.010589925284701493
56.49369748123023	1.5106862760860695e-7	-0.010521131362174842
57.01642722807472	1.5334490616762518e-7	-0.010457199373999426
57.543993733715666	1.556269017809984e-7	-0.010397950363496273
58.07644175213118	1.5791607694456472e-7	-0.010343221508868369
58.61381645140285	1.6021393617481848e-7	-0.010292864975081452
59.15616341754737	1.625220291488261e-7	-0.010246746895838313
59.70352865838366	1.6484195406110136e-7	-0.010204746472354295
60.255958607435744	1.671753612166974e-7	-0.010166755177302233
60.81350012787176	1.6952395688165322e-7	-0.010132676053832133
61.37620051647939	1.7188950741403396e-7	-0.010102423100952483
61.94410750767812	1.7427384370116826e-7	-0.010075920737787892
62.51726927756855	1.7667886593133057e-7	-0.010053103340317325
63.0957344480193	1.7910654873107826e-7	-0.010033914845165916
63.67955209079155	1.8155894670278346e-7	-0.010018308415890213
64.26877173170195	1.840382004006307e-7	-0.010006246167978428
64.86344335482381	1.8654654278755097e-7	-0.009997698949499154
65.46361740672747	1.8908630622028995e-7	-0.009992646174988169
66.06934480075958	1.9165993001513663e-7	-0.00999107571077552
66.68067692136219	1.9426996865285707e-7	-0.00999298381053595
67.29766562843174	1.9691910068818397e-7	-0.009998375100404877
67.92036326171844	1.9961013843692617e-7	-0.01000726261355049
68.54882264526613	2.0234603852250967e-7	-0.010019667874638817
69.18309709189363	2.0512991337371934e-7	-0.010035621035183724
69.82324040771712	2.0796504377673622e-7	-0.010055161061346659
70.46930689671467	2.1085489259750765e-7	-0.010078335976352904
71.12135136533288	2.1380311980527383e-7	-0.010105203160332634
71.77942912713615	2.1681359894502227e-7	-0.010135829711089095
72.44359600749898	2.198904352261003e-7	-0.010170292870056028
73.11390834834172	2.2303798541660827e-7	-0.010208680518547938
73.79042301291008	2.2626087975901087e-7	-0.010251091750347427
74.47319739059888	2.29564046152258e-7	-0.010297637527735092
75.16228940182053	2.3295273688028265e-7	-0.010348441429272553
75.85775750291836	2.3643255820690698e-7	-0.010403640499028147
76.55966069112561	2.4000950320396054e-7	-0.010463386208520565
77.26805850957021	2.4368998823401423e-7	-0.010527845544489902
77.98301105232578	2.474808935730502e-7	-0.010597202237736657
78.70457896950977	2.513896087334368e-7	-0.010671658150757102
79.43282347242805	2.5542408313591314e-7	-0.010751434844818747
80.16780633876782	2.59592882883642e-7	-0.010836775350551586
80.90958991783813	2.6390525451498203e-7	-0.0109279461701848
81.65823713585914	2.6837119675854417e-7	-0.011025239544367451
82.41381150130013	2.7300154148929494e-7	-0.0111289760222374
83.176377110267	2.778080452941399e-7	-0.01123950738024676
83.94599865193965	2.828034933072794e-7	-0.011357219943465465
84.72274141405954	2.8800181727930023e-7	-0.011482538372980845
85.50667128846823	2.9341823021160686e-7	-0.011615929994985227
86.29785477669692	2.9906938033469e-7	-0.01175790976169336
87.09635899560797	3.049735277543795e-7	-0.011909045951990632
87.90225168308834	3.111507477594363e-7	-0.01206996674148906
88.71560120379598	3.176231656085498e-7	-0.012241367798498767
89.53647655495928	3.244152286361838e-7	-0.012424021095647816
90.36494737223005	3.315540227883256e-7	-0.012618785168243968
91.20108393559087	3.390696422910375e-7	-0.01282661710224506
92.04495717531702	3.4699562315898435e-7	-0.013048586599887963
92.89663867799354	3.5536945379005517e-7	-0.01328589255359476
93.75620069258792	3.642331791291443e-7	-0.013539882664039958
94.6237161365792	3.7363411903903155e-7	-0.013812076773375538
95.4992586021435	3.8362572688773e-7	-0.014104194759282504
96.38290236239695	3.942686213587768e-7	-0.014418190063051617
97.2747223776964	4.0563183367940554e-7	-0.014756290223686616
98.17479430199833	4.1779432463142193e-7	-0.015121046185761778
99.08319448927665	4.3084684197596036e-7	-0.015515392677710151
99.9999999999999	4.4489421087780405e-7	-0.015942722671127174