0.01000000000000001	0.004544837785019766	-1.389691420577314
0.010092528860766855	0.004544947968424926	-1.390375432641152
0.01018591388054118	0.004545060214583661	-1.391066212795823
0.010280162981264745	0.004545174562160139	-1.3917638329151192
0.010375284158180138	0.004545291050531135	-1.3924683657353063
0.010471285480509006	0.0045454097198323745	-1.3931798848809416
0.010568175092136596	0.004545530610948874	-1.3938984648666433
0.01066596121230259	0.004545653765553367	-1.3946241811207203
0.010764652136298361	0.004545779226064064	-1.3953571099802538
0.010864256236170667	0.004545907035746563	-1.3960973287294742
0.010964781961431863	0.004546037238641432	-1.3968449155893805
0.011066237839776675	0.004546169879663318	-1.397599949759849
0.011168632477805623	0.0045463050045140155	-1.3983625113918807
0.011271974561755117	0.004546442659839334	-1.399132681662649
0.011376272858234322	0.004546582893102237	-1.3999105427294178
0.01148153621496884	0.004546725752670328	-1.4006961777765021
0.011587773561551273	0.004546871287855002	-1.4014896710369
0.011694993910198724	0.004547019548859794	-1.4022911077821174
0.01180320635651731	0.004547170586890099	-1.4031005743735476
0.011912420080273762	0.004547324454067009	-1.4039181582402853
0.012022644346174144	0.00454748120352237	-1.4047439479220638
0.012133888504649786	0.004547640889397043	-1.4055780330817227
0.012246161992650502	0.004547803566844006	-1.406420504516785
0.01235947433444512	0.004547969292065344	-1.4072714541799958
0.012473835142429446	0.0045481381223413135	-1.408130975203743
0.012589254117941687	0.004548310116013997	-1.4089991619065751
0.012705741052085433	0.004548485332543992	-1.4098761098207002
0.012823305826560232	0.004548663832514178	-1.410761915708444
0.01294195841449987	0.004548845677673096	-1.4116566775877328
0.013061708881318424	0.004549030930919549	-1.4125604947414216
0.013182567385564082	0.004549219656344743	-1.413473467741659
0.01330454417978092	0.004549411919281098	-1.4143956984804393
0.013427649611378649	0.004549607786282032	-1.4153272901777028
0.01355189412351037	0.004549807325166986	-1.4162683474067537
0.013677288255958502	0.0045500106050448096	-1.4172189761193041
0.013803842646028859	0.0045502176963626885	-1.4181792836777896
0.013931568029453043	0.004550428670862218	-1.419149378844583
0.01406047524129915	0.004550643601690912	-1.4201293718527084
0.014190575216890933	0.004550862563360257	-1.4211193743853017
0.014321878992735446	0.004551085631826182	-1.4221194996367854
0.014454397707459286	0.0045513128844748025	-1.4231298623118156
0.014588142602753497	0.004551544400161651	-1.4241505786603943
0.014723125024327202	0.004551780259276498	-1.4251817665138788
0.014859356422870082	0.004552020543706822	-1.4262235452911451
0.014996848355023748	0.004552265336910793	-1.4272760360360295
0.015135612484362095	0.004552514723976753	-1.4283393614620832
0.015275660582380739	0.004552768791561202	-1.4294136459422435
0.015417004529495607	0.004553027628032741	-1.4304990155823347
0.015559656316050758	0.004553291323406018	-1.4315955982082875
0.01570362804333554	0.004553559969443526	-1.432703523432374
0.015848931924611148	0.004553833659644935	-1.4338229226552934
0.015995580286146702	0.004554112489332708	-1.4349539291276292
0.016143585568264878	0.004554396555610424	-1.4360966779425712
0.016292960326397238	0.004554685957486043	-1.437251306113535
0.01644371723214933	0.0045549807958537155	-1.4384179525787464
0.016595869074375623	0.004555281173539184	-1.4395967582398757
0.01674942876026439	0.004555587195330101	-1.4407878659969433
0.016904409316432657	0.0045558989680499545	-1.4419914207932285
0.017060823890031253	0.004556216600571471	-1.4432075696496645
0.017218685749860088	0.004556540203869132	-1.4444364616971646
0.017378008287493772	0.004556869891029848	-1.4456782482104027
0.01753880501841763	0.004557205777338407	-1.4469330826610536
0.01770108958317423	0.004557547980289112	-1.4482011207431553
0.017864875748520526	0.00455789661965527	-1.4494825204297515
0.018030177408595707	0.004558251817538203	-1.4507774420126631
0.018197008586099853	0.00455861369834347	-1.4520860481160847
0.018365383433483484	0.00455898238893465	-1.4534085037886526
0.018535316234148135	0.004559358018599542	-1.4547449765108
0.018706821403658026	0.004559740719142776	-1.456095636257651
0.018879913490962956	0.004560130624923749	-1.4574606555466898
0.019054607179632494	0.004560527872888174	-1.4588402094715367
0.019230917289101597	0.004560932602652628	-1.460234475769204
0.019408858775927792	0.004561344956540973	-1.461643634860804
0.01958844673505991	0.00456176507964328	-1.4630678699029456
0.01976969640111862	0.004562193119861831	-1.4645073668441828
0.01995262314968881	0.004562629227993322	-1.465962314478213
0.020137242498623895	0.0045630735577531925	-1.4674329044984007
0.02032357010936223	0.004563526265875249	-1.468919331556841
0.020511621788255666	0.004563987512117827	-1.4704217933120862
0.020701413487910436	0.004564457459391026	-1.471940490507674
0.02089296130854041	0.0045649362737655245	-1.4734756270143938
0.02108628149933291	0.0045654241245809924	-1.4750274099066993
0.021281390459827135	0.004565921184459996	-1.4765960495112482
0.021478304741305354	0.0045664276294453895	-1.4781817594912914
0.02167704104819696	0.004566943639000139	-1.4797847568967737
0.02187761623949554	0.004567469396142222	-1.4814052622515577
0.022080047330189013	0.004568005087458637	-1.483043499596425
0.022284351492703053	0.004568550903207045	-1.4846996965848624
0.022490546058357826	0.004569107037405355	-1.4863740845504734
0.022698648518838235	0.004569673687899755	-1.4880668985857848
0.022908676527677748	0.004570251056410186	-1.4897783776017095
0.023120647901755963	0.004570839348673197	-1.49150876443499
0.023334580622810044	0.0045714387744758824	-1.493258305911995
0.023550492838960112	0.004572049547754469	-1.4950272529309268
0.023768402866248782	0.004572671886703078	-1.4968158605664952
0.02398832919019492	0.004573306013829325	-1.4986243881314782
0.0242102904673618	0.0045739521560558	-1.5004530992855878
0.02443430552693974	0.004574610544826693	-1.502302262121831
0.024660393372343412	0.004575281416202	-1.5041721492690456
0.02488857318282393	0.00457596501091852	-1.5060630379698476
0.025118864315095822	0.0045766615745436775	-1.507975210204134
0.025351286304979098	0.004577371357541842	-1.5099089527787575
0.02558585886905648	0.004578094615374931	-1.5118645574280973
0.025822601906345985	0.0045788316086593445	-1.513842320946373
0.026061535499988978	0.004579582603199869	-1.5158425452638618
0.026302679918953843	0.004580347870155102	-1.5178655375843253
0.026546055619755416	0.0045811276861503405	-1.5199116105043609
0.026791683248190343	0.004581922333359114	-1.5219810821135213
0.027039583641088463	0.004582732099654378	-1.5240742761304222
0.027289777828080432	0.004583557278745074	-1.5261915220419267
0.02754228703338169	0.004584398170235331	-1.528333155196853
0.02779713267759291	0.004585255079850188	-1.5304995169858429
0.02805433637951716	0.0045861283194841345	-1.532690954939401
0.028313919957993816	0.004587018207380737	-1.5349078228904232
0.028575905433749497	0.004587925068257035	-1.5371504811120378
0.028840315031266085	0.00458884923344581	-1.5394192964644484
0.02910717118066608	0.004589791041042292	-1.5417146425504191
0.029376496519615335	0.004590750836085139	-1.5440368998873482
0.029648313895243455	0.004591728970630935	-1.546386456032998
0.02992264636608192	0.004592725804010605	-1.5487637057922679
0.030199517204020192	0.00459374170290357	-1.5511690513564311
0.03047894989627986	0.004594777041546205	-1.553602902491989
0.03076096814740711	0.004595832201911473	-1.5560656767314394
0.031045595881283587	0.004596907573843889	-1.5585577995349655
0.03133285724315589	0.004598003555284535	-1.5610797045105558
0.031622776601683826	0.004599120552399358	-1.563631833581548
0.03191537855100765	0.004600258979816479	-1.5662146372101748
0.03221068791283438	0.004601419260783471	-1.568828574596485
0.03250872973854347	0.004602601827380111	-1.571474113893267
0.03280952931131194	0.00460380712072383	-1.5741517324288736
0.03311311214825915	0.004605035591175148	-1.576861916943313
0.03341950400261146	0.004606287698519507	-1.5796051637857584
0.03372873086588692	0.004607563912237548	-1.5823819792077487
0.034040818970100126	0.004608864711715915	-1.5851928795785981
0.0343557947899875	0.0046101905864289645	-1.5880383916343719
0.0346736850452532	0.004611542036248183	-1.5909190527704684
0.034994516702835765	0.00461291957162905	-1.5938354112808548
0.035318316979195734	0.004614323713893068	-1.5967880266604269
0.03564511334262446	0.004615754995471522	-1.5997774698837541
0.03597493351557427	0.00461721396015973	-1.6028043236942018
0.03630780547701017	0.004618701163403341	-1.605869182917976
0.03664375746478335	0.004620217172570389	-1.6089726547817513
0.03698281797802665	0.004621762567256271	-1.6121153592372597
0.037325015779572084	0.004623337939523812	-1.6152979292776872
0.037670379898390914	0.00462494389425357	-1.618521011300837
0.038018939632056145	0.0046265810494568755	-1.621785265469763
0.0383707245492279	0.00462825003656452	-1.6250913660660806
0.038725764492161745	0.0046299515007648595	-1.6284400018654863
0.03908408957924023	0.004631686101343523	-1.6318318765409554
0.03944573020752787	0.004633454512058042	-1.6352677090724825
0.039810717055349755	0.0046352574214601275	-1.6387482341462551
0.04017908108489402	0.004637095533252563	-1.642274202579244
0.040550853544838415	0.00463896956671114	-1.645846381791801
0.040926065973001115	0.004640880257047648	-1.6494655562344311
0.041304750199016166	0.004642828355814385	-1.6531325278859625
0.04168693834703357	0.004644814631316407	-1.656848116718994
0.04207266283844444	0.004646839869054777	-1.6606131612325514
0.04246195639463132	0.0046489048721142364	-1.6644285189355332
0.042854852039743985	0.00465101046169327	-1.6682950669296708
0.04325138310350091	0.004653157477484795	-1.6722137024265524
0.04365158322401663	0.004655346778245612	-1.6761853433627754
0.044055486350655364	0.004657579242186534	-1.6802109289500335
0.04446312674691091	0.004659855767576923	-1.6842914203289074
0.04487453899331325	0.004662177273204033	-1.6884278011849503
0.04528975799036211	0.004664544698959499	-1.6926210784199784
0.04570881896148754	0.004666959006354294	-1.696872282809632
0.04613175745603798	0.004669421179140174	-1.7011824697411184
0.04655860935229591	0.00467193222386092	-1.705552719917213
0.04698941086052156	0.0046744931705294725	-1.7099841401388396
0.04742419852602448	0.00467710507316331	-1.7144778640375082
0.04786300923226385	0.004679769010513583	-1.7190350529289908
0.04830588020397728	0.004682486086733506	-1.7236568966439465
0.04875284901033865	0.004685257432051559	-1.7283446143822672
0.04920395356814511	0.0046880842034832835	-1.7330994556167214
0.04965923214503363	0.00469096758561006	-1.7379227010317162
0.05011872336272725	0.004693908791332854	-1.7428156634933676
0.05058246620031143	0.004696909062635852	-1.7477796890183495
0.051050499997540646	0.0046999696714596275	-1.7528161578602817
0.05152286445817567	0.00470309192051097	-1.7579264855515837
0.05199959965335162	0.00470627714413349	-1.7631121240155898
0.052480746024977286	0.004709526709286976	-1.7683745627778207
0.05296634438916581	0.004712842016371186	-1.7737153300815458
0.05345643593969719	0.004716224500313605	-1.7791359942235387
0.05395106225151279	0.004719675631463	-1.784638164771406
0.05445026528424214	0.0047231969167357175	-1.790223493964558
0.05495408738576248	0.0047267899006170015	-1.7958936780836192
0.0554625712957911	0.004730456166324811	-1.8016504589055857
0.05597576014951104	0.004734197336951708	-1.8074956252196024
0.05649369748123028	0.004738015076607151	-1.8134310143531769
0.05701642722807478	0.00474191109177048	-1.8194585138590043
0.05754399373371572	0.004745887132484001	-1.8255800631585604
0.05807644175213124	0.004749944993729391	-1.831797655321471
0.05861381645140291	0.004754086516800673	-1.8381133388886162
0.05915616341754743	0.004758313590745408	-1.8445292197798664
0.05970352865838372	0.004762628153840158	-1.8510474632660678
0.06025595860743581	0.004767032195154718	-1.8576702960374205
0.060813500127871824	0.004771527756135196	-1.8644000083353827
0.061376200516479455	0.004776116932314118	-1.8712389562191185
0.06194410750767818	0.0047808018749912725	-1.878189563859863
0.06251726927756862	0.00478558479303199	-1.8852543259590508
0.06309573444801936	0.00479046795478201	-1.8924358103134873
0.06367955209079162	0.004795453689981202	-1.899736660421696
0.064268771731702	0.004800544391766035	-1.9071595982305118
0.06486344335482389	0.004805742518795115	-1.914707426996956
0.06546361740672754	0.004811050597433341	-1.9223830342970003
0.06606934480075964	0.0048164712240047055	-1.9301893951119216
0.06668067692136226	0.004822007067209966	-1.9381295751279755
0.06729766562843183	0.0048276608704822185	-1.9462067340523217
0.0679203632617185	0.004833435454677718	-1.954424129249193
0.0685488226452662	0.004839333720683167	-1.9627851194056096
0.0691830970918937	0.004845358652214298	-1.9712931684030122
0.06982324040771719	0.004851513318685712	-1.9799518493559238
0.07046930689671474	0.004857800878301291	-1.9887648488731466
0.07112135136533296	0.004864224581178576	-1.9977359714772678
0.07177942912713622	0.004870787772606975	-2.0068691441995687
0.07244359600749906	0.004877493896584117	-2.0161684214984743
0.0731139083483418	0.004884346499288169	-2.0256379902525294
0.07379042301291015	0.004891349232934298	-2.0352821751528385
0.07447319739059896	0.004898505859616747	-2.0451054442187457
0.07516228940182061	0.004905820255415735	-2.0551124146240096
0.07585775750291844	0.0049132964146979185	-2.065307858853921
0.07655966069112569	0.004920938454602822	-2.0756967111072115
0.07726805850957029	0.00492875061968635	-2.0862840740004853
0.07798301105232593	0.004936737286788626	-2.097075225609654
0.07870457896950993	0.004944902970318768	-2.108075626975696
0.07943282347242822	0.004953252327409938	-2.1192909297481304
0.08016780633876798	0.004961790163727265	-2.1307269844829784
0.0809095899178383	0.004970521439274357	-2.1423898491530773
0.0816582371358593	0.004979451274543562	-2.15428579817935
0.0824138115013003	0.004988584957149456	-2.1664213320055694
0.08317637711026717	0.004997927948453137	-2.178803186979097
0.08394599865193982	0.00500748589080687	-2.1914383459355196
0.08472274141405972	0.005017264615068076	-2.20433404927235
0.08550667128846841	0.005027270148407966	-2.2174978065635207
0.0862978547766971	0.005037508722644974	-2.230937408893346
0.08709635899560814	0.005047986782942215	-2.244660941794813
0.08790225168308852	0.0050587109969531556	-2.2586767989159515
0.08871560120379617	0.005069688264475759	-2.2729936964423976
0.08953647655495947	0.005080925727559719	-2.287620688282963
0.09036494737223023	0.005092430781257807	-2.302567182207139
0.09120108393559107	0.005104211084821185	-2.3178429567681396
0.09204495717531722	0.005116274573629318	-2.33345817928842
0.09289663867799372	0.005128629471670985	-2.3494234248318606
0.09375620069258811	0.005141284304764367	-2.3657496962948783
0.09462371613657934	0.005154247914515781	-2.3824484456478747
0.09549925860214364	0.005167529473080481	-2.399531596521328
0.0963829023623971	0.005181138498673736	-2.417011567986989
0.09727472237769656	0.005195084872099755	-2.434901299920754
0.09817479430199849	0.005209378854140826	-2.453214279819309
0.09908319448927681	0.005224031104034024	-2.471964571301161
0.10000000000000005	0.005239052698932424	-2.491166844328101
0.10092528860766849	0.005254455154692845	-2.5108364073793745
0.10185913880541175	0.005270250447729247	-2.5309892415954307
0.10280162981264741	0.0052864510384090695	-2.551642037178507
0.10375284158180131	0.005303069895632661	-2.572812231992877
0.10471285480509002	0.00532012052322481	-2.5945180528727776
0.1056817509213659	0.005337616987699287	-2.6167785594285204
0.10665961212302584	0.005355573948020641	-2.639613690928574
0.10764652136298355	0.005374006687184542	-2.6630443162796493
0.10864256236170661	0.0053929311457673245	-2.687092287292216
0.10964781961431856	0.005412363957844991	-2.7117804957457152
0.1106623783977667	0.005432322489129988	-2.7371329342698067
0.11168632477805618	0.005452824877768143	-2.763174761556903
0.1127197456175511	0.0054738900778358865	-2.7899323721475544
0.11376272858234315	0.005495537905905486	-2.817433471215327
0.11481536214968835	0.005517789090745549	-2.8457071547565747
0.11587773561551268	0.005540665326530411	-2.8747839955828476
0.11694993910198717	0.005564189329903545	-2.9046961357861907
0.11803206356517304	0.005588384900961214	-2.935477385897914
0.11912420080273756	0.005613276988969426	-2.9671633318591817
0.12022644346174137	0.005638891762523999	-2.999791449802272
0.1213388850464978	0.005665256685265922	-3.033401230002851
0.12246161992650495	0.005692400597130449	-3.068034310396123
0.12359474334445113	0.005720353801935168	-3.1037346207761813
0.12473835142429439	0.005749148161433916	-3.140548538334006
0.1258925411794168	0.0057788171972064355	-3.178525056193491
0.12705741052085426	0.005809396200201762	-3.217715965513187
0.12823305826560225	0.0058409223492825865	-3.258176052833498
0.1294195841449987	0.005873434839463945	-3.2999633142533025
0.13061708881318423	0.00590697502059162	-3.3431391876750043
0.1318256738556408	0.005941586547735782	-3.3877688053761235
0.13304544179780922	0.00597731554424824	-3.4339212686229312
0.13427649611378642	0.006014210778988049	-3.4816699469264907
0.13551894123510363	0.006052323858852618	-3.5310928041660414
0.13677288255958495	0.006091709438420246	-3.582272754646111
0.13803842646028852	0.0061324254484272376	-3.6352980522645733
0.13931568029453034	0.006174533345003601	-3.690262716344763
0.14060475241299142	0.006218098382012993	-3.747266998202847
0.14190575216890927	0.006263189908967697	-3.8064178930774473
0.1432187899273544	0.006309881697326294	-3.8678297025701194
0.1445439770745928	0.006358252298333668	-3.931624653216995
0.1458814260275349	0.0064083854361041475	-3.997933578238734
0.14723125024327194	0.00646037044006969	-4.0668966696250095
0.14859356422870074	0.006514302721259638	-4.138664309310045
0.1499684835502374	0.006570284297737266	-4.213397988978449
0.15135612484362088	0.006628424375363227	-4.291271329979137
0.15275660582380732	0.006688839990269128	-4.3724712155072964
0.154170045294956	0.006751656721695593	-4.457199050808512
0.1555965631605075	0.0068170094829154955	-4.545672166566106
0.15703628043335532	0.006885043401845702	-4.638125386662521
0.15848931924611143	0.006955914802088108	-4.734812781321331
0.15995580286146696	0.007029792298694734	-4.836009632391747
0.1614358556826487	0.007106858024095959	-4.942014640730349
0.1629296032639723	0.0071873090026607815	-5.053152410787767
0.16443717232149324	0.007271358694795702	-5.169776253292925
0.16595869074375613	0.007359238735584459	-5.292271354376776
0.16749428760264382	0.007451200896867708	-5.421058367670344
0.1690440931643265	0.007547519305927092	-5.556597495115871
0.17060823890031243	0.007648492961337959	-5.699393136374735
0.17218685749860077	0.007754448592165583	-5.849999199307694
0.17378008287493762	0.007865743915260237	-6.00902518229333
0.1753880501841762	0.007982771357303525	-6.177143162560166
0.1770108958317422	0.008105962317682309	-6.3550958475765364
0.17864875748520517	0.008235792065826962	-6.54370588262847
0.180301774085957	0.008372785383229457	-6.743886645111404
0.18197008586099844	0.008517523083202961	-6.956654807079578
0.18365383433483473	0.008670649567424298	-7.183145007277053
0.18535316234148125	0.008832881613252498	-7.424627053336162
0.18706821403658017	0.009005018624469186	-7.682526168339117
0.18879913490962946	0.00918795463016336	-7.958446920436444
0.19054607179632482	0.009382692376810026	-8.254201625927891
0.19230917289101596	0.0095903599378506	-8.571844216632615
0.19408858775927793	0.009812230357719358	-8.91371081173254
0.19588446735059908	0.01004974496726195	-9.282468562719728
0.1976969640111862	0.010304541153779883	-9.681174763214258
0.19952623149688808	0.010578485547641712	-10.113348765487292
0.20137242498623895	0.01087371381069202	-10.583059972694306
0.2032357010936223	0.011192678479051761	-11.095036131315416
0.20511621788255666	0.011538206631611087	-11.654797415914175
0.20701413487910436	0.011913569526057662	-12.268823494661676
0.2089296130854041	0.012322566739605646	-12.944763019877316
0.2108628149933291	0.01276962774657245	-13.691698041343784
0.21281390459827135	0.01325993412411271	-14.520479910158967
0.21478304741305343	0.013799565507715035	-15.444158721798875
0.21677041048196952	0.014395671549812588	-16.478535621418228
0.2187761623949553	0.01505666958664707	-17.642876809082242
0.22080047330189004	0.015792461770852702	-18.960840128671833
0.22284351492703042	0.016614652760051193	-20.46167937960146
0.22490546058357816	0.017536723356941224	-22.181805938732243
0.22698648518838224	0.018574064944466406	-24.16679566404524
0.22908676527677735	0.01974368251273541	-26.473915098678734
0.23120647901755953	0.021063193039532368	-29.175166286504357
0.23334580622810033	0.022548422892489955	-32.36062888971356
0.23550492838960102	0.024208377097608622	-36.14133690242773
0.23768402866248772	0.02603562892920926	-40.64974800080462
0.2398832919019491	0.02798966782539904	-46.033615103848696
0.2421029046736179	0.02997203722591598	-52.435670121236996
0.24434305526939726	0.03179899919769771	-59.94899434393909
0.246603933723434	0.03319408196931412	-68.54380577729452
0.24888573182823917	0.0338403095178314	-77.9879401006611
0.25118864315095807	0.033509819200575955	-87.82501558647532
0.2535128630497908	0.03219890175718436	-97.47299621014336
0.25585858869056466	0.030140959658125254	-106.40911848610487
0.2582260190634597	0.02767902701238721	-114.31256008931905
0.26061535499988964	0.0251194654984567	-121.08433705336172
0.2630267991895383	0.022664016725273826	-126.78040911376566
0.26546055619755404	0.020414606117733297	-131.53117819420044
0.2679168324819033	0.018405564587497193	-135.48560387507143
0.2703958364108845	0.01663396783841676	-138.78280926889522
0.2728977782808042	0.01507981564974318	-141.54164141554816
0.27542287033381674	0.01371732132907008	-143.859280551293
0.277971326775929	0.01252049728644959	-145.81351566413662
0.2805433637951715	0.011465567745814554	-147.4660361548655
0.28313919957993805	0.01053176857376414	-148.86562531374932
0.2857590543374948	0.009701391457825559	-150.05087935429577
0.2884031503126607	0.00895951255099675	-151.05239116853463
0.29107171180666064	0.00829361955433901	-151.8944544332688
0.2937649651961532	0.007693234773037339	-152.59637434570158
0.2964831389524344	0.0071495739746799455	-153.17346855042547
0.29922646366081906	0.0066552534010438655	-153.63782846638298
0.30199517204020176	0.006204044954383717	-153.9988963669697
0.30478949896279844	0.005790674638303483	-154.26390042765692
0.307609681474071	0.005410657878879846	-154.4381792921964
0.3104559588128357	0.005060165442737445	-154.52541938791148
0.3133285724315587	0.004735914371498163	-154.5278218142259
0.3162277660168381	0.004435079220514972	-154.44621070326323
0.31915378551007634	0.004155219736887451	-154.28009110968748
0.3221068791283436	0.0038942218581597497	-154.0276614306407
0.32508729738543457	0.0036502495461858808	-153.68578285048957
0.3280952931131192	0.003421705488221541	-153.24990617694826
0.3311311214825913	0.0032071991270563463	-152.7139545976296
0.33419504002611444	0.0030055208270549937	-152.07015929000934
0.3372873086588691	0.0028156212742164273	-151.30884355151045
0.34040818970100106	0.0026365954493649296	-150.4181503849802
0.34355794789987465	0.0024676707240649394	-149.38370875312057
0.34673685045253166	0.002308198814589479	-148.18823589303764
0.3499451670283573	0.0021576514962880016	-146.81107874605357
0.353183169791957	0.0020156201287886205	-145.22770945655054
0.35645113342624424	0.0018818191560795814	-143.40921253964996
0.3597493351557423	0.0017560937951336477	-141.32184186791247
0.36307805477010135	0.0016384320372177079	-138.92679436762452
0.36643757464783333	0.0015289807320654342	-136.18045709337343
0.3698281797802663	0.0014280646865285588	-133.0355454783793
0.3732501577957206	0.001336206075032921	-129.44375566498766
0.37670379898390893	0.0012541386959641415	-125.36074305411806
0.38018939632056126	0.0011828076483883807	-120.75424090629203
0.38370724549227886	0.0011233407350469248	-115.61560913230754
0.3872576449216173	0.0010769761816560957	-109.97362255331258
0.3908408957924021	0.001044937332792412	-103.90677332645737
0.39445730207527846	0.001028263767453622	-97.54784588584175
0.3981071705534973	0.0010276369716553811	-91.07463852738186
0.40179081084894	0.001043260224457101	-84.68575841715557
0.40550853544838394	0.0010748437485588887	-78.56863332461566
0.40926065973001097	0.0011217037687327412	-72.87189970816034
0.41304750199016144	0.0011829356596993416	-67.69146020045866
0.4168693834703355	0.0012576007383670934	-63.07148494450184
0.4207266283844442	0.00134488017718174	-59.0151915716656
0.424619563946313	0.001444178327609837	-55.49878282881927
0.4285485203974396	0.0015551806485258083	-52.483976582707975
0.43251383103500884	0.0016778813944235537	-49.927280592766444
0.4365158322401661	0.0018125966193279451	-47.78598565141389
0.44055486350655343	0.00195997448582411	-46.0216193339862
0.4446312674691088	0.002121010974793467	-44.601717632661696
0.4487453899331323	0.00229707626663707	-43.500618258047005
0.4528975799036209	0.002489955436661911	-42.69977538856154
0.4570881896148752	0.0027019063077498816	-42.18792790697683
0.46131757456037953	0.0029357368109794663	-41.96134065744672
0.4655860935229591	0.0031949033435542816	-42.02427446653126
0.4698941086052156	0.0034836293100879378	-42.38981324176162
0.4742419852602448	0.003807037281226824	-43.081173427672944
0.47863009232263853	0.004171275017894419	-44.133629878257985
0.48305880203977286	0.004583587034914254	-45.597193035117364
0.4875284901033865	0.005052223930272968	-47.54012290999294
0.4920395356814511	0.005585963061818791	-50.05316805458274
0.49659232145033627	0.0061927914209022085	-53.2538539806517
0.5011872336272725	0.0068769299330007725	-57.28877040583989
0.5058246620031143	0.00763291829007523	-62.32888385272937
0.5105049999754064	0.008435460360827356	-68.54784889614366
0.5152286445817567	0.009225911320730425	-76.0681076427713
0.5199959965335162	0.009903656307437569	-84.86499217119204
0.5248074602497729	0.010341453494456528	-94.65671539369536
0.5296634438916581	0.010438309733168385	-104.87475248127403
0.5345643593969719	0.010180431162494811	-114.80814955768598
0.5395106225151278	0.00964909490611639	-123.85780270537667
0.5445026528424215	0.008967161379082787	-131.70358830976912
0.5495408738576248	0.008241340331892609	-138.29429601356432
0.5546257129579107	0.007539247606476888	-143.74154904779172
0.5597576014951101	0.0068938947832990075	-148.21916839514898
0.5649369748123025	0.00631623120267155	-151.9039632649349
0.5701642722807475	0.005805635277339647	-154.95081348947238
0.5754399373371569	0.0053564041521259225	-157.48655601497555
0.580764417521312	0.0049611950504529065	-159.6118652993613
0.5861381645140288	0.004612655147217479	-161.40561389721637
0.591561634175474	0.00430409622960714	-162.92938915613678
0.5970352865838369	0.00402970369178288	-164.23137471674463
0.6025595860743578	0.003784535433537298	-165.349444920579
0.6081350012787179	0.0035644368224551125	-166.3135489626809
0.6137620051647943	0.0033659310160023726	-167.1475203715457
0.6194410750767815	0.0031861107525458033	-167.87044341664216
0.6251726927756859	0.003022541772904347	-168.49768552934214
0.6309573444801934	0.0028731806638525943	-169.0416804808168
0.6367955209079159	0.002736306721357131	-169.5125262752765
0.6426877173170198	0.002610466224044896	-169.91844554196678
0.6486344335482385	0.0024944272097941473	-170.2661442182282
0.654636174067275	0.0023871429394225134	-170.56109574056111
0.6606934480075961	0.002287722463834083	-170.8077720809003
0.6668067692136223	0.00219540697028053	-171.00983923360394
0.6729766562843178	0.002109550819130806	-171.17033280870376
0.6792036326171846	0.0020296063723393397	-171.29182899573038
0.6854882264526617	0.001955111846935423	-171.37662719483967
0.6918309709189366	0.0018856814895965854	-171.4269629029732
0.6982324040771715	0.0018209973456378278	-171.44527259318286
0.7046930689671471	0.0017608017630673003	-171.43453530778893
0.7112135136533292	0.0017048895010374418	-171.39871616413922
0.7177942912713619	0.0016530978826175004	-171.34333024020125
0.7244359600749902	0.0016052928737176682	-171.27612301454477
0.7311390834834176	0.0015613484446621254	-171.2078130971086
0.7379042301291011	0.0015211165112073786	-171.15275026895836
0.7447319739059892	0.0014843860169718639	-171.1292022176342
0.7516228940182057	0.0014508335683659078	-171.1588268672132
0.758577575029184	0.0014199754597644877	-171.26481435646323
0.7655966069112565	0.001391140835245347	-171.46837590267157
0.7726805850957026	0.0013634924391518074	-171.78388946366462
0.7798301105232589	0.0013361146958974232	-172.21400339772475
0.7870457896950989	0.001308161608953935	-172.74677698975333
0.7943282347242817	0.0012790186477441043	-173.35665010993304
0.8016780633876793	0.001248412002161609	-174.00940205579107
0.8090958991783825	0.0012164191526928701	-174.66923217629645
0.8165823713585927	0.0011833857541668138	-175.3051890520599
0.8241381150130026	0.0011497962991170688	-175.894961097906
0.8317637711026713	0.0011161526991763401	-176.4256642245754
0.8394599865193977	0.0010828926581518106	-176.89249686995493
0.8472274141405968	0.0010503525310482033	-177.29647545174979
0.8550667128846836	0.0010187632706361543	-177.64217253897547
0.8629785477669706	0.0009882644937956157	-177.93591749606546
0.870963589956081	0.0009589249973964336	-178.18456522086447
0.8790225168308847	0.0009307629079932971	-178.39475553925647
0.8871560120379608	0.0009037624819258671	-178.57252909265173
0.8953647655495938	0.0008778868581830529	-178.72317370137245
0.9036494737223014	0.0008530871483044332	-178.85120557903656
0.9120108393559097	0.0008293086116422881	-178.96042109056543
0.9204495717531712	0.0008064946768379607	-179.05397939392438
0.9289663867799363	0.0007845894472187772	-179.13449331883234
0.9375620069258802	0.0007635391762082351	-179.20411664006483
0.946237161365793	0.0007432930630940541	-179.2646223385475
0.9549925860214359	0.0007238036125192094	-179.31747005268662
0.9638290236239705	0.0007050267223592125	-179.3638628068835
0.9727472237769651	0.0006869216090905845	-179.40479398604407
0.9817479430199844	0.0006694506416078487	-179.44108585126332
0.9908319448927676	0.0006525791287610192	-179.47342092834901
1.	0.0006362750888583032	-179.50236749935954
1.0092528860766845	0.0006205090182202807	-179.5284002713719
1.0185913880541169	0.0006052536686685858	-179.55191712985936
1.0280162981264735	0.0005904838392373231	-179.5732527273683
1.0375284158180127	0.0005761761845214802	-179.5926895203506
1.0471285480508996	0.0005623090403143824	-179.61046675020918
1.0568175092136585	0.0005488622661582248	-179.62678776794684
1.066596121230258	0.0005358171038500584	-179.6418260229788
1.076465213629835	0.0005231560506664915	-179.65572997301973
1.0864256236170655	0.0005108627459603836	-179.66862712086456
1.096478196143185	0.0004989218697863436	-179.68062734304308
1.1066237839776665	0.0004873190522716099	-179.69182564274232
1.1168632477805611	0.0004760407925450265	-179.7023044334082
1.1271974561755105	0.00046507438613982335	-179.71213543872864
1.1376272858234309	0.0004544078598995591	-179.72138127817166
1.1481536214968828	0.0004440299135228429	-179.73009679404225
1.1587773561551262	0.00043392986697770214	-179.73833016546047
1.1694993910198712	0.0004240976131127079	-179.74612384617788
1.1803206356517297	0.00041452357486930285	-179.7535153563442
1.191242008027375	0.00040519866657401284	-179.76053795284318
1.2022644346174132	0.00039611425885375406	-179.76722119838587
1.2133888504649775	0.00038726214677139303	-179.7735914459603
1.224616199265049	0.00037863452083105144	-179.77967225232268
1.2359474334445106	0.00037022394054274865	-179.78548473184316
1.2473835142429432	0.0003620233102754526	-179.79104786008494
1.2589254117941675	0.00035402585715881094	-179.79637873491046
1.270574105208542	0.0003462251108236123	-179.80149280160978
1.2823305826560218	0.00033861488479446105	-179.80640404747737
1.2941958414499863	0.00033118925937100326	-179.81112517038153
1.3061708881318417	0.0003239425658514525	-179.81566772514284
1.3182567385564075	0.0003168693719706173	-179.8200422509324
1.3304544179780915	0.0003099644684366129	-179.8242583824001
1.3427649611378643	0.00030322285646523133	-179.82832494682415
1.3551894123510364	0.0002966397362205168	-179.8322500492237
1.3677288255958495	0.0002902104960806806	-179.83604114708496
1.3803842646028852	0.00028393070265643765	-179.8397051161053
1.3931568029453034	0.00027779609149707497	-179.8432483081535
1.4060475241299142	0.0002718025584248207	-179.84667660247203
1.4190575216890926	0.00026594615144648776	-179.84999545099782
1.432187899273544	0.00026022306319321956	-179.85320991855716
1.4454397707459279	0.0002546296238469439	-179.85632471858187
1.4588142602753489	0.000249162294514129	-179.85934424490662
1.4723125024327193	0.00024381766101196694	-179.8622726001297
1.4859356422870074	0.00023859242803546987	-179.8651136209556
1.499684835502374	0.00023348341367611432	-179.86787090088072
1.5135612484362087	0.00022848754426640385	-179.87054781053732
1.5275660582380732	0.00022360184952580696	-179.8731475159691
1.54170045294956	0.0002188234579867418	-179.87567299507697
1.555965631605075	0.000214149592680372	-179.87812705244286
1.5703628043335531	0.0002095775670640299	-179.88051233271406
1.584893192461114	0.00020510478117353263	-179.88283133270713
1.5995580286146696	0.00020072871798520637	-179.88508641237158
1.6143585568264869	0.0001964469399732177	-179.88727980473624
1.629296032639723	0.00019225708584948937	-179.8894136249463
1.6443717232149324	0.0001881568674741994	-179.8914898784865
1.6595869074375613	0.00018414406692579825	-179.8935104686752
1.6749428760264382	0.00018021653372047718	-179.89547720350262
1.690440931643265	0.00017637218217157364	-179.8973918018806
1.7060823890031243	0.00017260898888035964	-179.899255899361
1.7218685749860079	0.0001689249903500443	-179.90107105337617
1.7378008287493762	0.00016531828071570802	-179.90283874804567
1.753880501841762	0.00016178700958295107	-179.90456039859242
1.770108958317422	0.00015832937996919797	-179.90623735540345
1.7864875748520517	0.00015494364634135817	-179.90787090776857
1.803017740859568	0.00015162811274449552	-179.9094622873261
1.8197008586099825	0.00014838113101620816	-179.91101267124176
1.8365383433483455	0.00014520109908191183	-179.91252318514432
1.8535316234148105	0.00014208645932659082	-179.91399490583865
1.8706821403657996	0.00013903569703870892	-179.9154288638155
1.8879913490962925	0.00013604733892238262	-179.91682604557454
1.9054607179632463	0.0001331199516741741	-179.91818739577633
1.9230917289101574	0.00013025214062101686	-179.91951381923613
1.9408858775927773	0.00012744254841603683	-179.92080618277322
1.958844673505989	0.00012468985378931947	-179.92206531692534
1.97696964011186	0.00012199277035066467	-179.92329201753932
1.9952623149688788	0.00011935004544182035	-179.92448704724686
2.0137242498623875	0.00011676045903551068	-179.9256511368326
2.032357010936221	0.00011422282267907923	-179.92678498650358
2.0511621788255647	0.00011173597848040546	-179.92788926706461
2.0701413487910414	0.00010929879813407628	-179.92896462100745
2.0892961308540388	0.00010691018198586035	-179.93001166351763
2.108628149933289	0.00010456905813355246	-179.9310309834047
2.1281390459827114	0.0001022743815625468	-179.9320231439594
2.147830474130533	0.00010002513331444907	-179.93298868374234
2.167704104819694	0.00009782031968711366	-179.9339281173068
2.1877616239495516	0.0000956589714647751	-179.93484193585928
2.208004733018899	0.00009354014317673683	-179.93573060785977
2.228435149270303	0.0000914629123834015	-179.9365945795644
2.2490546058357803	0.00008942637898839313	-179.9374342755125
2.2698648518838214	0.00008742966457550711	-179.9382500989588
2.2908676527677723	0.00008547191176952229	-179.93904243225325
2.312064790175594	0.00008355228361967002	-179.93981163716828
2.333458062281002	0.00008166996300486316	-179.9405580551748
2.355049283896009	0.00007982415205966555	-179.9412820076673
2.376840286624876	0.00007801407162017526	-179.94198379613766
2.39883291901949	0.00007623896068887852	-179.94266370229792
2.4210290467361775	0.00007449807591771099	-179.94332198815118
2.4434305526939712	0.00007279069110857651	-179.94395889600997
2.4660393372343385	0.00007111609673049636	-179.94457464846053
2.48885731828239	0.0000694735994528026	-179.94516944827214
2.5118864315095797	0.00006786252169361051	-179.9457434782487
2.535128630497907	0.00006628220118301236	-179.9462969010212
2.5585858869056453	0.00006473199054031806	-179.94682985877762
2.582260190634596	0.00006321125686480813	-179.94734247292752
2.6061535499988953	0.00006171938133946007	-179.94783484369762
2.6302679918953813	0.000060255758847066136	-179.9483070496539
2.654605561975539	0.00005881979759830179	-179.94875914714586
2.6791683248190314	0.0000574109187712195	-179.949191169667
2.703958364108843	0.00005602855616173507	-179.9496031271257
2.7289777828080406	0.000054672155844667474	-179.94999500501956
2.7542287033381663	0.00005334117584488556	-179.9503667635047
2.7797132677592886	0.00005203508581820396	-179.9507183363519
2.805433637951713	0.00005075336674158749	-179.95104962977896
2.831391995799379	0.000049495510612356074	-179.95136052114788
2.8575905433749464	0.000048261020155978636	-179.95165085751466
2.8840315031266055	0.00004704940854216227	-179.95192045401626
2.910717118066605	0.000045860199108865136	-179.95216909207932
2.9376496519615305	0.00004469292509396832	-179.95239651743142
2.9648313895243423	0.000043547129374261705	-179.95260243789411
2.992264636608189	0.0000424223642114697	-179.95278652093415
3.019951720402016	0.000041318191005046096	-179.95294839094558
3.047894989627983	0.00004023418005144947	-179.9530876262322
3.076096814740708	0.00003916991030964211	-179.95320375565515
3.1045595881283554	0.000038124969172578586	-179.95329625490615
3.1332857243155856	0.000037098952244404235	-179.95336454235985
3.162277660168379	0.00003609146312316499	-179.9534079744539
3.1915378551007616	0.00003510211318877128	-179.95342584053577
3.2210687912834346	0.000034130521396008054	-179.95341735710775
3.250872973854344	0.00003317631407236976	-179.95338166138953
3.2809529311311905	0.00003223912472050723	-179.95331780410692
3.311311214825911	0.0000313185938250873	-179.9532247413982
3.3419504002611427	0.000030414368663859135	-179.95310132571515
3.372873086588689	0.000029526103122740766	-179.9529462955718
3.404081897010009	0.00002865345751471001	-179.95275826397193
3.4355794789987466	0.00002779609840234704	-179.9525357053158
3.4673685045253166	0.000026953698423810252	-179.9522769405507
3.499451670283573	0.00002612593612208115	-179.95198012028905
3.53183169791957	0.00002531249577729638	-179.9516432055646
3.5645113342624426	0.000024513067241977334	-179.95126394583633
3.5974933515574232	0.000023727345778996048	-179.95083985377354
3.630780547701014	0.00002295503190208466	-179.95036817626183
3.664375746478333	0.000022195831218731124	-179.94984586095748
3.6982817978026628	0.00002144945427526362	-179.9492695175742
3.732501577957206	0.00002071561640396861	-179.94863537291403
3.767037989839089	0.00001999403757205161	-179.947939218433
3.801893963205613	0.00001928444223226788	-179.94717634885967
3.8370724549227884	0.00001858655917504134	-179.94634149003764
3.8725764492161727	0.00001790012138188463	-179.945428713722
3.908408957924021	0.000017224865879945828	-179.94443133649864
3.944573020752785	0.000016560533597473807	-179.94334179926713
3.981071705534973	0.000015906869220024628	-179.9421515227894
4.0179081084894	0.000015263621047201648	-179.9408507335729
4.055085354483839	0.000014630540849720255	-179.93942825273518
4.09260659730011	0.000014007383726593621	-179.93787123833638
4.130475019901614	0.00001339390796221346	-179.9361648687646
4.168693834703355	0.000012789874883102793	-179.93429195082558
4.207266283844442	0.000012195048714097549	-179.9322324307902
4.24619563946313	0.000011609196433718062	-179.92996277916765
4.285485203974396	0.000011032087628464742	-179.92745520945607
4.325138310350088	0.00001046349434577457	-179.9246766761493
4.365158322401661	9.903190945350816e-6	-179.92158757564786
4.405548635065534	9.350953948575036e-6	-179.91814004197178
4.446312674691089	8.806561885690323e-6	-179.91427568175317
4.487453899331323	8.269795140434528e-6	-179.90992252081347
4.528975799036209	7.740435791791466e-6	-179.90499082244727
4.570881896148752	7.218267452522781e-6	-179.8993672591033
4.613175745603791	6.703075104142346e-6	-179.8929066279252
4.655860935229586	6.194644928017032e-6	-179.8854198114015
4.698941086052151	5.692764132324529e-6	-179.8766558353836
4.742419852602444	5.197220774720656e-6	-179.86627434783847
4.7863009232263805	4.707803580803919e-6	-179.85380196880672
4.830588020397723	4.224301758979196e-6	-179.83856029031628
4.875284901033861	3.746504813440624e-6	-179.8195414370665
4.920395356814506	3.274202359545755e-6	-179.7951804741289
4.965923214503357	2.807183952163121e-6	-179.762908911549
5.01187233627272	2.3452389548189043e-6	-179.71819677827358
5.058246620031137	1.8881565314640887e-6	-179.65223857304767
5.105049999754059	1.4357260469146274e-6	-179.5453516544392
5.152286445817562	9.87739187769964e-7	-179.34267869721572
5.1999599653351565	5.440035963980157e-7	-178.81217890545824
5.248074602497723	1.0470551789109853e-7	-173.84335212241578
5.296634438916575	3.3208830721514415e-7	-1.9306739321725548
5.345643593969713	7.644199332748206e-7	-0.8360152169859889
5.395106225151273	1.1934902313667629e-6	-0.5340945622966214
5.445026528424209	1.6194639807147536e-6	-0.3928384076792854
5.495408738576242	2.0425613282084244e-6	-0.3110375176803527
5.5462571295791046	2.4630130867237755e-6	-0.2577383133049238
5.597576014951099	2.881056083351816e-6	-0.22029694874100086
5.649369748123022	3.2969324691853703e-6	-0.19258528354394922
5.701642722807472	3.7108898528506815e-6	-0.17127282495658355
5.754399373371567	4.123181694061227e-6	-0.15439383384721106
5.807644175213118	4.5340678152847904e-6	-0.1407132780039941
5.861381645140285	4.943814988997452e-6	-0.1294162188213823
5.9156163417547365	5.352697587621984e-6	-0.11994322998237779
5.9703528658383656	5.760998293865299e-6	-0.11189757043242565
6.025595860743575	6.169008873682804e-6	-0.10499008686481083
6.081350012787176	6.577031016448213e-6	-0.09900509001379805
6.137620051647939	6.985377248436578e-6	-0.09377844597217765
6.194410750767812	7.394371926959617e-6	-0.0891830686743965
6.251726927756856	7.804352323664437e-6	-0.08511905227547523
6.30957344480193	8.215669806717825e-6	-0.0815067999639093
6.367955209079155	8.628691132922181e-6	-0.07828213900669553
6.426877173170194	9.043799862297303e-6	-0.0753927831928955
6.486344335482381	9.461397909345984e-6	-0.07279572837478435
6.546361740672747	9.88190724715133e-6	-0.07045530629665767
6.6069344800759575	0.000010305771782673139	-0.06834171069440698
6.668067692136219	0.000010733459424173945	-0.06642986742348948
6.729766562843175	0.000011165464364675053	-0.06469855871960259
6.792036326171843	0.000011602309608790472	-0.06312973761346875
6.854882264526613	0.000012044549774303965	-0.06170798633045895
6.918309709189362	0.000012492774204550512	-0.06042008493186928
6.9823240407717115	0.000012947610433157498	-0.05925466524794417
7.046930689671467	0.000013409728049164894	-0.058201931457393094
7.112135136533288	0.000013879843018149712	-0.05725343324444495
7.177942912713615	0.000014358722523981399	-0.05640188082495888
7.244359600749899	0.000014847190406496815	-0.05564099362842495
7.311390834834173	0.000015346133283076756	-0.05496537629568998
7.379042301291007	0.000015856507457251318	-0.05437041707344941
7.447319739059888	0.000016379346735608026	-0.05385220477702019
7.516228940182053	0.000016915771296099583	-0.053407461339723475
7.585775750291836	0.00001746699777718198	-0.053033487633804326
7.655966069112561	0.00001803435078914125	-0.05272812078100068
7.726805850957022	0.000018619276087813767	-0.05248970160587569
7.798301105232586	0.000019223355698402165	-0.05231705124881036
7.870457896950985	0.000019848325335414614	-0.052209456269443184
7.943282347242813	0.000020496094536729354	-0.052166661852823
8.01678063387679	0.000021168770019059093	-0.05218887299469225
8.090958991783822	0.000021868682873390316	-0.05227676380308248
8.165823713585922	0.000022598420358531793	-0.052431495324562344
8.241381150130021	0.000023360863226908723	-0.052654742599844866
8.317637711026709	0.000024159229740087746	-0.0529487319919943
8.394599865193973	0.00002499712781679031	-0.05331629023179996
8.472274141405963	0.000025878617123040233	-0.0537609071151479
8.550667128846833	0.00002680828338938478	-0.05428681440069587
8.629785477669701	0.000027791327860624824	-0.054899084238824815
8.709635899560805	0.000028833675600218012	-0.055603751477597045
8.790225168308842	0.000029942107455930654	-0.05640796552568697
8.871560120379607	0.00003112442194658565	-0.05732017922910894
8.953647655495937	0.00003238963529676629	-0.058350384613912114
9.036494737223014	0.000033748230537123275	-0.05951040861542622
9.120108393559097	0.0000352124703110229	-0.06081428642973272
9.204495717531712	0.00003679679324330249	-0.06227873644113058
9.289663867799362	0.00003851832112909368	-0.06392376964172851
9.375620069258803	0.00004039751485908685	-0.06577347935930913
9.462371613657929	0.000042459032585562085	-0.0678570759716014
9.549925860214358	0.00004473286682151321	-0.07021025933957657
9.638290236239705	0.00004725587230623228	-0.0728770642050513
9.727472237769652	0.00005007385082696755	-0.07591237955350488
9.817479430199844	0.00005324444518724505	-0.07938544697700112
9.908319448927676	0.000056841234043462	-0.08338481185804703
10.	0.000060959652164092265	-0.08802548284292586
10.092528860766844	0.00006572576168518626	-0.09345954016709165
10.18591388054117	0.00007130961590977279	-0.09989229947380454
10.280162981264736	0.00007794628924946752	-0.10760774908405346
10.375284158180126	0.00008597024632146174	-0.1170101230652226
10.471285480508996	0.00009587408816961904	-0.12869496219256693
10.568175092136585	0.00010841455153728077	-0.14357733478842194
10.665961212302578	0.0001248169691371048	-0.16313916163798797
10.76465213629835	0.00014720443705030806	-0.18994836068255047
10.864256236170656	0.00017960441520837236	-0.228876495612907
10.964781961431852	0.0002307011677431416	-0.29042834049020677
11.066237839776663	0.00032330292730396823	-0.4021943272905526
11.168632477805613	0.0005427273329271302	-0.6673856150978481
11.271974561755105	0.0017165376676285956	-2.0874725728165355
11.37627285823431	0.0014520665065896653	-178.25365130557438
11.481536214968829	0.0005076347971898823	-179.39610862589987
11.587773561551263	0.0003064784113921358	-179.63922426214958
11.694993910198711	0.00021891403420438497	-179.74493286774126
11.803206356517286	0.00016989748296454145	-179.80401684448682
11.912420080273739	0.0001385584991012864	-179.84172229401636
12.022644346174118	0.00011678971503522726	-179.86785621668687
12.133888504649763	0.00010078424251393134	-179.8870234683424
12.246161992650476	0.00008851809067304551	-179.90167221532542
12.359474334445094	0.00007881581857841302	-179.91322417980464
12.47383514242942	0.00007094802994655953	-179.92256153247118
12.589254117941662	0.00006443812707661772	-179.93026065268563
12.705741052085406	0.00005896152076129377	-179.93671404879828
12.823305826560205	0.000054289500693788007	-179.94219825485342
12.941958414499851	0.00005025626669579583	-179.9469137108505
13.061708881318404	0.00004673868852625292	-179.9510092459327
13.182567385564061	0.000043643407596230105	-179.95459768048724
13.304544179780901	0.000040898350662263895	-179.95776609133492
13.427649611378628	0.00003844698977603839	-179.9605827549411
13.551894123510351	0.00003624436471381698	-179.96310195866764
13.67728825595848	0.000034254267258929405	-179.96536740660915
13.803842646028839	0.00003244720977616924	-179.96741467672706
13.931568029453022	0.00003079893451787002	-179.96927302390154
14.060475241299129	0.000029289302871823297	-179.97096672339856
14.190575216890911	0.000027901456176709352	-179.97251608584602
14.321878992735424	0.000026621173676188626	-179.97393823375026
14.454397707459265	0.00002543637561734879	-179.97524770244718
14.588142602753473	0.000024336734602413257	-179.97645691011215
14.723125024327178	0.000023313368643210598	-179.97757652894504
14.859356422870059	0.00002235859655809718	-179.97861578094935
14.996848355023726	0.000021465741422356217	-179.97958267558877
15.135612484362072	0.00002062897140734985	-179.98048420222216
15.275660582380716	0.000019843169965572506	-179.9813264870451
15.417004529495584	0.00001910382923709944	-179.98211492194616
15.559656316050734	0.000018406961971421662	-179.98285427097093
15.703628043335515	0.000017749028317951237	-179.98354875880352
15.848931924611126	0.000017126874636867857	-179.98420214471176
15.995580286146678	0.000016537682088961414	-179.98481778466694
16.143585568264854	0.00001597892322836584	-179.985398683786
16.292960326397214	0.000015448325181426	-179.98594754080992
16.443717232149307	0.000014943838274510776	-179.98646678599383
16.595869074375596	0.000014463609192586997	-179.98695861351933
16.749428760264365	0.000014005957923037834	-179.98742500933054
16.90440931643263	0.000013569357876187018	-179.98786777512976
17.060823890031227	0.000013152418683289876	-179.9882885491371
17.21868574986006	0.00001275387126045227	-179.988688824111
17.378008287493746	0.000012372554797677738	-179.98906996304203
17.5388050184176	0.0000120074053895925	-179.98943321286322
17.701089583174202	0.00001165744607111244	-179.98977971646252
17.864875748520497	0.000011321778059545407	-179.99011052323752
18.03017740859568	0.000010999573036042775	-179.99042659839495
18.197008586099827	0.000010690066325249003	-179.99072883116506
18.365383433483455	0.000010392550853489521	-179.9910180420758
18.535316234148105	0.00001010637178371669	-179.99129498940977
18.706821403657997	9.83092174036246e-6	-179.99156037494902
18.879913490962927	9.565636549756047e-6	-179.99181484909744
19.054607179632463	9.309991432283577e-6	-179.992059015458
19.230917289101576	9.063497591339829e-6	-179.9922934349311
19.408858775927772	8.825699151631488e-6	-179.99251862939147
19.58844673505989	8.596170405765221e-6	-179.9927350849933
19.769696401118598	8.374513333480607e-6	-179.99294325514646
19.952623149688787	8.160355362520622e-6	-179.9931435632014
20.137242498623873	7.953347344098902e-6	-179.9933364048755
20.32357010936221	7.753161719327095e-6	-179.9935221504492
20.511621788255646	7.559490855895626e-6	-179.993701146757
20.701413487910415	7.372045536828374e-6	-179.99387371899533
20.892961308540386	7.190553585317451e-6	-179.9940401723667
21.086281499332888	7.014758611538536e-6	-179.99420079357677
21.28139045982711	6.844418868992832e-6	-179.99435585219976
21.47830474130533	6.679306209354264e-6	-179.9945056019255
21.67704104819694	6.51920512605051e-6	-179.9946502816996
21.87761623949552	6.363911877898938e-6	-179.99479011676715
22.080047330188993	6.213233685075557e-6	-179.99492531963028
22.28435149270303	6.066987990535137e-6	-179.99505609092617
22.490546058357804	5.9250017807391e-6	-179.99518262023452
22.698648518838212	5.787110960198245e-6	-179.99530508682005
22.908676527677724	5.653159774911494e-6	-179.99542366031653
23.12064790175594	5.523000280289294e-6	-179.9955385013574
23.33458062281002	5.396491849599401e-6	-179.99564976215785
23.55049283896009	5.2735007193714055e-6	-179.99575758705254
23.76840286624876	5.153899568550115e-6	-179.99586211299294
23.9883291901949	5.037567128502873e-6	-179.9959634700078
24.210290467361776	4.924387821266305e-6	-179.99606178162975
24.434305526939713	4.81425142366832e-6	-179.99615716529098
24.660393372343385	4.707052755184916e-6	-179.99624973269053
24.888573182823905	4.602691387591288e-6	-179.99633959013556
25.118864315095795	4.501071374646211e-6	-179.99642683885878
25.351286304979073	4.402101000209411e-6	-179.99651157531372
25.58585886905645	4.305692543336226e-6	-179.99659389144978
25.82260190634596	4.211762059023783e-6	-179.99667387496876
26.06153549998895	4.120229173400034e-6	-179.99675160956394
26.302679918953814	4.031016892252461e-6	-179.99682717514355
26.54605561975539	3.944051421888629e-6	-179.99690064803917
26.791683248190314	3.8592620014067556e-6	-179.9969721012009
27.039583641088434	3.7765807455324584e-6	-179.99704160437983
27.289777828080403	3.695942497248318e-6	-179.99710922429853
27.542287033381662	3.6172846895068932e-6	-179.9971750248114
27.797132677592884	3.540547215375853e-6	-179.9972390670542
28.05433637951713	3.465672306016607e-6	-179.99730140958474
28.31391995799379	3.3926044159457673e-6	-179.9973621085147
28.575905433749465	3.3212901150724117e-6	-179.99742121763327
28.84031503126606	3.2516779870438005e-6	-179.9974787885234
29.10717118066605	3.1837185334684968e-6	-179.99753487067076
29.376496519615305	3.1173640836187595e-6	-179.99758951156616
29.648313895243422	3.0525687092443335e-6	-179.9976427568018
29.92264636608189	2.9892881441571624e-6	-179.99769465016152
30.19951720402016	2.9274797082717837e-6	-179.99774523370564
30.4789498962798	2.8671022358090187e-6	-179.99779454785042
30.76096814740705	2.808116007391555e-6	-179.99784263144272
31.045595881283525	2.750482685779228e-6	-179.99788952182965
31.332857243155825	2.6941652550089835e-6	-179.99793525492382
31.62277660168376	2.6391279627206356e-6	-179.9979798652639
31.91537855100758	2.5853362654636986e-6	-179.99802338607103
32.21068791283432	2.5327567767936407e-6	-179.99806584930062
32.50872973854341	2.4813572179774983e-6	-179.99810728568988
32.80952931131187	2.4311063711391457e-6	-179.99814772480084
33.11311214825908	2.3819740346835465e-6	-179.9981871950585
33.41950400261139	2.3339309808470126e-6	-179.99822572378412
33.72873086588685	2.2869489152268453e-6	-179.9982633372229
34.040818970100055	2.2410004381485915e-6	-179.99830006056555
34.35579478998743	2.1960590077322694e-6	-179.9983359179628
34.67368504525313	2.152098904520253e-6	-179.99837093253166
34.994516702835696	2.109095197528423e-6	-179.99840512635217
35.318316979195664	2.067023711578355e-6	-179.9984385204517
35.64511334262439	2.0258609957609808e-6	-179.99847113477492
35.9749335155742	1.9855842928701856e-6	-179.99850298813482
36.3078054770101	1.946171509626882e-6	-179.99853409813983
36.64375746478329	1.9076011874880734e-6	-179.99856448108997
36.98281797802659	1.8698524737984215e-6	-179.99859415183184
37.32501577957203	1.8329050929894854e-6	-179.9986231235591
37.670379898390856	1.796739317458079e-6	-179.99865140753894
38.01893963205609	1.761335937650581e-6	-179.99867901273754
38.370724549227845	1.7266762307309463e-6	-179.99870594530455
38.72576449216169	1.6927419269951807e-6	-179.9987322078602
39.08408957924017	1.6595151728814184e-6	-179.9987577984995
39.44573020752781	1.6269784889603517e-6	-179.99878270938555
39.81071705534969	1.5951147205917235e-6	-179.99880692473684
40.17908108489396	1.563906977860306e-6	-179.99883041790022
40.55085354483835	1.5333385597250447e-6	-179.9988531470199
40.92606597300105	1.50339285462093e-6	-179.9988750484949
41.304750199016105	1.4740532053164009e-6	-179.99889602686582
41.68693834703351	1.4453027183014942e-6	-179.99891593876157
42.07266283844438	1.4171239847719038e-6	-179.99893456663193
42.46195639463126	1.3894986561805919e-6	-179.99895157423012
42.85485203974392	1.3624067713863406e-6	-179.99896642800755
43.251383103500835	1.3358256401588003e-6	-179.99897825142355
43.65158322401656	1.309727890747695e-6	-179.99898553872887
44.0554863506553	1.2840778360898232e-6	-179.9989855511424
44.46312674691084	1.2588241718370155e-6	-179.99897292380578
44.87453899331318	1.2338837923913127e-6	-179.99893605685205
45.28975799036204	1.2091008854871548e-6	-179.99884617299924
45.708818961487474	1.1841221509649873e-6	-179.99861562528594
46.13175745603791	1.1578832122637532e-6	-179.99786736711675
46.55860935229586	1.1247654518254617e-6	-179.99314268478494
46.98941086052151	1.378606742037047e-6	-179.2047911210464
47.42419852602443	1.1198032640567585e-6	-179.99419019287208
47.8630092322638	1.0901597254273644e-6	-179.99775570144337
48.30588020397723	1.0665174833943e-6	-179.99851294856117
48.7528490103386	1.044758717263968e-6	-179.99880542835277
49.20395356814506	1.0240044405567373e-6	-179.99895524683268
49.65923214503358	1.003948827309567e-6	-179.99904634193555
50.118723362727195	9.844542789232068e-7	-179.9991085937952
50.58246620031137	9.654473786647498e-7	-179.99915487344003
51.0504999975406	9.468836354827473e-7	-179.9991914961862
51.52286445817562	9.287332215138187e-7	-179.99922187016617
51.99959965335157	9.109744338143535e-7	-179.99924797376445
52.48074602497723	8.93590402474553e-7	-179.99927102382395
52.966344389165755	8.765673071335948e-7	-179.99929180494914
53.45643593969714	8.598933517769128e-7	-179.99931084334668
53.95106225151273	8.435581457760196e-7	-179.99932850392548
54.450265284242086	8.275523143307986e-7	-179.99934504715438
54.95408738576243	8.11867244326543e-7	-179.9993606637178
55.462571295791044	7.964949132153712e-7	-179.99937549638076
55.97576014951099	7.814277705021711e-7	-179.9993896542041
56.49369748123023	7.666586535359166e-7	-179.9994032220338
57.01642722807472	7.52180726251756e-7	-179.9994162669852
57.543993733715666	7.379874336225871e-7	-179.99942884296655
58.07644175213118	7.240724670878837e-7	-179.9994409938954
58.61381645140285	7.104297377986589e-7	-179.9994527560235
59.15616341754737	6.970533555247368e-7	-179.99946415964425
59.70352865838366	6.839376117301682e-7	-179.99947523036363
60.255958607435744	6.71076965763051e-7	-179.99948599005918
60.81350012787176	6.584660334053209e-7	-179.99949645761143
61.37620051647939	6.460995772347598e-7	-179.99950664946863
61.94410750767812	6.339724983963564e-7	-179.99951658008692
62.51726927756855	6.220798294831047e-7	-179.99952626227642
63.0957344480193	6.104167283004383e-7	-179.99953570747644
63.67955209079155	5.989784723424549e-7	-179.99954492597539
64.26877173170195	5.877604538478418e-7	-179.99955392708836
64.86344335482381	5.767581753329857e-7	-179.99956271930157
65.46361740672747	5.659672455219615e-7	-179.99957131039022
66.06934480075958	5.55383375609956e-7	-179.99957970751615
66.68067692136219	5.450023758095635e-7	-179.9995879173082
67.29766562843174	5.348201521393284e-7	-179.99959594592957
67.92036326171844	5.248327034216409e-7	-179.9996037991344
68.54882264526613	5.15036118463138e-7	-179.99961148231517
69.18309709189363	5.054265733955281e-7	-179.99961900054322
69.82324040771712	4.960003291585592e-7	-179.99962635860302
70.46930689671467	4.867537291098629e-7	-179.9996335610217
71.12135136533288	4.77683196748855e-7	-179.9996406120943
71.77942912713615	4.6878523354384303e-7	-179.99964751590582
72.44359600749898	4.6005641685309127e-7	-179.9996542763501
73.11390834834172	4.514933979319151e-7	-179.99966089714647
73.79042301291008	4.430929000189581e-7	-179.99966738185424
74.47319739059888	4.3485171649570553e-7	-179.99967373388552
75.16228940182053	4.267667091140245e-7	-179.9996799565164
75.85775750291836	4.1883480628716626e-7	-179.99968605289692
76.55966069112561	4.110530014401741e-7	-179.99969202606013
77.26805850957021	4.034183514160969e-7	-179.9996978789297
77.98301105232578	3.9592797493478634e-7	-179.99970361432736
78.70457896950977	3.8857905110137486e-7	-179.99970923497898
79.43282347242805	3.8136881796182336e-7	-179.99971474352046
80.16780633876782	3.7429457110314454e-7	-179.99972014250295
80.90958991783813	3.673536622961449e-7	-179.9997254343975
81.65823713585914	3.6054349817868695e-7	-179.99973062159938
82.41381150130013	3.538615389776488e-7	-179.9997357064321
83.176377110267	3.473052972678865e-7	-179.9997406911507
83.94599865193965	3.408723367666361e-7	-179.99974557794548
84.72274141405954	3.3456027116190323e-7	-179.9997503689447
85.50667128846823	3.283667629734763e-7	-179.99975506621755
86.29785477669692	3.222895224453019e-7	-179.99975967177664
87.09635899560797	3.1632630646802644e-7	-179.9997641875805
87.90225168308834	3.1047491753058975e-7	-179.99976861553574
88.71560120379598	3.0473320269981293e-7	-179.9997729574992
89.53647655495928	2.9909905262698885e-7	-179.99977721527986
90.36494737223005	2.9357040058053073e-7	-179.9997813906407
91.20108393559087	2.881452215037888e-7	-179.99978548530027
92.04495717531702	2.828215310971863e-7	-179.99978950093455
92.89663867799354	2.775973849238695e-7	-179.9997934391783
93.75620069258792	2.724708775381061e-7	-179.99979730162636
94.6237161365792	2.674401416356983e-7	-179.99980108983536
95.4992586021435	2.625033472257129e-7	-179.9998048053246
96.38290236239695	2.5765870082286264e-7	-179.99980844957753
97.2747223776964	2.529044446598976e-7	-179.9998120240428
98.17479430199833	2.4823885591939596e-7	-179.99981553013532
99.08319448927665	2.4366024598436795e-7	-179.99981896923737
99.9999999999999	2.391669597071101e-7	-179.99982234269947