0.01000000000000001	9.366582830118133e-6
0.010092528860766855	9.370987846429828e-6
0.01018591388054118	9.391452756335783e-6
0.010280162981264745	9.435041826755579e-6
0.010375284158180138	9.506029739079578e-6
0.010471285480509006	9.608913469209804e-6
0.010568175092136596	9.748421077345994e-6
0.01066596121230259	0.000010035498503947746
0.010764652136298361	0.000010466525384910627
0.010864256236170667	0.000010904570662225319
0.010964781961431863	0.000011318615871683528
0.011066237839776675	0.000011675857423579832
0.011168632477805623	0.000011941633434955326
0.011271974561755117	0.000011953663801688229
0.011376272858234322	0.000011422064110441399
0.01148153621496884	0.000010770599164814352
0.011587773561551273	0.00001004364530487348
0.011694993910198724	9.288248552525654e-6
0.01180320635651731	8.55423599118484e-6
0.011912420080273762	7.894331339081032e-6
0.012022644346174144	7.878455317228673e-6
0.012133888504649786	7.987978929852886e-6
0.012246161992650502	8.193930183903851e-6
0.01235947433444512	8.469699845266447e-6
0.012473835142429446	8.787046089884197e-6
0.012589254117941687	9.11602555433502e-6
0.012705741052085433	9.26218212369784e-6
0.012823305826560232	9.317732097625046e-6
0.01294195841449987	9.339625562666141e-6
0.013061708881318424	9.328546292075039e-6
0.013182567385564082	9.285251121208302e-6
0.01330454417978092	9.210573403247562e-6
0.013427649611378649	9.121687228916785e-6
0.01355189412351037	9.018244035359351e-6
0.013677288255958502	8.879479055063948e-6
0.013803842646028859	8.700920085579084e-6
0.013931568029453043	8.477868439270681e-6
0.01406047524129915	8.205389778397279e-6
0.014190575216890933	7.838367690385409e-6
0.014321878992735446	7.2914749570019135e-6
0.014454397707459286	6.7065823303382325e-6
0.014588142602753497	6.105480148603317e-6
0.014723125024327202	5.511271086329345e-6
0.014859356422870082	4.948426536157073e-6
0.014996848355023748	4.442845238514649e-6
0.015135612484362095	4.257859973590696e-6
0.015275660582380739	4.157525832255548e-6
0.015417004529495607	4.130540703122994e-6
0.015559656316050758	4.166761405682942e-6
0.01570362804333554	4.2553725452400176e-6
0.015848931924611148	4.384856602117165e-6
0.015995580286146702	4.52664298224942e-6
0.016143585568264878	4.680317365764368e-6
0.016292960326397238	4.841335762107758e-6
0.01644371723214933	4.998884845108804e-6
0.016595869074375623	5.141502383419667e-6
0.01674942876026439	5.257048787342704e-6
0.016904409316432657	5.2649773087074545e-6
0.017060823890031253	5.157237782648081e-6
0.017218685749860088	5.010442574458717e-6
0.017378008287493772	4.833007176623261e-6
0.01753880501841763	4.633889455461322e-6
0.01770108958317423	4.422614148422943e-6
0.017864875748520526	4.228392095166128e-6
0.018030177408595707	4.100193568821248e-6
0.018197008586099853	3.978862028824571e-6
0.018365383433483484	3.863150848010192e-6
0.018535316234148135	3.751730584193142e-6
0.018706821403658026	3.643185161172906e-6
0.018879913490962956	3.536007882775133e-6
0.019054607179632494	3.402722047992552e-6
0.019230917289101597	3.2706537311818587e-6
0.019408858775927792	3.142597025996109e-6
0.01958844673505991	3.021304393269246e-6
0.01976969640111862	2.9096913449661544e-6
0.01995262314968881	2.810843869295383e-6
0.020137242498623895	2.752517827012584e-6
0.02032357010936223	2.7192793363409184e-6
0.020511621788255666	2.7008542773043354e-6
0.020701413487910436	2.695311756700857e-6
0.02089296130854041	2.70058642619882e-6
0.02108628149933291	2.714472012137976e-6
0.021281390459827135	2.740713640377702e-6
0.021478304741305354	2.7763142961850638e-6
0.02167704104819696	2.8104084168313415e-6
0.02187761623949554	2.8380233235036036e-6
0.022080047330189013	2.8538781098084887e-6
0.022284351492703053	2.852368940953581e-6
0.022490546058357826	2.805585606141506e-6
0.022698648518838235	2.663169509273202e-6
0.022908676527677748	2.499585252291484e-6
0.023120647901755963	2.323142351299934e-6
0.023334580622810044	2.1426967928786858e-6
0.023550492838960112	1.967677996968207e-6
0.023768402866248782	1.8081171098689796e-6
0.02398832919019492	1.7761063753748402e-6
0.0242102904673618	1.7693326507231737e-6
0.02443430552693974	1.7817397082698565e-6
0.024660393372343412	1.8076802971420577e-6
0.02488857318282393	1.841123622578559e-6
0.025118864315095822	1.8756357805624069e-6
0.025351286304979098	1.858789611833659e-6
0.02558585886905648	1.8183310768546172e-6
0.025822601906345985	1.7724029429591016e-6
0.026061535499988978	1.7235634683493413e-6
0.026302679918953843	1.674543868220609e-6
0.026546055619755416	1.6282573520834484e-6
0.026791683248190343	1.6081940812582321e-6
0.027039583641088463	1.6160870493981519e-6
0.027289777828080432	1.6280687706084362e-6
0.02754228703338169	1.640710291440655e-6
0.02779713267759291	1.6503497485421817e-6
0.02805433637951716	1.6530798410162223e-6
0.028313919957993816	1.6319648287432806e-6
0.028575905433749497	1.5568813928383834e-6
0.028840315031266085	1.4702386365607486e-6
0.02910717118066608	1.3759976959111125e-6
0.029376496519615335	1.2784019449114053e-6
0.029648313895243455	1.1819928064350478e-6
0.02992264636608192	1.0916264927982274e-6
0.030199517204020192	1.0539840813736709e-6
0.03047894989627986	1.0282220564889251e-6
0.03076096814740711	1.0128209772704706e-6
0.031045595881283587	1.0064801426787832e-6
0.03133285724315589	1.007795629536144e-6
0.031622776601683826	1.015254150249395e-6
0.03191537855100765	1.0216321764442634e-6
0.03221068791283438	1.0294615001211434e-6
0.03250872973854347	1.0400443061955066e-6
0.03280952931131194	1.0527032331532224e-6
0.03311311214825915	1.0667089175584543e-6
0.03341950400261146	1.0812767958972153e-6
0.03372873086588692	1.095977505228053e-6
0.034040818970100126	1.1098758139509194e-6
0.0343557947899875	1.1214444033230512e-6
0.0346736850452532	1.1294942508896324e-6
0.034994516702835765	1.1327509043556653e-6
0.035318316979195734	1.129849061171011e-6
0.03564511334262446	1.1142420319199834e-6
0.03597493351557427	1.0740857392322849e-6
0.03630780547701017	1.0264548235304264e-6
0.03664375746478335	9.731793345092934e-7
0.03698281797802665	9.162395061060186e-7
0.037325015779572084	8.577759926791623e-7
0.037670379898390914	8.001008736833969e-7
0.038018939632056145	7.631742425495073e-7
0.0383707245492279	7.302443348398496e-7
0.038725764492161745	7.010572576864714e-7
0.03908408957924023	6.754768759638716e-7
0.03944573020752787	6.53350905584574e-7
0.039810717055349755	6.345096823924744e-7
0.04017908108489402	6.193093354551898e-7
0.040550853544838415	6.07127887062667e-7
0.040926065973001115	5.974246127010353e-7
0.041304750199016166	5.898124829352651e-7
0.04168693834703357	5.838681545114116e-7
0.04207266283844444	5.791291094825025e-7
0.04246195639463132	5.723706985273564e-7
0.042854852039743985	5.632111727516281e-7
0.04325138310350091	5.547012714048153e-7
0.04365158322401663	5.471758996435339e-7
0.044055486350655364	5.409989368492514e-7
0.04446312674691091	5.365656530993624e-7
0.04487453899331325	5.351315424896777e-7
0.04528975799036211	5.38850044419596e-7
0.04570881896148754	5.451878964816923e-7
0.04613175745603798	5.540936151725846e-7
0.04655860935229591	5.655067396062717e-7
0.04698941086052156	5.793569574512276e-7
0.04742419852602448	5.955631368997481e-7
0.04786300923226385	6.207500607303379e-7
0.04830588020397728	6.473977967268183e-7
0.04875284901033865	6.741514857469973e-7
0.04920395356814511	6.995710497384136e-7
0.04965923214503363	7.220666255231685e-7
0.05011872336272725	7.398831919194046e-7
0.05058246620031143	7.356018499878077e-7
0.051050499997540646	7.186195311033229e-7
0.05152286445817567	6.954284959809542e-7
0.05199959965335162	6.673731213748163e-7
0.052480746024977286	6.359620193512044e-7
0.05296634438916581	6.028871011750815e-7
0.05345643593969719	5.741582091199759e-7
0.05395106225151279	5.517424779019201e-7
0.05445026528424214	5.325151189324511e-7
0.05495408738576248	5.175853844153757e-7
0.0554625712957911	5.081955985053446e-7
0.05597576014951104	5.057384891721435e-7
0.05649369748123028	5.178227674944312e-7
0.05701642722807478	5.588614519421264e-7
0.05754399373371572	6.08727450993527e-7
0.05807644175213124	6.650206871042228e-7
0.05861381645140291	7.249760489064708e-7
0.05915616341754743	7.854070695765583e-7
0.05970352865838372	8.426392459468845e-7
0.06025595860743581	8.340018753125071e-7
0.060813500127871824	8.175040852804182e-7
0.061376200516479455	7.986233333391844e-7
0.06194410750767818	7.832650715320699e-7
0.06251726927756862	7.78357832869542e-7
0.06309573444801936	7.920472654044268e-7
0.06367955209079162	9.050258534929453e-7
0.064268771731702	1.0788189699049658e-6
0.06486344335482389	1.2860662695787389e-6
0.06546361740672754	1.5224202816267593e-6
0.06606934480075964	1.782466046402341e-6
0.06668067692136226	2.05945518368056e-6
0.06729766562843183	2.2972507497636586e-6
0.0679203632617185	2.4830822116801814e-6
0.0685488226452662	2.6666513922851334e-6
0.0691830970918937	2.851979749747798e-6
0.06982324040771719	3.044129053270849e-6
0.07046930689671474	3.2494949622971596e-6
0.07112135136533296	3.492577057086795e-6
0.07177942912713622	3.821738930132905e-6
0.07244359600749906	4.192476344303212e-6
0.0731139083483418	4.606842713298154e-6
0.07379042301291015	5.0657422133733876e-6
0.07447319739059896	5.56750122461307e-6
0.07516228940182061	6.105226549215965e-6
0.07585775750291844	6.5647489488229545e-6
0.07655966069112569	7.005459091583084e-6
0.07726805850957029	7.389857573059852e-6
0.07798301105232593	7.656286503848016e-6
0.07870457896950993	7.726469644763297e-6
0.07943282347242822	7.535830601530394e-6
0.08016780633876798	7.110874584118601e-6
0.0809095899178383	6.493103560221251e-6
0.0816582371358593	5.774642797786008e-6
0.0824138115013003	5.051825500709795e-6
0.08317637711026717	4.3859254813394165e-6
0.08394599865193982	3.8041845363962252e-6
0.08472274141405972	3.3366149849530507e-6
0.08550667128846841	2.9692245953115716e-6
0.0862978547766971	2.660958490450387e-6
0.08709635899560814	2.3992853104957763e-6
0.08790225168308852	2.173440538019508e-6
0.08871560120379617	1.9745087284834574e-6
0.08953647655495947	1.7856048793218932e-6
0.09036494737223023	1.5850049939312971e-6
0.09120108393559107	1.4039088595825993e-6
0.09204495717531722	1.2419117029673671e-6
0.09289663867799372	1.098624566043198e-6
0.09375620069258811	9.73702228106123e-7
0.09462371613657934	8.668547451184352e-7
0.09549925860214364	7.979476306976349e-7
0.0963829023623971	7.422255350958717e-7
0.09727472237769656	6.970020410708405e-7
0.09817479430199849	6.601383922106728e-7
0.09908319448927681	6.298086921039592e-7
0.10000000000000005	6.044427389865115e-7
0.10092528860766849	5.786681244599665e-7
0.10185913880541175	5.547940862756068e-7
0.10280162981264741	5.339388415674083e-7
0.10375284158180131	5.158091565771276e-7
0.10471285480509002	5.001487182483687e-7
0.1056817509213659	4.867326369140204e-7
0.10665961212302584	4.741905328109056e-7
0.10764652136298355	4.625744609954477e-7
0.10864256236170661	4.5329594927739867e-7
0.10964781961431856	4.465164384111152e-7
0.1106623783977667	4.423876527466023e-7
0.11168632477805618	4.410531776603393e-7
0.1127197456175511	4.3921359907492436e-7
0.11376272858234315	4.3070364949649356e-7
0.11481536214968835	4.284838476882906e-7
0.11587773561551268	4.345545432065158e-7
0.11694993910198717	4.507856587111694e-7
0.11803206356517304	4.789334820098482e-7
0.11912420080273756	5.206553227477614e-7
0.12022644346174137	5.847632159006709e-7
0.1213388850464978	6.642190159151066e-7
0.12246161992650495	7.59349527223113e-7
0.12359474334445113	8.705418304176955e-7
0.12473835142429439	9.98187262146983e-7
0.1258925411794168	1.1426823821772411e-6
0.12705741052085426	1.3259561555403795e-6
0.12823305826560225	1.5304849837806201e-6
0.1294195841449987	1.7447972590252055e-6
0.13061708881318423	1.9652916702023936e-6
0.1318256738556408	2.188553959781299e-6
0.13304544179780922	2.411337655958591e-6
0.13427649611378642	2.628035921316304e-6
0.13551894123510363	2.8360776449660814e-6
0.13677288255958495	3.0359888217582497e-6
0.13803842646028852	3.225757385924524e-6
0.13931568029453034	3.4034397108409078e-6
0.14060475241299142	3.5671524717505275e-6
0.14190575216890927	3.7191050711465418e-6
0.1432187899273544	3.8651267804539205e-6
0.1445439770745928	3.988420336608169e-6
0.1458814260275349	4.0848717882940545e-6
0.14723125024327194	4.150466639499169e-6
0.14859356422870074	4.1812758737546845e-6
0.1499684835502374	4.173442769388129e-6
0.15135612484362088	4.047358962778484e-6
0.15275660582380732	3.887421215331896e-6
0.154170045294956	3.7020684708876027e-6
0.1555965631605075	3.49889511483448e-6
0.15703628043335532	3.2852684692825816e-6
0.15848931924611143	3.0683529252414653e-6
0.15995580286146696	2.876998457098226e-6
0.1614358556826487	2.7001762044028235e-6
0.1629296032639723	2.5323912175582874e-6
0.16443717232149324	2.375835775153672e-6
0.16595869074375613	2.23267317630063e-6
0.16749428760264382	2.1050439186263673e-6
0.1690440931643265	2.0155824102438046e-6
0.17060823890031243	1.9636131771173454e-6
0.17218685749860077	1.9237095245445305e-6
0.17378008287493762	1.8917451498400172e-6
0.1753880501841762	1.8636655539575057e-6
0.1770108958317422	1.835476859969835e-6
0.17864875748520517	1.7940105088950499e-6
0.180301774085957	1.7176862506709687e-6
0.18197008586099844	1.6369237387011272e-6
0.18365383433483473	1.5536025738970076e-6
0.18535316234148125	1.469580799080611e-6
0.18706821403658017	1.3866999156174027e-6
0.18879913490962946	1.3067898824400438e-6
0.19054607179632482	1.2462872727020565e-6
0.19230917289101596	1.1901901578964163e-6
0.19408858775927793	1.1379094416722257e-6
0.19588446735059908	1.088976690815675e-6
0.1976969640111862	1.042929532683025e-6
0.19952623149688808	9.993104414940315e-7
0.20137242498623895	9.539943292600183e-7
0.2032357010936223	9.094773852066431e-7
0.20511621788255666	8.673670251718985e-7
0.20701413487910436	8.279871302335428e-7
0.2089296130854041	7.91667685372508e-7
0.2108628149933291	7.587458992364179e-7
0.21281390459827135	7.32461417220295e-7
0.21478304741305343	7.128298365981086e-7
0.21677041048196952	6.963318521228268e-7
0.2187761623949553	6.824229986372096e-7
0.22080047330189004	6.705574232333925e-7
0.22284351492703042	6.601861617876433e-7
0.22490546058357816	6.503488229220614e-7
0.22698648518838224	6.396919187204281e-7
0.22908676527677735	6.291531431689938e-7
0.23120647901755953	6.184165724658584e-7
0.23334580622810033	6.071594457917649e-7
0.23550492838960102	5.950508379093503e-7
0.23768402866248772	5.817502273109765e-7
0.2398832919019491	5.611662468049421e-7
0.2421029046736179	5.394598345311154e-7
0.24434305526939726	5.172323184863239e-7
0.246603933723434	4.950554398673903e-7
0.24888573182823917	4.735183201860724e-7
0.25118864315095807	4.5323049220246e-7
0.2535128630497908	4.3969316358689047e-7
0.25585858869056466	4.297531509609416e-7
0.2582260190634597	4.21355645914302e-7
0.26061535499988964	4.141292556506961e-7
0.2630267991895383	4.0768992228757563e-7
0.26546055619755404	4.0163858104411245e-7
0.2679168324819033	3.937574985048948e-7
0.2703958364108845	3.8376697925693215e-7
0.2728977782808042	3.7362147964571185e-7
0.27542287033381674	3.634487197121321e-7
0.277971326775929	3.5338341115206305e-7
0.2805433637951715	3.4356843056883304e-7
0.28313919957993805	3.344512543059552e-7
0.2857590543374948	3.2678912224284416e-7
0.2884031503126607	3.196709301427031e-7
0.29107171180666064	3.1308121889089837e-7
0.2937649651961532	3.0700503361513886e-7
0.2964831389524344	3.0142789639105336e-7
0.29922646366081906	2.963357780796709e-7
0.30199517204020176	2.9218198847011766e-7
0.30478949896279844	2.8843673304908123e-7
0.307609681474071	2.850027624835314e-7
0.3104559588128357	2.817781110177196e-7
0.3133285724315587	2.7865085469034646e-7
0.3162277660168381	2.7549704684362563e-7
0.31915378551007634	2.7063275800774266e-7
0.3221068791283436	2.650379994522578e-7
0.32508729738543457	2.5941520550972034e-7
0.3280952931131192	2.53963920401142e-7
0.3311311214825913	2.489135019801277e-7
0.33419504002611444	2.4453058054515074e-7
0.3372873086588691	2.4256020414385766e-7
0.34040818970100106	2.433807137998238e-7
0.34355794789987465	2.45545762824345e-7
0.34673685045253166	2.490265381302171e-7
0.3499451670283573	2.5379741535862936e-7
0.353183169791957	2.598379649032028e-7
0.35645113342624424	2.665370578616714e-7
0.3597493351557423	2.7291140109591004e-7
0.36307805477010135	2.806298955428086e-7
0.36643757464783333	2.902525173044573e-7
0.3698281797802663	3.025145144774391e-7
0.3732501577957206	3.185604236458728e-7
0.37670379898390893	3.402965559411432e-7
0.38018939632056126	3.7142466775823977e-7
0.38370724549227886	4.1897607856042296e-7
0.3872576449216173	5.011906872296178e-7
0.3908408957924021	6.834567417167171e-7
0.39445730207527846	1.4747764021615334e-6
0.3981071705534973	6.228742994517393e-7
0.40179081084894	3.764766673600577e-9
0.40550853544838394	2.333977415359269e-7
0.40926065973001097	4.668864994444439e-7
0.41304750199016144	9.092309127751376e-7
0.4168693834703355	1.5750179382614687e-6
0.4207266283844442	8.439951210094409e-7
0.424619563946313	4.798214203300591e-7
0.4285485203974396	3.1934642414172937e-7
0.43251383103500884	2.3063638256368352e-7
0.4365158322401661	1.73996862922914e-7
0.44055486350655343	1.341849508375675e-7
0.4446312674691088	1.0406172909110322e-7
0.4487453899331323	7.966853869166557e-8
0.4528975799036209	5.8371746173767505e-8
0.4570881896148752	3.79372052195846e-8
0.46131757456037953	1.5164074441687994e-8
0.4655860935229591	1.7433185040818108e-8
0.4698941086052156	9.217824983256075e-8
0.4742419852602448	6.892031988128723e-7
0.47863009232263853	1.9437490595861685e-7
0.48305880203977286	1.110049637562692e-7
0.4875284901033865	8.131836388411644e-8
0.4920395356814511	6.529734241710892e-8
0.49659232145033627	5.491054940017274e-8
0.5011872336272725	4.746096581721911e-8
0.5058246620031143	4.1609959540854694e-8
0.5105049999754064	3.689927050679233e-8
0.5152286445817567	3.305862250797753e-8
0.5199959965335162	2.988665452955284e-8
0.5248074602497729	2.725442387069486e-8
0.5296634438916581	2.507700797060509e-8
0.5345643593969719	2.3447442852345283e-8
0.5395106225151278	2.230989175082825e-8
0.5445026528424215	2.1449278584288136e-8
0.5495408738576248	2.081776448060372e-8
0.5546257129579107	2.0376349555671906e-8
0.5597576014951101	2.009245204507645e-8
0.5649369748123025	1.9836423158295945e-8
0.5701642722807475	1.936442061597899e-8
0.5754399373371569	1.9004617241067983e-8
0.580764417521312	1.8785677014069273e-8
0.5861381645140288	1.873687156081428e-8
0.591561634175474	1.888873969754498e-8
0.5970352865838369	1.9288511715087417e-8
0.6025595860743578	2.0514724668051957e-8
0.6081350012787179	2.2429769882980376e-8
0.6137620051647943	2.5554980206395e-8
0.6194410750767815	3.1097343453818175e-8
0.6251726927756859	4.2370547338461654e-8
0.6309573444801934	6.965071440467844e-8
0.6367955209079159	7.346621435429638e-8
0.6426877173170198	7.77411091915633e-8
0.6486344335482385	5.750827729640315e-8
0.654636174067275	5.916995908079397e-8
0.6606934480075961	1.1501388122993728e-8
0.6668067692136223	2.7834303882672093e-9
0.6729766562843178	3.763095322745482e-9
0.6792036326171846	3.4991876566126513e-9
0.6854882264526617	3.0491791920482708e-9
0.6918309709189366	2.6145457273779107e-9
0.6982324040771715	2.236371588648652e-9
0.7046930689671471	1.917340493656581e-9
0.7112135136533292	1.647785944553481e-9
0.7177942912713619	1.415027411830876e-9
0.7244359600749902	1.220180722394143e-9
0.7311390834834176	1.0564769471925516e-9
0.7379042301291011	9.182152083531337e-10
0.7447319739059892	8.007195130512079e-10
0.7516228940182057	7.002039757137236e-10
0.758577575029184	6.105517568328561e-10
0.7655966069112565	5.332362448934634e-10
0.7726805850957026	4.665742432875995e-10
0.7798301105232589	4.0917711664451033e-10
0.7870457896950989	3.5994254520863704e-10
0.7943282347242817	3.180668225336465e-10
0.8016780633876793	2.8484640765384906e-10
0.8090958991783825	2.596773169149558e-10
0.8165823713585927	2.508086475971324e-10
0.8241381150130026	8.641647609065894e-11
0.8317637711026713	1.5834830499379847e-10
0.8394599865193977	1.498707942604556e-10
0.8472274141405968	1.3730287227670803e-10
0.8550667128846836	1.2434998354951253e-10
0.8629785477669706	1.1224197369287498e-10
0.870963589956081	1.0115432762701286e-10
0.8790225168308847	9.109856201171264e-11
0.8871560120379608	8.203152824473439e-11
0.8953647655495938	7.392859521357725e-11
0.9036494737223014	6.679024107575796e-11
0.9120108393559097	6.041847721182669e-11
0.9204495717531712	5.47377985089199e-11
0.9289663867799363	4.968008563662476e-11
0.9375620069258802	4.518445902008805e-11
0.946237161365793	4.119687327425166e-11
0.9549925860214359	3.7680663101205316e-11
0.9638290236239705	3.458105583288168e-11
0.9727472237769651	3.185998213686724e-11
0.9817479430199844	2.948453758084744e-11
0.9908319448927676	2.7426572816691524e-11
1.	2.5662474613382243e-11
1.0092528860766845	2.4281809044473844e-11
1.0185913880541169	2.3184585438103366e-11
1.0280162981264735	2.2300947368607744e-11
1.0375284158180127	2.160236173753336e-11
1.0471285480508996	2.1063018869171994e-11
1.0568175092136585	2.0659204220685143e-11
1.066596121230258	2.0194048223812347e-11
1.076465213629835	1.9642870504338687e-11
1.0864256236170655	1.920771635265446e-11
1.096478196143185	1.8929383673905795e-11
1.1066237839776665	1.8868645488445872e-11
1.1168632477805611	1.9122126605693737e-11
1.1271974561755105	1.9944383043283668e-11
1.1376272858234309	2.1896969358820605e-11
1.1481536214968828	2.5405910191078492e-11
1.1587773561551262	3.2171863390275645e-11
1.1694993910198712	4.78725857826883e-11
1.1803206356517297	9.762058250655687e-11
1.191242008027375	6.587029468595122e-11
1.2022644346174132	3.179893481417099e-11
1.2133888504649775	1.830478341674305e-11
1.224616199265049	1.2025887405667713e-11
1.2359474334445106	8.507769477664627e-12
1.2473835142429432	6.310181805619994e-12
1.2589254117941675	4.841253238702933e-12
1.270574105208542	3.8419596293936136e-12
1.2823305826560218	3.1299443219177053e-12
1.2941958414499863	2.604534049254729e-12
1.3061708881318417	2.210202206129476e-12
1.3182567385564075	1.911079091326493e-12
1.3304544179780915	1.6832578352198072e-12
1.3427649611378643	1.5095205077908984e-12
1.3551894123510364	1.379143281325991e-12
1.3677288255958495	1.2863409761734059e-12
1.3803842646028852	1.2275178389937123e-12
1.3931568029453034	1.2025005727476283e-12
1.4060475241299142	1.2157519493888545e-12
1.4190575216890926	1.2788529046201727e-12
1.432187899273544	1.4199024865099598e-12
1.4454397707459279	1.7243427551544072e-12
1.4588142602753489	2.476576675524827e-12
1.4723125024327193	4.872730789211162e-12
1.4859356422870074	3.5929699408086253e-12
1.499684835502374	1.4679320161391186e-12
1.5135612484362087	8.140694218496247e-13
1.5275660582380732	5.20973624907916e-13
1.54170045294956	3.6026308022044e-13
1.555965631605075	2.615012876832944e-13
1.5703628043335531	1.962438633461744e-13
1.584893192461114	1.5091253243704336e-13
1.5995580286146696	1.1833810982015676e-13
1.6143585568264869	9.42074535680335e-14
1.629296032639723	7.589978392861072e-14
1.6443717232149324	6.175026563754496e-14
1.6595869074375613	5.064430631433999e-14
1.6749428760264382	4.1812358128337407e-14
1.690440931643265	3.466296498878872e-14
1.7060823890031243	2.8826835067436245e-14
1.7218685749860079	2.4069934658688116e-14
1.7378008287493762	2.0171804159332306e-14
1.753880501841762	1.6962710843074632e-14
1.770108958317422	1.4310427554250384e-14
1.7864875748520517	1.2113138583304836e-14
1.803017740859568	1.0291129892892363e-14
1.8197008586099825	8.769797356809129e-15
1.8365383433483455	7.495751662666426e-15
1.8535316234148105	6.425923571088877e-15
1.8706821403657996	5.525366931614929e-15
1.8879913490962925	4.765578439165765e-15
1.9054607179632463	4.141290072761319e-15
1.9230917289101574	3.608658027830962e-15
1.9408858775927773	3.1510231478331998e-15
1.958844673505989	2.7552520041483702e-15
1.97696964011186	2.4108497137543478e-15
1.9952623149688788	2.109395879186197e-15
2.0137242498623875	1.83454393985146e-15
2.032357010936221	1.5907425478879666e-15
2.0511621788255647	1.3779870292829316e-15
2.0701413487910414	1.1928288202266089e-15
2.0892961308540388	1.032130267592477e-15
2.108628149933289	8.930500592518267e-16
2.1281390459827114	7.741275276537659e-16
2.147830474130533	6.726004436344493e-16
2.167704104819694	5.849841465558735e-16
2.1877616239495516	5.093691736851923e-16
2.208004733018899	4.44111527704238e-16
2.228435149270303	3.8779446567788304e-16
2.2490546058357803	3.393796777606031e-16
2.2698648518838214	2.980781704002144e-16
2.2908676527677723	2.6228756228840287e-16
2.312064790175594	2.3118869056303774e-16
2.333458062281002	2.0409232743571972e-16
2.355049283896009	1.8041786577694461e-16
2.376840286624876	1.5967558925113337e-16
2.39883291901949	1.4143860718817632e-16
2.4210290467361775	1.2537475591691567e-16
2.4434305526939712	1.1118873929721757e-16
2.4660393372343385	9.862961554106702e-17
2.48885731828239	8.74838688973418e-17
2.5118864315095797	7.756951076767617e-17
2.535128630497907	6.851622047316258e-17
2.5585858869056453	6.040736752946703e-17
2.582260190634596	5.3233186504047685e-17
2.6061535499988953	4.690581310696979e-17
2.6302679918953813	4.134279219868976e-17
2.654605561975539	3.646724932982462e-17
2.6791683248190314	3.232103159507005e-17
2.703958364108843	2.879498566651966e-17
2.7289777828080406	2.5681451150916247e-17
2.7542287033381663	2.2915032452294338e-17
2.7797132677592886	2.044203524503548e-17
2.805433637951713	1.8218416550956005e-17
2.831391995799379	1.6169974015779122e-17
2.8575905433749464	1.421032303176077e-17
2.8840315031266055	1.2458949398004373e-17
2.910717118066605	1.090442218331168e-17
2.9376496519615305	9.534023499675473e-18
2.9648313895243423	8.334300029783325e-18
2.992264636608189	7.291494624864208e-18
3.019951720402016	6.447705928805606e-18
3.047894989627983	5.716258285336671e-18
3.076096814740708	5.07974337182407e-18
3.1045595881283554	4.523869736253526e-18
3.1332857243155856	4.036585127777632e-18
3.162277660168379	3.6077329110736e-18
3.1915378551007616	3.227889967676172e-18
3.2210687912834346	2.8907223718993033e-18
3.250872973854344	2.5906010250354632e-18
3.2809529311311905	2.322481776984363e-18
3.311311214825911	2.0820977173703358e-18
3.3419504002611427	1.865838345446433e-18
3.372873086588689	1.6672512052861768e-18
3.404081897010009	1.4850104666900606e-18
3.4355794789987466	1.321355338736261e-18
3.4673685045253166	1.1747614140062764e-18
3.499451670283573	1.043777018339571e-18
3.53183169791957	9.270286768358743e-19
3.5645113342624426	8.236478161865621e-19
3.5974933515574232	7.330626775299534e-19
3.630780547701014	6.525483260133334e-19
3.664375746478333	5.809590603884109e-19
3.6982817978026628	5.172823397695475e-19
3.732501577957206	4.606230640902332e-19
3.767037989839089	4.101897315758241e-19
3.801893963205613	3.6496097583719914e-19
3.8370724549227884	3.2473770229531266e-19
3.8725764492161727	2.889980071375612e-19
3.908408957924021	2.572683818931146e-19
3.944573020752785	2.291218309461957e-19
3.981071705534973	2.0417364374520464e-19
4.0179081084894	1.8234675237084312e-19
4.055085354483839	1.6306235989881881e-19
4.09260659730011	1.4590795173364535e-19
4.130475019901614	1.306166707710502e-19
4.168693834703355	1.1695806332219095e-19
4.207266283844442	1.0473303352826443e-19
4.24619563946313	9.368867902193836e-20
4.285485203974396	8.3706217065774e-20
4.325138310350088	7.476238342356964e-20
4.365158322401661	6.675363503319712e-20
4.405548635065534	5.958625655730921e-20
4.446312674691089	5.317547397195505e-20
4.487453899331323	4.745231010622143e-20
4.528975799036209	4.235901850631444e-20
4.570881896148752	3.780413171785618e-20
4.613175745603791	3.3729439880533045e-20
4.655860935229586	3.0083278141402423e-20
4.698941086052151	2.6819801892858517e-20
4.742419852602444	2.3898407969286533e-20
4.7863009232263805	2.125704447512699e-20
4.830588020397723	1.89028537041334e-20
4.875284901033861	1.6743054842404753e-20
4.920395356814506	1.4896011476559135e-20
4.965923214503357	1.3229413841656342e-20
5.01187233627272	1.1747180619034312e-20
5.058246620031137	1.0444715133438688e-20
5.105049999754059	9.292191259826093e-21
5.152286445817562	8.267667566959649e-21
5.1999599653351565	7.356198017556745e-21
5.248074602497723	6.5446542857415894e-21
5.296634438916575	5.821509838183894e-21
5.345643593969713	5.176214224563174e-21
5.395106225151273	4.600043973443847e-21
5.445026528424209	4.08574711672288e-21
5.495408738576242	3.626492119726549e-21
5.5462571295791046	3.2162447290060472e-21
5.597576014951099	2.8496714397072266e-21
5.649369748123022	2.5206040961555e-21
5.701642722807472	2.2227411627763333e-21
5.754399373371567	1.957861040172114e-21
5.807644175213118	1.722968728305201e-21
5.861381645140285	1.51523912028067e-21
5.9156163417547365	1.3320230277185817e-21
5.9703528658383656	1.1708495123904125e-21
6.025595860743575	1.0335639796491722e-21
6.081350012787176	9.125336116268223e-22
6.137620051647939	8.055285813143912e-22
6.194410750767812	7.106872055939298e-22
6.251726927756856	6.264301041890581e-22
6.30957344480193	5.514170847443726e-22
6.367955209079155	4.831073794727977e-22
6.426877173170194	4.219849743735044e-22
6.486344335482381	3.678931250900868e-22
6.546361740672747	3.201637963849472e-22
6.6069344800759575	2.7816932293369345e-22
6.668067692136219	2.413235472231557e-22
6.729766562843175	2.0944681597514157e-22
6.792036326171843	1.8187138432444953e-22
6.854882264526613	1.5766514012234057e-22
6.918309709189362	1.3639447927694307e-22
6.9823240407717115	1.1768997320991304e-22
7.046930689671467	1.0123672803163374e-22
7.112135136533288	8.67036528159706e-23
7.177942912713615	7.378066441124892e-23
7.244359600749899	6.250799212613411e-23
7.311390834834173	5.271942728308947e-23
7.379042301291007	4.4262834601381345e-23
7.447319739059888	3.70001990073379e-23
7.516228940182053	3.0807676936572685e-23
7.585775750291836	2.5610536631383748e-23
7.655966069112561	2.1263554622118555e-23
7.726805850957022	1.7685316239878637e-23
7.798301105232586	1.4808260076405578e-23
7.870457896950985	1.2573108258441109e-23
7.943282347242813	1.0920059158691769e-23
8.01678063387679	9.778672873488403e-24
8.090958991783822	9.05832894290085e-24
8.165823713585922	8.654668079518285e-24
8.241381150130021	8.464184971420702e-24
8.317637711026709	8.398853601701229e-24
8.394599865193973	8.393150433635491e-24
8.472274141405963	8.404154724420034e-24
8.550667128846833	8.404916663851965e-24
8.629785477669701	8.379166421112908e-24
8.709635899560805	8.319414693006396e-24
8.790225168308842	8.223066359983621e-24
8.871560120379607	8.090479766102387e-24
8.953647655495937	7.919008473567683e-24
9.036494737223014	7.702595451235475e-24
9.120108393559097	7.462267499315121e-24
9.204495717531712	7.204541858499473e-24
9.289663867799362	6.935647422626693e-24
9.375620069258803	6.661360783753695e-24
9.462371613657929	6.386910369828029e-24
9.549925860214358	6.145043018448592e-24
9.638290236239705	5.9063364722718795e-24
9.727472237769652	5.669897821252973e-24
9.817479430199844	5.434960158013701e-24
9.908319448927676	5.2007193711736755e-24
10.	4.966382124357565e-24
10.092528860766844	4.714859020263809e-24
10.18591388054117	4.4597458807568866e-24
10.280162981264736	4.209378442648487e-24
10.375284158180126	3.965842880403681e-24
10.471285480508996	3.730907263737772e-24
10.568175092136585	3.50604018651136e-24
10.665961212302578	3.2967626690853276e-24
10.76465213629835	3.1030031278237694e-24
10.864256236170656	2.9196578218738995e-24
10.964781961431852	2.746235031057158e-24
11.066237839776663	2.5822349718330515e-24
11.168632477805613	2.4271580314651562e-24
11.271974561755105	2.2805177224763915e-24
11.37627285823431	2.1418440443608664e-24
11.481536214968829	2.010647681222246e-24
11.587773561551263	1.8864791597491505e-24
11.694993910198711	1.768910273532542e-24
11.803206356517286	1.6575353463835967e-24
11.912420080273739	1.5519719093576638e-24
12.022644346174118	1.4498491173137574e-24
12.133888504649763	1.3533122766561379e-24
12.246161992650476	1.2623043122441187e-24
12.359474334445094	1.1767237099188559e-24
12.47383514242942	1.0964450354542651e-24
12.589254117941662	1.0213227807681105e-24
12.705741052085406	9.522351051980062e-25
12.823305826560205	8.880613778256441e-25
12.941958414499851	8.280646494628281e-25
13.061708881318404	7.719192284725036e-25
13.182567385564061	7.193257083615168e-25
13.304544179780901	6.700093244085097e-25
13.427649611378628	6.2319915553378265e-25
13.551894123510351	5.788028374012157e-25
13.67728825595848	5.373011858870871e-25
13.803842646028839	4.986032864254558e-25
13.931568029453022	4.626105750059729e-25
14.060475241299129	4.292184857845904e-25
14.190575216890911	3.9853708494487407e-25
14.321878992735424	3.7082219818751026e-25
14.454397707459265	3.4513419079601626e-25
14.588142602753473	3.2126844622578477e-25
14.723125024327178	2.9904195598071833e-25
14.859356422870059	2.7829136825064375e-25
14.996848355023726	2.588711699250946e-25
15.135612484362072	2.4014240910072073e-25
15.275660582380716	2.2262505470816398e-25
15.417004529495584	2.062785861267753e-25
15.559656316050734	1.9105639199974271e-25
15.703628043335515	1.7691049398379453e-25
15.848931924611126	1.6379204142025825e-25
15.995580286146678	1.5176654026302092e-25
16.143585568264854	1.4067900980664182e-25
16.292960326397214	1.3042014963820503e-25
16.443717232149307	1.209279894745478e-25
16.595869074375596	1.1214502902653172e-25
16.749428760264365	1.0401794191084326e-25
16.90440931643263	9.652950283419683e-26
17.060823890031227	8.962495434889659e-26
17.21868574986006	8.321908086775263e-26
17.378008287493746	7.726668414196545e-26
17.5388050184176	7.172707627654136e-26
17.701089583174202	6.656365377432432e-26
17.864875748520497	6.170374941048103e-26
18.03017740859568	5.705169893251662e-26
18.197008586099827	5.273070099017227e-26
18.365383433483455	4.8732430528111787e-26
18.535316234148105	4.504694010856468e-26
18.706821403657997	4.16629809834724e-26
18.879913490962927	3.856828694079589e-26
19.054607179632463	3.5918921570265816e-26
19.230917289101576	3.3489785379978017e-26
19.408858775927772	3.124718847583232e-26
19.58844673505989	2.916334039624105e-26
19.769696401118598	2.721444550114395e-26
19.952623149688787	2.538023480558228e-26
20.137242498623873	2.358869370762001e-26
20.32357010936221	2.1881424355062365e-26
20.511621788255646	2.0276856482923065e-26
20.701413487910415	1.87720162713904e-26
20.892961308540386	1.7363637290616307e-26
21.086281499332888	1.604736139987739e-26
21.28139045982711	1.4819834456532754e-26
21.47830474130533	1.367885847806832e-26
21.67704104819694	1.2620868051291692e-26
21.87761623949552	1.1643779768012777e-26
22.080047330188993	1.0745925976691887e-26
22.28435149270303	9.916756981026355e-27
22.490546058357804	9.151074235890373e-27
22.698648518838212	8.444064503256979e-27
22.908676527677724	7.791260208618481e-27
23.12064790175594	7.188562287032455e-27
23.33458062281002	6.632161682062504e-27
23.55049283896009	6.118534098393495e-27
23.76840286624876	5.644409146835262e-27
23.9883291901949	5.206784305786408e-27
24.210290467361776	4.802875631159934e-27
24.434305526939713	4.430106751464127e-27
24.660393372343385	4.086089548635529e-27
24.888573182823905	3.7686268863296445e-27
25.118864315095795	3.475687923488774e-27
25.351286304979073	3.2053923084877663e-27
25.58585886905645	2.9559989532374298e-27
25.82260190634596	2.7259025898792915e-27
26.06153549998895	2.5136239103715847e-27
26.302679918953814	2.3177925464017957e-27
26.54605561975539	2.1371409381076773e-27
26.791683248190314	1.9704979172008543e-27
27.039583641088434	1.8167873198537388e-27
27.289777828080403	1.675011751242984e-27
27.542287033381662	1.5442495653407837e-27
27.797132677592884	1.4236474153207586e-27
28.05433637951713	1.3124233190054397e-27
28.31391995799379	1.2098521987610022e-27
28.575905433749465	1.1152644249452455e-27
28.84031503126606	1.0280397510911728e-27
29.10717118066605	9.476097596636923e-28
29.376496519615305	8.734481626633842e-28
29.648313895243422	8.050687949233824e-28
29.92264636608189	7.420217428456262e-28
30.19951720402016	6.838937961226142e-28
30.4789498962798	6.303034611729503e-28
30.76096814740705	5.808981043256674e-28
31.045595881283525	5.353516738015831e-28
31.332857243155825	4.9336406032905715e-28
31.62277660168376	4.54658961810951e-28
31.91537855100758	4.189808187012893e-28
32.21068791283432	3.860935413939449e-28
32.50872973854341	3.5577934876082813e-28
32.80952931131187	3.2783827629852732e-28
33.11311214825908	3.0208525982726578e-28
33.41950400261139	2.7834948034815914e-28
33.72873086588685	2.564730248149989e-28
34.040818970100055	2.3631127324833155e-28
34.35579478998743	2.177303059232798e-28
34.67368504525313	2.0060657905434627e-28
34.994516702835696	1.848257803362336e-28
35.318316979195664	1.702832739324312e-28
35.64511334262439	1.5688224817818261e-28
35.9749335155742	1.4453337266410848e-28
36.3078054770101	1.3315405514552462e-28
36.64375746478329	1.2266852963868076e-28
36.98281797802659	1.130068850027941e-28
37.32501577957203	1.0410456674517342e-28
37.670379898390856	9.590193589614324e-29
38.01893963205609	8.834416140880045e-29
38.370724549227845	8.13807839295948e-29
38.72576449216169	7.496517794539641e-29
39.08408957924017	6.905430169245827e-29
39.44573020752781	6.360849545236715e-29
39.81071705534969	5.859135619021413e-29
40.17908108489396	5.396922421962904e-29
40.55085354483835	4.9711050974892944e-29
40.92606597300105	4.578816470056062e-29
41.304750199016105	4.2174313762793657e-29
41.68693834703351	3.884520950760195e-29
42.07266283844438	3.5778460265492806e-29
42.46195639463126	3.295336045362173e-29
42.85485203974392	3.035097328587717e-29
43.251383103500835	2.7953783485071404e-29
43.65158322401656	2.5745641288009623e-29
44.0554863506553	2.371162330950483e-29
44.46312674691084	2.1838051077245544e-29
44.87453899331318	2.0112305888062778e-29
45.28975799036204	1.8522743945564822e-29
45.708818961487474	1.7058613158033603e-29
46.13175745603791	1.5710036231007365e-29
46.55860935229586	1.4467924386721103e-29
46.98941086052151	1.332388437409164e-29
47.42419852602443	1.2270170509670693e-29
47.8630092322638	1.1299650079973061e-29
48.30588020397723	1.0405774034298857e-29
48.7528490103386	9.582485745378426e-30
49.20395356814506	8.824190715535429e-30
49.65923214503358	8.125704824188989e-30
50.118723362727195	7.482224709891338e-30
50.58246620031137	6.88913064892356e-30
51.0504999975406	6.341406510910588e-30
51.52286445817562	5.829219623808609e-30
51.99959965335157	5.339670391601378e-30
52.48074602497723	4.946516321594921e-30
52.966344389165755	4.560122109475474e-30
53.45643593969714	4.20027569505708e-30
53.95106225151273	3.868096404531752e-30
54.450265284242086	3.561954992829376e-30
54.95408738576243	3.2799419357158075e-30
55.462571295791044	3.0201974982047925e-30
55.97576014951099	2.7809843326054982e-30
56.49369748123023	2.5606924581102457e-30
57.01642722807472	2.3578309925281802e-30
57.543993733715666	2.1710222686344343e-30
58.07644175213118	1.9989975522759944e-30
58.61381645140285	1.8405916969380502e-30
59.15616341754737	1.6947281349464466e-30
59.70352865838366	1.5604141898658843e-30
60.255958607435744	1.4367343520540727e-30
60.81350012787176	1.3228502691624034e-30
61.37620051647939	1.2179869900316884e-30
61.94410750767812	1.121430561381937e-30
62.51726927756855	1.0325211596259607e-30
63.0957344480193	9.506560166701956e-31
63.67955209079155	8.752776137200673e-31
64.26877173170195	8.058723505477574e-31
64.86344335482381	7.419658669461383e-31
65.46361740672747	6.831238878209869e-31
66.06934480075958	6.289457520244754e-31
66.68067692136219	5.7906207082216036e-31
67.29766562843174	5.331318989337979e-31
67.92036326171844	4.908424082328761e-31
68.54882264526613	4.519057100298245e-31
69.18309709189363	4.160561794833194e-31
69.82324040771712	3.8304880747769277e-31
70.46930689671467	3.5265828576598945e-31
71.12135136533288	3.246777815483632e-31
71.77942912713615	2.9891631358038435e-31
72.44359600749898	2.7519784097652515e-31
73.11390834834172	2.5336011601347613e-31
73.79042301291008	2.3325455438202008e-31
74.47319739059888	2.1474386068785333e-31
75.16228940182053	1.9770156482125148e-31
75.85775750291836	1.8201084932726032e-31
76.55966069112561	1.6756498230064133e-31
77.26805850957021	1.542652747347802e-31
77.98301105232578	1.4202082924245622e-31
78.70457896950977	1.307477024739961e-31
79.43282347242805	1.2036908081769345e-31
80.16780633876782	1.1081408391234244e-31
80.90958991783813	1.0201738275363362e-31
81.65823713585914	9.391868402530918e-32
82.41381150130013	8.646269287422834e-32
83.176377110267	7.959851296909951e-32
83.94599865193965	7.327919735278093e-32
84.72274141405954	6.746144617319962e-32
85.50667128846823	6.210546062996597e-32
86.29785477669692	5.71746988515792e-32
87.09635899560797	5.263542974453896e-32
87.90225168308834	4.8456564566386695e-32
88.71560120379598	4.460946636308517e-32
89.53647655495928	4.106790801764323e-32
90.36494737223005	3.7807666466218477e-32
91.20108393559087	3.480643747761477e-32
92.04495717531702	3.204364048964242e-32
92.89663867799354	2.9500486977429324e-32
93.75620069258792	2.7159639186418244e-32
94.6237161365792	2.500518421025787e-32
95.4992586021435	2.302252792199962e-32
96.38290236239695	2.1198531256106295e-32
97.2747223776964	1.9521559813425128e-32
98.17479430199833	1.798232713620883e-32
99.08319448927665	1.6578211332381703e-32
99.9999999999999	1.5365884557628365e-32