0.01000000000000001	9.28122825743012e-6
0.010092528860766855	9.28399390454712e-6
0.01018591388054118	9.302635879118278e-6
0.010280162981264745	9.344141232676908e-6
0.010375284158180138	9.412729375565776e-6
0.010471285480509006	9.512836155762371e-6
0.010568175092136596	9.649122186989075e-6
0.01066596121230259	9.93135941331943e-6
0.010764652136298361	0.000010355877461867265
0.010864256236170667	0.000010787130559491681
0.010964781961431863	0.000011194430762594546
0.011066237839776675	0.00001154535018725588
0.011168632477805623	0.000011805651744990712
0.011271974561755117	0.000011814991434548893
0.011376272858234322	0.000011287072428808948
0.01148153621496884	0.000010640917925013512
0.011587773561551273	9.920446948906862e-6
0.011694993910198724	9.172177202988468e-6
0.01180320635651731	8.445330062231339e-6
0.011912420080273762	7.791939299023805e-6
0.012022644346174144	7.774349749762648e-6
0.012133888504649786	7.8804430637992e-6
0.012246161992650502	8.081548955787924e-6
0.01235947433444512	8.351353134325569e-6
0.012473835142429446	8.661957028228186e-6
0.012589254117941687	8.983813257134689e-6
0.012705741052085433	9.125323811263195e-6
0.012823305826560232	9.17746322014213e-6
0.01294195841449987	9.196381863542777e-6
0.013061708881318424	9.182780119965191e-6
0.013182567385564082	9.137430529785934e-6
0.01330454417978092	9.061181082213962e-6
0.013427649611378649	8.970950542470361e-6
0.01355189412351037	8.86640975275549e-6
0.013677288255958502	8.72716452210498e-6
0.013803842646028859	8.548855880695169e-6
0.013931568029453043	8.326909634998894e-6
0.01406047524129915	8.056528074445626e-6
0.014190575216890933	7.693482674599773e-6
0.014321878992735446	7.154156342239127e-6
0.014454397707459286	6.577895642096676e-6
0.014588142602753497	5.986116325359241e-6
0.014723125024327202	5.4014900212098575e-6
0.014859356422870082	4.847995523655584e-6
0.014996848355023748	4.35097194874641e-6
0.015135612484362095	4.168148252084462e-6
0.015275660582380739	4.068272402285996e-6
0.015417004529495607	4.040190015411266e-6
0.015559656316050758	4.073894646779342e-6
0.01570362804333554	4.158736557242932e-6
0.015848931924611148	4.283395647477812e-6
0.015995580286146702	4.419918346032164e-6
0.016143585568264878	4.567879826939484e-6
0.016292960326397238	4.722826698700229e-6
0.01644371723214933	4.874200298901997e-6
0.016595869074375623	5.010829484830881e-6
0.01674942876026439	5.120905452669033e-6
0.016904409316432657	5.126041966435168e-6
0.017060823890031253	5.018562755226321e-6
0.017218685749860088	4.873156925119553e-6
0.017378008287493772	4.698068149172205e-6
0.01753880501841763	4.502051614913236e-6
0.01770108958317423	4.294395559529151e-6
0.017864875748520526	4.103473226922331e-6
0.018030177408595707	3.9767577009185844e-6
0.018197008586099853	3.8567991622498216e-6
0.018365383433483484	3.7423812747357138e-6
0.018535316234148135	3.632210121599055e-6
0.018706821403658026	3.5249108934570204e-6
0.018879913490962956	3.419024449103473e-6
0.019054607179632494	3.2880008911974676e-6
0.019230917289101597	3.1582808876955273e-6
0.019408858775927792	3.0325624456568224e-6
0.01958844673505991	2.9134959737755826e-6
0.01976969640111862	2.803881298667658e-6
0.01995262314968881	2.7066738718761904e-6
0.020137242498623895	2.648557829148517e-6
0.02032357010936223	2.614608797549168e-6
0.020511621788255666	2.5949018981325647e-6
0.020701413487910436	2.5875506650799253e-6
0.02089296130854041	2.590544279993468e-6
0.02108628149933291	2.601742143126769e-6
0.021281390459827135	2.6247091726899417e-6
0.021478304741305354	2.6565459773976923e-6
0.02167704104819696	2.68683929105886e-6
0.02187761623949554	2.710840416155302e-6
0.022080047330189013	2.7235237393403727e-6
0.022284351492703053	2.719574926817382e-6
0.022490546058357826	2.672453045103026e-6
0.022698648518838235	2.5343585026115915e-6
0.022908676527677748	2.3763539416588433e-6
0.023120647901755963	2.2063986279770232e-6
0.023334580622810044	2.032940657506019e-6
0.023550492838960112	1.8649382805665942e-6
0.023768402866248782	1.711882092903788e-6
0.02398832919019492	1.6797448000388016e-6
0.0242102904673618	1.6714785601691598e-6
0.02443430552693974	1.6812886128895556e-6
0.024660393372343412	1.7037889346782205e-6
0.02488857318282393	1.7332550906450284e-6
0.025118864315095822	1.7636092056254307e-6
0.025351286304979098	1.7456094318393926e-6
0.02558585886905648	1.7054586930557223e-6
0.025822601906345985	1.660237538555175e-6
0.026061535499988978	1.6123614297528469e-6
0.026302679918953843	1.5643954100840063e-6
0.026546055619755416	1.519060798442035e-6
0.026791683248190343	1.4982337471971273e-6
0.027039583641088463	1.5034238922314284e-6
0.027289777828080432	1.5123463487065344e-6
0.02754228703338169	1.5218019131646632e-6
0.02779713267759291	1.528394448932494e-6
0.02805433637951716	1.5285219743863742e-6
0.028313919957993816	1.5065787114536699e-6
0.028575905433749497	1.4349082058825664e-6
0.028840315031266085	1.352782451460107e-6
0.02910717118066608	1.2639006426337396e-6
0.029376496519615335	1.1721977330774782e-6
0.029648313895243455	1.0818553477713536e-6
0.02992264636608192	9.973131816112817e-7
0.030199517204020192	9.611173529406693e-7
0.03047894989627986	9.358266551906479e-7
0.03076096814740711	9.200004874680206e-7
0.031045595881283587	9.124050405858114e-7
0.03133285724315589	9.117204768517496e-7
0.031622776601683826	9.165367893751396e-7
0.03191537855100765	9.203099500332978e-7
0.03221068791283438	9.253201635956201e-7
0.03250872973854347	9.3272460247522e-7
0.03280952931131194	9.418980394282113e-7
0.03311311214825915	9.521737603669049e-7
0.03341950400261146	9.628415553603776e-7
0.03372873086588692	9.735131855236603e-7
0.034040818970100126	9.83355823515075e-7
0.0343557947899875	9.910218901645968e-7
0.0346736850452532	9.954764793956617e-7
0.034994516702835765	9.956216511638337e-7
0.035318316979195734	9.902933841052942e-7
0.03564511334262446	9.738144710256873e-7
0.03597493351557427	9.359607838935908e-7
0.03630780547701017	8.917607842454472e-7
0.03664375746478335	8.428650525531513e-7
0.03698281797802665	7.910366222505844e-7
0.037325015779572084	7.381566824972999e-7
0.037670379898390914	6.862305702536343e-7
0.038018939632056145	6.523220357357144e-7
0.0383707245492279	6.219861681947684e-7
0.038725764492161745	5.949768753587323e-7
0.03908408957924023	5.711493679020643e-7
0.03944573020752787	5.503455928510695e-7
0.039810717055349755	5.323935024745225e-7
0.04017908108489402	5.175613311954582e-7
0.040550853544838415	5.052969811128842e-7
0.040926065973001115	4.951228108679969e-7
0.041304750199016166	4.866943862348926e-7
0.04168693834703357	4.796419532324083e-7
0.04207266283844444	4.7356906131868276e-7
0.04246195639463132	4.6583750191887657e-7
0.042854852039743985	4.561618358828769e-7
0.04325138310350091	4.4703014065514296e-7
0.04365158322401663	4.3870401603188956e-7
0.044055486350655364	4.314621634273873e-7
0.04446312674691091	4.2560131844534273e-7
0.04487453899331325	4.220888957061301e-7
0.04528975799036211	4.225725557549216e-7
0.04570881896148754	4.2500431485271086e-7
0.04613175745603798	4.293038103334112e-7
0.04655860935229591	4.35382822068959e-7
0.04698941086052156	4.431447956819126e-7
0.04742419852602448	4.524843365898216e-7
0.04786300923226385	4.6835525169274433e-7
0.04830588020397728	4.849704144447032e-7
0.04875284901033865	5.012855319300403e-7
0.04920395356814511	5.162224120871045e-7
0.04965923214503363	5.2862603820952e-7
0.05011872336272725	5.372599790559189e-7
0.05058246620031143	5.296543849912094e-7
0.051050499997540646	5.129202258335522e-7
0.05152286445817567	4.918932094510622e-7
0.05199959965335162	4.6764311850014474e-7
0.052480746024977286	4.4132394965292155e-7
0.05296634438916581	4.141792501485172e-7
0.05345643593969719	3.9034403624827924e-7
0.05395106225151279	3.710608194853801e-7
0.05445026528424214	3.541223123942268e-7
0.05495408738576248	3.401936458528474e-7
0.0554625712957911	3.2998757994444815e-7
0.05597576014951104	3.242675906472368e-7
0.05649369748123028	3.2767678282185696e-7
0.05701642722807478	3.48833887275483e-7
0.05754399373371572	3.745727291545866e-7
0.05807644175213124	4.0316289837928393e-7
0.05861381645140291	4.327308802096612e-7
0.05915616341754743	4.612500491815851e-7
0.05970352865838372	4.865299006173966e-7
0.06025595860743581	4.730624353318387e-7
0.060813500127871824	4.5515448627426187e-7
0.061376200516479455	4.360502602384947e-7
0.06194410750767818	4.1899517986055436e-7
0.06251726927756862	4.075063852706639e-7
0.06309573444801936	4.0539295083816177e-7
0.06367955209079162	4.5230738395953813e-7
0.064268771731702	5.257812122657592e-7
0.06486344335482389	6.103711491970937e-7
0.06546361740672754	7.025527498188806e-7
0.06606934480075964	7.984772912718271e-7
0.06668067692136226	8.939457611148964e-7
0.06729766562843183	9.643524588512204e-7
0.0679203632617185	1.005914102797525e-6
0.0685488226452662	1.0400800691116697e-6
0.0691830970918937	1.0682470618261423e-6
0.06982324040771719	1.0919528148962814e-6
0.07046930689671474	1.112888341552663e-6
0.07112135136533296	1.1382519991705147e-6
0.07177942912713622	1.1810079417596686e-6
0.07244359600749906	1.2237507278326515e-6
0.0731139083483418	1.2650291137147298e-6
0.07379042301291015	1.3032494930161683e-6
0.07447319739059896	1.3366627083799115e-6
0.07516228940182061	1.363349481999689e-6
0.07585775750291844	1.361004489401096e-6
0.07655966069112569	1.34958355187975e-6
0.07726805850957029	1.3302744504841755e-6
0.07798301105232593	1.304238565275469e-6
0.07870457896950993	1.2727767253455643e-6
0.07943282347242822	1.2373438979740226e-6
0.08016780633876798	1.2050852289078096e-6
0.0809095899178383	1.1737108084223977e-6
0.0816582371358593	1.1420861309939135e-6
0.0824138115013003	1.1110514704659263e-6
0.08317637711026717	1.0815451941591227e-6
0.08394599865193982	1.0546149760638162e-6
0.08472274141405972	1.039077851843094e-6
0.08550667128846841	1.0359568153626034e-6
0.0862978547766971	1.0364672145698832e-6
0.08709635899560814	1.0393177649403228e-6
0.08790225168308852	1.0430423852962505e-6
0.08871560120379617	1.0459775123825232e-6
0.08953647655495947	1.0406319755884104e-6
0.09036494737223023	1.0131232043181492e-6
0.09120108393559107	9.8151209433575e-7
0.09204495717531722	9.473442535431594e-7
0.09289663867799372	9.123996456688715e-7
0.09375620069258811	8.787273049630162e-7
0.09462371613657934	8.486859178840685e-7
0.09549925860214364	8.463067528614489e-7
0.0963829023623971	8.517549782272195e-7
0.09727472237769656	8.645642563485228e-7
0.09817479430199849	8.843472480779764e-7
0.09908319448927681	9.106213074663306e-7
0.10000000000000005	9.427901220194089e-7
0.10092528860766849	9.733722085229681e-7
0.10185913880541175	1.0062278192797231e-6
0.10280162981264741	1.0441461268230546e-6
0.10375284158180131	1.0877196199904486e-6
0.10471285480509002	1.1376252678637316e-6
0.1056817509213659	1.1946380134129814e-6
0.10665961212302584	1.2565396864855963e-6
0.10764652136298355	1.3242507343650955e-6
0.10864256236170661	1.4030620252357377e-6
0.10964781961431856	1.4956493468094003e-6
0.1106623783977667	1.6051935290886842e-6
0.11168632477805618	1.735472058312538e-6
0.1127197456175511	1.8762802960755418e-6
0.11376272858234315	1.999829561220102e-6
0.11481536214968835	2.164790056540684e-6
0.11587773561551268	2.39114145513281e-6
0.11694993910198717	2.7033787134479335e-6
0.11803206356517304	3.131059654664549e-6
0.11912420080273756	3.708976337957351e-6
0.12022644346174137	4.532642027451712e-6
0.1213388850464978	5.586497096550273e-6
0.12246161992650495	6.898340693065275e-6
0.12359474334445113	8.484825614117168e-6
0.12473835142429439	0.000010342833283807665
0.1258925411794168	0.000012442732505361306
0.12705741052085426	0.000014970410997204405
0.12823305826560225	0.0000176582850556612
0.1294195841449987	0.000020278276767699892
0.13061708881318423	0.000022707697364910306
0.1318256738556408	0.00002486309139591765
0.13304544179780922	0.00002670318066011935
0.13427649611378642	0.00002819373397557965
0.13551894123510363	0.000029355838576613683
0.13677288255958495	0.000030249970007629058
0.13803842646028852	0.00003090822510589076
0.13931568029453034	0.00003135924525780056
0.14060475241299142	0.000031626652347672556
0.14190575216890927	0.00003176339878246385
0.1432187899273544	0.000031842332983090934
0.1445439770745928	0.00003174402185230192
0.1458814260275349	0.00003146027776127064
0.14723125024327194	0.00003098267042190702
0.14859356422870074	0.000030302495893316084
0.1499684835502374	0.000029410751010671584
0.15135612484362088	0.000027777798579180833
0.15275660582380732	0.00002602247945423644
0.154170045294956	0.000024205344561786038
0.1555965631605075	0.000022375250925074364
0.15703628043335532	0.000020575023746680355
0.15848931924611143	0.000018842664707242295
0.15995580286146696	0.000017344152982808423
0.1614358556826487	0.000015998019462598164
0.1629296032639723	0.00001476136430615913
0.16443717232149324	0.000013638697780146068
0.16595869074375613	0.000012634597755664148
0.16749428760264382	0.000011753777376117971
0.1690440931643265	0.000011114242086707313
0.17060823890031243	0.00001070200759544817
0.17218685749860077	0.000010371253396845327
0.17378008287493762	0.00001009661590048368
0.1753880501841762	9.854383206682102e-6
0.1770108958317422	9.622199172812612e-6
0.17864875748520517	9.33082417490118e-6
0.180301774085957	8.869620104594791e-6
0.18197008586099844	8.397387833237389e-6
0.18365383433483473	7.923033103225485e-6
0.18535316234148125	7.455136197046151e-6
0.18706821403658017	7.002037059510643e-6
0.18879913490962946	6.571914766646748e-6
0.19054607179632482	6.246100538854823e-6
0.19230917289101596	5.9479721766219275e-6
0.19408858775927793	5.673833261557629e-6
0.19588446735059908	5.4207128173142575e-6
0.1976969640111862	5.185769364033614e-6
0.19952623149688808	4.96626679421101e-6
0.20137242498623895	4.741305807757321e-6
0.2032357010936223	4.522917612306181e-6
0.20511621788255666	4.318748379055013e-6
0.20701413487910436	4.130120423737905e-6
0.2089296130854041	3.958449479886108e-6
0.2108628149933291	3.805259608062908e-6
0.21281390459827135	3.6867666421061314e-6
0.21478304741305343	3.6032324117532533e-6
0.21677041048196952	3.5370963563173006e-6
0.2187761623949553	3.4857341624391976e-6
0.22080047330189004	3.4465158245140166e-6
0.22284351492703042	3.4167803279878928e-6
0.22490546058357816	3.3916883184038207e-6
0.22698648518838224	3.3642093118032417e-6
0.22908676527677735	3.3392343012155944e-6
0.23120647901755953	3.3151197519759103e-6
0.23334580622810033	3.2901243152688803e-6
0.23550492838960102	3.262383106112399e-6
0.23768402866248772	3.229877838006986e-6
0.2398832919019491	3.1581002926387853e-6
0.2421029046736179	3.0804553098551903e-6
0.24434305526939726	3.0000005957575136e-6
0.246603933723434	2.9197875009078117e-6
0.24888573182823917	2.8431677007379955e-6
0.25118864315095807	2.7738665133219956e-6
0.2535128630497908	2.7464777838644495e-6
0.25585858869056466	2.7434154493282273e-6
0.2582260190634597	2.752834271398454e-6
0.26061535499988964	2.7730840242013785e-6
0.2630267991895383	2.8022753040867413e-6
0.26546055619755404	2.838192540224509e-6
0.2679168324819033	2.865075613087293e-6
0.2703958364108845	2.8796357203132556e-6
0.2728977782808042	2.8952627727790875e-6
0.27542287033381674	2.9122846979658415e-6
0.277971326775929	2.930836344013276e-6
0.2805433637951715	2.950739443283908e-6
0.28313919957993805	2.9739611716623362e-6
0.2857590543374948	3.004886906374571e-6
0.2884031503126607	3.0317105420606404e-6
0.29107171180666064	3.0488263453816854e-6
0.2937649651961532	3.0492425115149826e-6
0.2964831389524344	3.025236499908253e-6
0.29922646366081906	2.969742760000355e-6
0.30199517204020176	2.8829056338703204e-6
0.30478949896279844	2.7592893043041748e-6
0.307609681474071	2.602946577191746e-6
0.3104559588128357	2.42211128601105e-6
0.3133285724315587	2.226956063297582e-6
0.3162277660168381	2.027230030421549e-6
0.31915378551007634	1.8202862203748766e-6
0.3221068791283436	1.6211051897008597e-6
0.32508729738543457	1.437978922943186e-6
0.3280952931131192	1.2730225637978177e-6
0.3311311214825913	1.1267829397999432e-6
0.33419504002611444	9.988445678826556e-7
0.3372873086588691	8.935399403269764e-7
0.34040818970100106	8.081475345473221e-7
0.34355794789987465	7.344821971961458e-7
0.34673685045253166	6.704537563871379e-7
0.3499451670283573	6.142680602839457e-7
0.353183169791957	5.643956541643171e-7
0.35645113342624424	5.185164587547988e-7
0.3597493351557423	4.7378684453549295e-7
0.36307805477010135	4.3308467284816603e-7
0.36643757464783333	3.96034448630546e-7
0.3698281797802663	3.623046619209357e-7
0.3732501577957206	3.3160346664901777e-7
0.37670379898390893	3.036744453498754e-7
0.38018939632056126	2.7846181578698105e-7
0.38370724549227886	2.5556414390094335e-7
0.3872576449216173	2.3478644195404884e-7
0.3908408957924021	2.159594886983675e-7
0.39445730207527846	1.9893560234101018e-7
0.3981071705534973	1.8358621201321738e-7
0.40179081084894	1.703079626243924e-7
0.40550853544838394	1.5857222329793702e-7
0.40926065973001097	1.4802097563806853e-7
0.41304750199016144	1.3849767425273876e-7
0.4168693834703355	1.2986173615153316e-7
0.4207266283844442	1.21986018298915e-7
0.424619563946313	1.1458166879628779e-7
0.4285485203974396	1.0756855534074467e-7
0.43251383103500884	1.0107793905259559e-7
0.4365158322401661	9.506530066877664e-8
0.44055486350655343	8.949001986464772e-8
0.4446312674691088	8.431479638425406e-8
0.4487453899331323	7.948421027261043e-8
0.4528975799036209	7.492547770547287e-8
0.4570881896148752	7.068515753974113e-8
0.46131757456037953	6.674683055672252e-8
0.4655860935229591	6.30951371221891e-8
0.4698941086052156	5.971532789993228e-8
0.4742419852602448	5.659268932913808e-8
0.47863009232263853	5.389881051056749e-8
0.48305880203977286	5.140659149180819e-8
0.4875284901033865	4.906322875716694e-8
0.4920395356814511	4.6810988958159214e-8
0.49659232145033627	4.458529215981648e-8
0.5011872336272725	4.231618145914155e-8
0.5058246620031143	3.9778873746025636e-8
0.5105049999754064	3.703674534102047e-8
0.5152286445817567	3.414030073082424e-8
0.5199959965335162	3.1118246749710774e-8
0.5248074602497729	2.8034677123868185e-8
0.5296634438916581	2.498132907912745e-8
0.5345643593969719	2.22009364811537e-8
0.5395106225151278	1.9738330020642862e-8
0.5445026528424215	1.7467586139245114e-8
0.5495408738576248	1.5401893385613943e-8
0.5546257129579107	1.3539241894254675e-8
0.5597576014951101	1.1866229358271668e-8
0.5649369748123025	1.031018217477181e-8
0.5701642722807475	8.7706010633184e-9
0.5754399373371569	7.423319183222323e-9
0.580764417521312	6.258506171740573e-9
0.5861381645140288	5.262519422739036e-9
0.591561634175474	4.4201524375677085e-9
0.5970352865838369	3.7160104261630325e-9
0.6025595860743578	3.2082896194641345e-9
0.6081350012787179	2.788205719692573e-9
0.6137620051647943	2.4370990666858777e-9
0.6194410750767815	2.140433920991857e-9
0.6251726927756859	1.8865315376623615e-9
0.6309573444801934	1.6660303768674365e-9
0.6367955209079159	1.452304786663957e-9
0.6426877173170198	1.2578366198415615e-9
0.6486344335482385	1.0874875394469695e-9
0.654636174067275	9.390553940659668e-10
0.6606934480075961	8.10522379706425e-10
0.6668067692136223	7.000426020055588e-10
0.6729766562843178	6.1009942231094e-10
0.6792036326171846	5.37845863464875e-10
0.6854882264526617	4.763809529107037e-10
0.6918309709189366	4.237836202192091e-10
0.6982324040771715	3.784484395708831e-10
0.7046930689671471	3.39034447334026e-10
0.7112135136533292	3.039521342566096e-10
0.7177942912713619	2.715011994075992e-10
0.7244359600749902	2.426759758692673e-10
0.7311390834834176	2.17001121732705e-10
0.7379042301291011	1.9406544454163995e-10
0.7447319739059892	1.7351292794755793e-10
0.7516228940182057	1.5503508943662658e-10
0.758577575029184	1.3767250702403325e-10
0.7655966069112565	1.220597723829448e-10
0.7726805850957026	1.0807468145527852e-10
0.7798301105232589	9.559758638251627e-11
0.7870457896950989	8.451658483663839e-11
0.7943282347242817	7.472705069010526e-11
0.8016780633876793	6.65178680614678e-11
0.8090958991783825	5.944212086790841e-11
0.8165823713585927	5.321208425109217e-11
0.8241381150130026	4.7702446302105486e-11
0.8317637711026713	4.2804535118835996e-11
0.8394599865193977	3.842421635509461e-11
0.8472274141405968	3.43670524701408e-11
0.8550667128846836	3.0592944262564576e-11
0.8629785477669706	2.719141650500201e-11
0.870963589956081	2.413211826293503e-11
0.8790225168308847	2.1387137047697223e-11
0.8871560120379608	1.893078789303438e-11
0.8953647655495938	1.6747661323567844e-11
0.9036494737223014	1.4829931376146762e-11
0.9120108393559097	1.3126544630483365e-11
0.9204495717531712	1.1615536430114744e-11
0.9289663867799363	1.027711408222178e-11
0.9375620069258802	9.093438925135619e-12
0.946237161365793	8.048431328089423e-12
0.9549925860214359	7.1296839851814275e-12
0.9638290236239705	6.321553123889839e-12
0.9727472237769651	5.611996949908227e-12
0.9817479430199844	4.990200594495812e-12
0.9908319448927676	4.446439443990073e-12
1.	3.9719715849481985e-12
1.0092528860766845	3.5749505123470024e-12
1.0185913880541169	3.2338936515238385e-12
1.0280162981264735	2.93396573545187e-12
1.0375284158180127	2.6673557784969917e-12
1.0471285480508996	2.4272701671000626e-12
1.0568175092136585	2.2078207318231105e-12
1.066596121230258	1.986753519845687e-12
1.076465213629835	1.7639422502316047e-12
1.0864256236170655	1.558535983447627e-12
1.096478196143185	1.3709812554734884e-12
1.1066237839776665	1.2015303426316325e-12
1.1168632477805611	1.050267738657119e-12
1.1271974561755105	9.212493129043444e-13
1.1376272858234309	8.213891564302499e-13
1.1481536214968828	7.349354066348686e-13
1.1587773561551262	6.596653045646773e-13
1.1694993910198712	5.936186488255141e-13
1.1803206356517297	5.35071328390112e-13
1.191242008027375	4.825113832438436e-13
1.2022644346174132	4.2817827083873794e-13
1.2133888504649775	3.788040864324112e-13
1.224616199265049	3.342336827187718e-13
1.2359474334445106	2.9425965806237903e-13
1.2473835142429432	2.586754171218712e-13
1.2589254117941675	2.2727607646505977e-13
1.270574105208542	2.0125127146340538e-13
1.2823305826560218	1.7916167736018105e-13
1.2941958414499863	1.6006729050597267e-13
1.3061708881318417	1.4358045918724958e-13
1.3182567385564075	1.293530641273511e-13
1.3304544179780915	1.1707294346304664e-13
1.3427649611378643	1.0638974325244189e-13
1.3551894123510364	9.7070361799484e-14
1.3677288255958495	8.898662455710787e-14
1.3803842646028852	8.195591830800528e-14
1.3931568029453034	7.581518175533029e-14
1.4060475241299142	7.041911888720298e-14
1.4190575216890926	6.558449938695099e-14
1.432187899273544	6.110256070195388e-14
1.4454397707459279	5.707508110683276e-14
1.4588142602753489	5.3438049402793276e-14
1.4723125024327193	5.0134207485215686e-14
1.4859356422870074	4.711244366135876e-14
1.499684835502374	4.432723690344628e-14
1.5135612484362087	4.1601782658881886e-14
1.5275660582380732	3.90663422306099e-14
1.54170045294956	3.670757614208119e-14
1.555965631605075	3.451212670539994e-14
1.5703628043335531	3.2467635998563897e-14
1.584893192461114	3.056267219867567e-14
1.5995580286146696	2.880803811072758e-14
1.6143585568264869	2.717505656550482e-14
1.629296032639723	2.5643198870186996e-14
1.6443717232149324	2.42009720918966e-14
1.6595869074375613	2.2838022897684857e-14
1.6749428760264382	2.1545039467257805e-14
1.690440931643265	2.0286534010389488e-14
1.7060823890031243	1.9061165830516476e-14
1.7218685749860079	1.789847109246563e-14
1.7378008287493762	1.6798658361910505e-14
1.753880501841762	1.5761625355953653e-14
1.770108958317422	1.4786995615846105e-14
1.7864875748520517	1.3876736977559382e-14
1.803017740859568	1.3034561625012111e-14
1.8197008586099825	1.2249756422286808e-14
1.8365383433483455	1.1519915763818403e-14
1.8535316234148105	1.0842686277744388e-14
1.8706821403657996	1.0215769288020167e-14
1.8879913490962925	9.636922816357328e-15
1.9054607179632463	9.143904858991588e-15
1.9230917289101574	8.68612812581946e-15
1.9408858775927773	8.25607330353237e-15
1.958844673505989	7.847354821390903e-15
1.97696964011186	7.454329088047286e-15
1.9952623149688788	7.072028909504798e-15
2.0137242498623875	6.6613819131595234e-15
2.032357010936221	6.249112234256898e-15
2.0511621788255647	5.850656221927842e-15
2.0701413487910414	5.468424905694595e-15
2.0892961308540388	5.1044622302445655e-15
2.108628149933289	4.76047934787172e-15
2.1281390459827114	4.444211712225412e-15
2.147830474130533	4.1554037507711326e-15
2.167704104819694	3.886492829300202e-15
2.1877616239495516	3.636672702581543e-15
2.208004733018899	3.405153649048653e-15
2.228435149270303	3.1911632930293822e-15
2.2490546058357803	2.995567673720687e-15
2.2698648518838214	2.8204941109180044e-15
2.2908676527677723	2.659146694106428e-15
2.312064790175594	2.5100361182692683e-15
2.333458062281002	2.371804161616211e-15
2.355049283896009	2.2432136698500523e-15
2.376840286624876	2.123139248548215e-15
2.39883291901949	2.0103695788094594e-15
2.4210290467361775	1.9042060800128286e-15
2.4434305526939712	1.8038353644206793e-15
2.4660393372343385	1.7085198482604523e-15
2.48885731828239	1.6175931361934897e-15
2.5118864315095797	1.530454330996428e-15
2.535128630497907	1.4420395210935268e-15
2.5585858869056453	1.35581778028062e-15
2.582260190634596	1.273800012013752e-15
2.6061535499988953	1.1962964524111531e-15
2.6302679918953813	1.1235627861879838e-15
2.654605561975539	1.055805238367341e-15
2.6791683248190314	9.966732207029182e-16
2.703958364108843	9.45540578030842e-16
2.7289777828080406	8.978273610171345e-16
2.7542287033381663	8.527526742071819e-16
2.7797132677592886	8.096185029684907e-16
2.805433637951713	7.678029516378116e-16
2.831391995799379	7.250454245776657e-16
2.8575905433749464	6.778210711466658e-16
2.8840315031266055	6.321071627269487e-16
2.910717118066605	5.883793887261996e-16
2.9376496519615305	5.470513863844373e-16
2.9648313895243423	5.08480083881638e-16
2.992264636608189	4.729706566268268e-16
3.019951720402016	4.446308845444079e-16
3.047894989627983	4.190356061704451e-16
3.076096814740708	3.958196515890799e-16
3.1045595881283554	3.7467768921036357e-16
3.1332857243155856	3.553313150952811e-16
3.162277660168379	3.375270519517409e-16
3.1915378551007616	3.209480173830169e-16
3.2210687912834346	3.054602683398602e-16
3.250872973854344	2.9092128530209627e-16
3.2809529311311905	2.771735398472978e-16
3.311311214825911	2.64074532169966e-16
3.3419504002611427	2.5149562551481693e-16
3.372873086588689	2.3883451878036074e-16
3.404081897010009	2.2608793814252974e-16
3.4355794789987466	2.1381347682824033e-16
3.4673685045253166	2.0204681665728275e-16
3.499451670283573	1.9081821969385296e-16
3.53183169791957	1.8015300524259524e-16
3.5645113342624426	1.7015949358830157e-16
3.5974933515574232	1.6101105812100332e-16
3.630780547701014	1.5239283426309027e-16
3.664375746478333	1.442698703052887e-16
3.6982817978026628	1.3660943112218564e-16
3.732501577957206	1.293808616187304e-16
3.767037989839089	1.2255545826423747e-16
3.801893963205613	1.1600423106891598e-16
3.8370724549227884	1.0982457447559558e-16
3.8725764492161727	1.0400755836282202e-16
3.908408957924021	9.854339575630662e-17
3.944573020752785	9.34222917879949e-17
3.981071705534973	8.863447572819763e-17
4.0179081084894	8.429469075704713e-17
4.055085354483839	8.028596528145954e-17
4.09260659730011	7.653102244195912e-17
4.130475019901614	7.300006056685738e-17
4.168693834703355	6.966567294615324e-17
4.207266283844442	6.650267457478215e-17
4.24619563946313	6.343322995803309e-17
4.285485203974396	6.044691864852415e-17
4.325138310350088	5.759753021548923e-17
4.365158322401661	5.488107975837033e-17
4.405548635065534	5.2293644279172584e-17
4.446312674691089	4.983136787429864e-17
4.487453899331323	4.749813954304052e-17
4.528975799036209	4.5304132950034324e-17
4.570881896148752	4.3216997820009507e-17
4.613175745603791	4.122914414509853e-17
4.655860935229586	3.933346382724983e-17
4.698941086052151	3.752329926254453e-17
4.742419852602444	3.579241372133254e-17
4.7863009232263805	3.4092491161307035e-17
4.830588020397723	3.246867547479585e-17
4.875284901033861	3.09220706010112e-17
4.920395356814506	2.945322345143596e-17
4.965923214503357	2.8062485682364106e-17
5.01187233627272	2.6750036981287738e-17
5.058246620031137	2.5547362843459676e-17
5.105049999754059	2.442758770447806e-17
5.152286445817562	2.3373282853113535e-17
5.1999599653351565	2.237871364374354e-17
5.248074602497723	2.1438522661661827e-17
5.296634438916575	2.0547703462242718e-17
5.345643593969713	1.9699941062862052e-17
5.395106225151273	1.8891152667507192e-17
5.445026528424209	1.8119430643373005e-17
5.495408738576242	1.7381372993795675e-17
5.5462571295791046	1.6673784447569337e-17
5.597576014951099	1.599366056906088e-17
5.649369748123022	1.532935053449118e-17
5.701642722807472	1.4661926247983994e-17
5.754399373371567	1.402181381057656e-17
5.807644175213118	1.3411539391613887e-17
5.861381645140285	1.2833438617925566e-17
5.9156163417547365	1.2289680447335336e-17
5.9703528658383656	1.178229030205658e-17
6.025595860743575	1.135865632485635e-17
6.081350012787176	1.0967083276668876e-17
6.137620051647939	1.0602311767721906e-17
6.194410750767812	1.0259725059396893e-17
6.251726927756856	9.93496311931386e-18
6.30957344480193	9.623895203330445e-18
6.367955209079155	9.295600208870187e-18
6.426877173170194	8.968698776277765e-18
6.486344335482381	8.654509230147217e-18
6.546361740672747	8.354684757450733e-18
6.6069344800759575	8.070820097390722e-18
6.668067692136219	7.80446779886221e-18
6.729766562843175	7.57033570446206e-18
6.792036326171843	7.368039203541933e-18
6.854882264526613	7.18144806163635e-18
6.918309709189362	7.008221435412847e-18
6.9823240407717115	6.8461093888839565e-18
7.046930689671467	6.692936312650302e-18
7.112135136533288	6.541868304942796e-18
7.177942912713615	6.38176836488156e-18
7.244359600749899	6.2280715218936065e-18
7.311390834834173	6.081646520540329e-18
7.379042301291007	5.943380416255302e-18
7.447319739059888	5.814191725512937e-18
7.516228940182053	5.695045302512137e-18
7.585775750291836	5.59458931696659e-18
7.655966069112561	5.50527393480635e-18
7.726805850957022	5.427035471608358e-18
7.798301105232586	5.359943804988162e-18
7.870457896950985	5.304152461155674e-18
7.943282347242813	5.259909716593695e-18
8.01678063387679	5.228039299100303e-18
8.090958991783822	5.208667628804253e-18
8.165823713585922	5.202164398739466e-18
8.241381150130021	5.20922816682249e-18
8.317637711026709	5.2307582376094256e-18
8.394599865193973	5.267897691620978e-18
8.472274141405963	5.3227042937210326e-18
8.550667128846833	5.396981358010401e-18
8.629785477669701	5.492206380535176e-18
8.709635899560805	5.611043259084122e-18
8.790225168308842	5.7568992274100525e-18
8.871560120379607	5.9341629371075566e-18
8.953647655495937	6.1448909254086995e-18
9.036494737223014	6.388362004365263e-18
9.120108393559097	6.687504625404376e-18
9.204495717531712	7.059024104634355e-18
9.289663867799362	7.526210259182162e-18
9.375620069258803	8.122523162893616e-18
9.462371613657929	8.897732599982409e-18
9.549925860214358	9.974595596143117e-18
9.638290236239705	1.1440308563273432e-17
9.727472237769652	1.3505321638961094e-17
9.817479430199844	1.6559055361911186e-17
9.908319448927676	2.1379189316580314e-17
10.	2.958684733558686e-17
10.092528860766844	4.3354831099370816e-17
10.18591388054117	5.356906959929463e-17
10.280162981264736	4.173143638430696e-17
10.375284158180126	2.9318939249146864e-17
10.471285480508996	2.219423855836735e-17
10.568175092136585	1.8129395377064514e-17
10.665961212302578	1.579019862700463e-17
10.76465213629835	1.4566415884816553e-17
10.864256236170656	1.4225822677959387e-17
10.964781961431852	1.4866727676714992e-17
11.066237839776663	1.7115251947758428e-17
11.168632477805613	2.3536928650137738e-17
11.271974561755105	5.562982451088905e-17
11.37627285823431	5.823818838429819e-17
11.481536214968829	1.5520777964090574e-17
11.587773561551263	7.902218811038102e-18
11.694993910198711	4.847764383174014e-18
11.803206356517286	3.25771574393191e-18
11.912420080273739	2.3117300166605095e-18
12.022644346174118	1.6985984844603967e-18
12.133888504649763	1.2807529411953474e-18
12.246161992650476	9.8455741723035e-19
12.359474334445094	7.682562580557641e-19
12.47383514242942	6.065857951150444e-19
12.589254117941662	4.83472970146528e-19
12.705741052085406	3.886999305197243e-19
12.823305826560205	3.144837148602272e-19
12.941958414499851	2.555526599443712e-19
13.061708881318404	2.0826777628719341e-19
13.182567385564061	1.6997659007696394e-19
13.304544179780901	1.3871286498545684e-19
13.427649611378628	1.129032729694087e-19
13.551894123510351	9.147797506813344e-20
13.67728825595848	7.368237900153467e-20
13.803842646028839	5.882775002949541e-20
13.931568029453022	4.6363596131678323e-20
14.060475241299129	3.584515688228276e-20
14.190575216890911	2.692375342315137e-20
14.321878992735424	1.930737110331623e-20
14.454397707459265	1.2685472606615284e-20
14.588142602753473	6.848961245021703e-21
14.723125024327178	1.6199113286414609e-21
14.859356422870059	3.1667512545429945e-21
14.996848355023726	7.653421219557849e-21
15.135612484362072	1.1971612671879227e-20
15.275660582380716	1.6303710699152477e-20
15.417004529495584	2.0876020577233193e-20
15.559656316050734	2.6012633992563786e-20
15.703628043335515	3.223547621180855e-20
15.848931924611126	4.049920703195706e-20
15.995580286146678	5.2881171567527927e-20
16.143585568264854	7.479516569941614e-20
16.292960326397214	1.2729399800547994e-19
16.443717232149307	4.532981738122007e-19
16.595869074375596	2.690823264706032e-19
16.749428760264365	9.987330787582468e-20
16.90440931643263	5.958545128125657e-20
17.060823890031227	4.147073898395859e-20
17.21868574986006	3.114896647480851e-20
17.378008287493746	2.447741934191803e-20
17.5388050184176	1.9812950272678866e-20
17.701089583174202	1.6372697088420226e-20
17.864875748520497	1.3726698421745943e-20
18.03017740859568	1.1616658868362022e-20
18.197008586099827	9.920489292346533e-21
18.365383433483455	8.53609787602281e-21
18.535316234148105	7.392831099310354e-21
18.706821403657997	6.440037752434266e-21
18.879913490962927	5.640317096292726e-21
19.054607179632463	4.98883874108669e-21
19.230917289101576	4.432388211586471e-21
19.408858775927772	3.952303192070546e-21
19.58844673505989	3.5343068902681134e-21
19.769696401118598	3.167241252199741e-21
19.952623149688787	2.8423074152289997e-21
20.137242498623873	2.546591930733772e-21
20.32357010936221	2.2809551891682864e-21
20.511621788255646	2.043912539302786e-21
20.701413487910415	1.832167275405885e-21
20.892961308540386	1.642869849131675e-21
21.086281499332888	1.4734627840161453e-21
21.28139045982711	1.3218138186186429e-21
21.47830474130533	1.1861607973708192e-21
21.67704104819694	1.064841689344988e-21
21.87761623949552	9.56509988217787e-22
22.080047330188993	8.600045191404965e-22
22.28435149270303	7.73597338944482e-22
22.490546058357804	6.961440881510986e-22
22.698648518838212	6.266435379755048e-22
22.908676527677724	5.642166466775021e-22
23.12064790175594	5.080932090297749e-22
23.33458062281002	4.575935042934264e-22
23.55049283896009	4.121174864239472e-22
23.76840286624876	3.7113380103616343e-22
23.9883291901949	3.341731725565124e-22
24.210290467361776	3.0081868216208717e-22
24.434305526939713	2.7069965488850625e-22
24.660393372343385	2.4348581509471466e-22
24.888573182823905	2.1888344632029166e-22
25.118864315095795	1.9663042888505893e-22
25.351286304979073	1.7649236464669096e-22
25.58585886905645	1.5825939960049512e-22
25.82260190634596	1.417438095977642e-22
26.06153549998895	1.2677750480417771e-22
26.302679918953814	1.1320944844873244e-22
26.54605561975539	1.0090389316114991e-22
26.791683248190314	8.973878043938061e-23
27.039583641088434	7.960451814532129e-23
27.289777828080403	7.040222007798891e-23
27.542287033381662	6.204270620669737e-23
27.797132677592884	5.444541313950248e-23
28.05433637951713	4.753780560861856e-23
28.31391995799379	4.125417366922423e-23
28.575905433749465	3.5535038529070955e-23
28.84031503126606	3.03264510355172e-23
29.10717118066605	2.5579607304896983e-23
29.376496519615305	2.12501246134258e-23
29.648313895243422	1.7297621966480795e-23
29.92264636608189	1.3685287239713578e-23
30.19951720402016	1.0379562535280646e-23
30.4789498962798	7.349732557771235e-24
30.76096814740705	4.567603227499552e-24
31.045595881283525	2.007224089438059e-24
31.332857243155825	3.5569251085656654e-25
31.62277660168376	2.5427227961027737e-24
31.91537855100758	4.575354405869955e-24
32.21068791283432	6.473091816163818e-24
32.50872973854341	8.254654216361129e-24
32.80952931131187	9.938110858395789e-24
33.11311214825908	1.1541134712118797e-23
33.41950400261139	1.3081321733938024e-23
33.72873086588685	1.4576541769047683e-23
34.040818970100055	1.6045460218018563e-23
34.35579478998743	1.7508023978578418e-23
34.67368504525313	1.8986204017623016e-23
34.994516702835696	2.0504922052471204e-23
35.318316979195664	2.2093501232083372e-23
35.64511334262439	2.3787457138025618e-23
35.9749335155742	2.5631283768965965e-23
36.3078054770101	2.7682593722954685e-23
36.64375746478329	3.001877088472759e-23
36.98281797802659	3.274754957871891e-23
37.32501577957203	3.602512855417728e-23
37.670379898390856	4.0088762464476924e-23
38.01893963205609	4.5319591236553425e-23
38.370724549227845	5.2373902836774205e-23
38.72576449216169	6.24895486421843e-23
39.08408957924017	7.831897589035429e-23
39.44573020752781	1.0676769634836944e-22
39.81071705534969	1.7324497365156078e-22
40.17908108489396	5.095623394149623e-22
40.55085354483835	4.789597612533049e-22
40.92606597300105	1.5618080511871311e-22
41.304750199016105	9.083820124927659e-23
41.68693834703351	6.276861751753736e-23
42.07266283844438	4.717156565483133e-23
42.46195639463126	3.725719956167255e-23
42.85485203974392	3.040869910051476e-23
43.251383103500835	2.5402993413063965e-23
43.65158322401656	2.159173160760133e-23
44.0554863506553	1.8599050506094577e-23
44.46312674691084	1.6192021219247882e-23
44.87453899331318	1.4218512057234098e-23
45.28975799036204	1.2574905018818666e-23
45.708818961487474	1.1188147048588344e-23
46.13175745603791	1.0005260240964222e-23
46.55860935229586	8.986870861334025e-24
46.98941086052151	8.103079529600035e-24
47.42419852602443	7.330765511523915e-24
47.8630092322638	6.651770571048623e-24
48.30588020397723	6.051644094931675e-24
48.7528490103386	5.5187203152568386e-24
49.20395356814506	5.0434810233265675e-24
49.65923214503358	4.618079440975889e-24
50.118723362727195	4.236007960622802e-24
50.58246620031137	3.89180328652335e-24
51.0504999975406	3.580851109893295e-24
51.52286445817562	3.299221042934876e-24
51.99959965335157	3.0435651425487504e-24
52.48074602497723	2.8109962874339205e-24
52.966344389165755	2.5990167076137095e-24
53.45643593969714	2.4054513003113644e-24
53.95106225151273	2.2284089045999592e-24
54.450265284242086	2.0662301087433736e-24
54.95408738576243	1.9174533665531685e-24
55.462571295791044	1.7807856049869318e-24
55.97576014951099	1.655084583939479e-24
56.49369748123023	1.53933630265006e-24
57.01642722807472	1.4326353462430472e-24
57.543993733715666	1.3341713322510396e-24
58.07644175213118	1.2432190564260778e-24
58.61381645140285	1.1591298642598531e-24
59.15616341754737	1.0813182319755243e-24
59.70352865838366	1.0092555846401596e-24
60.255958607435744	9.424635965452432e-25
60.81350012787176	8.805124969012883e-25
61.37620051647939	8.2301087694495735e-25
61.94410750767812	7.696031419234391e-25
62.51726927756855	7.1996427186014905e-25
63.0957344480193	6.7380157738291195e-25
63.67955209079155	6.308464979361536e-25
64.26877173170195	5.908536496355004e-25
64.86344335482381	5.53597622902847e-25
65.46361740672747	5.1887392886945675e-25
66.06934480075958	4.864946456893889e-25
66.68067692136219	4.562870481863963e-25
67.29766562843174	4.28091874585794e-25
67.92036326171844	4.0176359817770303e-25
68.54882264526613	3.7716848592825486e-25
69.18309709189363	3.541829647442556e-25
69.82324040771712	3.3269277757356822e-25
70.46930689671467	3.125927676448023e-25
71.12135136533288	2.9378642422557637e-25
71.77942912713615	2.761841358380707e-25
72.44359600749898	2.5970288234523025e-25
73.11390834834172	2.442657008666571e-25
73.79042301291008	2.2980211747274257e-25
74.47319739059888	2.1624640315439516e-25
75.16228940182053	2.0353758170513797e-25
75.85775750291836	1.9161871127159544e-25
76.55966069112561	1.8043780990996491e-25
77.26805850957021	1.6994619378456637e-25
77.98301105232578	1.6009860574883893e-25
78.70457896950977	1.5085269257295673e-25
79.43282347242805	1.4216960755137514e-25
80.16780633876782	1.3401304265889915e-25
80.90958991783813	1.26349126011919e-25
81.65823713585914	1.1914613400527561e-25
82.41381150130013	1.1237478069710504e-25
83.176377110267	1.0600779815796001e-25
83.94599865193965	1.0001965386886956e-25
84.72274141405954	9.438642605526305e-26
85.50667128846823	8.90858795900592e-26
86.29785477669692	8.409740415134936e-26
87.09635899560797	7.940163131273321e-26
87.90225168308834	7.498041471197147e-26
88.71560120379598	7.081676631415207e-26
89.53647655495928	6.689501824074535e-26
90.36494737223005	6.320039479355927e-26
91.20108393559087	5.971905707300871e-26
92.04495717531702	5.643795326201471e-26
92.89663867799354	5.334511068194984e-26
93.75620069258792	5.04291998419647e-26
94.6237161365792	4.767960184675169e-26
95.4992586021435	4.508628081077623e-26
96.38290236239695	4.264000230716148e-26
97.2747223776964	4.033205308792429e-26
98.17479430199833	3.81542440237275e-26
99.08319448927665	3.609883862420564e-26
99.9999999999999	3.4158668133318056e-26