0.01000000000000001	0.008744222806633182	-4.024146884557006
0.010092528860766855	0.008745395606924554	-4.0246908741215135
0.01018591388054118	0.008746590670517898	-4.025245293169387
0.010280162981264745	0.008747808429079065	-4.025810349075103
0.010375284158180138	0.008749049322996609	-4.026386253666042
0.010471285480509006	0.008750313801572015	-4.0269732233331474
0.010568175092136596	0.008751602323214565	-4.027571479145002
0.01066596121230259	0.0087529153556411	-4.028181246965495
0.010764652136298361	0.008754253376080717	-4.028802757575204
0.010864256236170667	0.008755616871484634	-4.029436246796655
0.010964781961431863	0.008757006338741305	-4.030081955623608
0.011066237839776675	0.008758422284896998	-4.030740130354564
0.011168632477805623	0.008759865227382	-4.0314110227306275
0.011271974561755117	0.008761335694242544	-4.032094890077949
0.011376272858234322	0.008762834224378747	-4.03279199545492
0.01148153621496884	0.008764361367788659	-4.033502607804332
0.011587773561551273	0.008765917685818655	-4.03422700211072
0.011694993910198724	0.00876750375142036	-4.034965459563116
0.01180320635651731	0.008769120149414276	-4.035718267723444
0.011912420080273762	0.008770767476760416	-4.036485720700831
0.012022644346174144	0.008772446342836056	-4.037268119332072
0.012133888504649786	0.008774157369720904	-4.038065771368569
0.012246161992650502	0.008775901192489933	-4.038878991669995
0.01235947433444512	0.00877767845951405	-4.0397081024050445
0.012473835142429446	0.008779489832768985	-4.0405534332595625
0.012589254117941687	0.008781335988152538	-4.0414153216524396
0.012705741052085433	0.008783217615810546	-4.042294112959609
0.012823305826560232	0.008785135420471844	-4.043190160746572
0.01294195841449987	0.008787090121792513	-4.044103827009842
0.013061708881318424	0.008789082454709753	-4.045035482427752
0.013182567385564082	0.008791113169805643	-4.045985506621124
0.01330454417978092	0.008793183033681271	-4.046954288424229
0.013427649611378649	0.008795292829341418	-4.0479422261666365
0.01355189412351037	0.008797443356590301	-4.048949727966457
0.013677288255958502	0.00879963543243871	-4.049977212035589
0.013803842646028859	0.008801869891522946	-4.0510251069976
0.013931568029453043	0.008804147586535986	-4.052093852218891
0.01406047524129915	0.008806469388671337	-4.053183898153875
0.014190575216890933	0.008808836188079996	-4.054295706704905
0.014321878992735446	0.008811248894341069	-4.055429751597755
0.014454397707459286	0.008813708436946453	-4.056586518773514
0.014588142602753497	0.008816215765800198	-4.057766506797805
0.014723125024327202	0.008818771851733116	-4.058970227288265
0.014859356422870082	0.008821377687033009	-4.0601982053613614
0.014996848355023748	0.008824034285991472	-4.061450980099609
0.015135612484362095	0.008826742685467548	-4.062729105040385
0.015275660582380739	0.008829503945469122	-4.0640331486875745
0.015417004529495607	0.008832319149752656	-4.065363695047401
0.015559656316050758	0.00883518940644201	-4.0667213441898555
0.01570362804333554	0.008838115848667113	-4.068106712837282
0.015848931924611148	0.008841099635223282	-4.069520434981713
0.015995580286146702	0.008844141951251997	-4.0709631625327365
0.016143585568264878	0.008847244008944046	-4.072435565997782
0.016292960326397238	0.008850407048265976	-4.073938335196778
0.01644371723214933	0.008853632337710736	-4.075472180013401
0.016595869074375623	0.008856921175073643	-4.077037831185196
0.01674942876026439	0.008860274888254633	-4.078636041135043
0.016904409316432657	0.008863694836088013	-4.080267584846645
0.017060823890031253	0.008867182409200822	-4.081933260786908
0.017218685749860088	0.008870739030901105	-4.083633891878279
0.017378008287493772	0.008874366158097367	-4.085370326524357
0.01753880501841763	0.00887806528225063	-4.087143439692347
0.01770108958317423	0.0088818379303605	-4.088954134056186
0.017864875748520526	0.00888568566598683	-4.090803341204518
0.018030177408595707	0.00888961009030856	-4.092692022917918
0.018197008586099853	0.008893612843221451	-4.094621172520236
0.018365383433483484	0.00889769560447653	-4.096591816309259
0.018535316234148135	0.008901860094861134	-4.098605015072278
0.018706821403658026	0.008906108077424583	-4.100661865692668
0.018879913490962956	0.00891044135875057	-4.102763502854051
0.019054607179632494	0.008914861790278568	-4.104911100849137
0.019230917289101597	0.008919371269676596	-4.107105875500993
0.019408858775927792	0.008923971742267868	-4.109349086205066
0.01958844673505991	0.008928665202514023	-4.111642038101033
0.01976969640111862	0.008933453695557704	-4.113986084384329
0.01995262314968881	0.008938339318827523	-4.116382628768038
0.020137242498623895	0.008943324223708577	-4.118833128106776
0.02032357010936223	0.008948410617281854	-4.121339095195186
0.020511621788255666	0.00895360076413618	-4.123902101754834
0.020701413487910436	0.008958896988256354	-4.126523781624476
0.02089296130854041	0.008964301674991692	-4.129205834170051
0.02108628149933291	0.008969817273109066	-4.13195002793221
0.021281390459827135	0.008975446296935138	-4.134758204530891
0.021478304741305354	0.008981191328592533	-4.137632282848135
0.02167704104819696	0.00898705502033516	-4.140574263512482
0.02187761623949554	0.00899304009698808	-4.143586233710339
0.022080047330189013	0.00899914935849785	-4.146670372352232
0.022284351492703053	0.00900538568259945	-4.149828955624456
0.022490546058357826	0.009011752027606486	-4.153064362959687
0.022698648518838235	0.00901825143533166	-4.156379083463309
0.022908676527677748	0.009024887034145019	-4.159775722835919
0.023120647901755963	0.00903166204217805	-4.16325701083645
0.023334580622810044	0.009038579770682058	-4.1668258093348784
0.023550492838960112	0.009045643627549999	-4.170485121008411
0.023768402866248782	0.00905285712101144	-4.1742380987405845
0.02398832919019492	0.009060223863511015	-4.178088055788937
0.0242102904673618	0.009067747575781424	-4.182038476793623
0.02443430552693974	0.00907543209112272	-4.186093029707171
0.024660393372343412	0.009083281359900454	-4.190255578733956
0.02488857318282393	0.009091299454276083	-4.194530198377638
0.025118864315095822	0.00909949057318388	-4.198921188705368
0.025351286304979098	0.009107859047569597	-4.203433091949589
0.02558585886905648	0.009116409345906913	-4.208070710581596
0.025822601906345985	0.009125146080009108	-4.212839127006049
0.026061535499988978	0.009134074011154037	-4.217743725042432
0.026302679918953843	0.009143198056541946	-4.222790213378487
0.026546055619755416	0.0091525232961067	-4.2279846512018056
0.026791683248190343	0.009162054979702112	-4.233333476239878
0.027039583641088463	0.00917179853468657	-4.238843535465817
0.027289777828080432	0.00918175957392997	-4.24452211875754
0.02754228703338169	0.009191943904268599	-4.250376995832594
0.02779713267759291	0.009202357535434455	-4.256416456819698
0.02805433637951716	0.009213006689486845	-4.262649356872189
0.028313919957993816	0.00922389781077489	-4.269085165278343
0.028575905433749497	0.009235037576460537	-4.275734019580164
0.028840315031266085	0.009246432907632156	-4.2826067852762835
0.02910717118066608	0.009258090981039071	-4.289715121757515
0.029376496519615335	0.00927001924147708	-4.297071555206376
0.029648313895243455	0.009282225414854317	-4.304689559285979
0.02992264636608192	0.009294717521965068	-4.312583644550991
0.030199517204020192	0.009307503892996581	-4.320769457635289
0.03047894989627986	0.009320593182789882	-4.329263891410154
0.03076096814740711	0.009333994386870048	-4.3380852074654985
0.031045595881283587	0.009347716858253476	-4.347253172447527
0.03133285724315589	0.009361770325029219	-4.35678920999286
0.031622776601683826	0.009376164908697334	-4.366716570234773
0.03191537855100765	0.009390911143228837	-4.377060519126261
0.03221068791283438	0.009406019994787894	-4.3878485501314515
0.03250872973854347	0.009421502882025827	-4.39911062118703
0.03280952931131194	0.009437371696816818	-4.41087942023396
0.03311311214825915	0.009453638825254311	-4.423190663073707
0.03341950400261146	0.009470317168662316	-4.436083427818777
0.03372873086588692	0.009487420164293549	-4.449600530791759
0.034040818970100126	0.009504961805281997	-4.463788949387721
0.0343557947899875	0.009522956659285563	-4.47870029815812
0.0346736850452532	0.009541419885087884	-4.494391365207322
0.034994516702835765	0.009560367246218053	-4.510924716918844
0.035318316979195734	0.009579815120382288	-4.528369380049569
0.03564511334262446	0.009599780503168039	-4.546801611342744
0.03597493351557427	0.009620281004061804	-4.5663057660025705
0.03630780547701017	0.009641334832295002	-4.586975277622198
0.03664375746478335	0.009662960769370961	-4.608913763421242
0.03698281797802665	0.00968517812429713	-4.632236269862684
0.037325015779572084	0.009708006666508688	-4.6570706747779935
0.037670379898390914	0.009731466530173264	-4.68355926287715
0.038018939632056145	0.009755578081950171	-4.711860491725565
0.0383707245492279	0.009780361742269442	-4.7421509645952495
0.038725764492161745	0.009805837747710369	-4.774627624560257
0.03908408957924023	0.009832025838999928	-4.809510180120739
0.03944573020752787	0.00985894485541066	-4.8470437655433525
0.039810717055349755	0.009886612211806459	-4.887501827661785
0.04017908108489402	0.009915043229163046	-4.931189213253521
0.040550853544838415	0.009944250283011182	-4.978445404804249
0.040926065973001115	0.009974241726921474	-5.02964781415224
0.041304750199016166	0.01000502054001566	-5.085214988786623
0.04168693834703357	0.010036582638937091	-5.145609508816657
0.04207266283844444	0.01006891478653066	-5.211340246816272
0.04246195639463132	0.010101992023090466	-5.282963519529812
0.042854852039743985	0.01013577454382005	-5.3610824705590545
0.04325138310350091	0.010170203951920094	-5.446343777691261
0.04365158322401663	0.010205198836259243	-5.53943047127393
0.044055486350655364	0.010240649664297038	-5.641049282116953
0.04446312674691091	0.01027641305636356	-5.751910524965676
0.04487453899331325	0.010312305631350266	-5.872698109925828
0.04528975799036211	0.010348097803340221	-6.004026947031225
0.04570881896148754	0.010383508179679542	-6.146384922398456
0.04613175745603798	0.01041819957133459	-6.300057020514636
0.04655860935229591	0.010451778063156177	-6.465030388257253
0.04698941086052156	0.01048379705182914	-6.640881602047853
0.04742419852602448	0.010513768525750608	-6.826651517050822
0.04786300923226385	0.010541183932993215	-7.020719039466781
0.04830588020397728	0.010565546479916801	-7.220692613431697
0.04875284901033865	0.010586415319953146	-7.423345826492236
0.04920395356814511	0.010603459642060803	-7.624628701758143
0.04965923214503363	0.01061651729869953	-7.819785230777839
0.05011872336272725	0.010625649024482648	-8.003596739380743
0.05058246620031143	0.01063117678517104	-8.170748090715215
0.051050499997540646	0.010633694917646128	-8.316282424625832
0.05152286445817567	0.010634046530276484	-8.43607877542794
0.05199959965335162	0.010633264818095888	-8.52726786921982
0.052480746024977286	0.010632487481359526	-8.588505184281376
0.05296634438916581	0.010632859244141342	-8.620049199180393
0.05345643593969719	0.010635439926083482	-8.623637861391444
0.05395106225151279	0.010641132852551149	-8.602201511405486
0.05445026528424214	0.010650642011417381	-8.559480381490985
0.05495408738576248	0.010664458961783608	-8.499621961419027
0.0554625712957911	0.010682874575633128	-8.426820569242045
0.05597576014951104	0.010706007555422246	-8.345037456606406
0.05649369748123028	0.01073384128108712	-8.257814704019912
0.05701642722807478	0.010766262015538555	-8.168176842672489
0.05754399373371572	0.010803093760129726	-8.078603054869106
0.05807644175213124	0.010844127267474891	-7.991049121823523
0.05861381645140291	0.01088914244294326	-7.906999627300821
0.05915616341754743	0.01093792448024819	-7.827534795907513
0.05970352865838372	0.010990274657095176	-7.753400873472558
0.06025595860743581	0.011046016914557007	-7.685077050869444
0.060813500127871824	0.011105001308964161	-7.622835131049942
0.061376200516479455	0.011167105274395153	-7.566790380892783
0.06194410750767818	0.011232233444404252	-7.516943431898867
0.06251726927756862	0.011300316597290791	-7.473213898381659
0.06309573444801936	0.011371310130606303	-7.4354667625375095
0.06367955209079162	0.011445192344111395	-7.403532689303751
0.064268771731702	0.01152196271484096	-7.377223393984331
0.06486344335482389	0.011601640278785828	-7.356343068499671
0.06546361740672754	0.011684262185514339	-7.340696725358055
0.06606934480075964	0.011769882459716474	-7.330096169489246
0.06668067692136226	0.011858570982844692	-7.324364171178008
0.06729766562843183	0.01195041269535918	-7.323337294608053
0.0679203632617185	0.012045507013013785	-7.326867737401869
0.0685488226452662	0.012143967447294096	-7.334824455970182
0.0691830970918937	0.012245921419240267	-7.347093787279525
0.06982324040771719	0.012351510256558711	-7.363579727272956
0.07046930689671474	0.012460889365553257	-7.384203987152705
0.07112135136533296	0.012574228571601048	-7.4089059188389195
0.07177942912713622	0.012691712624423994	-7.437642378259236
0.07244359600749906	0.012813541867126497	-7.470387578144984
0.0731139083483418	0.012939933070819021	-7.50713296945702
0.07379042301291015	0.01307112043960679	-7.547887181450026
0.07447319739059896	0.013207356793810148	-7.592676043940338
0.07516228940182061	0.01334891494253806	-7.641542710980366
0.07585775750291844	0.013496089260219977	-7.6945479024194405
0.07655966069112569	0.013649197485490556	-7.7517702784191
0.07726805850957029	0.013808582765010857	-7.8133069616551385
0.07798301105232593	0.013974615969510905	-7.879274222520954
0.07870457896950993	0.014147698314686027	-7.949808344048352
0.07943282347242822	0.01432826432573178	-8.025066685438283
0.08016780633876798	0.014516785191452787	-8.105228966046905
0.0809095899178383	0.01471377256226017	-8.19049879544759
0.0816582371358593	0.014919782856265053	-8.281105479876251
0.0824138115013003	0.015135422149428746	-8.377306141102812
0.08317637711026717	0.015361351739775079	-8.479388190745823
0.08394599865193982	0.015598294492541333	-8.587672211511718
0.08472274141405972	0.01584704209351228	-8.702515307125385
0.08550667128846841	0.01610846336248947	-8.824314995248892
0.0862978547766971	0.016383513808962448	-8.953513733008073
0.08709635899560814	0.016673246648927203	-9.090604183567038
0.08790225168308852	0.01697882554717477	-9.236135355419615
0.08871560120379617	0.01730153940548403	-9.390719774884955
0.08953647655495947	0.017642819586882248	-9.555041888243236
0.09036494737223023	0.018004260053243536	-9.729867935045204
0.09120108393559107	0.018387641002893276	-9.916057591042376
0.09204495717531722	0.018794956733049515	-10.114577751453398
0.09289663867799372	0.019228448627438662	-10.326518917643815
0.09375620069258811	0.019690644393714245	-10.553114769138011
0.09462371613657934	0.020184404963752272	-10.795765656880294
0.09549925860214364	0.020712980843279067	-11.056066954705678
0.0963829023623971	0.021280080183914883	-11.33584347049804
0.09727472237769656	0.021889951489440337	-11.63719146941891
0.09817479430199849	0.0225474847126062	-11.962530331145647
0.09908319448927681	0.023258335623904586	-12.314666497155974
0.10000000000000005	0.024029079844323672	-12.69687322869867
0.10092528860766849	0.024867404978479328	-13.1129908870738
0.10185913880541175	0.025782352073517565	-13.56755410617879
0.10280162981264741	0.02678462146440091	-14.065954562756579
0.10375284158180131	0.02788696338069479	-14.614651378575369
0.10471285480509002	0.029104681106392586	-15.221445993552885
0.1056817509213659	0.030456284894792268	-15.895845376270652
0.10665961212302584	0.03196434950841584	-16.64954785877327
0.10764652136298355	0.03365664892056141	-17.497101554141747
0.10864256236170661	0.03556767063809255	-18.45680922270767
0.10964781961431856	0.03774065180176251	-19.55199043452503
0.1106623783977667	0.040230331246471934	-20.812769810955785
0.11168632477805618	0.04310667258698655	-22.278651782946408
0.1127197456175511	0.046459862474225386	-24.00228785460987
0.11376272858234315	0.05040685271867992	-26.05507148481485
0.11481536214968835	0.055099371911899904	-28.53554334113948
0.11587773561551268	0.06073203453664814	-31.58206164956387
0.11694993910198717	0.06754511323063928	-35.391613233325444
0.11803206356517304	0.07580490827084416	-40.24608583283004
0.11912420080273756	0.08571430774749834	-46.54224170476563
0.12022644346174137	0.09714156971852791	-54.800932268178364
0.1213388850464978	0.10899609495719216	-65.57155643653594
0.12246161992650495	0.11838902168642888	-79.06003867894849
0.12359474334445113	0.12109646980056889	-94.46630040352665
0.12473835142429439	0.11508752868160999	-109.83098498816939
0.1258925411794168	0.1030521447188801	-123.21192455728908
0.12705741052085426	0.0893669725318106	-133.835232093916
0.12823305826560225	0.07673796899218797	-141.91440169306128
0.1294195841449987	0.06603707238920874	-147.98921709567216
0.13061708881318423	0.05724350058606264	-152.5621768772715
0.1318256738556408	0.050065208587352625	-156.00753269531486
0.13304544179780922	0.044189344306866496	-158.58320139384043
0.13427649611378642	0.03935573747795859	-160.46467863961726
0.13551894123510363	0.035365965133954895	-161.77841041073418
0.13677288255958495	0.03207226784123818	-162.63101957060852
0.13803842646028852	0.029361117460682474	-163.13255249960034
0.13931568029453034	0.027136912793656712	-163.40827282894983
0.14060475241299142	0.02530994053759617	-163.59260518205252
0.14190575216890927	0.02379228471560619	-163.80666800349815
0.1432187899273544	0.022501923031820796	-164.13332040310584
0.1445439770745928	0.021370321102828282	-164.60652660064275
0.1458814260275349	0.02034742368989379	-165.2198860919079
0.14723125024327194	0.01940132772340033	-165.9456159254607
0.14859356422870074	0.01851403164895231	-166.7526808248519
0.1499684835502374	0.017676020362557786	-167.6186559098971
0.15135612484362088	0.016881409835068344	-168.53577647219268
0.15275660582380732	0.016123748621392035	-169.51352101437232
0.154170045294956	0.015391266483066365	-170.57740455873167
0.1555965631605075	0.014659893858566964	-171.7520704090105
0.15703628043335532	0.013887701127191268	-172.98380223676787
0.15848931924611143	0.013043229168359758	-173.95251141476874
0.15995580286146696	0.012206171384307447	-174.11943595166784
0.1614358556826487	0.011536896577847037	-173.56657390848318
0.1629296032639723	0.011046528329311842	-172.9903861827917
0.16443717232149324	0.010645856448586349	-172.70732127478755
0.16595869074375613	0.010278704420532895	-172.6686792712434
0.16749428760264382	0.009926380657182226	-172.7715731227672
0.1690440931643265	0.00958499758134218	-172.94660829628504
0.17060823890031243	0.009254677842626373	-173.15507559712464
0.17218685749860077	0.008936159665548423	-173.3763108174467
0.17378008287493762	0.008629954761942525	-173.59935493151602
0.1753880501841762	0.008336237801117133	-173.8184218692893
0.1770108958317422	0.008054910846901658	-174.03052242610872
0.17864875748520517	0.007785688476266042	-174.23420806965896
0.180301774085957	0.007528167266768941	-174.42889190590543
0.18197008586099844	0.007281875755339218	-174.61447230669668
0.18365383433483473	0.007046308532242491	-174.79111935194905
0.18535316234148125	0.006820948861019427	-174.95915125513673
0.18706821403658017	0.0066052833599254505	-175.11896181524796
0.18879913490962946	0.006398811292938263	-175.27097748079476
0.19054607179632482	0.0062010502314751165	-175.41563194370136
0.19230917289101596	0.0060115392845439515	-175.5533512807259
0.19408858775927793	0.005829840707811461	-175.68454551941377
0.19588446735059908	0.0056555404400121245	-175.8096041474655
0.1976969640111862	0.0054882479384931624	-175.92889404803498
0.19952623149688808	0.005327595566466343	-176.04275892032067
0.20137242498623895	0.005173237703735763	-176.15151959626928
0.2032357010936223	0.005024849697631656	-176.255474881702
0.20511621788255666	0.004882126733198734	-176.35490268657685
0.20701413487910436	0.004744782675771521	-176.45006129562515
0.2089296130854041	0.004612548921181646	-176.54119068597933
0.2108628149933291	0.004485173276468422	-176.62851383409165
0.21281390459827135	0.004362418885401085	-176.71223797732793
0.21478304741305343	0.004244063207205477	-176.79255581056105
0.21677041048196952	0.004129897052820554	-176.8696466077333
0.2187761623949553	0.004019723680237332	-176.94367726452654
0.22080047330189004	0.00391335794860888	-177.0148032621636
0.22284351492703042	0.0038106255295951535	-177.08316955474473
0.22490546058357816	0.0037113621736299318	-177.14891138390982
0.22698648518838224	0.0036154130283348675	-177.21215502535338
0.22908676527677735	0.003522632006061945	-177.27301847203466
0.23120647901755953	0.003432881197452767	-177.3316120589675
0.23334580622810033	0.0033460303279126847	-177.38803903435084
0.23550492838960102	0.0032619562539754686	-177.44239608157457
0.23768402866248772	0.0031805424966556057	-177.49477379635405
0.2398832919019491	0.003101678809033076	-177.5452571229411
0.2421029046736179	0.0030252607754774896	-177.5939257530453
0.24434305526939726	0.002951189440086279	-177.64085449079198
0.246603933723434	0.0028793709620794144	-177.6861135867505
0.24888573182823917	0.002809716296057008	-177.72976904378828
0.25118864315095807	0.002742140895183605	-177.77188289725075
0.2535128630497908	0.002676564435512395	-177.8125134717288
0.25585858869056466	0.00261291055980323	-177.85171561646067
0.2582260190634597	0.002551106639319668	-177.88954092121594
0.26061535499988964	0.00249108355221248	-177.92603791433098
0.2630267991895383	0.0024327754772101185	-177.96125224440337
0.26546055619755404	0.002376119701441093	-177.9952268470041
0.2679168324819033	0.0023210564413092636	-178.02800209763654
0.2703958364108845	0.0022675286754315406	-178.05961595204957
0.2728977782808042	0.002215481988728433	-178.0901040749058
0.27542287033381674	0.0021648644268323822	-178.11949995770857
0.277971326775929	0.0021156263600468407	-178.1478350268047
0.2805433637951715	0.0020677203561514828	-178.17513874220094
0.28313919957993805	0.002021101061405999	-178.20143868786286
0.2857590543374948	0.0019757250891571996	-178.2267606541012
0.2884031503126607	0.0019315509155019726	-178.25112871259554
0.29107171180666064	0.0018885387815023953	-178.27456528455417
0.2937649651961532	0.0018466506014894126	-178.2970912024664
0.2964831389524344	0.0018058498770281417	-178.31872576586414
0.29922646366081906	0.0017661016161515442	-178.33948679147736
0.30199517204020176	0.0017273722574999621	-178.35939065813892
0.30478949896279844	0.0016896295990323441	-178.37845234677408
0.307609681474071	0.0016528427310008565	-178.3966854757896
0.3104559588128357	0.0016169819729044536	-178.4141023321683
0.3133285724315587	0.0015820188141588045	-178.43071389856823
0.3162277660168381	0.0015479258582401431	-178.44652987672583
0.31915378551007634	0.0015146767700791063	-178.4615587074713
0.3221068791283436	0.0014822462264976915	-178.47580758768035
0.32508729738543457	0.0014506098694981844	-178.4892824845109
0.3280952931131192	0.0014197442622274213	-178.50198814731124
0.3311311214825913	0.0013896268474531317	-178.51392811763225
0.33419504002611444	0.0013602359084014834	-178.5251047378425
0.3372873086588691	0.0013315505318163702	-178.5355191589228
0.34040818970100106	0.0013035505731115499	-178.54517134812025
0.34355794789987465	0.0012762166234964682	-178.55406009726542
0.34673685045253166	0.001249529978965569	-178.56218303271177
0.3499451670283573	0.0012234726110491975	-178.56953662804386
0.353183169791957	0.0011980271392316388	-178.5761162209304
0.35645113342624424	0.0011731768049487727	-178.58191603577475
0.3597493351557423	0.0011489054470838654	-178.58692921414928
0.36307805477010135	0.0011251974788854422	-178.59114785540027
0.36643757464783333	0.001102037866235685	-178.59456307028938
0.3698281797802663	0.001079412107201527	-178.59716505110728
0.3732501577957206	0.0010573062128031894	-178.59894316237362
0.37670379898390893	0.0010357066889363654	-178.59988605703526
0.38018939632056126	0.0010146005193842874	-178.5999818240162
0.38370724549227886	0.0009939751498541575	-178.5992181740687
0.3872576449216173	0.0009738184729686936	-178.59758267214875
0.3908408957924021	0.0009541188141371805	-178.59506302600303
0.39445730207527846	0.0009348649182209993	-178.59164744231708
0.3981071705534973	0.0009160459368954219	-178.5873250636441
0.40179081084894	0.0008976514165916543	-178.58208650139125
0.40550853544838394	0.0008796712868798511	-178.57592448235795
0.40926065973001097	0.0008620958491239791	-178.5688346286311
0.41304750199016144	0.0008449157652019308	-178.560816392937
0.4168693834703355	0.0008281220460379722	-178.55187417365022
0.4207266283844442	0.0008117060396385069	-178.54201863531148
0.424619563946313	0.00079565941825542	-178.5312682613246
0.4285485203974396	0.0007799741642238829	-178.51965116496388
0.43251383103500884	0.000764642553934262	-178.5072071822116
0.4365158322401661	0.0007496571393032089	-178.49399026432135
0.44055486350655343	0.000735010726012091	-178.48007117817323
0.4446312674691088	0.0007206963476900648	-178.46554050699697
0.4487453899331323	0.000706707235147498	-178.4505119212033
0.4528975799036209	0.0006930367797324561	-178.43512565706325
0.4570881896148752	0.0006796784899153408	-178.41955209807716
0.46131757456037953	0.0006666259403394847	-178.4039952987805
0.4655860935229591	0.0006538727128516176	-178.38869622316145
0.4698941086052156	0.0006414123294941593	-178.3739353913337
0.4742419852602448	0.0006292381781499544	-178.36003454298293
0.47863009232263853	0.0006173434325177859	-178.34735684273755
0.48305880203977286	0.0006057209693763923	-178.33630508441425
0.4875284901033865	0.000594363287630981	-178.32731731705164
0.4920395356814511	0.0005832624353225511	-178.32085933975543
0.49659232145033627	0.000572409952414847	-178.3174136211138
0.5011872336272725	0.0005617968384483137	-178.3174644162047
0.5058246620031143	0.0005514135546640891	-178.3214791935459
0.5105049999754064	0.0005412500695120543	-178.3298869391384
0.5152286445817567	0.0005312959541807284	-178.34305443896085
0.5199959965335162	0.0005215405307338081	-178.36126218417886
0.5248074602497729	0.0005119730697609835	-178.3846819932602
0.5296634438916581	0.0005025830277485291	-178.41335868539613
0.5345643593969719	0.000493360307691149	-178.44719806630883
0.5395106225151278	0.00048429552113160454	-178.48596304400988
0.5445026528424215	0.0004753802271406751	-178.52927889802882
0.5495408738576248	0.00046660712464621735	-178.57664768804048
0.5546257129579107	0.00045797017916381934	-178.62747068495068
0.5597576014951101	0.0004494646726827075	-178.68107674683287
0.5649369748123025	0.00044108717479722644	-178.73675392497668
0.5701642722807475	0.000432835442368923	-178.79378137784363
0.5754399373371569	0.0004247082624069633	-178.8514588989252
0.580764417521312	0.00041670525735700145	-178.90913194117041
0.5861381645140288	0.0004088266732335684	-178.9662107987518
0.591561634175474	0.00040107316937606813	-179.02218342462993
0.5970352865838369	0.0003934456249000743	-179.0766220832612
0.6025595860743578	0.00038594497218644305	-179.12918457517102
0.6081350012787179	0.0003785720629490903	-179.17961109230743
0.6137620051647943	0.00037132756824140116	-179.2277178839612
0.6194410750767815	0.00036421191058251697	-179.27338887499982
0.6251726927756859	0.0003572252243096434	-179.31656623474845
0.6309573444801934	0.0003503673391927736	-179.35724069722852
0.6367955209079159	0.0003436377820757719	-179.39544222259033
0.6426877173170198	0.00033703579159089777	-179.43123139338178
0.6486344335482385	0.00033056034160799523	-179.46469177345853
0.654636174067275	0.0003242101698442145	-179.4959233278346
0.6606934480075961	0.0003179838088464674	-179.52503690798775
0.6668067692136223	0.00031187961728594706	-179.5521497446772
0.6729766562843178	0.0003058958101293876	-179.5773818531717
0.6792036326171846	0.0003000304867601762	-179.6008532376896
0.6854882264526617	0.00029428165651637796	-179.62268177719673
0.6918309709189366	0.00028864726140445077	-179.6429816788648
0.6982324040771715	0.0002831251959534696	-179.66186239488016
0.7046930689671471	0.00027771332431232983	-179.67942791032712
0.7112135136533292	0.00027240949477771927	-179.69577632275957
0.7177942912713619	0.00026721155198739443	-179.71099964668983
0.7244359600749902	0.00026211734703273455	-179.72518378788413
0.7311390834834176	0.00025712474574545314	-179.7384086427281
0.7379042301291011	0.00025223163540237053	-179.75074828688741
0.7447319739059892	0.00024743593007415377	-179.76227122506646
0.7516228940182057	0.00024273557482233464	-179.77304067995212
0.758577575029184	0.00023812854892607958	-179.78311490357112
0.7655966069112565	0.00023361286829762733	-179.79254749843295
0.7726805850957026	0.00022918658722399036	-179.80138773913473
0.7798301105232589	0.00022484779955293717	-179.80968088770857
0.7870457896950989	0.00022059463942369827	-179.8174684980214
0.7943282347242817	0.00021642528162731434	-179.8247887061017
0.8016780633876793	0.00021233794166799835	-179.83167650445986
0.8090958991783825	0.00020833087558519816	-179.83816399936305
0.8165823713585927	0.00020440237958603276	-179.84428065068832
0.8241381150130026	0.0002005507895292695	-179.85005349445754
0.8317637711026713	0.00019677448029480795	-179.8555073484965
0.8394599865193977	0.00019307186506658765	-179.86066500189236
0.8472274141405968	0.00018944139455175926	-179.8655473890715
0.8550667128846836	0.00018588155615472784	-179.8701737494094
0.8629785477669706	0.00018239087312114992	-179.87456177332356
0.870963589956081	0.00017896790366404679	-179.87872773581185
0.8790225168308847	0.0001756112400817773	-179.882686618382
0.8871560120379608	0.00017231950787561728	-179.8864522202873
0.8953647655495938	0.00016909136487305558	-179.89003725994172
0.9036494737223014	0.00016592550036156903	-179.8934534673384
0.9120108393559097	0.00016282063423653524	-179.89671166824306
0.9204495717531712	0.00015977551616604694	-179.8998218608808
0.9289663867799363	0.00015678892477466162	-179.90279328577927
0.9375620069258802	0.00015385966684752732	-179.90563448938116
0.946237161365793	0.0001509865765558508	-179.9083533819867
0.9549925860214359	0.00014816851470429373	-179.91095729053941
0.9638290236239705	0.00014540436800057643	-179.91345300672168
0.9727472237769651	0.0001426930483473349	-179.91584683078193
0.9817479430199844	0.00014003349215609072	-179.91814461146467
0.9908319448927676	0.0001374246596830745	-179.92035178234647
1.	0.00013486553438663392	-179.92247339469387
1.0092528860766845	0.00013235512230600686	-179.92451414671376
1.0185913880541169	0.00012989245146470383	-179.92647840387986
1.0280162981264735	0.0001274765713538398	-179.92837012837043
1.0375284158180127	0.0001251065517036991	-179.93019389210363
1.0471285480508996	0.00012278148387124041	-179.93195201198995
1.0568175092136585	0.00012050047767857224	-179.9336485206579
1.066596121230258	0.00011826266273742397	-179.93528642443354
1.076465213629835	0.00011606718736578382	-179.9368686131281
1.0864256236170655	0.00011391321816049209	-179.93839779952307
1.096478196143185	0.00011179993953995611	-179.93987652694716
1.1066237839776665	0.00010972655329838486	-179.9413071806307
1.1168632477805611	0.00010769227817361402	-179.9426919989153
1.1271974561755105	0.00010569634942839387	-179.94403308376178
1.1376272858234309	0.00010373801844470853	-179.94533241048254
1.1481536214968828	0.0001018165523306429	-179.94659183672485
1.1587773561551262	0.00009993123353931629	-179.9478131107547
1.1694993910198712	0.0000980813594994143	-179.94899787909569
1.1803206356517297	0.00009626624225686807	-179.95014769357448
1.191242008027375	0.00009448520812724953	-179.95126401782278
1.2022644346174132	0.00009273759735846883	-179.9523482332799
1.2133888504649775	0.00009102276380337971	-179.9534016447379
1.224616199265049	0.00008934007460191427	-179.95442548546706
1.2359474334445106	0.0000876889098723887	-179.95542092195575
1.2473835142429432	0.00008606866241163468	-179.95638905829665
1.2589254117941675	0.00008447873740362948	-179.9573309402483
1.270574105208542	0.00008291855213631104	-179.9582475589972
1.2823305826560218	0.00008138753572627974	-179.95913985464577
1.2941958414499863	0.00007988512885110121	-179.9600087194473
1.3061708881318417	0.00007841078348893876	-179.96085500080812
1.3182567385564075	0.00007696396266525479	-179.96167950407533
1.3304544179780915	0.00007554414020633367	-179.96248299512692
1.3427649611378643	0.00007415080049938859	-179.96326620277978
1.3551894123510364	0.00007278343825902602	-179.96402982102913
1.3677288255958495	0.00007144155829985167	-179.96477451113302
1.3803842646028852	0.0000701246753150048	-179.96550090357624
1.3931568029453034	0.00006883231366045927	-179.96620959977017
1.4060475241299142	0.00006756400714479805	-179.9669011739481
1.4190575216890926	0.00006631929882444751	-179.967576174535
1.432187899273544	0.00006509774080403474	-179.96823512571282
1.4454397707459279	0.00006389889404179615	-179.96887852877208
1.4588142602753489	0.00006272232815984786	-179.96950686339207
1.4723125024327193	0.00006156762125916906	-179.97012058883732
1.4859356422870074	0.000060434359739150894	-179.9707201450767
1.499684835502374	0.00005932213812157105	-179.97130595383064
1.5135612484362087	0.00005823055887885847	-179.97187841955136
1.5275660582380732	0.0000571592322665183	-179.97243793034139
1.54170045294956	0.00005610777615959263	-179.97298485881385
1.555965631605075	0.00005507581589303678	-179.9735195628999
1.5703628043335531	0.00005406298410589636	-179.97404238660545
1.584893192461114	0.00005306892058917372	-179.97455366072185
1.5995580286146696	0.0000520932721372772	-179.97505370349342
1.6143585568264869	0.000051135692402950545	-179.97554282124418
1.629296032639723	0.00005019584175558325	-179.9760213089676
1.6443717232149324	0.00004927338714280678	-179.97648945088073
1.6595869074375613	0.000048368001955284386	-179.97694752094603
1.6749428760264382	0.00004747936589460589	-179.97739578336245
1.690440931643265	0.00004660716484420239	-179.97783449302804
1.7060823890031243	0.000045751090743197566	-179.978263895976
1.7218685749860079	0.000044910841463116574	-179.9786842297856
1.7378008287493762	0.000044086120687375334	-179.97909572397015
1.753880501841762	0.00004327663779347588	-179.9794986003427
1.770108958317422	0.00004248210773783581	-179.9798930733618
1.7864875748520517	0.00004170225094318297	-179.9802793504579
1.803017740859568	0.00004093679318844747	-179.98065763234186
1.8197008586099825	0.00004018546550108635	-179.98102811329673
1.8365383433483455	0.0000394480040517789	-179.9813909814537
1.8535316234148105	0.000038724150051430324	-179.98174641905356
1.8706821403657996	0.00003801364965042599	-179.98209460269388
1.8879913490962925	0.00003731625384007883	-179.9824357035635
1.9054607179632463	0.0000366317183562149	-179.98276988766472
1.9230917289101574	0.00003595980358484318	-179.983097316024
1.9408858775927773	0.000035300274469858026	-179.9834181448917
1.958844673505989	0.000034652900422724106	-179.98373252593206
1.97696964011186	0.00003401745523409463	-179.9840406064032
1.9952623149688788	0.00003339371698731591	-179.98434252932836
2.0137242498623875	0.00003278146797377232	-179.98463843365866
2.032357010936221	0.00003218049461002684	-179.98492845442772
2.0511621788255647	0.000031590587356714305	-179.98521272289906
2.0701413487910414	0.000031011540639145186	-179.98549136670604
2.0892961308540388	0.000030443152769579024	-179.9857645099854
2.108628149933289	0.0000298852258711282	-179.98603227350438
2.1281390459827114	0.0000293375658032533	-179.98629477478187
2.147830474130533	0.000028799982088812864	-179.98655212820398
2.167704104819694	0.00002827228784263089	-179.98680444513423
2.1877616239495516	0.000027754299701547354	-179.98705183401876
2.208004733018899	0.000027245837755916533	-179.98729440048675
2.228435149270303	0.00002674672548252056	-179.98753224744647
2.2490546058357803	0.000026256789678865048	-179.9877654751769
2.2698648518838214	0.000025775860398825652	-179.98799418141542
2.2908676527677723	0.000025303770889614416	-179.98821846144165
2.312064790175594	0.00002484035753003624	-179.9884384081578
2.333458062281002	0.000024385459770006122	-179.98865411216542
2.355049283896009	0.000023938920071298883	-179.98886566183893
2.376840286624876	0.000023500583849503726	-179.9890731433962
2.39883291901949	0.000023070299417156685	-179.9892766409662
2.4210290467361775	0.00002264791792802477	-179.98947623665362
2.4434305526939712	0.00002223329332251623	-179.9896720106011
2.4660393372343385	0.000021826282274192126	-179.9898640410491
2.48885731828239	0.000021426744137354768	-179.99005240439286
2.5118864315095797	0.000021034540895689684	-179.99023717523764
2.535128630497907	0.00002064953711193781	-179.99041842645158
2.5585858869056453	0.000020271599878575446	-179.99059622921646
2.582260190634596	0.000019900598769480357	-179.99077065307662
2.6061535499988953	0.000019536405792562266	-179.99094176598598
2.6302679918953813	0.0000191788953433372	-179.9911096343533
2.654605561975539	0.000018827944159425184	-179.99127432308583
2.6791683248190314	0.000018483431275951674	-179.99143589563104
2.703958364108843	0.000018145237981833075	-179.99159441401733
2.7289777828080406	0.00001781324777692777	-179.99174993889287
2.7542287033381663	0.000017487346330034066	-179.99190252956322
2.7797132677592886	0.00001716742143771715	-179.99205224402743
2.805433637951713	0.000016853362983947447	-179.9921991390134
2.831391995799379	0.000016545062900533328	-179.99234327001108
2.8575905433749464	0.000016242415128331438	-179.9924846913056
2.8840315031266055	0.000015945315579218167	-179.99262345600843
2.910717118066605	0.000015653662098806575	-179.99275961608794
2.9376496519615305	0.000015367354429892906	-179.99289322239872
2.9648313895243423	0.000015086294176617762	-179.99302432471015
2.992264636608189	0.000014810384769326867	-179.99315297173374
3.019951720402016	0.00001453953143011693	-179.99327921114983
3.047894989627983	0.00001427364113905264	-179.9934030896334
3.076096814740708	0.000014012622601040575	-179.9935246528788
3.1045595881283554	0.00001375638621334682	-179.9936439456241
3.1332857243155856	0.00001350484403374484	-179.9937610116743
3.162277660168379	0.000013257909749280837	-179.9938758939243
3.1915378551007616	0.000013015498645643748	-179.99398863438037
3.2210687912834346	0.000012777527577127772	-179.99409927418196
3.250872973854344	0.000012543914937175144	-179.994207853622
3.2809529311311905	0.000012314580629487459	-179.99431441216709
3.311311214825911	0.00001208944603969394	-179.99441898847687
3.3419504002611427	0.000011868434007565398	-179.994521620423
3.372873086588689	0.000011651468799762831	-179.99462234510742
3.404081897010009	0.000011438476083109868	-179.99472119888006
3.4355794789987466	0.00001122938289837846	-179.99481821735623
3.4673685045253166	0.000011024117634577541	-179.99491343543343
3.499451670283573	0.00001082261000373455	-179.99500688730762
3.53183169791957	0.000010624791016159909	-179.99509860648902
3.5645113342624426	0.000010430592956184757	-179.99518862581766
3.5974933515574232	0.000010239949358362565	-179.99527697747834
3.630780547701014	0.000010052794984125316	-179.99536369301515
3.664375746478333	9.869065798885205e-6	-179.99544880334577
3.6982817978026628	9.688698949572993e-6	-179.99553233877523
3.732501577957206	9.511632742604373e-6	-179.99561432900944
3.767037989839089	9.337806622265792e-6	-179.9956948031681
3.801893963205613	9.167161149511538e-6	-179.99577378979774
3.8370724549227884	8.99963798116382e-6	-179.99585131688377
3.8725764492161727	8.835179849508015e-6	-179.995927411863
3.908408957924021	8.673730542275187e-6	-179.99600210163504
3.944573020752785	8.515234883004325e-6	-179.99607541257404
3.981071705534973	8.359638711776825e-6	-179.99614737053983
4.0179081084894	8.206888866315823e-6	-179.99621800088877
4.055085354483839	8.056933163443387e-6	-179.99628732848447
4.09260659730011	7.909720380888368e-6	-179.99635537770817
4.130475019901614	7.765200239438233e-6	-179.99642217246875
4.168693834703355	7.623323385428016e-6	-179.99648773621283
4.207266283844442	7.484041373559882e-6	-179.9965520919342
4.24619563946313	7.347306650046886e-6	-179.9966152621833
4.285485203974396	7.21307253607452e-6	-179.99667726907643
4.325138310350088	7.08129321157396e-6	-179.99673813430474
4.365158322401661	6.9519236993009355e-6	-179.99679787914278
4.405548635065534	6.82491984921427e-6	-179.99685652445737
4.446312674691089	6.7002383231483e-6	-179.99691409071565
4.487453899331323	6.577836579773494e-6	-179.99697059799334
4.528975799036209	6.457672859839676e-6	-179.9970260659828
4.570881896148752	6.339706171696444e-6	-179.99708051400054
4.613175745603791	6.223896277085359e-6	-179.99713396099517
4.655860935229586	6.110203677198692e-6	-179.9971864255545
4.698941086052151	5.9985895989996905e-6	-179.997237925913
4.742419852602444	5.889015981799181e-6	-179.99728847995883
4.7863009232263805	5.781445464083664e-6	-179.99733810524074
4.830588020397723	5.675841370590071e-6	-179.99738681897495
4.875284901033861	5.572167699622443e-6	-179.9974346380516
4.920395356814506	5.47038911060588e-6	-179.99748157904145
4.965923214503357	5.370470911873234e-6	-179.99752765820202
5.01187233627272	5.272379048680079e-6	-179.9975728914839
5.058246620031137	5.176080091443613e-6	-179.9976172945369
5.105049999754059	5.081541224201195e-6	-179.99766088271565
5.152286445817562	4.988730233284312e-6	-179.99770367108582
5.1999599653351565	4.897615496203937e-6	-179.99774567442952
5.248074602497723	4.808165970743143e-6	-179.9977869072509
5.296634438916575	4.720351184253123e-6	-179.99782738378175
5.345643593969713	4.634141223148685e-6	-179.9978671179866
5.395106225151273	4.549506722599461e-6	-179.99790612356801
5.445026528424209	4.466418856413102e-6	-179.99794441397177
5.495408738576242	4.3848493271068064e-6	-179.99798200239172
5.5462571295791046	4.304770356163613e-6	-179.99801890177474
5.597576014951099	4.2261546744699745e-6	-179.99805512482556
5.649369748123022	4.14897551293115e-6	-179.9980906840113
5.701642722807472	4.073206593261054e-6	-179.99812559156624
5.754399373371567	3.998822118943286e-6	-179.9981598594962
5.807644175213118	3.925796766360082e-6	-179.99819349958292
5.861381645140285	3.854105676085999e-6	-179.9982265233885
5.9156163417547365	3.7837244443432775e-6	-179.99825894225938
5.9703528658383656	3.714629114615753e-6	-179.99829076733076
6.025595860743575	3.646796169418416e-6	-179.9983220095304
6.081350012787176	3.5802025222196052e-6	-179.99835267958278
6.137620051647939	3.514825509512992e-6	-179.99838278801283
6.194410750767812	3.4506428830365616e-6	-179.9984123451499
6.251726927756856	3.3876328021357766e-6	-179.99844136113123
6.30957344480193	3.325773826268244e-6	-179.99846984590593
6.367955209079155	3.2650449076472116e-6	-179.99849780923827
6.426877173170194	3.2054253840213016e-6	-179.9985252607115
6.486344335482381	3.1468949715878933e-6	-179.99855220973083
6.546361740672747	3.089433758037682e-6	-179.99857866552736
6.6069344800759575	3.0330221957279255e-6	-179.9986046371609
6.668067692136219	2.9776410949819876e-6	-179.99863013352353
6.729766562843175	2.92327161751279e-6	-179.99865516334256
6.792036326171843	2.8698952699678714e-6	-179.99867973518377
6.854882264526613	2.8174938975937586e-6	-179.99870385745444
6.918309709189362	2.7660496780174437e-6	-179.99872753840629
6.9823240407717115	2.7155451151427407e-6	-179.99875078613843
7.046930689671467	2.665963033159408e-6	-179.99877360860026
7.112135136533288	2.617286570662906e-6	-179.9987960135943
7.177942912713615	2.5694991748827298e-6	-179.9988180087788
7.244359600749899	2.5225845960173064e-6	-179.99883960167074
7.311390834834173	2.476526881673434e-6	-179.99886079964816
7.379042301291007	2.431310371408341e-6	-179.99888160995295
7.447319739059888	2.386919691372441e-6	-179.99890203969338
7.516228940182053	2.3433397490509018e-6	-179.9989220958466
7.585775750291836	2.3005557281022034e-6	-179.9989417852611
7.655966069112561	2.25855308329185e-6	-179.998961114659
7.726805850957022	2.2173175355195002e-6	-179.99898009063864
7.798301105232586	2.1768350669377366e-6	-179.99899871967662
7.870457896950985	2.1370919161608106e-6	-179.99901700813032
7.943282347242813	2.098074573561655e-6	-179.99903496224
8.01678063387679	2.05976977665554e-6	-179.99905258813095
8.090958991783822	2.022164505568759e-6	-179.9990698918157
8.165823713585922	1.9852459785907667e-6	-179.99908687919617
8.241381150130021	1.949001647808207e-6	-179.99910355606562
8.317637711026709	1.913419194819332e-6	-179.9991199281107
8.394599865193973	1.8784865265272949e-6	-179.9991360009134
8.472274141405963	1.844191771010872e-6	-179.99915177995322
8.550667128846833	1.8105232734711662e-6	-179.9991672706087
8.629785477669701	1.7774695922528935e-6	-179.9991824781596
8.709635899560805	1.7450194949388484e-6	-179.99919740778864
8.790225168308842	1.7131619545162257e-6	-179.9992120645832
8.871560120379607	1.6818861456134272e-6	-179.99922645353723
8.953647655495937	1.6511814408060823e-6	-179.999240579553
9.036494737223014	1.6210374069909785e-6	-179.9992544474426
9.120108393559097	1.5914438018266551e-6	-179.9992680619298
9.204495717531712	1.562390570239419e-6	-179.99928142765165
9.289663867799362	1.5338678409935759e-6	-179.99929454916003
9.375620069258803	1.5058659233246931e-6	-179.99930743092324
9.462371613657929	1.4783753036347182e-6	-179.99932007732755
9.549925860214358	1.4513866422478114e-6	-179.99933249267883
9.638290236239705	1.4248907702257822e-6	-179.99934468120384
9.727472237769652	1.3988786862420105e-6	-179.99935664705183
9.817479430199844	1.3733415535127795e-6	-179.99936839429586
9.908319448927676	1.3482706967849652e-6	-179.99937992693435
10.	1.323657599379028e-6	-179.9993912488924
10.092528860766844	1.2994939002862998e-6	-179.9994023640231
10.18591388054117	1.2757713913195531e-6	-179.99941327610884
10.280162981264736	1.252482014315876e-6	-179.99942398886273
10.375284158180126	1.2296178583908746e-6	-179.99943450592977
10.471285480508996	1.207171157243283e-6	-179.99944483088817
10.568175092136585	1.1851342865090132e-6	-179.99945496725056
10.665961212302578	1.163499761163767e-6	-179.99946491846515
10.76465213629835	1.1422602329732961e-6	-179.99947468791703
10.864256236170656	1.1214084879904345e-6	-179.99948427892923
10.964781961431852	1.100937444098042e-6	-179.99949369476386
11.066237839776663	1.0808401485970164e-6	-179.99950293862332
11.168632477805613	1.0611097758385386e-6	-179.99951201365135
11.271974561755105	1.041739624899738e-6	-179.9995209229341
11.37627285823431	1.0227231173019745e-6	-179.99952966950116
11.481536214968829	1.0040537947709632e-6	-179.9995382563267
11.587773561551263	9.857253170379521e-7	-179.9995466863304
11.694993910198711	9.677314596812213e-7	-179.99955496237845
11.803206356517286	9.500661120071394e-7	-179.99956308728463
11.912420080273739	9.32723274970053e-7	-179.99957106381115
12.022644346174118	9.156970591303206e-7	-179.99957889466967
12.133888504649763	8.989816826497426e-7	-179.99958658252223
12.246161992650476	8.825714693237421e-7	-179.9995941299821
12.359474334445094	8.664608466495937e-7	-179.99960153961482
12.47383514242942	8.506443439300515e-7	-179.99960881393886
12.589254117941662	8.351165904117188e-7	-179.99961595542663
12.705741052085406	8.198723134575201e-7	-179.99962296650543
12.823305826560205	8.049063367526549e-7	-179.99962984955795
12.941958414499851	7.902135785434079e-7	-179.9996366069234
13.061708881318404	7.75789049908224e-7	-179.99964324089814
13.182567385564061	7.616278530604401e-7	-179.99964975373658
13.304544179780901	7.477251796821071e-7	-179.99965614765188
13.427649611378628	7.340763092883191e-7	-179.99966242481665
13.551894123510351	7.206766076214982e-7	-179.9996685873638
13.67728825595848	7.075215250750773e-7	-179.9996746373873
13.803842646028839	6.946065951460441e-7	-179.99968057694264
13.931568029453022	6.819274329158192e-7	-179.99968640804798
14.060475241299129	6.694797335589419e-7	-179.9996921326843
14.190575216890911	6.572592708790588e-7	-179.99969775279652
14.321878992735424	6.4526189587171e-7	-179.99970327029396
14.454397707459265	6.334835353134214e-7	-179.99970868705105
14.588142602753473	6.219201903766245e-7	-179.99971400490787
14.723125024327178	6.105679352699237e-7	-179.99971922567093
14.859356422870059	5.994229159032496e-7	-179.99972435111368
14.996848355023726	5.884813485774394e-7	-179.99972938297716
15.135612484362072	5.777395186978015e-7	-179.9997343229706
15.275660582380716	5.671937795112137e-7	-179.9997391727719
15.417004529495584	5.568405508663371e-7	-179.9997439340284
15.559656316050734	5.466763179965088e-7	-179.9997486083573
15.703628043335515	5.366976303249063e-7	-179.99975319734614
15.848931924611126	5.269011002915708e-7	-179.99975770255358
15.995580286146678	5.172834022018898e-7	-179.99976212550968
16.143585568264854	5.07841271096145e-7	-179.9997664677166
16.292960326397214	4.985715016397421e-7	-179.9997707306491
16.443717232149307	4.894709470337366e-7	-179.99977491575484
16.595869074375596	4.805365179452915e-7	-179.99977902445514
16.749428760264365	4.717651814576967e-7	-179.99978305814528
16.90440931643263	4.631539600395932e-7	-179.9997870181951
17.060823890031227	4.546999305330477e-7	-179.99979090594937
17.21868574986006	4.4640022316013707e-7	-179.99979472272824
17.378008287493746	4.3825202054769856e-7	-179.9997984698279
17.5388050184176	4.3025255676991535e-7	-179.9998021485207
17.701089583174202	4.2239911640841e-7	-179.9998057600558
17.864875748520497	4.146890336295263e-7	-179.99980930565954
18.03017740859568	4.071196912784821e-7	-179.99981278653578
18.197008586099827	3.9968851999008625e-7	-179.9998162038665
18.365383433483455	3.923929973157156e-7	-179.99981955881202
18.535316234148105	3.852306468662533e-7	-179.9998228525115
18.706821403657997	3.7819903747069884e-7	-179.99982608608323
18.879913490962927	3.7129578235015844e-7	-179.99982926062512
19.054607179632463	3.645185383069384e-7	-179.999832377215
19.230917289101576	3.578650049284626e-7	-179.999835436911
19.408858775927772	3.513329238057427e-7	-179.999838440752
19.58844673505989	3.4492007776613533e-7	-179.99984138975776
19.769696401118598	3.386242901201255e-7	-179.99984428492957
19.952623149688787	3.324434239218755e-7	-179.99984712725026
20.137242498623873	3.263753812432943e-7	-179.99984991768488
20.32357010936221	3.204181024613717e-7	-179.99985265718072
20.511621788255646	3.145695655585415e-7	-179.99985534666789
20.701413487910415	3.0882778543583107e-7	-179.99985798705936
20.892961308540386	3.0319081323856385e-7	-179.99986057925156
21.086281499332888	2.976567356943875e-7	-179.99986312412446
21.28139045982711	2.9222367446339896e-7	-179.99986562254202
21.47830474130533	2.8688978550014607e-7	-179.99986807535237
21.67704104819694	2.816532584272903e-7	-179.99987048338818
21.87761623949552	2.7651231592071456e-7	-179.99987284746692
22.080047330188993	2.7146521310586814e-7	-179.99987516839107
22.28435149270303	2.665102369651416e-7	-179.99987744694855
22.490546058357804	2.6164570575607426e-7	-179.99987968391278
22.698648518838212	2.5686996844018935e-7	-179.99988188004318
22.908676527677724	2.5218140412226744e-7	-179.99988403608523
23.12064790175594	2.475784214998664e-7	-179.99988615277073
23.33458062281002	2.4305945832289886e-7	-179.99988823081827
23.55049283896009	2.38622980863084e-7	-179.99989027093318
23.76840286624876	2.3426748339309356e-7	-179.999892273808
23.9883291901949	2.2999148767521465e-7	-179.9998942401226
24.210290467361776	2.2579354245935433e-7	-179.99989617054436
24.434305526939713	2.2167222299021597e-7	-179.99989806572862
24.660393372343385	2.176261305234802e-7	-179.99989992631856
24.888573182823905	2.1365389185082383e-7	-179.99990175294585
25.118864315095795	2.0975415883361746e-7	-179.99990354623046
25.351286304979073	2.0592560794514154e-7	-179.99990530678102
25.58585886905645	2.0216693982116515e-7	-179.99990703519518
25.82260190634596	1.9847687881873569e-7	-179.99990873205954
26.06153549998895	1.9485417258302834e-7	-179.99991039795012
26.302679918953814	1.9129759162210774e-7	-179.99991203343228
26.54605561975539	1.8780592888945904e-7	-179.99991363906122
26.791683248190314	1.8437799937414298e-7	-179.99991521538186
27.039583641088434	1.8101263969843986e-7	-179.99991676292925
27.289777828080403	1.7770870772284107e-7	-179.9999182822286
27.542287033381662	1.7446508215825757e-7	-179.99991977379563
27.797132677592884	1.7128066218531106e-7	-179.99992123813658
28.05433637951713	1.6815436708057948e-7	-179.99992267574842
28.31391995799379	1.6508513584966882e-7	-179.99992408711913
28.575905433749465	1.6207192686698814e-7	-179.99992547272774
28.84031503126606	1.5911371752210254e-7	-179.99992683304447
29.10717118066605	1.562095038725473e-7	-179.99992816853106
29.376496519615305	1.533583003029814e-7	-179.9999294796407
29.648313895243422	1.5055913919056817e-7	-179.99993076681852
29.92264636608189	1.4781107057646597e-7	-179.99993203050127
30.19951720402016	1.4511316184332004e-7	-179.99993327111784
30.4789498962798	1.4246449739864375e-7	-179.99993448908936
30.76096814740705	1.398641783639819e-7	-179.99993568482915
31.045595881283525	1.3731132226975324e-7	-179.99993685874298
31.332857243155825	1.348050627556635e-7	-179.99993801122937
31.62277660168376	1.323445492765912e-7	-179.9999391426794
31.91537855100758	1.299289468138443e-7	-179.9999402534771
32.21068791283432	1.2755743559169034e-7	-179.99994134399944
32.50872973854341	1.2522921079906342e-7	-179.9999424146165
32.80952931131187	1.229434823163528e-7	-179.99994346569167
33.11311214825908	1.2069947444718153e-7	-179.99994449758165
33.41950400261139	1.1849642565508354e-7	-179.99994551063668
33.72873086588685	1.1633358830498818e-7	-179.99994650520048
34.040818970100055	1.1421022840942725e-7	-179.9999474816107
34.35579478998743	1.1212562537937519e-7	-179.9999484401986
34.67368504525313	1.1007907177964025e-7	-179.99994938128958
34.994516702835696	1.0806987308872162e-7	-179.99995030520301
35.318316979195664	1.0609734746305268e-7	-179.99995121225245
35.64511334262439	1.0416082550554823e-7	-179.99995210274568
35.9749335155742	1.0225965003837905e-7	-179.99995297698496
36.3078054770101	1.0039317587989555e-7	-179.99995383526698
36.64375746478329	9.856076962562394e-8	-179.99995467788298
36.98281797802659	9.676180943326272e-8	-179.99995550511895
37.32501577957203	9.49956848116043e-8	-179.99995631725562
37.670379898390856	9.326179641331099e-8	-179.99995711456862
38.01893963205609	9.15595558314749e-8	-179.99995789732853
38.370724549227845	8.98883853998924e-8	-179.99995866580093
38.72576449216169	8.824771799698572e-8	-179.9999594202467
39.08408957924017	8.663699685330451e-8	-179.99996016092186
39.44573020752781	8.505567536254233e-8	-179.99996088807774
39.81071705534969	8.350321689600373e-8	-179.99996160196108
40.17908108489396	8.197909462045914e-8	-179.99996230281423
40.55085354483835	8.048279131932516e-8	-179.99996299087496
40.92606597300105	7.901379921711012e-8	-179.99996366637683
41.304750199016105	7.757161980706483e-8	-179.99996432954902
41.68693834703351	7.615576368198033e-8	-179.99996498061662
42.07266283844438	7.47657503680746e-8	-179.9999656198006
42.46195639463126	7.340110816191258e-8	-179.99996624731784
42.85485203974392	7.206137397030356e-8	-179.99996686338127
43.251383103500835	7.074609315312157e-8	-179.9999674682
43.65158322401656	6.945481936899562e-8	-179.9999680619793
44.0554863506553	6.81871144238175e-8	-179.9999686449206
44.46312674691084	6.694254812201502e-8	-179.99996921722177
44.87453899331318	6.572069812054095e-8	-179.99996977907705
45.28975799036204	6.452114978552753e-8	-179.99997033067706
45.708818961487474	6.334349605155835e-8	-179.999970872209
46.13175745603791	6.218733728350929e-8	-179.99997140385668
46.55860935229586	6.105228114091193e-8	-179.99997192580045
46.98941086052151	5.993794244479317e-8	-179.99997243821747
47.42419852602443	5.884394304694603e-8	-179.99997294128164
47.8630092322638	5.7769911701587426e-8	-179.99997343516367
48.30588020397723	5.6715483939358394e-8	-179.99997392003115
48.7528490103386	5.568030194362522e-8	-179.99997439604866
49.20395356814506	5.466401442903884e-8	-179.99997486337764
49.65923214503358	5.366627652231085e-8	-179.9999753221768
50.118723362727195	5.268674964516677e-8	-179.99997577260174
50.58246620031137	5.1725101399435496e-8	-179.99997621480537
51.0504999975406	5.078100545423725e-8	-179.99997664893775
51.52286445817562	4.985414143523041e-8	-179.99997707514615
51.99959965335157	4.894419481588074e-8	-179.99997749357524
52.48074602497723	4.805085681071537e-8	-179.99997790436706
52.966344389165755	4.717382427052553e-8	-179.9999783076609
53.45643593969714	4.6312799579482614e-8	-179.9999787035937
53.95106225151273	4.546749055413219e-8	-179.9999790922998
54.450265284242086	4.463761034423229e-8	-179.99997947391114
54.95408738576243	4.382287733540163e-8	-179.99997984855716
55.462571295791044	4.302301505354538e-8	-179.999980216365
55.97576014951099	4.223775207102529e-8	-179.9999805774595
56.49369748123023	4.1466821914543137e-8	-179.9999809319632
57.01642722807472	4.070996297470557e-8	-179.9999812799964
57.543993733715666	3.996691841723979e-8	-179.99998162167716
58.07644175213118	3.9237436095830346e-8	-179.99998195712146
58.61381645140285	3.852126846654672e-8	-179.99998228644318
59.15616341754737	3.781817250383341e-8	-179.999982609754
59.70352865838366	3.7127909618033296e-8	-179.99998292716361
60.255958607435744	3.6450245574416916e-8	-179.99998323877983
60.81350012787176	3.5784950413689604e-8	-179.99998354470833
61.37620051647939	3.513179837394999e-8	-179.99998384505292
61.94410750767812	3.4490567814073034e-8	-179.99998413991557
62.51726927756855	3.386104113849158e-8	-179.9999844293963
63.0957344480193	3.324300472335126e-8	-179.99998471359334
63.67955209079155	3.26362488440132e-8	-179.99998499260317
64.26877173170195	3.2040567603880274e-8	-179.99998526652038
64.86344335482381	3.1455758864522546e-8	-179.99998553543804
65.46361740672747	3.088162417707821e-8	-179.99998579944736
66.06934480075958	3.031796871490687e-8	-179.9999860586379
66.68067692136219	2.9764601207472168e-8	-179.99998631309762
67.29766562843174	2.9221333875431342e-8	-179.99998656291288
67.92036326171844	2.868798236690957e-8	-179.99998680816847
68.54882264526613	2.816436569493788e-8	-179.99998704894762
69.18309709189363	2.7650306176032708e-8	-179.999987285332
69.82324040771712	2.7145629369897003e-8	-179.99998751740182
70.46930689671467	2.6650164020221803e-8	-179.99998774523584
71.12135136533288	2.616374199656848e-8	-179.99998796891143
71.77942912713615	2.568619823731198e-8	-179.9999881885044
72.44359600749898	2.5217370693625456e-8	-179.99998840408935
73.11390834834172	2.4757100274487465e-8	-179.9999886157394
73.79042301291008	2.4305230792693046e-8	-179.99998882352634
74.47319739059888	2.3861608911850224e-8	-179.99998902752074
75.16228940182053	2.342608409434411e-8	-179.9999892277918
75.85775750291836	2.2998508550250835e-8	-179.99998942440746
76.55966069112561	2.2578737187184036e-8	-179.99998961743444
77.26805850957021	2.2166627561056747e-8	-179.99998980693826
77.98301105232578	2.1762039827742247e-8	-179.99998999298322
78.70457896950977	2.136483669561696e-8	-179.9999901756325
79.43282347242805	2.097488337897013e-8	-179.99999035494798
80.16780633876782	2.0592047552263435e-8	-179.99999053099057
80.90958991783813	2.0216199305225865e-8	-179.99999070382
81.65823713585914	1.9847211098768105e-8	-179.99999087349494
82.41381150130013	1.9484957721701745e-8	-179.99999104007293
83.176377110267	1.912931624824849e-8	-179.9999912036105
83.94599865193965	1.878016599632493e-8	-179.99999136416315
84.72274141405954	1.8437388486588866e-8	-179.99999152178538
85.50667128846823	1.8100867402233092e-8	-179.99999167653067
86.29785477669692	1.777048854951314e-8	-179.9999918284515
87.09635899560797	1.7446139818995453e-8	-179.99999197759948
87.90225168308834	1.7127711147513058e-8	-179.9999921240252
88.71560120379598	1.681509448081552e-8	-179.99999226777828
89.53647655495928	1.650818373690074e-8	-179.9999924089076
90.36494737223005	1.6206874770016086e-8	-179.99999254746098
91.20108393559087	1.5911065335316614e-8	-179.99999268348546
92.04495717531702	1.562065505416832e-8	-179.99999281702725
92.89663867799354	1.5335545380084842e-8	-179.99999294813156
93.75620069258792	1.505563956528586e-8	-179.99999307684297
94.6237161365792	1.478084262786593e-8	-179.9999932032051
95.4992586021435	1.451106131956257e-8	-179.99999332726085
96.38290236239695	1.4246204094112719e-8	-179.99999344905234
97.2747223776964	1.3986181076186787e-8	-179.99999356862085
98.17479430199833	1.373090403088973e-8	-179.999993686007
99.08319448927665	1.3480286333818822e-8	-179.9999938012506
99.9999999999999	1.323424294166806e-8	-179.99999391439073