0.01000000000000001	0.5585665885598932	-3.9685760013564733
0.010092528860766855	0.55889313187934	-4.007020197299712
0.01018591388054118	0.5592261793802779	-4.0458894992810235
0.010280162981264745	0.559565869202272	-4.085189943235306
0.010375284158180138	0.5599123427517723	-4.124927687953124
0.010471285480509006	0.5602657447921884	-4.165109018513647
0.010568175092136596	0.5606262235369481	-4.205740349836135
0.01066596121230259	0.5609939307456279	-4.246828230354411
0.010764652136298361	0.5613690218232796	-4.288379345819379
0.010864256236170667	0.5617516559231216	-4.330400523235066
0.010964781961431863	0.5621419960526448	-4.37289873493309
0.011066237839776675	0.5625402091833646	-4.415881102791801
0.011168632477805623	0.5629464663642876	-4.459354902605636
0.011271974561755117	0.5633609428392933	-4.5033275686112155
0.011376272858234322	0.5637838181685657	-4.547806698176578
0.01148153621496884	0.5642152763542307	-4.592800056660292
0.011587773561551273	0.5646555059704247	-4.638315582448073
0.011694993910198724	0.5651047002978997	-4.684361392173819
0.01180320635651731	0.5655630574634137	-4.730945786133389
0.011912420080273762	0.5660307805840854	-4.778077253899288
0.012022644346174144	0.5665080779169263	-4.825764480144962
0.012133888504649786	0.5669951630137575	-4.874016350687692
0.012246161992650502	0.5674922548817593	-4.922841958759864
0.01235947433444512	0.5679995781498777	-4.972250611518482
0.012473835142429446	0.5685173632413439	-5.022251836803519
0.012589254117941687	0.5690458465526015	-5.072855390156456
0.012705741052085433	0.5695852706388571	-5.124071262110121
0.012823305826560232	0.5701358844066092	-5.175909685762623
0.01294195841449987	0.5706979433134404	-5.2283811446480986
0.013061708881318424	0.571271709575372	-5.281496380917602
0.013182567385564082	0.5718574523821529	-5.33526640384469
0.01330454417978092	0.5724554481208347	-5.389702498670727
0.013427649611378649	0.5730659806079867	-5.444816235805507
0.01355189412351037	0.573689341330966	-5.500619480400075
0.013677288255958502	0.574325829698643	-5.557124402309131
0.013803842646028859	0.5749757533020438	-5.614343486461792
0.013931568029453043	0.5756394281853284	-5.672289543659879
0.01406047524129915	0.5763171791276341	-5.730975721824664
0.014190575216890933	0.5770093399362478	-5.790415517713446
0.014321878992735446	0.5777162537517015	-5.850622789129405
0.014454397707459286	0.5784382733652914	-5.911611767648274
0.014588142602753497	0.5791757615496752	-5.97339707188808
0.014723125024327202	0.5799290914031475	-6.035993721348543
0.014859356422870082	0.5806986467082536	-6.099417150848781
0.014996848355023748	0.5814848223054807	-6.163683225593933
0.015135612484362095	0.5822880244827123	-6.228808256901939
0.015275660582380739	0.5831086713812808	-6.29480901862512
0.015417004529495607	0.5839471934194124	-6.361702764301844
0.015559656316050758	0.5848040337339326	-6.429507245076229
0.01570362804333554	0.5856796486412161	-6.498240728426759
0.015848931924611148	0.5865745081182584	-6.567922017745364
0.015995580286146702	0.5874890963050001	-6.638570472813185
0.016143585568264878	0.5884239120289405	-6.710206031220383
0.016292960326397238	0.5893794693532131	-6.78284923078107
0.01644371723214933	0.5903562981493591	-6.856521232997435
0.016595869074375623	0.5913549446960871	-6.931243847630477
0.01674942876026439	0.5923759723054187	-7.007039558438476
0.016904409316432657	0.5934199619776289	-7.083931550147628
0.017060823890031253	0.5944875130866185	-7.16194373672472
0.017218685749860088	0.5955792440972744	-7.241100791024416
0.017378008287493772	0.5966957933166198	-7.3214281758898805
0.01753880501841763	0.5978378196805921	-7.402952176789965
0.01770108958317423	0.5990060035784134	-7.48569993608158
0.017864875748520526	0.6002010477166597	-7.569699488992197
0.018030177408595707	0.6014236780252467	-7.65497980142321
0.018197008586099853	0.6026746446077095	-7.741570809682211
0.018365383433483484	0.6039547227382706	-7.829503462258896
0.018535316234148135	0.6052647139084247	-7.918809763768159
0.018706821403658026	0.6066054469258574	-8.009522821191336
0.018879913490962956	0.6079777790687474	-8.101676892556364
0.019054607179632494	0.6093825972987182	-8.195307438207424
0.019230917289101597	0.6108208195358843	-8.29045117482517
0.019408858775927792	0.6122933959996651	-8.387146132369809
0.01958844673505991	0.6138013106193543	-8.485431714132636
0.01976969640111862	0.6153455825185814	-8.585348760093675
0.01995262314968881	0.6169272675782228	-8.686939613799009
0.020137242498623895	0.6185474600825109	-8.790248192985922
0.02032357010936223	0.6202072944535019	-8.895320064201726
0.020511621788255666	0.6219079470793804	-9.002202521680264
0.020701413487910436	0.623650638242461	-9.110944670759894
0.02089296130854041	0.625436634153181	-9.221597516148906
0.02108628149933291	0.6272672490968335	-9.334214055367694
0.021281390459827135	0.6291438477001782	-9.448849377721691
0.021478304741305354	0.6310678473257582	-9.565560769188972
0.02167704104819696	0.6330407206021251	-9.684407823634409
0.02187761623949554	0.6350639980988771	-9.805452560796246
0.022080047330189013	0.6371392711561071	-9.928759551528119
0.022284351492703053	0.6392681948783844	-10.054396050815276
0.022490546058357826	0.6414524913043599	-10.18243213913054
0.022698648518838235	0.6436939527637843	-10.312940872739574
0.022908676527677748	0.6459944454346231	-10.445998443616867
0.023120647901755963	0.6483559131139106	-10.58168434968918
0.023334580622810044	0.6507803812170685	-10.720081576185247
0.023550492838960112	0.6532699610214721	-10.86127678893668
0.023768402866248782	0.6558268541712405	-11.005360540547603
0.02398832919019492	0.6584533574616406	-11.152427490433377
0.0242102904673618	0.6611518679227562	-11.302576639814129
0.02443430552693974	0.6639248882237366	-11.455911582848588
0.024660393372343412	0.6667750324204452	-11.612540775197727
0.02488857318282393	0.6697050320713172	-11.772577821428952
0.025118864315095822	0.6727177427479102	-11.936141782796948
0.025351286304979098	0.6758161509689338	-12.10335750708319
0.02558585886905648	0.679003381588628	-12.274355982331933
0.025822601906345985	0.6822827056729379	-12.449274716495992
0.026061535499988978	0.6856575488993589	-12.628258145195868
0.026302679918953843	0.6891315005193289	-12.811458070011163
0.026546055619755416	0.69270832292495	-12.999034129956877
0.026791683248190343	0.6963919618650913	-13.191154309059298
0.027039583641088463	0.7001865573594523	-13.387995483235718
0.027289777828080432	0.7040964553628529	-13.589744010004015
0.02754228703338169	0.7081262202360149	-13.796596364905284
0.02779713267759291	0.7122806480832811	-14.008759828919523
0.02805433637951716	0.716564781022319	-14.226453231598807
0.028313919957993816	0.720983922455378	-14.449907755131143
0.028575905433749497	0.7255436534168619	-14.679367805102073
0.028840315031266085	0.730249850076906	-14.915091954329327
0.02910717118066608	0.7351087024861116	-15.157353966832689
0.029376496519615335	0.7401267346519117	-15.406443909763663
0.029648313895243455	0.7453108260424631	-15.662669361973673
0.02992264636608192	0.7506682346193726	-15.926356728857003
0.030199517204020192	0.7562066215054263	-16.19785267417008
0.03047894989627986	0.761934077398234	-16.477525680729396
0.03076096814740711	0.7678591508444695	-16.76576775323059
0.031045595881283587	0.7739908784920271	-17.062996277932623
0.03133285724315589	0.7803388174386715	-17.3696560556374
0.031622776601683826	0.786913079794532	-17.686221526280463
0.03191537855100765	0.7937243695718659	-18.01319920556532
0.03221068791283438	0.8007840220073045	-18.35113035644089
0.03250872973854347	0.8081040454086053	-18.70059392087691
0.03280952931131194	0.8156971655973702	-19.062209740354376
0.03311311214825915	0.8235768729899032	-19.436642096804736
0.03341950400261146	0.8317574723170672	-19.824603609426177
0.03372873086588692	0.8402541349272874	-20.226859526913344
0.034040818970100126	0.8490829535407769	-20.644232459202158
0.0343557947899875	0.8582609992209981	-21.077607597862997
0.0346736850452532	0.8678063801954736	-21.52793847982281
0.034994516702835765	0.8777383019818186	-21.99625335514346
0.035318316979195734	0.8880771280455587	-22.483662226137263
0.03564511334262446	0.8988444399190151	-22.99136463212377
0.03597493351557427	0.9100630953260304	-23.520658261528894
0.03630780547701017	0.9217572823624818	-24.07294848067144
0.03664375746478335	0.9339525671467955	-24.649758876226485
0.03698281797802665	0.9466759315403906	-25.25274291564848
0.037325015779572084	0.9599557964970453	-25.883696836232478
0.037670379898390914	0.9738220252728151	-26.54457387821246
0.038018939632056145	0.9883058990396464	-27.237499979217937
0.0383707245492279	1.0034400553029674	-27.964791044933314
0.038725764492161745	1.0192583768129138	-28.728971901715358
0.03908408957924023	1.0357958152420506	-29.532797018142386
0.03944573020752787	1.053088129614148	-30.379273049748623
0.039810717055349755	1.0711715141163636	-31.271683208781635
0.04017908108489402	1.0900820832942795	-32.21361338092784
0.040550853544838415	1.1098551744836878	-33.208979793172865
0.040926065973001115	1.1305244174493114	-34.262057867525144
0.041304750199016166	1.1521205094021614	-35.37751165634917
0.04168693834703357	1.1746696197932622	-36.56042292350593
0.04207266283844444	1.1981913337107417	-37.816318482678966
0.04246195639463132	1.2226960259451185	-39.151193795366005
0.042854852039743985	1.2481815411546535	-40.57153002579294
0.04325138310350091	1.2746290415281845	-42.0843007055419
0.04365158322401663	1.3019978761153768	-43.6969628371948
0.044055486350655364	1.3302193323141471	-45.417425639132
0.04446312674691091	1.3591891600657633	-47.253988213665785
0.04487453899331325	1.3887588276631062	-49.215235287724184
0.04528975799036211	1.4187255941089787	-51.30987802772914
0.04570881896148754	1.4488216901212339	-53.54652515294612
0.04613175745603798	1.4787032123332267	-55.933368815743954
0.04655860935229591	1.5079397699641393	-58.477770974102526
0.04698941086052156	1.5360064753964984	-61.1857406026996
0.04742419852602448	1.5622804905341974	-64.06130167373966
0.04786300923226385	1.5860449081937975	-67.10576787650277
0.04830588020397728	1.6065030458388823	-70.3169631967839
0.04875284901033865	1.6228059506467953	-73.68845648411548
0.04920395356814511	1.6340947248514708	-77.2089085824137
0.04965923214503363	1.63955696112749	-80.86165419764032
0.05011872336272725	1.638493245846986	-84.62464607209742
0.05058246620031143	1.6303859876520237	-88.47086510723847
0.051050499997540646	1.6149599370542822	-92.36924155820026
0.05152286445817567	1.592223051594113	-96.28604568301824
0.05199959965335162	1.5624787436778813	-100.1866112828414
0.052480746024977286	1.5263058278792365	-104.03718099063602
0.05296634438916581	1.4845091803219594	-107.80663354932621
0.05345643593969719	1.4380500299603225	-111.46788106929662
0.05395106225151279	1.3879680272227255	-114.99879827739343
0.05445026528424214	1.3353070640876568	-118.3826406256236
0.05495408738576248	1.2810538832159157	-121.60799518864246
0.0554625712957911	1.2260942629949487	-124.66836733305826
0.05597576014951104	1.1711874851122293	-127.5615306022767
0.05649369748123028	1.1169568395532894	-130.28876225101425
0.05701642722807478	1.0638923872375123	-132.8540634611346
0.05754399373371572	1.012361876178308	-135.26343285645797
0.05807644175213124	0.9626261686065393	-137.5242328602129
0.05861381645140291	0.9148563627043818	-139.6446651768814
0.05915616341754743	0.8691506762449915	-141.63335553097662
0.05970352865838372	0.8255499273311754	-143.49903811845306
0.06025595860743581	0.7840510326221282	-145.25032553943214
0.060813500127871824	0.7446183448442899	-146.89554868200528
0.061376200516479455	0.7071928994934342	-148.44265175946447
0.06194410750767818	0.6716997750277741	-149.89912947038033
0.06251726927756862	0.6380538282594465	-151.27199539622953
0.06309573444801936	0.6061640762645738	-152.5677728864781
0.06367955209079162	0.5759369789471536	-153.79250160522628
0.064268771731702	0.5472788463722684	-154.95175454560223
0.06486344335482389	0.5200975607676201	-156.0506616462853
0.06546361740672754	0.49430376959690747	-157.09393719318888
0.06606934480075964	0.4698116758228757	-158.08590899802732
0.06668067692136226	0.4465395253983646	-159.03054795722434
0.06729766562843183	0.424409870291756	-159.93149704963872
0.0679203632617185	0.403349667661992	-160.79209916483163
0.0685488226452662	0.3832902616453545	-161.61542339387358
0.0691830970918937	0.3641672830432216	-162.40428958508056
0.06982324040771719	0.34592049347375875	-163.16129108551422
0.07046930689671474	0.328493593792691	-163.8888156694782
0.07112135136533296	0.3118340113949171	-164.58906470794074
0.07177942912713622	0.29589267704271016	-165.2640706657045
0.07244359600749906	0.2806237988567591	-165.915713031948
0.0731139083483418	0.2659846388362705	-166.54573279874174
0.07379042301291015	0.2519352955727429	-167.15574560435635
0.07447319739059896	0.23843849555566587	-167.7472536558035
0.07516228940182061	0.2254593945330428	-168.3216565396388
0.07585775750291844	0.21296538970546713	-168.88026102261816
0.07655966069112569	0.2009259430378369	-169.4242899349829
0.07726805850957029	0.18931241562016016	-169.95489021928287
0.07798301105232593	0.17809791276255718	-170.4731402167295
0.07870457896950993	0.1672571393416945	-170.9800562508177
0.07943282347242822	0.15676626480559125	-171.47659855366857
0.08016780633876798	0.14660279717514416	-171.9636765629241
0.0809095899178383	0.13674546534175472	-172.44215359385925
0.0816582371358593	0.12717410894173514	-172.91285085884516
0.0824138115013003	0.1178695750828962	-173.37655075773174
0.08317637711026717	0.10881362120142983	-173.83399928617135
0.08394599865193982	0.09998882333359473	-174.28590728226357
0.08472274141405972	0.0913784890936479	-174.73295001262025
0.08550667128846841	0.08296657465403426	-175.1757642016376
0.0862978547766971	0.07473760502381756	-175.61494085224766
0.08709635899560814	0.06667659691445883	-176.05101069014992
0.08790225168308852	0.058768983466464086	-176.48441582419517
0.08871560120379617	0.051000540084288545	-176.9154537591396
0.08953647655495947	0.043357310589845856	-177.3441610878727
0.09036494737223023	0.03582553286097624	-177.77005090918354
0.09120108393559107	0.02839156309566843	-178.19144211570173
0.09204495717531722	0.02104179797248386	-178.60339890367786
0.09289663867799372	0.013762595219503527	-178.98918868073687
0.09375620069258811	0.006540208071314384	-179.2554400099299
0.09462371613657934	0.0006407640219582364	-3.521441196213
0.09549925860214364	0.007790920274651718	-0.7839582721648038
0.0963829023623971	0.014928448741762156	-1.1063653120253794
0.09727472237769656	0.022067690114261247	-1.5235469130796437
0.09817479430199849	0.029224688881377178	-1.971569642468175
0.09908319448927681	0.03641639739704528	-2.437516213871897
0.10000000000000005	0.04366086250309159	-2.9176471593502895
0.10092528860766849	0.05097746262225585	-3.410981165347296
0.10185913880541175	0.05838719639788241	-3.917646983613772
0.10280162981264741	0.06591303719257385	-4.4383349554928815
0.10375284158180131	0.07358037459549928	-4.974089084293126
0.10471285480509002	0.08141757275154439	-5.5262301702143475
0.1056817509213659	0.08945668781310949	-6.096342179143355
0.10665961212302584	0.09773440530400797	-6.686300238156068
0.10764652136298355	0.10629328591759145	-7.298338592078238
0.10864256236170661	0.11518345023018924	-7.935170379872844
0.10964781961431856	0.12446489653080285	-8.600186491517778
0.1106623783977667	0.13421074226577476	-9.297784673561974
0.11168632477805618	0.14451182199476714	-10.033921855478502
0.1127197456175511	0.15548327313944033	-10.817058968511486
0.11376272858234315	0.16727397449599202	-11.659808960203446
0.11481536214968835	0.18007982517782586	-12.581860044150847
0.11587773561551268	0.19416128037369204	-13.615213342049088
0.11694993910198717	0.20986230981393023	-14.813524086299502
0.11803206356517304	0.2276158664221749	-16.268147238706323
0.11912420080273756	0.247883386225554	-18.132536561619055
0.12022644346174137	0.27088156953653997	-20.64613997987289
0.1213388850464978	0.2958221458372431	-24.107963122888464
0.12246161992650495	0.3197091151408338	-28.673481003570526
0.12359474334445113	0.33766475215209313	-33.940903205115625
0.12473835142429439	0.34747553961660727	-38.904682086842364
0.1258925411794168	0.35289938026262707	-42.8135544537233
0.12705741052085426	0.35932391870328806	-45.77254583553207
0.12823305826560225	0.3694371969489543	-48.324201511505166
0.1294195841449987	0.38350424483310236	-50.94437676420996
0.13061708881318423	0.40081188029153697	-53.92161260245891
0.1318256738556408	0.4203864812613909	-57.412649970422216
0.13304544179780922	0.44113708263312607	-61.50466270943639
0.13427649611378642	0.46178644295889787	-66.2475076504035
0.13551894123510363	0.4807760652472871	-71.66223746021734
0.13677288255958495	0.4962423615472892	-77.7360010564631
0.13803842646028852	0.5061360343140556	-84.4117699099089
0.13931568029453034	0.5085201657730776	-91.58131065109782
0.14060475241299142	0.5019904346067424	-99.08971715051858
0.14190575216890927	0.48604188789984115	-106.75601469425249
0.1432187899273544	0.4611702790739671	-114.40618015865707
0.1445439770745928	0.4286219199814679	-121.907463257843
0.1458814260275349	0.3899082435296262	-129.19278364937196
0.14723125024327194	0.3462983059168986	-136.27149410956355
0.14859356422870074	0.2984320313644113	-143.2315064353018
0.1499684835502374	0.24605813854646738	-150.2421727405993
0.15135612484362088	0.1878047787782667	-157.56670313955905
0.15275660582380732	0.1208772059361171	-165.5817057732559
0.154170045294956	0.0407022947478753	-174.5569365638329
0.1555965631605075	0.05886199007434487	-7.549464389727326
0.15703628043335532	0.18182762687561355	-22.375735384105077
0.15848931924611143	0.31692996195315126	-41.54132155296384
0.15995580286146696	0.4243714710322733	-63.123884219812325
0.1614358556826487	0.4695433153295501	-83.06460938916733
0.1629296032639723	0.46456436177097044	-98.72875590235898
0.16443717232149324	0.43807929132622325	-110.23278094865782
0.16595869074375613	0.4067976842401026	-118.68209009166871
0.16749428760264382	0.3769254304344952	-125.0552490283079
0.1690440931643265	0.35012335683586016	-130.01819971423734
0.17060823890031243	0.3264960282909816	-133.99895674667653
0.17218685749860077	0.305701164664584	-137.273855918682
0.17378008287493762	0.28731995814801226	-140.0257074963905
0.1753880501841762	0.27096891584445715	-142.37908498428723
0.1770108958317422	0.2563252103397765	-144.42141633341365
0.17864875748520517	0.2431247799945512	-146.21576486847465
0.180301774085957	0.23115328547018252	-147.80876047732798
0.18197008586099844	0.220236491960542	-149.2356535946731
0.18365383433483473	0.21023196747637432	-150.52362185492365
0.18535316234148125	0.20102240972906274	-151.69398843268502
0.18706821403658017	0.1925104289547819	-152.76374535973812
0.18879913490962946	0.18461450749811578	-153.7466222624439
0.19054607179632482	0.17726587294754023	-154.6538510607177
0.19230917289101596	0.17040606912859904	-155.49472305172705
0.19408858775927793	0.1639850576860576	-156.27700147602263
0.19588446735059908	0.15795972357272342	-157.00723169098404
0.1976969640111862	0.1522926893720689	-157.69097760340603
0.19952623149688808	0.146951367218737	-158.33300418925214
0.20137242498623895	0.14190719480685893	-158.93742004446077
0.2032357010936223	0.1371350150958392	-159.5077899201617
0.20511621788255666	0.13261256903803725	-160.04722444643193
0.20701413487910436	0.12832007787065686	-160.55845232664205
0.2089296130854041	0.12423989690437406	-161.0438789220791
0.2108628149933291	0.12035622679122436	-161.5056341684077
0.21281390459827135	0.11665487131756874	-161.94561205478774
0.21478304741305343	0.11312303310101161	-162.36550337415213
0.21677041048196952	0.10974914035949163	-162.76682306522798
0.2187761623949553	0.106522699302675	-163.1509331758957
0.22080047330189004	0.10343416777031804	-163.51906225715385
0.22284351492703042	0.10047484658338807	-163.87232182865293
0.22490546058357816	0.09763678573638317	-164.21172042712513
0.22698648518838224	0.09491270308461361	-164.538175648397
0.22908676527677735	0.09229591359915196	-164.8525245149598
0.23120647901755953	0.08978026759821132	-165.15553243907843
0.23334580622810033	0.08736009663475833	-165.44790100226498
0.23550492838960102	0.08503016593994785	-165.73027473272452
0.23768402866248772	0.08278563250109156	-166.0032470308984
0.2398832919019491	0.08062200799956644	-166.26736536782028
0.2421029046736179	0.07853512595477244	-166.52313586037198
0.24434305526939726	0.07652111252000904	-166.77102731070133
0.246603933723434	0.07457636045894314	-167.01147478327056
0.24888573182823917	0.0726975059003548	-167.24488278164122
0.25118864315095807	0.07088140752659236	-167.4716280777043
0.2535128630497908	0.06912512789966918	-167.6920622382553
0.25585858869056466	0.0674259166698163	-167.90651388730123
0.2582260190634597	0.06578119544588681	-168.11529073703338
0.26061535499988964	0.06418854413635659	-168.31868141581631
0.2630267991895383	0.06264568859465411	-168.51695711767957
0.26546055619755404	0.061150489423892014	-168.7103730945285
0.2679168324819033	0.05970093181435203	-168.89917000951596
0.2703958364108845	0.05829511630277841	-169.08357516765423
0.2728977782808042	0.05693125035605639	-169.26380363773126
0.27542287033381674	0.05560764069353508	-169.44005927786924
0.277971326775929	0.054322686272364105	-169.6125356755843
0.2805433637951715	0.053074871868990896	-169.78141701193303
0.28313919957993805	0.05186276219759856	-169.9468788582361
0.2857590543374948	0.050684996512921895	-170.10908891292232
0.2884031503126607	0.049540283650693115	-170.26820768521895
0.29107171180666064	0.048427397464061224	-170.42438913170477
0.2937649651961532	0.04734517261879519	-170.57778125112893
0.2964831389524344	0.04629250071400569	-170.7285266423638
0.29922646366081906	0.045268326698576174	-170.87676302989675
0.30199517204020176	0.04427164555654079	-171.02262376086057
0.30478949896279844	0.04330149923733781	-171.16623827724973
0.307609681474071	0.04235697380924651	-171.30773256666052
0.3104559588128357	0.04143719681642301	-171.44722959462098
0.3133285724315587	0.04054133482181732	-171.58484972133724
0.3162277660168381	0.03966859111991103	-171.7207111054671
0.31915378551007634	0.038818203604685214	-171.85493009733963
0.3221068791283436	0.03798944277953391	-171.98762162385927
0.32508729738543457	0.03718160989699739	-172.1188995671661
0.3280952931131192	0.03639403521721932	-172.24887713895865
0.3311311214825913	0.035626076374943444	-172.37766725222016
0.33419504002611444	0.03487711684567499	-172.50538289191442
0.3372873086588691	0.0341465645023458	-172.6321374860261
0.34040818970100106	0.03343385025445309	-172.7580452781018
0.34355794789987465	0.03273842676219585	-172.88322170219524
0.34673685045253166	0.03205976721861737	-173.00778376081246
0.3499451670283573	0.03139736419318687	-173.1318504060822
0.353183169791957	0.030750728530618075	-173.2555429239189
0.35645113342624424	0.030119388299040987	-173.37898532037622
0.3597493351557423	0.029502887781915434	-173.5023047086836
0.36307805477010135	0.028900786508309996	-173.6256316945782
0.36643757464783333	0.0283126583163752	-173.74910075644772
0.3698281797802663	0.027738090445023143	-173.87285061543656
0.3732501577957206	0.027176682648997103	-173.99702458897735
0.37670379898390893	0.026628046332688053	-174.12177091911443
0.38018939632056126	0.026091803698246166	-174.24724306440524
0.38370724549227886	0.025567586903765236	-174.37359994101007
0.3872576449216173	0.025055037227614825	-174.5010060946963
0.3908408957924021	0.024553804235392402	-174.62963178075006
0.39445730207527846	0.02406354494651262	-174.75965292305494
0.3981071705534973	0.023583922998199537	-174.89125091669288
0.40179081084894	0.023114607805672944	-175.02461223017215
0.40550853544838394	0.02265527371871471	-175.15992775361298
0.40926065973001097	0.022205599176675844	-175.29739182776476
0.41304750199016144	0.02176526586647957	-175.4372008754771
0.4168693834703355	0.021333957891452655	-175.57955154217237
0.4207266283844442	0.020911360963067074	-175.72463823508548
0.424619563946313	0.02049716163311061	-175.87264993289827
0.4285485203974396	0.0200910465906548	-176.02376611858924
0.43251383103500884	0.019692702056672767	-176.17815167004224
0.4365158322401661	0.019301813319460976	-176.3359505270968
0.44055486350655343	0.01891806446623315	-176.49727794311602
0.4446312674691088	0.018541138380304224	-176.6622111278446
0.4487453899331323	0.0181707170888172	-176.83077810189485
0.4528975799036209	0.01780648256219944	-177.00294461895888
0.4570881896148752	0.01744811808207112	-177.1785990790005
0.46131757456037953	0.017095310306926372	-177.35753546515522
0.4655860935229591	0.01674775217127639	-177.53943450083747
0.4698941086052156	0.01640514674956296	-177.72384345323272
0.4742419852602448	0.016067212195260496	-177.9101553136402
0.47863009232263853	0.015733687821446504	-178.09758846588804
0.48305880203977286	0.015404341314756438	-178.28516840085013
0.4875284901033865	0.015078976964221412	-178.47171351858506
0.4920395356814511	0.01475744463751209	-178.6558275246628
0.49659232145033627	0.014439649053306967	-178.83590128801697
0.5011872336272725	0.014125558693073555	-179.01012716795702
0.5058246620031143	0.013815213493889018	-179.1765286008818
0.5105049999754064	0.013508730304369198	-179.33300702810726
0.5152286445817567	0.013206305016694682	-179.4774069503995
0.5199959965335162	0.012908210359527078	-179.60759800621568
0.5248074602497729	0.012614788588472672	-179.72157061976685
0.5296634438916581	0.012326438754228617	-179.81753924673683
0.5345643593969719	0.0120435988329034	-179.89404500472398
0.5395106225151278	0.011766723689013178	-179.9500480346267
0.5445026528424215	0.011496260489876346	-179.98499977099019
0.5495408738576248	0.011232623665500471	-179.99888667504987
0.5546257129579107	0.010976171695795388	-179.9922398500808
0.5597576014951101	0.010727187848222136	-179.96610889662577
0.5649369748123025	0.010485866502541021	-179.9220026694786
0.5701642722807475	0.010252305979384445	-179.86180345399558
0.5754399373371569	0.010026507979583064	-179.7876637829294
0.580764417521312	0.009808382994128272	-179.70189625734568
0.5861381645140288	0.009597760482262805	-179.60686628294155
0.591561634175474	0.009394402303048756	-179.5048958902194
0.5970352865838369	0.009198017827743973	-179.3981842858605
0.6025595860743578	0.009008279310993086	-179.28874804278402
0.6081350012787179	0.008824836385626204	-179.17838134776937
0.6137620051647943	0.008647328891821062	-179.06863479092792
0.6194410750767815	0.008475397592102713	-178.96080992216062
0.6251726927756859	0.008308692615661651	-178.85596618897802
0.6309573444801934	0.00814687969713717	-178.754936786938
0.6367955209079159	0.00798964442252961	-178.65835023894869
0.6426877173170198	0.00783669477627458	-178.56665501636755
0.6486344335482385	0.007687762312693197	-178.4801450945305
0.654636174067275	0.007542602267432343	-178.39898490654735
0.6606934480075961	0.007400992894129936	-178.3232326663444
0.6668067692136223	0.0072627342695969	-178.2528614486761
0.6729766562843178	0.0071276467653861655	-178.1877777344854
0.6792036326171846	0.006995569339966428	-178.12783736160165
0.6854882264526617	0.006866357766804149	-178.07285897680808
0.6918309709189366	0.0067398828808027545	-178.0226351813607
0.6982324040771715	0.0066160288989815606	-177.9769416130943
0.7046930689671471	0.006494691850578489	-177.93554422734798
0.7112135136533292	0.00637577813618252	-177.8982050366513
0.7177942912713619	0.006259203224178719	-177.86468655353832
0.7244359600749902	0.006144890484871506	-177.83475515791673
0.7311390834834176	0.006032770157372716	-177.80818358424943
0.7379042301291011	0.005922778441048045	-177.78475269713368
0.7447319739059892	0.005814856701474826	-177.76425269838768
0.7516228940182057	0.005708950780054322	-177.7464838854328
0.758577575029184	0.005605010396318543	-177.7312570600433
0.7655966069112565	0.005502988632331768	-177.71839366853766
0.7726805850957026	0.005402841489232071	-177.7077257391274
0.7798301105232589	0.005304527506760707	-177.69909566920947
0.7870457896950989	0.005208007437498576	-177.69235590463384
0.7943282347242817	0.005113243968409186	-177.68736854411642
0.8016780633876793	0.005020201483137864	-177.68400489473
0.8090958991783825	0.004928845859314466	-177.68214499853988
0.8165823713585927	0.004839144295838097	-177.68167714572752
0.8241381150130026	0.0047510651657825574	-177.68249738577111
0.8317637711026713	0.004664577891149313	-177.68450904525338
0.8394599865193977	0.004579652836213261	-177.6876222585018
0.8472274141405968	0.004496261216659511	-177.69175351541497
0.8550667128846836	0.004414375022101277	-177.69682522939127
0.8629785477669706	0.004333966949904924	-177.70276532717185
0.870963589956081	0.004255010348531928	-177.70950686157184
0.8790225168308847	0.004177479168842048	-177.71698764745122
0.8871560120379608	0.004101347921987504	-177.72514992082597
0.8953647655495938	0.004026591642661528	-177.73394002071527
0.9036494737223014	0.003953185856536	-177.74330809313787
0.9120108393559097	0.003881106550710168	-177.75320781660798
0.9204495717531712	0.0038103301458507965	-177.76359614855212
0.9289663867799363	0.0037408334683412003	-177.77443309232186
0.9375620069258802	0.0036725937199807205	-177.7856814850311
0.946237161365793	0.0036055884411685694	-177.79730680757595
0.9549925860214359	0.0035397954601011777	-177.80927702053154
0.9638290236239705	0.0034751928129172875	-177.82156243474964
0.9727472237769651	0.003411758601467605	-177.8341356376719
0.9817479430199844	0.0033494707069083515	-177.84697152847033
0.9908319448927676	0.0032883061300513234	-177.86004761188747
1.	0.003228239064151412	-177.87334513568308
1.0092528860766845	0.003169235638352715	-177.886852370228
1.0185913880541169	0.0031112211458597184	-177.9005853678298
1.0280162981264735	0.003053653036692817	-177.91483479081344
1.0375284158180127	0.002999918366068915	-177.92736505509075
1.0471285480508996	0.002944518537329066	-177.94189387887837
1.0568175092136585	0.002890608919831778	-177.9561477638303
1.066596121230258	0.002837752345685411	-177.9704400752537
1.076465213629835	0.002785881988203123	-177.98479406355762
1.0864256236170655	0.002734966970228286	-177.9992075066994
1.096478196143185	0.002684985072794308	-178.01367292371188
1.1066237839776665	0.0026359171775036717	-178.0281815645132
1.1168632477805611	0.0025877456138022293	-178.04272454711085
1.1271974561755105	0.00254045354390147	-178.05729324793003
1.1376272858234309	0.0024940246957948593	-178.07187944562145
1.1481536214968828	0.0024484432331215622	-178.08647537028222
1.1587773561551262	0.0024036936854680475	-178.10107371259346
1.1694993910198712	0.0023597609078646357	-178.11566761494143
1.1803206356517297	0.0023166300554307477	-178.1302506543037
1.191242008027375	0.0022742865663558614	-178.1448168215438
1.2022644346174132	0.002232716149699322	-178.15936049942874
1.2133888504649775	0.0021919047760965205	-178.17387644056058
1.224616199265049	0.0021518386702844895	-178.1883597458432
1.2359474334445106	0.0021125043048051757	-178.20280584380092
1.2473835142429432	0.0020738883944948377	-178.21721047090116
1.2589254117941675	0.0020359778915137014	-178.2315696529411
1.270574105208542	0.001998759980757379	-178.24587968750438
1.2823305826560218	0.0019622220755455854	-178.26013712746592
1.2941958414499863	0.0019263518135174819	-178.27433876550612
1.3061708881318417	0.0018911370526842573	-178.28848161958751
1.3182567385564075	0.0018565658676015476	-178.30256291934745
1.3304544179780915	0.0018226265456254274	-178.31658009336513
1.3427649611378643	0.0017893075831871968	-178.3305307572989
1.3551894123510364	0.001756597681828934	-178.3444127030815
1.3677288255958495	0.00172448574167298	-178.3582238913671
1.3803842646028852	0.0016929612247878103	-178.37196206581388
1.3931568029453034	0.001662012421661426	-178.38562652242405
1.4060475241299142	0.001631629782895102	-178.399214665699
1.4190575216890926	0.001601802689171635	-178.41272533020316
1.432187899273544	0.0015725210022830467	-178.4261571658512
1.4454397707459279	0.0015437747693944476	-178.43950893429277
1.4588142602753489	0.0015155542175311534	-178.4527795045473
1.4723125024327193	0.001487849750147653	-178.46596784704656
1.4859356422870074	0.001460651944006433	-178.47907302779893
1.499684835502374	0.0014339515461607253	-178.4920942028513
1.5135612484362087	0.0014077394709988461	-178.5050306130666
1.5275660582380732	0.0013820067973381908	-178.51788157920677
1.54170045294956	0.0013567447655646716	-178.53064649730499
1.555965631605075	0.001331944774815798	-178.5433248343096
1.5703628043335531	0.001307598380206459	-178.55591612398305
1.584893192461114	0.00128369729009683	-178.5684199630404
1.5995580286146696	0.001260233363401965	-178.58083600751152
1.6143585568264869	0.0012371986069427208	-178.59316396931374
1.629296032639723	0.001214585172837656	-178.60540361302168
1.6443717232149324	0.0011923853559355922	-178.61755475282177
1.6595869074375613	0.001170591591288504	-178.62961724964046
1.6749428760264382	0.0011491964516643853	-178.641591008435
1.690440931643265	0.0011281926450997742	-178.65347597563743
1.7060823890031243	0.0011075730124915466	-178.66527213674195
1.7218685749860079	0.001087330525227641	-178.67697951402732
1.7378008287493762	0.0010674582828563164	-178.68859816440607
1.753880501841762	0.0010479495107935605	-178.7001281773929
1.770108958317422	0.001028797558068248	-178.71156967318547
1.7864875748520517	0.0010099958951046459	-178.72292280085028
1.803017740859568	0.0009915381115418347	-178.73418773660848
1.8197008586099825	0.0009734179140896287	-178.74536468221447
1.8365383433483455	0.0009556291244205763	-178.7564538634233
1.8535316234148105	0.0009381656770975679	-178.76745552854064
1.8706821403657996	0.0009210216175366368	-178.7783699470508
1.8879913490962925	0.0009041911000044904	-178.78919740831898
1.9054607179632463	0.0008876683856503252	-178.79993822036252
1.9230917289101574	0.0008714478405714595	-178.8105927086881
1.9408858775927773	0.000855523933912333	-178.8211612151906
1.958844673505989	0.0008398912359964131	-178.8316440971105
1.97696964011186	0.0008245444164905388	-178.8420417260463
1.9952623149688788	0.0008094782426012433	-178.85235448701903
2.0137242498623875	0.0007946875773025939	-178.86258277758625
2.032357010936221	0.0007801673775950837	-178.87272700700206
2.0511621788255647	0.0007659126927951153	-178.88278759542138
2.0701413487910414	0.0007519186628546113	-178.8927649731458
2.0892961308540388	0.0007381805167103023	-178.90265957990846
2.108628149933289	0.0007246935706622237	-178.91247186419653
2.1281390459827114	0.0007114532267809781	-178.9222022826084
2.147830474130533	0.0006984549713433023	-178.9318512992444
2.167704104819694	0.0006856943732954983	-178.94141938512922
2.1877616239495516	0.0006731670827442775	-178.95090701766384
2.208004733018899	0.00066086882947458	-178.96031468010588
2.228435149270303	0.0006487954214939289	-178.9696428610769
2.2490546058357803	0.0006369427436028898	-178.9788920540947
2.2698648518838214	0.0006253067559911991	-178.98806275713022
2.2908676527677723	0.0006138834928591438	-178.99715547218665
2.312064790175594	0.0006026690610637658	-179.00617070490082
2.333458062281002	0.000591659638789482	-179.01510896416448
2.355049283896009	0.0005808514742426977	-179.02397076176558
2.376840286624876	0.0005702408843700213	-179.0327566120476
2.39883291901949	0.000559824253599667	-179.04146703158688
2.4210290467361775	0.000549598032605654	-179.0501025388861
2.4434305526939712	0.0005395587370944138	-179.058663654084
2.4660393372343385	0.0005297029466134131	-179.06715089867978
2.48885731828239	0.0005200273033814177	-179.07556479527196
2.5118864315095797	0.0005105285111400158	-179.0839058673108
2.535128630497907	0.0005012033340260386	-179.09217463886344
2.5585858869056453	0.0004920485954645007	-179.10037163439145
2.582260190634596	0.00048306117708171633	-179.10849737853982
2.6061535499988953	0.0004742380176382203	-179.11655239593733
2.6302679918953813	0.0004655761119811577	-179.12453721100698
2.654605561975539	0.0004570725100157904	-179.13245234778685
2.6791683248190314	0.00044872431569578566	-179.14029832976024
2.703958364108843	0.00044052868603195074	-179.14807567969493
2.7289777828080406	0.0004324828301190849	-179.1557849194909
2.7542287033381663	0.00042458400818063037	-179.16342657003676
2.7797132677592886	0.00041682953063079827	-179.1710011510731
2.805433637951713	0.00040921675715385855	-179.1785091810642
2.831391995799379	0.0004017430958002872	-179.18595117707602
2.8575905433749464	0.00039440600209946825	-179.1933276546617
2.8840315031266055	0.000387202978188649	-179.20063912775257
2.910717118066605	0.0003801315719578599	-179.20788610855615
2.9376496519615305	0.00037318937621050845	-179.2150691074593
2.9648313895243423	0.0003663740278393633	-179.22218863293725
2.992264636608189	0.00035968320701765315	-179.22924519146778
3.019951720402016	0.00035311463640500207	-179.23623928745056
3.047894989627983	0.00034666608036793673	-179.24317142313097
3.076096814740708	0.00034033534421469634	-179.25004209852904
3.1045595881283554	0.0003341202734440912	-179.25685181137194
3.1332857243155856	0.00032801875300814625	-179.2636010570315
3.162277660168379	0.00032202870658828715	-179.27029032846494
3.1915378551007616	0.0003161480958848152	-179.2769201161598
3.2210687912834346	0.0003103749199194329	-179.28349090808237
3.250872973854344	0.00030470721435058	-179.29000318962935
3.2809529311311905	0.00029914305080134694	-179.29645744358314
3.311311214825911	0.00029368053619973375	-179.3028541500698
3.3419504002611427	0.0002883178121310327	-179.3091937865203
3.372873086588689	0.00028305305420210864	-179.3154768276345
3.404081897010009	0.0002778844714173602	-179.3217037453479
3.4355794789987466	0.00027281030556615084	-179.32787500880056
3.4673685045253166	0.0002678288306214941	-179.33399108430916
3.499451670283573	0.00026293835214979234	-179.34005243534082
3.53183169791957	0.00025813720673142194	-179.3460595224894
3.5645113342624426	0.0002534237613919675	-179.3520128034538
3.5974933515574232	0.00024879641304391035	-179.35791273301837
3.630780547701014	0.0002442535879385781	-179.36375976303532
3.664375746478333	0.00023979374112816657	-179.36955434240878
3.6982817978026628	0.00023541535593765023	-179.3752969170807
3.732501577957206	0.00023111694344639857	-179.38098793001845
3.767037989839089	0.00022689704197931935	-179.3866278212041
3.801893963205613	0.0002227542166073556	-179.39221702762487
3.8370724549227884	0.0002186870586571613	-179.39775598326548
3.8725764492161727	0.00021469418522978987	-179.4032451191015
3.908408957924021	0.00021077423872822677	-179.4086848630943
3.944573020752785	0.0002069258863936067	-179.414075640187
3.981071705534973	0.00020314781984995242	-179.4194178723018
4.0179081084894	0.00019943875465727926	-179.4247119783383
4.055085354483839	0.00019579742987291347	-179.42995837417308
4.09260659730011	0.0001922226076208689	-179.4351574726601
4.130475019901614	0.00018871307266913855	-179.44030968363214
4.168693834703355	0.00018526763201475035	-179.44541541390333
4.207266283844442	0.00018188511447644816	-179.45047506727227
4.24619563946313	0.00017856437029485525	-179.45548904452627
4.285485203974396	0.00017530427073998307	-179.46045774344626
4.325138310350088	0.0001721037077259497	-179.46538155881234
4.365158322401661	0.00016896159343277633	-179.47026088241037
4.405548635065534	0.0001658768599351298	-179.475096103039
4.446312674691089	0.00016284845883788354	-179.47988760651717
4.487453899331323	0.00015987536091837293	-179.48463577569282
4.528975799036209	0.00015695655577521923	-179.48934099045167
4.570881896148752	0.00015409105148360283	-179.49400362772656
4.613175745603791	0.00015127787425686754	-179.49862406150777
4.655860935229586	0.0001485160681143352	-179.50320266285317
4.698941086052151	0.00014580469455522326	-179.50773979989958
4.742419852602444	0.00014314283223854627	-179.51223583787387
4.7863009232263805	0.00014052957666889408	-179.51669113910503
4.830588020397723	0.00013796403988797863	-179.52110606303634
4.875284901033861	0.00013544535017184192	-179.52548096623792
4.920395356814506	0.00013297265173362255	-179.52981620241982
4.965923214503357	0.00013054510443177608	-179.53411212244524
5.01187233627272	0.0001281618834836509	-179.53836907434422
5.058246620031137	0.00012582217918432026	-179.5425874033275
5.105049999754059	0.0001235251966305732	-179.54676745180075
5.152286445817562	0.0001212701554499699	-179.55090955937905
5.1999599653351565	0.00011905628953486823	-179.5550140629014
5.248074602497723	0.00011688284678132973	-179.55908129644598
5.296634438916575	0.0001147490888328152	-179.5631115913449
5.345643593969713	0.0001126542908285821	-179.56710527619987
5.395106225151273	0.00011059774115669655	-179.57106267689753
5.445026528424209	0.00010857874121157557	-179.5749841166251
5.495408738576242	0.0001065966051559761	-179.57886991588643
5.5462571295791046	0.00010465065968734886	-179.58272039251779
5.597576014951099	0.00010274024380847621	-179.58653586170405
5.649369748123022	0.00010086470860231656	-179.59031663599507
5.701642722807472	0.00009902341701097613	-179.5940630253218
5.754399373371567	0.00009721574361873417	-179.597775337013
5.807644175213118	0.00009544107443904493	-179.60145387581161
5.861381645140285	0.00009369880670544474	-179.6050989438916
5.9156163417547365	0.00009198834866629225	-179.6087108408744
5.9703528658383656	0.00009030911938327019	-179.61228986384597
6.025595860743575	0.00008866054853358118	-179.61583630737346
6.081350012787176	0.00008704207621576825	-179.6193504635221
6.137620051647939	0.00008545315275909389	-179.6228326218723
6.194410750767812	0.00008389323853641269	-179.62628306953647
6.251726927756856	0.00008236180378047255	-179.62970209117597
6.30957344480193	0.00008085832840358212	-179.63308996901836
6.367955209079155	0.00007938230182058198	-179.63644698287413
6.426877173170194	0.00007793322277505941	-179.6397734101541
6.486344335482381	0.00007651059916874688	-179.6430695258861
6.546361740672747	0.00007511394789404553	-179.64633560273228
6.6069344800759575	0.00007374279466961695	-179.6495719110061
6.668067692136219	0.00007239667387898589	-179.65277871868932
6.729766562843175	0.00007107512841209951	-179.65595629144903
6.792036326171843	0.00006977770950978814	-179.6591048926546
6.854882264526613	0.0000685039766110749	-179.6622247833948
6.918309709189362	0.00006725349720328137	-179.66531622249457
6.9823240407717115	0.00006602584667487801	-179.6683794665321
7.046930689671467	0.00006482060817102947	-179.67141476985546
7.112135136533288	0.00006363737245178442	-179.67442238459978
7.177942912713615	0.00006247573775286206	-179.67740256070365
7.244359600749899	0.0000613353096489875	-179.68035554592626
7.311390834834173	0.00006021570091972899	-179.68328158586374
7.379042301291007	0.000059116531417791195	-179.68618092396608
7.447319739059888	0.000058037427939719475	-179.68905380155348
7.516228940182053	0.00005697802409897112	-179.6919004578331
7.585775750291836	0.00005593796020130952	-179.69472112991545
7.655966069112561	0.00005491688312247942	-179.69751605283062
7.726805850957022	0.000053914446188120704	-179.70028545954492
7.798301105232586	0.00005293030905588015	-179.70302958097696
7.870457896950985	0.00005196413759968046	-179.70574864601397
7.943282347242813	0.00005101560379610733	-179.7084428815277
8.01678063387679	0.00005008438561287549	-179.71111251239088
8.090958991783822	0.00004917016689933555	-179.7137577614928
8.165823713585922	0.000048272637278984515	-179.71637884975544
8.241381150130021	0.000047391492043942755	-179.71897599614937
8.317637711026709	0.00004652643205136194	-179.7215494177092
8.394599865193973	0.00004567716362172806	-179.7240993295496
8.472274141405963	0.00004484339843902497	-179.7266259448807
8.550667128846833	0.000044024853452724423	-179.72912947502363
8.629785477669701	0.00004322125078156905	-179.73161012942595
8.709635899560805	0.000042432317619115196	-179.734068115677
8.790225168308842	0.00004165778614100393	-179.73650363952308
8.871560120379607	0.00004089739341392781	-179.73891690488279
8.953647655495937	0.000040150881306263034	-179.74130811386198
9.036494737223014	0.000039417996400335815	-179.74367746676862
9.120108393559097	0.00003869848990629373	-179.746025162128
9.204495717531712	0.0000379921175775518	-179.7483513966973
9.289663867799362	0.00003729863962778533	-179.75065636548047
9.375620069258803	0.00003661782064944045	-179.75294026174262
9.462371613657929	0.00003594942953373507	-179.75520327702486
9.549925860214358	0.00003529323939212247	-179.75744560115854
9.638290236239705	0.00003464902747919122	-179.75966742227968
9.727472237769652	0.00003401657511697486	-179.76186892684316
9.817479430199844	0.00003339566762064536	-179.76405029963706
9.908319448927676	0.00003278609422556541	-179.76621172379646
10.	0.000032187648015674346	-179.76835338081764
10.092528860766844	0.00003160012585318351	-179.77047545057195
10.18591388054117	0.00003102332830955674	-179.7725781113194
10.280162981264736	0.000030457059597752928	-179.7746615397227
10.375284158180126	0.00002990112750570704	-179.77672591086048
10.471285480508996	0.00002935534333102737	-179.77877139824105
10.568175092136585	0.00002881952181688645	-179.78079817381584
10.665961212302578	0.000028293481089083814	-179.78280640799247
10.76465213629835	0.000027777042594259346	-179.7847962696482
10.864256236170656	0.000027270031039236006	-179.78676792614309
10.964781961431852	0.000026772274331471175	-179.7887215433327
11.066237839776663	0.000026283603520596524	-179.7906572855815
11.168632477805613	0.000025803852741026422	-179.79257531577537
11.271974561755105	0.000025332859155615223	-179.79447579533445
11.37627285823431	0.000024870462900344257	-179.79635888422595
11.481536214968829	0.00002441650703002005	-179.79822474097642
11.587773561551263	0.000023970837464964478	-179.80007352268447
11.694993910198711	0.000023533302938679638	-179.80190538503305
11.803206356517286	0.00002310375494646887	-179.80372048230177
11.912420080273739	0.00002268204769499666	-179.80551896737904
12.022644346174118	0.000022268038052770737	-179.80730099177418
12.133888504649763	0.000021861585501528465	-179.80906670562956
12.246161992650476	0.000021462552088512018	-179.81081625773234
12.359474334445094	0.0000210708023796154	-179.8125497955263
12.47383514242942	0.000020686203413387684	-179.81426746512372
12.589254117941662	0.00002030862465587679	-179.81596941131696
12.705741052085406	0.000019937937956298157	-179.8176557775899
12.823305826560205	0.00001957401750351364	-179.81932670612957
12.941958414499851	0.000019216739783305487	-179.8209823378374
13.061708881318404	0.000018865983536430962	-179.82262281234057
13.182567385564061	0.000018521629717443386	-179.82424826800315
13.304544179780901	0.00001818356145426546	-179.82585884193728
13.427649611378628	0.000017851664008501262	-179.82745467001408
13.551894123510351	0.000017525824736473308	-179.82903588687472
13.67728825595848	0.000017205933050971388	-179.83060262594105
13.803842646028839	0.000016891880383700293	-179.83215501942664
13.931568029453022	0.000016583560148413544	-179.83369319834716
14.060475241299129	0.00001628086770472059	-179.83521729253113
14.190575216890911	0.000015983700322555212	-179.83672743063042
14.321878992735424	0.000015691957147293033	-179.8382237401305
14.454397707459265	0.000015405539165506182	-179.83970634736102
14.588142602753473	0.000015124349171343612	-179.8411753775058
14.723125024327178	0.000014848291733525462	-179.84263095461316
14.859356422870059	0.00001457727316294043	-179.84407320160588
14.996848355023726	0.000014311201480834957	-179.84550224029127
15.135612484362072	0.000014049986387583462	-179.8469181913711
15.275660582380716	0.000013793539232029114	-179.84832117445123
15.417004529495584	0.000013541772981384524	-179.84971130805164
15.559656316050734	0.000013294602191682253	-179.85108870961594
15.703628043335515	0.000013051942978765083	-179.85245349552088
15.848931924611126	0.000012813712989806092	-179.853805781086
15.995580286146678	0.000012579831375348941	-179.85514568058304
16.143585568264854	0.000012350218761858873	-179.85647330724515
16.292960326397214	0.000012124797224774968	-179.85778877327635
16.443717232149307	0.000011903490262054638	-179.8590921898605
16.595869074375596	0.000011686222768201304	-179.86038366717065
16.749428760264365	0.000011472921008766383	-179.8616633143779
16.90440931643263	0.00001126351259531701	-179.8629312396604
17.060823890031227	0.000011057926460860864	-179.8641875502123
17.21868574986006	0.000010856092835719923	-179.8654323522524
17.378008287493746	0.000010657943223844719	-179.86666575103317
17.5388050184176	0.000010463410379561221	-179.8678878508491
17.701089583174202	0.00001027242828474237	-179.8690987550454
17.864875748520497	0.000010084932126396526	-179.87029856602655
18.03017740859568	9.90085827466516e-6	-179.87148738526477
18.197008586099827	9.72014426122241e-6	-179.8726653133083
18.365383433483455	9.542728758069047e-6	-179.87383244978966
18.535316234148105	9.368551556713722e-6	-179.87498889343402
18.706821403657997	9.1975535477344e-6	-179.87613474206728
18.879913490962927	9.029676700713017e-6	-179.87727009262412
19.054607179632463	8.86486404453655e-6	-179.87839504115598
19.230917289101576	8.703059648057833e-6	-179.8795096828392
19.408858775927772	8.54420860110948e-6	-179.88061411198262
19.58844673505989	8.388256995864551e-6	-179.88170842203564
19.769696401118598	8.23515190853756e-6	-179.8827927055958
19.952623149688787	8.084841381419602e-6	-179.88386705441644
20.137242498623873	7.937274405241597e-6	-179.88493155941458
20.32357010936221	7.792400901859498e-6	-179.88598631067796
20.511621788255646	7.650171707255732e-6	-179.88703139747307
20.701413487910415	7.5105385548509626e-6	-179.88806690825214
20.892961308540386	7.373454059120653e-6	-179.88909293066067
21.086281499332888	7.238871699510724e-6	-179.89010955154467
21.28139045982711	7.106745804646917e-6	-179.89111685695798
21.47830474130533	6.977031536832494e-6	-179.89211493216922
21.67704104819694	6.8496848768289755e-6	-179.89310386166906
21.87761623949552	6.724662608914795e-6	-179.89408372917717
22.080047330188993	6.601922306216734e-6	-179.89505461764924
22.28435149270303	6.481422316309186e-6	-179.89601660928375
22.490546058357804	6.363121747076411e-6	-179.89696978552902
22.698648518838212	6.246980452832857e-6	-179.8979142270899
22.908676527677724	6.132959020696925e-6	-179.89885001393446
23.12064790175594	6.021018757213539e-6	-179.8997772253006
23.33458062281002	5.911121675220973e-6	-179.90069593970296
23.55049283896009	5.803230480957409e-6	-179.90160623493904
23.76840286624876	5.697308561402958e-6	-179.9025081880961
23.9883291901949	5.593319971852769e-6	-179.90340187555722
24.210290467361776	5.491229423717028e-6	-179.90428737300803
24.434305526939713	5.391002272543669e-6	-179.90516475544283
24.660393372343385	5.292604506259829e-6	-179.9060340971708
24.888573182823905	5.196002733627906e-6	-179.90689547182242
25.118864315095795	5.101164172912439e-6	-179.9077489523555
25.351286304979073	5.008056640753861e-6	-179.90859461106115
25.58585886905645	4.916648541245402e-6	-179.90943251957026
25.82260190634596	4.826908855209415e-6	-179.91026274885888
26.06153549998895	4.7388071296694866e-6	-179.91108536925472
26.302679918953814	4.652313467514734e-6	-179.9119004504427
26.54605561975539	4.567398517352827e-6	-179.91270806147088
26.791683248190314	4.484033463548236e-6	-179.9135082707563
27.039583641088434	4.402190016442369e-6	-179.91430114609062
27.289777828080403	4.321840402752232e-6	-179.9150867546459
27.542287033381662	4.242957356144394e-6	-179.91586516298008
27.797132677592884	4.1655141079810325e-6	-179.91663643704274
28.05433637951713	4.0894843782349155e-6	-179.9174006421805
28.31391995799379	4.014842366570248e-6	-179.91815784314255
28.575905433749465	3.941562743586348e-6	-179.91890810408609
28.84031503126606	3.869620642221169e-6	-179.91965148858165
29.10717118066605	3.7989916493117747e-6	-179.92038805961855
29.376496519615305	3.7296517973088735e-6	-179.92111787961002
29.648313895243422	3.6615775561426134e-6	-179.92184101039865
29.92264636608189	3.594745825236881e-6	-179.92255751326132
30.19951720402016	3.52913392566937e-6	-179.92326744891457
30.4789498962798	3.4647195924747924e-6	-179.92397087751965
30.76096814740705	3.401480967088559e-6	-179.92466785868746
31.045595881283525	3.3393965899284815e-6	-179.92535845148373
31.332857243155825	3.2784453931118118e-6	-179.92604271443383
31.62277660168376	3.2186066933052885e-6	-179.9267207055278
31.91537855100758	3.1598601847056873e-6	-179.92739248222517
32.21068791283432	3.102185932148528e-6	-179.92805810145978
32.50872973854341	3.0455643643425677e-6	-179.92871761964466
32.80952931131187	2.9899762672278084e-6	-179.92937109267666
33.11311214825908	2.9354027774547497e-6	-179.9300185759412
33.41950400261139	2.881825375982689e-6	-179.93066012431694
33.72873086588685	2.829225881794867e-6	-179.9312957921804
34.040818970100055	2.7775864457283642e-6	-179.93192563341051
34.35579478998743	2.726889544416608e-6	-179.9325497013932
34.67368504525313	2.6771179743424803e-6	-179.93316804902588
34.994516702835696	2.6282548459999663e-6	-179.93378072872173
35.318316979195664	2.5802835781623987e-6	-179.9343877924144
35.64511334262439	2.533187892255317e-6	-179.9349892915622
35.9749335155742	2.4869518068320565e-6	-179.93558527715246
36.3078054770101	2.441559632150182e-6	-179.93617579970586
36.64375746478329	2.396995964846926e-6	-179.93676090928065
36.98281797802659	2.3532456827118246e-6	-179.9373406554769
37.32501577957203	2.3102939395547726e-6	-179.93791508744067
37.670379898390856	2.2681261601677675e-6	-179.93848425386813
38.01893963205609	2.226728035378611e-6	-179.9390482030097
38.370724549227845	2.1860855171949167e-6	-179.93960698267412
38.72576449216169	2.1461848140367465e-6	-179.9401606402324
39.08408957924017	2.1070123860562787e-6	-179.94070922262196
39.44573020752781	2.0685549405429193e-6	-179.9412527763505
39.81071705534969	2.030799427412269e-6	-179.94179134749984
40.17908108489396	1.9937330347774533e-6	-179.94232498173
40.55085354483835	1.9573431846012878e-6	-179.94285372428288
40.92606597300105	1.9216175284278092e-6	-179.9433776199862
41.304750199016105	1.8865439431917195e-6	-179.94389671325717
41.68693834703351	1.852110527104332e-6	-179.94441104810642
42.07266283844438	1.8183055956146083e-6	-179.94492066814144
42.46195639463126	1.7851176774439246e-6	-179.9454256165705
42.85485203974392	1.7525355106932226e-6	-179.94592593620618
43.251383103500835	1.72054803902121e-6	-179.9464216694691
43.65158322401656	1.689144407892333e-6	-179.94691285839122
44.0554863506553	1.6583139608932378e-6	-179.9473995446198
44.46312674691084	1.6280462361164612e-6	-179.94788176942063
44.87453899331318	1.59833096261014e-6	-179.9483595736815
45.28975799036204	1.569158056892521e-6	-179.94883299791593
45.708818961487474	1.5405176195301058e-6	-179.94930208226614
46.13175745603791	1.5123999317782397e-6	-179.949766866507
46.55860935229586	1.4847954522830346e-6	-179.95022739004887
46.98941086052151	1.4576948138434864e-6	-179.95068369194124
47.42419852602443	1.431088820232701e-6	-179.95113581087594
47.8630092322638	1.404968443077142e-6	-179.9515837851904
48.30588020397723	1.3793248187928384e-6	-179.95202765287095
48.7528490103386	1.3541492455775258e-6	-179.95246745155592
49.20395356814506	1.3294331804576826e-6	-179.95290321853892
49.65923214503358	1.3051682363894748e-6	-179.95333499077194
50.118723362727195	1.2813461794126163e-6	-179.9537628048685
50.58246620031137	1.2579589258561737e-6	-179.9541866971067
51.0504999975406	1.2349985395953904e-6	-179.95460670343238
51.52286445817562	1.2124572293585651e-6	-179.9550228594621
51.99959965335157	1.1903273460831013e-6	-179.95543520048605
52.48074602497723	1.1686013803198107e-6	-179.95584376147124
52.966344389165755	1.1472719596846002e-6	-179.9562485770644
53.45643593969714	1.1263318463566725e-6	-179.95664968159466
53.95106225151273	1.1057739346223905e-6	-179.95704710907688
54.450265284242086	1.0855912484639787e-6	-179.95744089321414
54.95408738576243	1.0657769391922323e-6	-179.95783106740086
55.462571295791044	1.0463242831224462e-6	-179.95821766472545
55.97576014951099	1.0272266792927513e-6	-179.9586007179732
56.49369748123023	1.0084776472241136e-6	-179.95898025962904
57.01642722807472	9.900708247212095e-7	-179.9593563218803
57.543993733715666	9.719999657134465e-7	-179.95972893661934
58.07644175213118	9.542589381353913e-7	-179.96009813544637
58.61381645140285	9.368417218458852e-7	-179.96046394967206
59.15616341754737	9.197424065851433e-7	-179.9608264103202
59.70352865838366	9.029551899691425e-7	-179.96118554813037
60.255958607435744	8.864743755206176e-7	-179.96154139356045
60.81350012787176	8.702943707359962e-7	-179.96189397678924
61.37620051647939	8.544096851876215e-7	-179.96224332771905
61.94410750767812	8.388149286606119e-7	-179.9625894759782
62.51726927756855	8.23504809323727e-7	-179.96293245092352
63.0957344480193	8.084741319336264e-7	-179.96327228164284
63.67955209079155	7.937177960718999e-7	-179.96360899695745
64.26877173170195	7.792307944142796e-7	-179.96394262542458
64.86344335482381	7.650082110314456e-7	-179.96427319533973
65.46361740672747	7.510452197208411e-7	-179.96460073473918
66.06934480075958	7.373370823689437e-7	-179.96492527140222
66.68067692136219	7.238791473434257e-7	-179.96524683285367
67.29766562843174	7.10666847914661e-7	-179.9655654463661
67.92036326171844	6.976957007060469e-7	-179.9658811389621
68.54882264526613	6.84961304172612e-7	-179.96619393741673
69.18309709189363	6.724593371073883e-7	-179.9665038682596
69.82324040771712	6.601855571750547e-7	-179.96681095777723
70.46930689671467	6.481357994723378e-7	-179.9671152320153
71.12135136533288	6.363059751146925e-7	-179.96741671678075
71.77942912713615	6.2469206984878e-7	-179.96771543764405
72.44359600749898	6.13290142690273e-7	-179.9680114199413
73.11390834834172	6.020963245865186e-7	-179.96830468877644
73.79042301291008	5.911068171036191e-7	-179.96859526902338
74.47319739059888	5.803178911374714e-7	-179.96888318532802
75.16228940182053	5.697258856483358e-7	-179.96916846211042
75.85775750291836	5.593272064185021e-7	-179.96945112356684
76.55966069112561	5.491183248326305e-7	-179.96973119367175
77.26805850957021	5.390957766803557e-7	-179.97000869617997
77.98301105232578	5.292561609807466e-7	-179.9702836546286
78.70457896950977	5.195961388282185e-7	-179.97055609233894
79.43282347242805	5.101124322595197e-7	-179.97082603241867
80.16780633876782	5.008018231413895e-7	-179.97109349776363
80.90958991783813	4.916611520785226e-7	-179.97135851105983
81.65823713585914	4.826873173414666e-7	-179.97162109478535
82.41381150130013	4.7387727381408756e-7	-179.9718812712123
83.176377110267	4.6522803196024715e-7	-179.97213906240862
83.94599865193965	4.567366568093381e-7	-179.97239449024
84.72274141405954	4.484002669603428e-7	-179.97264757637168
85.50667128846823	4.402160336040612e-7	-179.97289834227047
86.29785477669692	4.321811795631932e-7	-179.97314680920627
87.09635899560797	4.2429297834993795e-7	-179.97339299825413
87.90225168308834	4.165487532407959e-7	-179.97363693029592
88.71560120379598	4.0894587636825646e-7	-179.97387862602207
89.53647655495928	4.014817678290668e-7	-179.97411810593346
90.36494737223005	3.9415389480877417e-7	-179.97435539034296
91.20108393559087	3.869597707222512e-7	-179.97459049937734
92.04495717531702	3.7989695436990487e-7	-179.97482345297888
92.89663867799354	3.7296304910928787e-7	-179.97505427090707
93.75620069258792	3.6615570204183333e-7	-179.97528297274025
94.6237161365792	3.5947260321442803e-7	-179.97550957787735
95.4992586021435	3.5291148483556363e-7	-179.9757341055395
96.38290236239695	3.4647012050579187e-7	-179.9759565747716
97.2747223776964	3.401463244622279e-7	-179.97617700444408
98.17479430199833	3.3393795083684225e-7	-179.97639541325427
99.08319448927665	3.2784289292829015e-7	-179.97661181972825
99.9999999999999	3.2185908248703384e-7	-179.97682624222222