0.01000000000000001	0.9364896418787172	-2.4196930346495806
0.010092528860766855	0.937116342070262	-2.4438642266165624
0.01018591388054118	0.9377555550262869	-2.468323459364752
0.010280162981264745	0.9384075475081796	-2.493075359338563
0.010375284158180138	0.9390725926222206	-2.5181246587610127
0.010471285480509006	0.9397509699957917	-2.543476198791497
0.010568175092136596	0.9404429659594867	-2.569134932796029
0.01066596121230259	0.9411488737352698	-2.59510592973431
0.010764652136298361	0.9418689936309176	-2.6213943776684587
0.010864256236170667	0.9426036332411362	-2.6480055873987256
0.010964781961431863	0.943353107655384	-2.6749449962309093
0.011066237839776675	0.9441177396729	-2.702218171881559
0.011168632477805623	0.9448978600250638	-2.7298308165262766
0.011271974561755117	0.9456938076054937	-2.7577887709974775
0.011376272858234322	0.9465059297081259	-2.786098019137791
0.01148153621496884	0.9473345822736122	-2.8147646923156566
0.011587773561551273	0.9481801301444822	-2.8437950741104627
0.011694993910198724	0.9490429473292521	-2.8731956051740086
0.01180320635651731	0.9499234172760044	-2.902972888276314
0.011912420080273762	0.9508219331557849	-2.9331336935437333
0.012022644346174144	0.9517388981562385	-2.963684963897829
0.012133888504649786	0.9526747257858956	-2.9946338207037435
0.012246161992650502	0.9536298401896137	-3.0259875696375813
0.01235947433444512	0.9546046764755982	-3.0577537067823997
0.012473835142429446	0.9555996810545403	-3.0899399249631356
0.012589254117941687	0.9566153119914451	-3.1225541203315195
0.012705741052085433	0.9576520393705689	-3.1556043992118044
0.012823305826560232	0.9587103456741933	-3.189099085219785
0.01294195841449987	0.9597907261758056	-3.223046726667524
0.013061708881318424	0.9608936893482508	-3.2574561042668004
0.013182567385564082	0.9620197572876329	-3.292336239145449
0.01330454417978092	0.9631694661536595	-3.327696401191336
0.013427649611378649	0.964343366627115	-3.3635461177391583
0.01355189412351037	0.9655420243853221	-3.399895182616577
0.013677288255958502	0.9667660205963594	-3.436753665566738
0.013803842646028859	0.9680159524329944	-3.4741319220654985
0.013931568029453043	0.9692924336071364	-3.512040603552159
0.01406047524129915	0.9705960949258783	-3.5504906680941737
0.014190575216890933	0.9719275848700604	-3.5894933915068257
0.014321878992735446	0.9732875701965559	-3.6290603789508085
0.014454397707459286	0.9746767365652311	-3.669203577030832
0.014588142602753497	0.9760957891919622	-3.709935286420971
0.014723125024327202	0.9775454535288497	-3.751268175042898
0.014859356422870082	0.9790264759729792	-3.793215291825125
0.014996848355023748	0.9805396246052193	-3.83579008107324
0.015135612484362095	0.9820856899604	-3.879006397482008
0.015275660582380739	0.983665485830581	-3.9228785218231943
0.015417004529495607	0.9852798501029767	-3.9674211773439656
0.015559656316050758	0.986929645634284	-4.012649546913127
0.01570362804333554	0.98861576116342	-4.058579290955473
0.015848931924611148	0.9903391122643707	-4.105226566215096
0.015995580286146702	0.9921006423414797	-4.152608045393249
0.016143585568264878	0.9939013236692352	-4.200740937707403
0.016292960326397238	0.9957421584789032	-4.2496430104217895
0.01644371723214933	0.9976241800945217	-4.299332611402873
0.016595869074375623	0.9995484541208062	-4.349828692756193
0.01674942876026439	1.0015160796858404	-4.401150835605119
0.016904409316432657	1.0035281907413267	-4.453319276074883
0.017060823890031253	1.0055859574237436	-4.506354932551073
0.017218685749860088	1.0076905874795166	-4.56027943428411
0.017378008287493772	1.0098433277578551	-4.615115151417653
0.01753880501841763	1.0120454657749456	-4.670885226522985
0.01770108958317423	1.014298331353468	-4.727613607727222
0.017864875748520526	1.0166032983417148	-4.785325083529047
0.018030177408595707	1.0189617864167477	-4.844045319401732
0.018197008586099853	1.0213752629764363	-4.903800896290341
0.018365383433483484	1.0238452451253897	-4.964619351116639
0.018535316234148135	1.0263733017603371	-5.026529219414119
0.018706821403658026	1.0289610557606226	-5.089560080222765
0.018879913490962956	1.031610186290011	-5.1537426033830736
0.019054607179632494	1.034322431216415	-5.219108599378535
0.019230917289101597	1.0370995896565431	-5.285691071886238
0.019408858775927792	1.039943524652885	-5.353524273206442
0.01958844673505991	1.0428561659911688	-5.422643762755158
0.01976969640111862	1.0458395131666716	-5.49308646881585
0.01995262314968881	1.0488956385086345	-5.56489075376217
0.020137242498623895	1.0520266904724627	-5.638096482978171
0.02032357010936223	1.0552348971102	-5.712745097720041
0.020511621788255666	1.0585225697304292	-5.788879692181574
0.020701413487910436	1.0618921067595544	-5.866545095045262
0.02089296130854041	1.0653459978172732	-5.945787955822855
0.02108628149933291	1.0688868280200625	-6.026656836312818
0.021281390459827135	1.07251728252719	-6.109202307526347
0.021478304741305354	1.0762401513453173	-6.1934770524637655
0.02167704104819696	1.0800583344084294	-6.279535975150673
0.02187761623949554	1.0839748469513393	-6.367436316377504
0.022080047330189013	1.087992825196472	-6.457237776622712
0.022284351492703053	1.0921155323746017	-6.549002646675955
0.022490546058357826	1.0963463651024288	-6.642795946523876
0.022698648518838235	1.1006888601411458	-6.738685573105281
0.022908676527677748	1.1051467015621392	-6.836742457594096
0.023120647901755963	1.109723728347894	-6.9370407329237445
0.023334580622810044	1.114423942458495	-7.039657912328502
0.023550492838960112	1.1192515173963138	-7.144675079743335
0.023768402866248782	1.124210807303954	-7.252177092976317
0.02398832919019492	1.1293063566335486	-7.362252800650168
0.0242102904673618	1.1345429104281428	-7.474995273994928
0.02443430552693974	1.1399254252594109	-7.590502054673074
0.024660393372343412	1.1454590808691232	-7.708875419922595
0.02488857318282393	1.1511492925661033	-7.830222666424263
0.025118864315095822	1.1570017244338626	-7.954656414424565
0.025351286304979098	1.1630223034090759	-8.082294933791776
0.02558585886905648	1.1692172342955958	-8.213262493837714
0.025822601906345985	1.1755930157841148	-8.347689738913484
0.026061535499988978	1.1821564575529626	-8.485714091977218
0.026302679918953843	1.1889146985319727	-8.627480188547029
0.026546055619755416	1.1958752264176808	-8.773140343685915
0.026791683248190343	1.2030458985353452	-8.922855054926966
0.027039583641088463	1.2104349641509748	-9.076793544336663
0.027289777828080432	1.2180510883448112	-9.235134343235433
0.02754228703338169	1.2259033775665618	-9.398065923451497
0.02779713267759291	1.2340014070021703	-9.565787379380575
0.02805433637951716	1.2423552498923298	-9.738509165567901
0.028313919957993816	1.2509755089533428	-9.916453895017687
0.028575905433749497	1.2598733500630181	-10.099857203988368
0.028840315031266085	1.2690605383859337	-10.288968689639942
0.02910717118066608	1.2785494771255355	-10.484052927586044
0.029376496519615335	1.288353249103612	-10.68539057716549
0.029648313895243455	1.2984856613814173	-10.893279583101528
0.02992264636608192	1.3089612931509202	-11.1080364831741
0.030199517204020192	1.3197955471380958	-11.329997832595112
0.03047894989627986	1.3310047047742781	-11.559521756977201
0.03076096814740711	1.3426059854042482	-11.796989647125558
0.031045595881283587	1.3546176098110796	-12.042808010383597
0.03133285724315589	1.367058868347349	-12.297410494948792
0.031622776601683826	1.3799501939680874	-12.561260105459565
0.03191537855100765	1.3933132404626256	-12.834851630270368
0.03221068791283438	1.407170966177366	-13.118714303198058
0.03250872973854347	1.4215477235082683	-13.413414725177452
0.03280952931131194	1.4364693544162979	-13.719560074224875
0.03311311214825915	1.4519632921786196	-14.03780163542463
0.03341950400261146	1.4680586695271742	-14.36883868634667
0.03372873086588692	1.484786433237983	-14.713422777410553
0.034040818970100126	1.5021794651120852	-15.072362451275529
0.0343557947899875	1.52027270911991	-15.44652845036611
0.0346736850452532	1.5391033042542726	-15.836859467189388
0.034994516702835765	1.5587107223335406	-16.24436849814511
0.035318316979195734	1.5791369095952204	-16.670149868081996
0.03564511334262446	1.6004264303936229	-17.115386999875334
0.03597493351557427	1.622626610626106	-17.581361010696238
0.03630780547701017	1.6457876776169564	-18.069460224285155
0.03664375746478335	1.6699628920272307	-18.581190696184944
0.03698281797802665	1.695208665860121	-19.118187856179834
0.037325015779572084	1.7215846587012662	-19.682229378580793
0.037670379898390914	1.749153841855095	-20.27524939571519
0.038018939632056145	1.7779825168651142	-20.899354171899457
0.0383707245492279	1.8081402708535579	-21.55683935269331
0.038725764492161745	1.839699845958276	-22.250208895143025
0.03908408957924023	1.8727368936044035	-22.982195765936176
0.03944573020752787	1.907329576089522	-23.75578446166701
0.039810717055349755	1.943557967588972	-24.5742353529931
0.04017908108489402	1.981503193749313	-25.44111077456727
0.040550853544838415	2.02124623303592	-26.36030266484667
0.040926065973001115	2.062866283429886	-27.336061390438946
0.041304750199016166	2.1064385744933096	-28.37302515065862
0.04168693834703357	2.152031476990537	-29.476249026413605
0.04207266283844444	2.1997027303358863	-30.65123228471798
0.04246195639463132	2.2494945730732123	-31.903941941222666
0.042854852039743985	2.301427525639456	-33.2408297779277
0.04325138310350091	2.3554925422403943	-34.668838968767844
0.04365158322401663	2.41164122750797	-36.19539514226729
0.044055486350655364	2.4697738163504614	-37.82837508328934
0.04446312674691091	2.5297246614717337	-39.57604435594093
0.04487453899331325	2.5912450905834294	-41.44695299671802
0.04528975799036211	2.653983722495217	-43.449776279398876
0.04570881896148754	2.7174647151784415	-45.593085775815666
0.04613175745603798	2.781065009871369	-47.885035180786055
0.04655860935229591	2.8439924723149694	-50.33294662637476
0.04698941086052156	2.905267915167273	-52.942787831637375
0.04742419852602448	2.9637152315647217	-55.71854001881688
0.04786300923226385	3.017965056978539	-58.661472564765454
0.04830588020397728	3.066478095586426	-61.76936350854217
0.04875284901033865	3.107593900938643	-65.03573404284248
0.04920395356814511	3.1396088136285067	-68.4491955646473
0.04965923214503363	3.1608824532264035	-71.99303145841158
0.05011872336272725	3.1699657787925024	-75.64514118111745
0.05058246620031143	3.16573643117982	-79.37845029076274
0.051050499997540646	3.147521083412232	-83.16183154115049
0.05152286445817567	3.1151825523291548	-86.96149542558133
0.05199959965335162	3.069153385523955	-90.74271360537242
0.052480746024977286	3.0104073700047236	-94.47166408027353
0.05296634438916581	2.9403732341970854	-98.11715834127328
0.05345643593969719	2.8608065240067773	-101.6520384952333
0.05395106225151279	2.7736424583767	-105.05410637295853
0.05445026528424214	2.68085291303297	-108.30654148833374
0.05495408738576248	2.584325552713776	-111.39785177700158
0.0554625712957911	2.485775214054478	-114.32146009694455
0.05597576014951104	2.3866897952630772	-117.07505393397474
0.05649369748123028	2.2883070590316263	-119.65982074547989
0.05701642722807478	2.1916155584604256	-122.07966797323579
0.05754399373371572	2.097372035370838	-124.3404963420195
0.05807644175213124	2.0061283442856093	-126.44956598669842
0.05861381645140291	1.918262425681885	-128.41497168846968
0.05915616341754743	1.8340094903388409	-130.24522735161352
0.05970352865838372	1.753491033847885	-131.94895017519124
0.06025595860743581	1.6767404317907644	-133.53463028698022
0.060813500127871824	1.6037246568988741	-135.0104703079017
0.061376200516479455	1.5343621597827137	-136.38428004764526
0.06194410750767818	1.4685372357289308	-137.66341329911853
0.06251726927756862	1.4061113298757646	-138.85473584446655
0.06309573444801936	1.3469317671692633	-139.96461592043343
0.06367955209079162	1.2908383723645438	-140.9989303148365
0.064268771731702	1.2376683963337771	-141.96308089779194
0.06486344335482389	1.1872601053165701	-142.8620177192806
0.06546361740672754	1.1394553295595782	-143.70026585303114
0.06606934480075964	1.0941012123412142	-144.48195397510023
0.06668067692136226	1.0510513519910165	-145.21084327694373
0.06729766562843183	1.0101664887753183	-145.89035576743845
0.0679203632617185	0.9713148550721272	-146.52360135117704
0.0685488226452662	0.9343722802965517	-147.1134033102075
0.0691830970918937	0.8992221206066491	-147.66232198631405
0.06982324040771719	0.8657550665710445	-148.17267657887612
0.07046930689671474	0.833868868848882	-148.6465650531826
0.07112135136533296	0.8034680117765045	-149.08588220618142
0.07177942912713622	0.7744633569487814	-149.4923359688888
0.07244359600749906	0.7467717729185359	-149.86746204280453
0.0731139083483418	0.7203157626057597	-150.21263697594148
0.07379042301291015	0.6950230965847481	-150.52908978556164
0.07447319739059896	0.670826457847138	-150.81791223161642
0.07516228940182061	0.6476631017225212	-151.08006783881757
0.07585775750291844	0.6254745332214061	-151.3163997572995
0.07655966069112569	0.6042062030283262	-151.52763754274196
0.07726805850957029	0.5838072226235625	-151.71440292711412
0.07798301105232593	0.5642300984799858	-151.87721464118408
0.07870457896950993	0.5454304849126508	-152.0164923398038
0.07943282347242822	0.527366954911752	-152.13255967081489
0.08016780633876798	0.5100007881331016	-152.22564651822543
0.0809095899178383	0.4932957751305801	-152.29589044003188
0.0816582371358593	0.4772180368738903	-152.3433373106098
0.0824138115013003	0.4617358585890667	-152.3679411668181
0.08317637711026717	0.4468195369783291	-152.36956324566302
0.08394599865193982	0.43244123991242095	-152.34797018932426
0.08472274141405972	0.4185748777371694	-152.30283138024487
0.08550667128846841	0.4051959853925418	-152.23371535447433
0.0862978547766971	0.39228161460425603	-152.1400852250669
0.08709635899560814	0.3798102354731479	-152.02129302850238
0.08790225168308852	0.3677616468550217	-151.87657288506813
0.08871560120379617	0.3561168949931763	-151.7050328379774
0.08953647655495947	0.34485819993757455	-151.50564520443302
0.09036494737223023	0.33396888935954466	-151.27723523324119
0.09120108393559107	0.3234333394507671	-151.01846781571
0.09204495717531722	0.3132369226829679	-150.7278319364376
0.09289663867799372	0.3033659623042406	-150.40362247412537
0.09375620069258811	0.29380769356592223	-150.0439188640955
0.09462371613657934	0.2845502318198037	-149.64656000593436
0.09549925860214364	0.27558254781398794	-149.20911463065553
0.0963829023623971	0.26689445076920715	-148.7288461165324
0.09727472237769656	0.2584765801707042	-148.20267043934672
0.09817479430199849	0.2503204077185285	-147.627105529938
0.09908319448927681	0.2424182516278211	-146.99820974475338
0.10000000000000005	0.23476330659958902	-146.31150636911724
0.10092528860766849	0.2273496945174844	-145.56188997548125
0.10185913880541175	0.2201725436386008	-144.7435089171776
0.10280162981264741	0.2132281083541957	-143.8496160635019
0.10375284158180131	0.2065139485410088	-142.87237681106362
0.10471285480509002	0.20002919888365298	-141.80261908476027
0.1056817509213659	0.19377497740102365	-140.629504025438
0.10665961212302584	0.18775501415359844	-139.34008788310766
0.10764652136298355	0.18197663533963687	-137.9187350570753
0.10864256236170661	0.17645233196529117	-136.3463299911327
0.10964781961431856	0.17120230731827998	-134.59922550253887
0.1106623783977667	0.16625869062008186	-132.64786914556035
0.11168632477805618	0.1616726284979818	-130.45510101275593
0.1127197456175511	0.1575264015946766	-127.97430380000344
0.11376272858234315	0.15395434968493862	-125.14812769738822
0.11481536214968835	0.15117907781340054	-121.90992188103463
0.11587773561551268	0.14957312019584484	-118.19335786331385
0.11694993910198717	0.1497584849936914	-113.96272061866911
0.11803206356517304	0.15274543972781457	-109.28714716534687
0.11912420080273756	0.16004911981049122	-104.48477966319473
0.12022644346174137	0.17352616981494193	-100.30997826516023
0.1213388850464978	0.1943158715297648	-97.98160098323308
0.12246161992650495	0.22036293579299163	-98.67356807912782
0.12359474334445113	0.24456608162472265	-102.46236947133016
0.12473835142429439	0.25900436571346697	-107.87399508298442
0.1258925411794168	0.2623982688365806	-113.06615567214195
0.12705741052085426	0.25922251557134063	-117.1526180867219
0.12823305826560225	0.2539386459868199	-120.17575743873952
0.1294195841449987	0.24882347783540062	-122.52470562983949
0.13061708881318423	0.24452953499035868	-124.59762374638593
0.1318256738556408	0.2408799480340544	-126.71031949301475
0.13304544179780922	0.23729217719728665	-129.09622384738313
0.13427649611378642	0.2329476551607442	-131.92187585413086
0.13551894123510363	0.22686281413445855	-135.2960476226335
0.13677288255958495	0.2179572657742673	-139.26994712216555
0.13803842646028852	0.2051704408994984	-143.8324298556603
0.13931568029453034	0.18763404109907647	-148.90739213188462
0.14060475241299142	0.16485068563436656	-154.3614364111539
0.14190575216890927	0.13678321094255916	-160.0261098311576
0.1432187899273544	0.10377413760445282	-165.72960465186833
0.1445439770745928	0.06630116479090314	-171.3166411808942
0.1458814260275349	0.024662039165478288	-176.4842164916061
0.14723125024327194	0.021316227233602693	-3.1278372047164926
0.14859356422870074	0.07248357660072804	-8.026711122494795
0.1499684835502374	0.13058665489326868	-13.44338584561405
0.15135612484362088	0.19848629526606096	-19.31520868471653
0.15275660582380732	0.2804342035377403	-26.01673890229437
0.154170045294956	0.38207230880472487	-34.15669387682394
0.1555965631605075	0.5087113859707955	-44.64412687694283
0.15703628043335532	0.6572783788861394	-58.62733690890738
0.15848931924611143	0.7964704795768024	-76.73789128196864
0.15995580286146696	0.8624267670053648	-97.278691644458
0.1614358556826487	0.828357684688852	-116.2157207020122
0.1629296032639723	0.7405876624826079	-130.918936329509
0.16443717232149324	0.6472008556631781	-141.50485928589205
0.16595869074375613	0.5665344774398715	-149.077509515102
0.16749428760264382	0.5008659576857841	-154.6135652778834
0.1690440931643265	0.44789796366207907	-158.77692694906636
0.17060823890031243	0.40482470096361206	-161.9935587210684
0.17218685749860077	0.3693177149833132	-164.5378025339339
0.17378008287493762	0.3396175618019192	-166.59056130929656
0.1753880501841762	0.31442639950741486	-168.27460059368968
0.1770108958317422	0.2927867506717571	-169.67564389386231
0.17864875748520517	0.27398546756323644	-170.85515307002981
0.180301774085957	0.25748438662124873	-171.85825647128283
0.18197008586099844	0.24287162976867172	-172.71879852418726
0.18365383433483473	0.22982754216280138	-173.4626413252946
0.18535316234148125	0.2181007209991621	-174.10987765425241
0.18706821403658017	0.20749096597612074	-174.67634893495773
0.18879913490962946	0.19783700068232066	-175.174708731852
0.19054607179632482	0.1890075139031083	-175.61518240704874
0.19230917289101596	0.1808945381101414	-176.00611940910488
0.19408858775927793	0.17340849382300363	-176.3544013152316
0.19588446735059908	0.16647443629005118	-176.6657477607304
0.1976969640111862	0.1600291806129774	-176.9449489066089
0.19952623149688808	0.1540190762943268	-177.19604426630806
0.20137242498623895	0.14839826732380107	-177.42246182447997
0.2032357010936223	0.14312731916641674	-177.62712738796372
0.20511621788255666	0.13817212581039354	-177.812551358702
0.20701413487910436	0.13350303262794505	-177.9808981958053
0.2089296130854041	0.12909412703601092	-178.13404247164243
0.2108628149933291	0.12492266073043687	-178.2736144490706
0.21281390459827135	0.12096857591093345	-178.40103739673685
0.21478304741305343	0.11721411431422836	-178.51755833775906
0.21677041048196952	0.1136434926550147	-178.62427353993144
0.2187761623949553	0.11024263167867569	-178.7221497653992
0.22080047330189004	0.10699892876891026	-178.8120420782091
0.22284351492703042	0.10390106615136342	-178.89470884061146
0.22490546058357816	0.10093884835326128	-178.97082440009842
0.22698648518838224	0.09810306383714917	-179.04098986923054
0.22908676527677735	0.0953853667111381	-179.10574232226196
0.23120647901755953	0.0927781751931272	-179.16556267120384
0.23334580622810033	0.09027458412049905	-179.22088243539645
0.23550492838960102	0.08786828928607798	-179.2720895799783
0.23768402866248772	0.0855535217732134	-179.31953356766124
0.2398832919019491	0.08332499077868206	-179.36352974326624
0.2421029046736179	0.08117783366781067	-179.4043631502711
0.24434305526939726	0.07910757221425943	-179.44229186218234
0.246603933723434	0.07711007414694017	-179.47754989810375
0.24888573182823917	0.0751815192661376	-179.5103497808365
0.25118864315095807	0.0733183695059905	-179.54088478674254
0.2535128630497908	0.07151734241576303	-179.56933092906402
0.25585858869056466	0.06977538761151425	-179.5958487101234
0.2582260190634597	0.0680896658158201	-179.62058467259865
0.26061535499988964	0.06645753015849966	-179.64367277568698
0.2630267991895383	0.0648765094577488	-179.66523561828913
0.26546055619755404	0.06334429324023903	-179.68538552824313
0.2679168324819033	0.06185871829185014	-179.7042255340105
0.2703958364108845	0.06041775655878935	-179.72185023299127
0.2728977782808042	0.059019504242741536	-179.73834656875022
0.27542287033381674	0.05766217195408187	-179.7537945278192
0.277971326775929	0.05634407580462275	-179.76826776535896
0.2805433637951715	0.05506362933632904	-179.7818341677773
0.28313919957993805	0.053819336195303984	-179.79455635938098
0.2857590543374948	0.05260978347144535	-179.8064921592607
0.2884031503126607	0.051433635633760244	-179.81769499384905
0.29107171180666064	0.05028962899963725	-179.8282142699345
0.2937649651961532	0.04917656668358862	-179.8380957123445
0.2964831389524344	0.048093313977253756	-179.8473816700152
0.29922646366081906	0.04703879411793096	-179.85611139373373
0.30199517204020176	0.04601198440768886	-179.8643212884621
0.30478949896279844	0.045011912649299775	-179.87204514282226
0.307609681474071	0.04403765386891126	-179.87931433803345
0.3104559588128357	0.043088327298606496	-179.88615803833935
0.3133285724315587	0.04216309359484557	-179.8926033647401
0.3162277660168381	0.0412611522712939	-179.89867555364805
0.31915378551007634	0.04038173932675983	-179.90439810191296
0.3221068791283436	0.03952412505092801	-179.90979289950977
0.32508729738543457	0.03868761199231624	-179.91488035104663
0.3280952931131192	0.037871533074430454	-179.91967948713085
0.3311311214825913	0.03707524984746636	-179.9242080665243
0.33419504002611444	0.03629815086413344	-179.92848266992488
0.3372873086588691	0.035539650169268217	-179.93251878612617
0.34040818970100106	0.034799185893881965	-179.9363308912329
0.34355794789987465	0.03407621894516053	-179.9399325215415
0.34673685045253166	0.03337023178471708	-179.94333634063537
0.3499451670283573	0.032680727288101806	-179.94655420119088
0.353183169791957	0.0320072276792015	-179.94959720194026
0.35645113342624424	0.031349273533731306	-179.95247574019461
0.3597493351557423	0.030706422846530874	-179.95519956029023
0.36307805477010135	0.030078250157838226	-179.9577777982855
0.36643757464783333	0.029464345734130662	-179.9602190232022
0.3698281797802663	0.028864314799498202	-179.96253127507558
0.3732501577957206	0.028277776813855217	-179.96472210004973
0.37670379898390893	0.02770436479460471	-179.96679858272856
0.38018939632056126	0.027143724678648992	-179.96876737596892
0.38370724549227886	0.02659551472189532	-179.97063472828103
0.3872576449216173	0.026059404933636073	-179.97240650897754
0.3908408957924021	0.025535076543393632	-179.97408823119514
0.39445730207527846	0.025022221498012653	-179.97568507289122
0.3981071705534973	0.024520541986958074	-179.97720189590038
0.40179081084894	0.024029749993937994	-179.9786432631177
0.40550853544838394	0.02354956687311833	-179.9800134538584
0.40926065973001097	0.023079722948331875	-179.9813164774283
0.41304750199016144	0.022619957133809685	-179.98255608492525
0.4168693834703355	0.022170016575078243	-179.98373577927984
0.4207266283844442	0.021729656308773534	-179.984858823536
0.424619563946313	0.021298638940222096	-179.98592824736872
0.4285485203974396	0.020876734337732673	-179.98694685184054
0.43251383103500884	0.02046371934262763	-179.9879172124131
0.4365158322401661	0.020059377494123426	-179.98884168025717
0.44055486350655343	0.019663498768243155	-179.98972238195213
0.4446312674691088	0.019275879330010334	-179.99056121773464
0.4487453899331323	0.01889632129823172	-179.99135985855526
0.4528975799036209	0.018524632522225297	-179.99211974233688
0.4570881896148752	0.018160626369885493	-179.99284207000213
0.46131757456037953	0.017804121526498285	-179.99352780205336
0.4655860935229591	0.01745494180371926	-179.99417765674727
0.4698941086052156	0.017112915958105025	-179.99479211118987
0.4742419852602448	0.016777877518538164	-179.99537140697385
0.47863009232263853	0.016449664621806144	-179.9959155622411
0.48305880203977286	0.01612811985548802	-179.99642439222927
0.4875284901033865	0.015813090107174837	-179.99689754036893
0.4920395356814511	0.0155044264189159	-179.99733452174914
0.49659232145033627	0.015201983845669866	-179.9977347801632
0.5011872336272725	0.01490562131647853	-179.9980977589076
0.5058246620031143	0.014615201497116892	-179.9984229840069
0.5105049999754064	0.0143305906531468	-179.9987101566356
0.5152286445817567	0.014051658512643589	-179.99895924939264
0.5199959965335162	0.01377827812838302	-179.99917059906716
0.5248074602497729	0.0135103257399333	-179.9993449870546
0.5296634438916581	0.013247680636814365	-179.99948369809607
0.5345643593969719	0.01299022502453923	-179.99958854890406
0.5395106225151278	0.012737843895797376	-179.99966188065113
0.5445026528424215	0.012490424909150193	-179.99970651304872
0.5495408738576248	0.012247858277314125	-179.99972566228377
0.5546257129579107	0.012010036666424159	-179.9997228295998
0.5597576014951101	0.011776855106711743	-179.99970167092553
0.5649369748123025	0.011548210913973553	-179.9996658599681
0.5701642722807475	0.011324003620252725	-179.9996189572585
0.5754399373371569	0.011104134911468486	-179.99956429588718
0.580764417521312	0.01088850856940615	-179.99950489159116
0.5861381645140288	0.010677030415521465	-179.9994433811618
0.591561634175474	0.010469608254350364	-179.99938198955596
0.5970352865838369	0.010266151814832149	-179.9993225231581
0.6025595860743578	0.010066572688427818	-179.99926638466653
0.6081350012787179	0.009870784263443698	-179.99921460410917
0.6137620051647943	0.009678701655386942	-179.99916788040102
0.6194410750767815	0.009490241633455023	-179.9991266283912
0.6251726927756859	0.009305322543397809	-179.9990910272555
0.6309573444801934	0.009123864227009093	-179.99906106713246
0.6367955209079159	0.008945787938433095	-179.99903659191673
0.6426877173170198	0.008771016257340645	-179.99901733700005
0.6486344335482385	0.008599472998862406	-179.99900296144767
0.654636174067275	0.008431083119980901	-179.9989930746044
0.6606934480075961	0.008265772621887772	-179.99898725746246
0.6668067692136223	0.008103468447612597	-179.99898507931962
0.6729766562843178	0.007944098374021848	-179.99898611034968
0.6792036326171846	0.007787590897067663	-179.99898993072244
0.6854882264526617	0.0076338751089267244	-179.99899613688203
0.6918309709189366	0.007482880565400268	-179.99900434553103
0.6982324040771715	0.007334537141634786	-179.99901419579726
0.7046930689671471	0.007188774873853928	-179.99902534998236
0.7112135136533292	0.007045523784348066	-179.9990374932186
0.7177942912713619	0.006904713686426804	-179.99905033229106
0.7244359600749902	0.006766273965374047	-179.99906359382237
0.7311390834834176	0.006630133330620293	-179.999077021963
0.7379042301291011	0.006496219533317824	-179.9990903756822
0.7447319739059892	0.006364459042213508	-179.99910342571425
0.7516228940182057	0.006234776669084263	-179.9991159511741
0.758577575029184	0.0061070951329307175	-179.99912773582125
0.7655966069112565	0.005981334549479928	-179.99913856391248
0.7726805850957026	0.005857411829144728	-179.99914821554165
0.7798301105232589	0.0057352399621776575	-179.99915646131868
0.7870457896950989	0.005614727163998833	-179.99916305617685
0.7943282347242817	0.0054957758460969135	-179.99916773202222
0.8016780633876793	0.005378281367836708	-179.99917018883158
0.8090958991783825	0.005262130511017578	-179.99917008366262
0.8165823713585927	0.0051471996007689	-179.99916701683395
0.8241381150130026	0.005033352171393932	-179.99916051424321
0.8317637711026713	0.00492043604121916	-179.9991500043643
0.8394599865193977	0.004808279612108686	-179.9991347878374
0.8472274141405968	0.004696687140613985	-179.99911399661838
0.8550667128846836	0.0045854326288338534	-179.999086538204
0.8629785477669706	0.004474251838440291	-179.99905101818229
0.870963589956081	0.004362831716223351	-179.99900563073885
0.8790225168308847	0.004250796193567329	-179.99894800083464
0.8871560120379608	0.004137686818179846	-179.99887495184313
0.8953647655495938	0.004022935878967167	-179.99878215528884
0.9036494737223014	0.0039058283914071086	-179.99866358871594
0.9120108393559097	0.0037854471526913604	-179.99851067100101
0.9204495717531712	0.0036605913597611197	-179.99831083478733
0.9289663867799363	0.0035296526502168637	-179.99804507310722
0.9375620069258802	0.0033904200885885457	-179.99768351849764
0.946237161365793	0.0032397615515282765	-179.9971770102979
0.9549925860214359	0.003073079304166591	-179.9964398463622
0.9638290236239705	0.0028833280093359037	-179.99531125639749
0.9727472237769651	0.002659121244882514	-179.9934588410305
0.9817479430199844	0.002380757785665369	-179.99009489199534
0.9908319448927676	0.002010891084762568	-179.98291905146777
1.	0.0014672696593912874	-179.9620983611729
1.0092528860766845	0.0005461319601276062	-179.80284456463397
1.0185913880541169	0.0015442372141104322	-0.19356136392005543
1.0280162981264735	0.012303632968003337	-0.2359964190039774
1.0375284158180127	0.01706381693082065	-179.87119453715405
1.0471285480508996	0.008037407308138582	-179.9673199443882
1.0568175092136585	0.00608983751657317	-179.98435757742482
1.066596121230258	0.005211281341548124	-179.9906834600334
1.076465213629835	0.004694996279850012	-179.99376414753482
1.0864256236170655	0.004345147581410479	-179.995506254418
1.096478196143185	0.0040857915832253925	-179.99659125235416
1.1066237839776665	0.003881299412686603	-179.99731466353973
1.1168632477805611	0.0037127345344680363	-179.99782221533403
1.1271974561755105	0.0035690979876111294	-179.9981927420483
1.1376272858234309	0.003443560633701855	-179.9984719988976
1.1481536214968828	0.00333165554737486	-179.9986880562628
1.1587773561551262	0.00323033576557357	-179.9988589266993
1.1694993910198712	0.0031374497873876543	-179.99899660717517
1.1803206356517297	0.0030514336105147027	-179.9991093428526
1.191242008027375	0.002971121721520652	-179.99920295459802
1.2022644346174132	0.0028956266751178935	-179.999281648465
1.2133888504649775	0.0028242598778419944	-179.9993485261699
1.224616199265049	0.0027564780118809985	-179.9994059165669
1.2359474334445106	0.0026918459085160554	-179.9994555965023
1.2473835142429432	0.0026300102599972957	-179.99949894137345
1.2589254117941675	0.0025706806407925628	-179.99953702990726
1.270574105208542	0.0025136155571804943	-179.99957071848075
1.2823305826560218	0.0024586120095835633	-179.99960069482228
1.2941958414499863	0.002405497524238603	-179.99962751760427
1.3061708881318417	0.0023541238845593694	-179.99965164645772
1.3182567385564075	0.002304361880443135	-179.99967346595292
1.3304544179780915	0.0022560961364495777	-179.9996933072981
1.3427649611378643	0.0022092175631622944	-179.999711474446
1.3551894123510364	0.00216360198690505	-179.9997282921066
1.3677288255958495	0.0021189687551284825	-179.9997441059736
1.3803842646028852	0.002091662169513417	-179.99899137853967
1.3931568029453034	0.0020354833839868972	-179.99976245221367
1.4060475241299142	0.001994289125984675	-179.9997772312036
1.4190575216890926	0.001954343358722925	-179.9997889643439
1.432187899273544	0.001915434155669128	-179.9997994484403
1.4454397707459279	0.001877485895069206	-179.99980905546377
1.4588142602753489	0.0018404492766043515	-179.9998179436372
1.4723125024327193	0.001804284610997485	-179.9998262089941
1.4859356422870074	0.0017689573221565185	-179.99983392135414
1.499684835502374	0.0017344362520943675	-179.9998411363322
1.5135612484362087	0.001700692843211402	-179.99984790040904
1.5275660582380732	0.001667700661969205	-179.99985425349627
1.54170045294956	0.001635435080494036	-179.99986023043382
1.555965631605075	0.001603873042660813	-179.99986586196604
1.5703628043335531	0.0015729928811988767	-179.99987117543242
1.584893192461114	0.001542774168766626	-179.99987619528656
1.5995580286146696	0.0015131975933930133	-179.99988094350257
1.6143585568264869	0.0014842448523846592	-179.99988543990293
1.629296032639723	0.0014558985607908074	-179.99988970242904
1.6443717232149324	0.0014281421716748773	-179.9998937473677
1.6595869074375613	0.0014009599061590244	-179.99989758954317
1.6749428760264382	0.001374336691680915	-179.99990124248123
1.690440931643265	0.001348258107229799	-179.99990471855102
1.7060823890031243	0.0013227103345663778	-179.99990802908755
1.7218685749860079	0.0012976801146090786	-179.9999111844987
1.7378008287493762	0.0012731547083067916	-179.99991419435898
1.753880501841762	0.0012491218614265986	-179.99991706749154
1.770108958317422	0.0012255697727722615	-179.999919812041
1.7864875748520517	0.0012024870654203104	-179.99992243553726
1.803017740859568	0.0011798627606192501	-179.99992494495282
1.8197008586099825	0.0011576862540462138	-179.99992734675317
1.8365383433483455	0.0011359472941564416	-179.99992964694195
1.8535316234148105	0.0011146359623955093	-179.99993185110142
1.8706821403657996	0.0010937426550737298	-179.9999339644286
1.8879913490962925	0.0010732580667272248	-179.9999359917678
1.9054607179632463	0.0010531731748117076	-179.99993793763966
1.9230917289101574	0.0010334792255935542	-179.99993980626772
1.9408858775927773	0.0010141677211187438	-179.99994160160207
1.958844673505989	0.0009952304071541196	-179.99994332734096
1.97696964011186	0.0009766592620074723	-179.99994498695028
1.9952623149688788	0.000958446486143438	-179.99994658368124
2.0137242498623875	0.000940584492521379	-179.99994812058665
2.032357010936221	0.0009230658975894523	-179.9999496005354
2.0511621788255647	0.0009058835128760921	-179.99995102622594
2.0701413487910414	0.000889030337126352	-179.9999524001986
2.0892961308540388	0.0008724995489359978	-179.9999537248466
2.108628149933289	0.0008562844998410704	-179.99995500242647
2.1281390459827114	0.0008403787078248945	-179.9999562350674
2.147830474130533	0.0008247758512082907	-179.99995742477986
2.167704104819694	0.0008094697628921077	-179.9999585734636
2.1877616239495516	0.0007944544249241705	-179.99995968291486
2.208004733018899	0.0007797239633653939	-179.99996075483335
2.228435149270303	0.0007652726434321911	-179.9999617908282
2.2490546058357803	0.0007510948648944143	-179.99996279242393
2.2698648518838214	0.0007371851577099707	-179.99996376106563
2.2908676527677723	0.0007235381778789511	-179.999964698124
2.312064790175594	0.0007101487035016261	-179.99996560489987
2.333458062281002	0.0006970116310260528	-179.99996648262842
2.355049283896009	0.0006841219716722462	-179.9999673324832
2.376840286624876	0.0006714748480210048	-179.9999681555797
2.39883291901949	0.0006590654907564575	-179.99996895297875
2.4210290467361775	0.0006468892355523276	-179.99996972568988
2.4434305526939712	0.0006349415200927142	-179.999970474674
2.4660393372343385	0.0006232178812189392	-179.99997120084637
2.48885731828239	0.0006117139521946845	-179.99997190507904
2.5118864315095797	0.0006004254600822455	-179.99997258820338
2.535128630497907	0.0005893482232232961	-179.99997325101225
2.5585858869056453	0.0005784781488180498	-179.99997389426215
2.582260190634596	0.0005678112305971778	-179.99997451867512
2.6061535499988953	0.0005573435465812558	-179.99997512494065
2.6302679918953813	0.0005470712569228921	-179.99997571371745
2.654605561975539	0.0005369906018270493	-179.99997628563497
2.6791683248190314	0.0005270978995453899	-179.99997684129502
2.703958364108843	0.0005173895444407562	-179.9999773812731
2.7289777828080406	0.0005078620051181873	-179.99997790611997
2.7542287033381663	0.0004985118226191068	-179.99997841636255
2.7797132677592886	0.0004893356086755412	-179.99997891250555
2.805433637951713	0.00048033004402144795	-179.9999793950322
2.831391995799379	0.0004714918767584163	-179.99997986440562
2.8575905433749464	0.00046281792077318347	-179.99998032106956
2.8840315031266055	0.00045430505420456803	-179.99998076544955
2.910717118066605	0.0004459502179575825	-179.99998119795367
2.9376496519615305	0.0004377504142626135	-179.99998161897346
2.9648313895243423	0.00042970270527769585	-179.99998202888463
2.992264636608189	0.0004218042117320232	-179.9999824280479
3.019951720402016	0.00041405211160894695	-179.99998281680968
3.047894989627983	0.0004064436388668173	-179.99998319550264
3.076096814740708	0.00039897608219611775	-179.9999835644465
3.1045595881283554	0.00039164678381143	-179.99998392394858
3.1332857243155856	0.00038445313827684634	-179.9999842743043
3.162277660168379	0.00037739259136353116	-179.9999846157978
3.1915378551007616	0.00037046263893818936	-179.9999849487025
3.2210687912834346	0.0003636608258812831	-179.99998527328125
3.250872973854344	0.0003569847450338852	-179.9999855897874
3.2809529311311905	0.00035043203617212256	-179.99998589846462
3.311311214825911	0.0003440003850082151	-179.9999861995477
3.3419504002611427	0.00033768752221716684	-179.99998649326272
3.372873086588689	0.00033149122248820993	-179.99998677982768
3.404081897010009	0.00032540930360014847	-179.99998705945256
3.4355794789987466	0.0003194396255197927	-179.99998733233988
3.4673685045253166	0.0003135800895227044	-179.9999875986849
3.499451670283573	0.00030782863733552334	-179.99998785867592
3.53183169791957	0.0003021832502991657	-179.99998811249478
3.5645113342624426	0.00029664194855222623	-179.99998836031676
3.5974933515574232	0.0002912027902339424	-179.99998860231125
3.630780547701014	0.00028586387070610896	-179.99998883864163
3.664375746478333	0.00028062332179335485	-179.99998906946584
3.6982817978026628	0.00027547931104122335	-179.99998929493634
3.732501577957206	0.0002704300409915188	-179.99998951520055
3.767037989839089	0.0002654737484744039	-179.99998973040084
3.801893963205613	0.0002606087039167544	-179.99998994067488
3.8370724549227884	0.00025583321066630066	-179.9999901461558
3.8725764492161727	0.0002511456043310967	-179.99999034697234
3.908408957924021	0.0002465442521338854	-179.99999054324908
3.944573020752785	0.00024202755228093604	-179.99999073510648
3.981071705534973	0.00023759393334495536	-179.99999092266114
4.0179081084894	0.00023324185366167913	-179.99999110602602
4.055085354483839	0.00022896980073977511	-179.99999128531036
4.09260659730011	0.00022477629068369466	-179.99999146062
4.130475019901614	0.00022065986762912854	-179.9999916320575
4.168693834703355	0.00021661910319073008	-179.99999179972215
4.207266283844442	0.0002126525959217866	-179.99999196371022
4.24619563946313	0.00020875897078552537	-179.99999212411498
4.285485203974396	0.00020493687863775483	-179.9999922810269
4.325138310350088	0.00020118499572055126	-179.9999924345336
4.365158322401661	0.00019750202316671042	-179.99999258472013
4.405548635065534	0.00019388668651469304	-179.999992731669
4.446312674691089	0.00019033773523380177	-179.99999287546024
4.487453899331323	0.00018685394225933838	-179.99999301617146
4.528975799036209	0.00018343410353749144	-179.99999315387802
4.570881896148752	0.0001800770375797225	-179.99999328865314
4.613175745603791	0.00017678158502641613	-179.99999342056776
4.655860935229586	0.0001735466082195721	-179.99999354969094
4.698941086052151	0.00017037099078432615	-179.9999936760896
4.742419852602444	0.00016725363721908654	-179.99999379982884
4.7863009232263805	0.0001641934724940846	-179.9999939209719
4.830588020397723	0.00016118944165814192	-179.99999403958023
4.875284901033861	0.00015824050945346303	-179.9999941557135
4.920395356814506	0.00015534565993826843	-179.99999426942983
4.965923214503357	0.0001525038961170851	-179.99999438078564
5.01187233627272	0.00014971423957852286	-179.9999944898358
5.058246620031137	0.00014697573014036316	-179.9999945966337
5.105049999754059	0.00014428742550179636	-179.9999947012313
5.152286445817562	0.00014164840090264617	-179.99999480367907
5.1999599653351565	0.0001390577487894252	-179.9999949040262
5.248074602497723	0.0001365145784880681	-179.99999500232053
5.296634438916575	0.00013401801588319625	-179.99999509860862
5.345643593969713	0.00013156720310376777	-179.9999951929358
5.395106225151273	0.00012916129821497383	-179.99999528534622
5.445026528424209	0.00012679947491624457	-179.99999537588283
5.495408738576242	0.00012448092224523098	-179.99999546458753
5.5462571295791046	0.00012220484428763348	-179.99999555150106
5.597576014951099	0.00011997045989275131	-179.99999563666313
5.649369748123022	0.00011777700239462914	-179.9999957201125
5.701642722807472	0.00011562371933868123	-179.99999580188688
5.754399373371567	0.00011350987221367657	-179.99999588202294
5.807644175213118	0.00011143473618897032	-179.9999959605566
5.861381645140285	0.0001093975998568711	-179.99999603752275
5.9156163417547365	0.00010739776498003536	-179.99999611295542
5.9703528658383656	0.00010543454624378331	-179.99999618688787
6.025595860743575	0.00010350727101323275	-179.99999625935243
6.081350012787176	0.00010161527909515128	-179.99999633038072
6.137620051647939	0.00009975792250442674	-179.99999640000354
6.194410750767812	0.00009793456523506206	-179.99999646825094
6.251726927756856	0.00009614458303559905	-179.99999653515226
6.30957344480193	0.00009438736318888149	-179.99999660073607
6.367955209079155	0.00009266230429606618	-179.99999666503035
6.426877173170194	0.00009096881606479652	-179.99999672806237
6.486344335482381	0.00008930631910145267	-179.99999678985867
6.546361740672747	0.00008767424470739499	-179.99999685044526
6.6069344800759575	0.00008607203467911959	-179.99999690984754
6.668067692136219	0.0000844991411122466	-179.99999696809022
6.729766562843175	0.00008295502620926364	-179.9999970251975
6.792036326171843	0.00008143916209094801	-179.99999708119302
6.854882264526613	0.00007995103061139407	-179.9999971360998
6.918309709189362	0.00007849012317657311	-179.99999718994042
6.9823240407717115	0.0000770559405663544	-179.99999724273687
7.046930689671467	0.00007564799275991879	-179.99999729451065
7.112135136533288	0.00007426579876449618	-179.99999734528282
7.177942912713615	0.00007290888644736141	-179.99999739507385
7.244359600749899	0.00007157679237102309	-179.99999744390388
7.311390834834173	0.00007026906163154255	-179.9999974917925
7.379042301291007	0.0000689852476999197	-179.99999753875886
7.447319739059888	0.00006772491226648648	-179.9999975848217
7.516228940182053	0.00006648762508824762	-179.9999976299994
7.585775750291836	0.00006527296383911068	-179.99999767430984
7.655966069112561	0.00006408051396294865	-179.99999771777055
7.726805850957022	0.00006290986852943932	-179.99999776039863
7.798301105232586	0.0000617606280926271	-179.99999780221086
7.870457896950985	0.00006063240055215347	-179.99999784322364
7.943282347242813	0.00005952480101710449	-179.99999788345295
8.01678063387679	0.00005843745167242392	-179.99999792291447
8.090958991783822	0.0000573699816478416	-179.99999796162356
8.165823713585922	0.000056322026889268956	-179.99999799959522
8.241381150130021	0.00005529323003261252	-179.99999803684412
8.317637711026709	0.00005428324027995961	-179.9999980733846
8.394599865193973	0.00005329171327808941	-179.99999810923072
8.472274141405963	0.000052318310999264525	-179.99999814439624
8.550667128846833	0.00005136270162425924	-179.99999817889463
8.629785477669701	0.00005042455942758103	-179.99999821273903
8.709635899560805	0.00004950356466484258	-179.99999824594232
8.790225168308842	0.000048599403462243913	-179.99999827851718
8.871560120379607	0.000047711767708122847	-179.99999831047586
8.953647655495937	0.00004684035494653477	-179.99999834183055
9.036494737223014	0.0000459848682728224	-179.99999837259298
9.120108393559097	0.00004514501623113756	-179.99999840277482
9.204495717531712	0.00004432051271387717	-179.9999984323874
9.289663867799362	0.000043511076862997396	-179.99999846144178
9.375620069258803	0.00004271643297316949	-179.9999984899489
9.462371613657929	0.000041936310396742387	-179.99999851791938
9.549925860214358	0.00004117044345047738	-179.9999985453636
9.638290236239705	0.00004041857132402138	-179.99999857229187
9.727472237769652	0.00003968043799008544	-179.99999859871417
9.817479430199844	0.00003895579211629581	-179.99999862464026
9.908319448927676	0.00003824438697868636	-179.99999865007973
10.	0.000037545980376800385	-179.999998675042
10.092528860766844	0.00003686033455037199	-179.9999986995363
10.18591388054117	0.00003618721609755653	-179.99999872357162
10.280162981264736	0.00003552639589468091	-179.99999874715684
10.375284158180126	0.000034877649017485	-179.99999877030058
10.471285480508996	0.000034240754663826084	-179.99999879301132
10.568175092136585	0.00003361549607781812	-179.9999988152974
10.665961212302578	0.00003300166047537935	-179.9999988371669
10.76465213629835	0.00003239903897116127	-179.99999885862792
10.864256236170656	0.000031807426506833034	-179.99999887968815
10.964781961431852	0.000031226621780695496	-179.99999890035537
11.066237839776663	0.0000306564271786002	-179.99999892063695
11.168632477805613	0.000030096648706148444	-179.99999894054037
11.271974561755105	0.000029547095922146423	-179.9999989600728
11.37627285823431	0.00002900758187329276	-179.99999897924127
11.481536214968829	0.00002847792303007539	-179.99999899805277
11.587773561551263	0.000027957939223854818	-179.99999901651407
11.694993910198711	0.000027447453585111887	-179.9999990346318
11.803206356517286	0.00002694629248283777	-179.99999905241253
11.912420080273739	0.000026454285465044663	-179.9999990698626
12.022644346174118	0.00002597126520037721	-179.9999990869883
12.133888504649763	0.000025497067420802383	-179.99999910379583
12.246161992650476	0.00002503153086535908	-179.9999991202911
12.359474334445094	0.000024574497224946735	-179.99999913648014
12.47383514242942	0.000024125811088133895	-179.99999915236864
12.589254117941662	0.00002368531988796762	-179.99999916796233
12.705741052085406	0.00002325287384976473	-179.99999918326677
12.823305826560205	0.000022828325939867085	-179.9999991982874
12.941958414499851	0.000022411531815342418	-179.99999921302958
13.061708881318404	0.000022002349774613255	-179.99999922749856
13.182567385564061	0.000021600640708996583	-179.99999924169947
13.304544179780901	0.000021206268055137437	-179.9999992556374
13.427649611378628	0.000020819097748319406	-179.99999926931721
13.551894123510351	0.000020438998176636026	-179.99999928274383
13.67728825595848	0.000020065840136006925	-179.99999929592198
13.803842646028839	0.000019699496786022857	-179.99999930885633
13.931568029453022	0.00001933984360660449	-179.99999932155146
14.060475241299129	0.000018986758355459498	-179.99999933401185
14.190575216890911	0.000018640121026323316	-179.9999993462419
14.321878992735424	0.000018299813807968902	-179.99999935824596
14.454397707459265	0.000017965721043971253	-179.99999937002818
14.588142602753473	0.000017637729193212604	-179.99999938159277
14.723125024327178	0.000017315726791114643	-179.99999939294378
14.859356422870059	0.000016999604411584137	-179.99999940408523
14.996848355023726	0.000016689254629658798	-179.99999941502102
15.135612484362072	0.000016384571984840383	-179.99999942575496
15.275660582380716	0.00001608545294510228	-179.9999994362909
15.417004529495584	0.000015791795871559115	-179.99999944663244
15.559656316050734	0.000015503500983785964	-179.99999945678326
15.703628043335515	0.00001522047032577535	-179.9999994667469
15.848931924611126	0.000014942607732520035	-179.99999947652685
15.995580286146678	0.000014669818797210102	-179.99999948612657
16.143585568264854	0.000014402010839032932	-179.99999949554933
16.292960326397214	0.000014139092871564896	-179.9999995047985
16.443717232149307	0.000013880975571743876	-179.99999951387727
16.595869074375596	0.000013627571249411793	-179.99999952278884
16.749428760264365	0.000013378793817416663	-179.9999995315363
16.90440931643263	0.000013134558762263778	-179.9999995401227
17.060823890031227	0.000012894783115305906	-179.99999954855105
17.21868574986006	0.00001265938542446258	-179.99999955682424
17.378008287493746	0.000012428285726458563	-179.9999995649452
17.5388050184176	0.000012201405519572067	-179.99999957291675
17.701089583174202	0.000011978667736883205	-179.99999958074162
17.864875748520497	0.0000117599967200135	-179.99999958842255
18.03017740859568	0.000011545318193347293	-179.99999959596227
18.197008586099827	0.000011334559238726308	-179.9999996033633
18.365383433483455	0.000011127648270608478	-179.99999961062827
18.535316234148105	0.000010924515011682605	-179.9999996177597
18.706821403657997	0.000010725090468930346	-179.99999962476005
18.879913490962927	0.000010529306910127336	-179.9999996316317
19.054607179632463	0.000010337097840775359	-179.99999963837715
19.230917289101576	0.000010148397981457523	-179.9999996449986
19.408858775927772	9.963143245608803e-6	-179.99999965149846
19.58844673505989	9.781270717694139e-6	-179.9999996578789
19.769696401118598	9.602718631786728e-6	-179.99999966414217
19.952623149688787	9.427426350538964e-6	-179.9999996702904
20.137242498623873	9.255334344538994e-6	-179.99999967632573
20.32357010936221	9.086384172045632e-6	-179.99999968225026
20.511621788255646	8.920518459094744e-6	-179.99999968806605
20.701413487910415	8.757680879970221e-6	-179.99999969377507
20.892961308540386	8.597816138032889e-6	-179.99999969937934
21.086281499332888	8.440869946900713e-6	-179.99999970488074
21.28139045982711	8.286789011973861e-6	-179.99999971028117
21.47830474130533	8.135521012298264e-6	-179.99999971558253
21.67704104819694	7.98701458276147e-6	-179.99999972078666
21.87761623949552	7.841219296614678e-6	-179.9999997258953
22.080047330188993	7.698085648314922e-6	-179.99999973091025
22.28435149270303	7.55756503668155e-6	-179.99999973583317
22.490546058357804	7.419609748361226e-6	-179.99999974066586
22.698648518838212	7.284172941595768e-6	-179.99999974540992
22.908676527677724	7.15120863028722e-6	-179.999999750067
23.12064790175594	7.02067166835481e-6	-179.9999997546387
23.33458062281002	6.892517734378289e-6	-179.99999975912658
23.55049283896009	6.766703316522492e-6	-179.9999997635322
23.76840286624876	6.6431856977378964e-6	-179.99999976785708
23.9883291901949	6.521922941232168e-6	-179.99999977210265
24.210290467361776	6.40287387620766e-6	-179.99999977627044
24.434305526939713	6.2859980838599896e-6	-179.99999978036186
24.660393372343385	6.1712558836329494e-6	-179.9999997843783
24.888573182823905	6.058608319724993e-6	-179.9999997883212
25.118864315095795	5.948017147842686e-6	-179.9999997921918
25.351286304979073	5.83944482219662e-6	-179.9999997959915
25.58585886905645	5.732854482735309e-6	-179.99999979972165
25.82260190634596	5.628209942612704e-6	-179.99999980338342
26.06153549998895	5.52547567588507e-6	-179.99999980697814
26.302679918953814	5.424616805432952e-6	-179.99999981050703
26.54605561975539	5.325599091104202e-6	-179.9999998139713
26.791683248190314	5.2283889180738854e-6	-179.99999981737213
27.039583641088434	5.1329532854172235e-6	-179.99999982071066
27.289777828080403	5.039259794891534e-6	-179.99999982398808
27.542287033381662	4.947276639923448e-6	-179.9999998272055
27.797132677592884	4.856972594797569e-6	-179.99999983036403
28.05433637951713	4.768317004042912e-6	-179.9999998334647
28.31391995799379	4.681279772013475e-6	-179.99999983650864
28.575905433749465	4.595831352659417e-6	-179.99999983949684
28.84031503126606	4.5119427394853085e-6	-179.99999984243038
29.10717118066605	4.4295854556920625e-6	-179.9999998453102
29.376496519615305	4.348731544499152e-6	-179.99999984813732
29.648313895243422	4.269353559643822e-6	-179.99999985091273
29.92264636608189	4.191424556054056e-6	-179.99999985363732
30.19951720402016	4.114918080692101e-6	-179.99999985631206
30.4789498962798	4.039808163565454e-6	-179.99999985893785
30.76096814740705	3.966069308902162e-6	-179.99999986151562
31.045595881283525	3.893676486487594e-6	-179.9999998640462
31.332857243155825	3.822605123159497e-6	-179.9999998665305
31.62277660168376	3.752831094458642e-6	-179.99999986896933
31.91537855100758	3.684330716432085e-6	-179.99999987136357
32.21068791283432	3.617080737586303e-6	-179.99999987371402
32.50872973854341	3.551058330987444e-6	-179.99999987602143
32.80952931131187	3.486241086505998e-6	-179.99999987828667
33.11311214825908	3.422607003203243e-6	-179.99999988051047
33.41950400261139	3.360134481856881e-6	-179.9999998826936
33.72873086588685	3.2988023176232912e-6	-179.99999988483683
34.040818970100055	3.2385896928339396e-6	-179.99999988694083
34.35579478998743	3.179476169923434e-6	-179.99999988900635
34.67368504525313	3.12144168448687e-6	-179.9999998910341
34.994516702835696	3.064466538464062e-6	-179.99999989302478
35.318316979195664	3.0085313934483603e-6	-179.99999989497906
35.64511334262439	2.953617264117758e-6	-179.99999989689758
35.9749335155742	2.8997055117860514e-6	-179.99999989878103
36.3078054770101	2.8467778380718825e-6	-179.99999990063006
36.64375746478329	2.794816278683453e-6	-179.9999999024453
36.98281797802659	2.743803197316859e-6	-179.9999999042273
37.32501577957203	2.693721279665907e-6	-179.99999990597678
37.670379898390856	2.6445535275414177e-6	-179.99999990769425
38.01893963205609	2.596283253097979e-6	-179.9999999093803
38.370724549227845	2.5488940731662068e-6	-179.99999991103556
38.72576449216169	2.5023699036885736e-6	-179.99999991266054
39.08408957924017	2.45669495425691e-6	-179.99999991425582
39.44573020752781	2.4118537227497197e-6	-179.99999991582197
39.81071705534969	2.3678309900674814e-6	-179.99999991735947
40.17908108489396	2.3246118149641526e-6	-179.99999991886887
40.55085354483835	2.2821815289730997e-6	-179.99999992035066
40.92606597300105	2.2405257314257457e-6	-179.9999999218054
41.304750199016105	2.1996302845612256e-6	-179.99999992323356
41.68693834703351	2.1594813087253967e-6	-179.99999992463557
42.07266283844438	2.1200651776575534e-6	-179.999999926012
42.46195639463126	2.0813685138632614e-6	-179.9999999273633
42.85485203974392	2.043378184071726e-6	-179.99999992868985
43.251383103500835	2.0060812947761463e-6	-179.99999992999219
43.65158322401656	1.9694651878555443e-6	-179.9999999312707
44.0554863506553	1.933517436276579e-6	-179.99999993252587
44.46312674691084	1.8982258398738783e-6	-179.9999999337581
44.87453899331318	1.8635784212074509e-6	-179.9999999349678
45.28975799036204	1.82956342149578e-6	-179.99999993615543
45.708818961487474	1.7961692966232098e-6	-179.99999993732135
46.13175745603791	1.7633847132202576e-6	-179.99999993846595
46.55860935229586	1.731198544815532e-6	-179.99999993958963
46.98941086052151	1.6995998680579345e-6	-179.99999994069282
47.42419852602443	1.6685779590078801e-6	-179.99999994177583
47.8630092322638	1.6381222894962543e-6	-179.99999994283905
48.30588020397723	1.6082225235498694e-6	-179.9999999438828
48.7528490103386	1.5788685138822279e-6	-179.99999994490756
49.20395356814506	1.5500502984483687e-6	-179.99999994591357
49.65923214503358	1.5217580970626471e-6	-179.9999999469012
50.118723362727195	1.493982308078286e-6	-179.99999994787078
50.58246620031137	1.466713505127574e-6	-179.99999994882265
51.0504999975406	1.439942433921605e-6	-179.99999994975715
51.52286445817562	1.4136600091084621e-6	-179.99999995067455
51.99959965335157	1.387857311188787e-6	-179.9999999515752
52.48074602497723	1.3625255834876812e-6	-179.99999995245943
52.966344389165755	1.3376562291819095e-6	-179.99999995332746
53.45643593969714	1.313240808381399e-6	-179.99999995417969
53.95106225151273	1.2892710352640335e-6	-179.9999999550163
54.450265284242086	1.2657387752627832e-6	-179.99999995583764
54.95408738576243	1.2426360423041933e-6	-179.999999956644
55.462571295791044	1.2199549960973169e-6	-179.99999995743562
55.97576014951099	1.1976879394721452e-6	-179.99999995821278
56.49369748123023	1.1758273157666554e-6	-179.99999995897574
57.01642722807472	1.1543657062615685e-6	-179.99999995972476
57.543993733715666	1.1332958276619508e-6	-179.99999996046012
58.07644175213118	1.1126105296248167e-6	-179.99999996118206
58.61381645140285	1.0923027923318657e-6	-179.99999996189078
59.15616341754737	1.0723657241065545e-6	-179.99999996258654
59.70352865838366	1.05279255907468e-6	-179.99999996326963
60.255958607435744	1.0335766548676831e-6	-179.99999996394024
60.81350012787176	1.0147114903678882e-6	-179.9999999645986
61.37620051647939	9.961906634949222e-7	-179.99999996524494
61.94410750767812	9.780078890325486e-7	-179.99999996587945
62.51726927756855	9.60156996495186e-7	-179.99999996650243
63.0957344480193	9.426319280333834e-7	-179.99999996711398
63.67955209079155	9.254267363775446e-7	-179.9999999677144
64.26877173170195	9.085355828191939e-7	-179.99999996830383
64.86344335482381	8.919527352291095e-7	-179.9999999688825
65.46361740672747	8.756725661116379e-7	-179.99999996945058
66.06934480075958	8.596895506945412e-7	-179.9999999700083
66.68067692136219	8.439982650537205e-7	-179.99999997055588
67.29766562843174	8.285933842721773e-7	-179.99999997109342
67.92036326171844	8.134696806325941e-7	-179.99999997162112
68.54882264526613	7.986220218429159e-7	-179.99999997213922
69.18309709189363	7.840453692943244e-7	-179.99999997264786
69.82324040771712	7.697347763510311e-7	-179.99999997314723
70.46930689671467	7.556853866712835e-7	-179.99999997363741
71.12135136533288	7.418924325590339e-7	-179.9999999741187
71.77942912713615	7.283512333457018e-7	-179.9999999745912
72.44359600749898	7.150571938014858e-7	-179.99999997505506
73.11390834834172	7.020058025756729e-7	-179.99999997551043
73.79042301291008	6.891926306654364e-7	-179.99999997595754
74.47319739059888	6.766133299125802e-7	-179.99999997639642
75.16228940182053	6.642636315277341e-7	-179.99999997682733
75.85775750291836	6.521393446414922e-7	-179.99999997725035
76.55966069112561	6.402363548820052e-7	-179.99999997766565
77.26805850957021	6.285506229785396e-7	-179.9999999780734
77.98301105232578	6.170781833905354e-7	-179.99999997847365
78.70457896950977	6.05815142961688e-7	-179.9999999788666
79.43282347242805	5.947576795986111e-7	-179.99999997925244
80.16780633876782	5.83902040973616e-7	-179.99999997963116
80.90958991783813	5.732445432511755e-7	-179.99999998000303
81.65823713585914	5.627815698376412e-7	-179.99999998036805
82.41381150130013	5.525095701537845e-7	-179.99999998072641
83.176377110267	5.424250584297479e-7	-179.99999998107828
83.94599865193965	5.325246125219952e-7	-179.99999998142368
84.72274141405954	5.228048727518623e-7	-179.99999998176278
85.50667128846823	5.132625407653091e-7	-179.9999999820957
86.29785477669692	5.038943784134905e-7	-179.99999998242254
87.09635899560797	4.94697206653762e-7	-179.9999999827434
87.90225168308834	4.856679044707511e-7	-179.99999998305844
88.71560120379598	4.768034078171226e-7	-179.99999998336767
89.53647655495928	4.68100708573684e-7	-179.9999999836713
90.36494737223005	4.595568535284739e-7	-179.99999998396936
91.20108393559087	4.5116894337448916e-7	-179.999999984262
92.04495717531702	4.429341317257072e-7	-179.9999999845493
92.89663867799354	4.3484962415107263e-7	-179.99999998483133
93.75620069258792	4.2691267722612166e-7	-179.99999998510825
94.6237161365792	4.191205976019143e-7	-179.99999998538007
95.4992586021435	4.1147074109096923e-7	-179.99999998564695
96.38290236239695	4.0396051176988087e-7	-179.99999998590894
97.2747223776964	3.965873610983222e-7	-179.99999998616616
98.17479430199833	3.893487870541276e-7	-179.9999999864187
99.08319448927665	3.8224233328416675e-7	-179.9999999866666
99.9999999999999	3.7526558827071933e-7	-179.99999998690998