0.01000000000000001	1.030520637118749	-2.1993644356389277
0.010092528860766855	1.0311494965470076	-2.22146988240816
0.01018591388054118	1.0317909082901437	-2.243842446097202
0.010280162981264745	1.032445139806256	-2.2664865077875054
0.010375284158180138	1.0331124649091235	-2.2894065505628483
0.010471285480509006	1.0337931639444882	-2.312607162587189
0.010568175092136596	1.0344875239722338	-2.3360930402928335
0.01066596121230259	1.035195838954612	-2.3598689916832467
0.010764652136298361	1.0359184099507313	-2.3839399397552383
0.010864256236170667	1.03665554531773	-2.4083109260458024
0.010964781961431863	1.0374075609186304	-2.4329871143082418
0.011066237839776675	1.0381747803374	-2.45797379432358
0.011168632477805623	1.038957535101329	-2.483276385852526
0.011271974561755117	1.0397561649111309	-2.508900442734233
0.011376272858234322	1.0405710178790242	-2.5348516571379665
0.01148153621496884	1.0414024507751032	-2.5611358639741626
0.011587773561551273	1.0422508292824701	-2.5877590454721178
0.011694993910198724	1.043116528261296	-2.614727335930998
0.01180320635651731	1.0439999320223294	-2.642047026652104
0.011912420080273762	1.0449014346102141	-2.6697245710602577
0.012022644346174144	1.0458214400970127	-2.697766590022637
0.012133888504649786	1.0467603628863755	-2.726179877373722
0.012246161992650502	1.0477186280288258	-2.7549714056557306
0.01235947433444512	1.0486966715486075	-2.7841483320840394
0.012473835142429446	1.0496949407826215	-2.8137180047478036
0.012589254117941687	1.0507138947320231	-2.843687969056691
0.012705741052085433	1.0517540044268954	-2.8740659744444477
0.012823305826560232	1.0528157533047258	-2.904859981341621
0.01294195841449987	1.0538996376032561	-2.936078168429746
0.013061708881318424	1.0550061667682589	-2.9677289401898292
0.013182567385564082	1.0561358638770233	-2.99982093475921
0.01330454417978092	1.0572892660782418	-3.0323630321113377
0.013427649611378649	1.0584669250489682	-3.0653643625735194
0.01355189412351037	1.0596694074695188	-3.0988343156990004
0.013677288255958502	1.0608972955170672	-3.13278254951022
0.013803842646028859	1.0621511873788971	-3.167219000131447
0.013931568029453043	1.063431697786105	-3.202153891829329
0.01406047524129915	1.0647394585688217	-3.2375977474817366
0.014190575216890933	1.0660751192338804	-3.2735613994956085
0.014321878992735446	1.067439347566122	-3.3100560011965863
0.014454397707459286	1.0688328302542882	-3.347093038713323
0.014588142602753497	1.070256273542872	-3.3846843433819784
0.014723125024327202	1.0717104039110648	-3.422842104696805
0.014859356422870082	1.0731959687801393	-3.461578883834699
0.014996848355023748	1.0747137372507523	-3.500907627783505
0.015135612484362095	1.0762645008714875	-3.5408416841046235
0.015275660582380739	1.0778490744403655	-3.5813948163635643
0.015417004529495607	1.079468296840851	-3.6225812202629952
0.015559656316050758	1.081123031914101	-3.664415540515282
0.01570362804333554	1.082814169369456	-3.7069128884944673
0.015848931924611148	1.084542625734849	-3.7500888607082574
0.015995580286146702	1.086309345349452	-3.7939595581352648
0.016143585568264878	1.0881153014006117	-3.838541606473813
0.016292960326397238	1.0899614970073839	-3.8838521773522703
0.01644371723214933	1.0918489663531874	-3.9299090105539465
0.016595869074375623	1.0937787758700845	-3.9767304373126797
0.01674942876026439	1.0957520254775655	-4.024335404739177
0.016904409316432657	1.0977698498785575	-4.072743501441164
0.017060823890031253	1.0998334199160105	-4.1219749844059965
0.017218685749860088	1.1019439439931185	-4.172050807216897
0.017378008287493772	1.1041026695608023	-4.22299264968025
0.01753880501841763	1.1063108846761212	-4.274822948945533
0.01770108958317423	1.1085699196355279	-4.327564932205235
0.017864875748520526	1.110881148687232	-4.381242651067919
0.018030177408595707	1.1132459918270325	-4.435881017703677
0.018197008586099853	1.1156659166824534	-4.4915058428682615
0.018365383433483484	1.118142440490116	-4.54814387591885
0.018535316234148135	1.1206771321718665	-4.605822846943221
0.018706821403658026	1.1232716145152553	-4.664571511131326
0.018879913490962956	1.12592756646451	-4.724419695528078
0.019054607179632494	1.128646725528535	-4.785398348315895
0.019230917289101597	1.131430890312863	-4.847539590785863
0.019408858775927792	1.1342819231828947	-4.9108767721676685
0.01958844673505991	1.1372017530664686	-4.975444527501467
0.01976969640111862	1.1401923784040362	-5.04127883874702
0.01995262314968881	1.1432558702556026	-5.10841709934109
0.020137242498623895	1.1463943755739725	-5.17689818242864
0.02032357010936223	1.1496101206546745	-5.246762513010937
0.020511621788255666	1.1529054147735704	-5.318052144271763
0.020701413487910436	1.1562826540239448	-5.390810838362536
0.02089296130854041	1.1597443253657145	-5.465084151949157
0.02108628149933291	1.1632930109003936	-5.540919526846795
0.021281390459827135	1.16693139238611	-5.618366386093155
0.021478304741305354	1.1706622560085265	-5.6974762358406865
0.02167704104819696	1.1744884974241394	-5.778302773475909
0.02187761623949554	1.1784131270939202	-5.860902002408025
0.022080047330189013	1.1824392759267246	-5.945332354005656
0.022284351492703053	1.186570201252774	-6.031654817196568
0.022490546058357826	1.19080929314975	-6.1199330762913595
0.022698648518838235	1.195160081145234	-6.210233657636266
0.022908676527677748	1.1996262413211731	-6.302626085751736
0.023120647901755963	1.2042116038479596	-6.39718304966859
0.023334580622810044	1.2089201609779379	-6.493980580235361
0.023550492838960112	1.2137560755303343	-6.59309823923638
0.023768402866248782	1.2187236899019782	-6.694619321232534
0.02398832919019492	1.2238275356411648	-6.798631069119033
0.0242102904673618	1.2290723436245374	-6.905224904479903
0.02443430552693974	1.2344630548803095	-7.014496673918031
0.024660393372343412	1.2400048321041781	-7.126546912643698
0.02488857318282393	1.2457030719185278	-7.241481126725202
0.025118864315095822	1.251563417928791	-7.359410095530107
0.025351286304979098	1.257591774635679	-7.480450196031656
0.02558585886905648	1.263794322266362	-7.604723750809807
0.025822601906345985	1.2701775325928866	-7.732359401751728
0.026061535499988978	1.2767481858112704	-7.8634925116464744
0.026302679918953843	1.2835133885609349	-7.998265596083225
0.026546055619755416	1.2904805931701528	-8.136828788296128
0.026791683248190343	1.2976576182201447	-8.27934033985986
0.027039583641088463	1.3050526705277197	-8.42596716042956
0.027289777828080432	1.312674368654275	-8.57688540003968
0.02754228703338169	1.3205317680573176	-8.732281077833127
0.02779713267759291	1.328634388009617	-8.89235076148808
0.02805433637951716	1.3369922404209214	-9.057302302053841
0.028313919957993816	1.3456158607068782	-9.227355629395092
0.028575905433749497	1.3545163408610623	-9.402743613997082
0.028840315031266085	1.3637053648967619	-9.583713001491759
0.02910717118066608	1.3731952468372408	-9.770525426950975
0.029376496519615335	1.3829989714450892	-9.963458516754446
0.029648313895243455	1.3931302378935815	-10.162807086693405
0.02992264636608192	1.4036035065956034	-10.368884445927446
0.030199517204020192	1.4144340494172591	-10.582023817476335
0.03047894989627986	1.4256380035152938	-10.802579887128525
0.03076096814740711	1.4372324290476022	-11.030930493986745
0.031045595881283587	1.4492353710146268	-11.267478477371673
0.03133285724315589	1.4616659254956943	-11.51265369648964
0.031622776601683826	1.4745443105462746	-11.766915241154319
0.03191537855100765	1.4878919420194514	-12.030753853967857
0.03221068791283438	1.5017315145645544	-12.304694586732326
0.03250872973854347	1.5160870880366053	-12.589299716516075
0.03280952931131194	1.5309841795175967	-12.88517194976021
0.03311311214825915	1.5464498611018929	-13.192957946125102
0.03341950400261146	1.5625128635272505	-13.513352197469699
0.03372873086588692	1.5792036856333016	-13.8471013014621
0.034040818970100126	1.5965547094937405	-14.19500867388334
0.0343557947899875	1.6146003208837638	-14.55793974871524
0.0346736850452532	1.6333770344996017	-14.936827720648312
0.034994516702835765	1.652923623022021	-15.332679890689466
0.035318316979195734	1.673281248689452	-15.746584682100485
0.03564511334262446	1.6944935954906597	-16.179719400917936
0.03597493351557427	1.7166069993636153	-16.63335882269927
0.03630780547701017	1.7396705728520063	-17.108884694780187
0.03664375746478335	1.7637363194638542	-17.607796250969376
0.03698281797802665	1.788859231424281	-18.13172184289564
0.037325015779572084	1.8150973625225282	-18.68243179861457
0.037670379898390914	1.8425118652041346	-19.261852623797104
0.038018939632056145	1.8711669778056803	-19.872082662740517
0.0383707245492279	1.901129943686936	-20.515409333959763
0.038725764492161745	1.9324708387586766	-21.19432804602323
0.03908408957924023	1.965262277257734	-21.911562880508544
0.03944573020752787	1.9995789572523028	-22.670089096227873
0.039810717055349755	2.035496996882095	-23.473157456450068
0.04017908108489402	2.0730929993075193	-24.32432030094624
0.040550853544838415	2.112442768281167	-25.22745916689935
0.040926065973001115	2.1536195766855735	-26.186813593272102
0.041304750199016166	2.1966918669092936	-27.20701050423538
0.04168693834703357	2.241720234369753	-28.293093235701544
0.04207266283844444	2.2887535140946764	-29.450548816177147
0.04246195639463132	2.337823756105715	-30.685331504239112
0.042854852039743985	2.3889398408383333	-32.003879779703915
0.04325138310350091	2.4420794556237437	-33.413122941080196
0.04365158322401663	2.4971791353729955	-34.92047213839123
0.044055486350655364	2.554122078015973	-36.53378904327599
0.04446312674691091	2.6127234977450504	-38.26132343830135
0.04487453899331325	2.672713405168669	-40.11160887443537
0.04528975799036211	2.733716941341759	-42.09330339804085
0.04570881896148754	2.7952327891079842	-44.214960571360244
0.04613175745603798	2.8566107893914463	-46.48471525460197
0.04655860935229591	2.917030738427588	-48.90986987461154
0.04698941086052156	2.9754854297719997	-51.49637152607882
0.04742419852602448	3.0307722424004484	-54.248179836034254
0.04786300923226385	3.081498732716864	-57.166541560170266
0.04830588020397728	3.1261083454078045	-60.249211031683124
0.04875284901033865	3.1629319133468923	-63.489684590013646
0.04920395356814511	3.1902684004010498	-66.876547564574
0.04965923214503363	3.2064938980063187	-70.39305598645319
0.05011872336272725	3.210191400713707	-74.01708059707212
0.05058246620031143	3.200286572862315	-77.72151679497192
0.051050499997540646	3.176168857756776	-81.47520564318224
0.05152286445817567	3.1377755798672964	-85.24432431931312
0.05199959965335162	3.08562101580437	-88.99410944379676
0.052480746024977286	3.020762489401722	-92.69070214280532
0.05296634438916581	2.9447085793095162	-96.30287508574641
0.05345643593969719	2.8592862297372217	-99.80342948612545
0.05395106225151279	2.766490167951242	-103.1701240766772
0.05445026528424214	2.6683380457766184	-106.38609292562224
0.05495408738576248	2.5667492630002293	-109.43979602167855
0.0554625712957911	2.4634572720634775	-112.32460560926367
0.05597576014951104	2.3599572052808453	-115.03815571587624
0.05649369748123028	2.257484819012833	-117.58157730389222
0.05701642722807478	2.1570196291666877	-119.95871807636445
0.05754399373371572	2.0593043576621404	-122.1754155522179
0.05807644175213124	1.9648736150197543	-124.23886295204147
0.05861381645140291	1.8740862946631562	-126.15708417352876
0.05915616341754743	1.7871578466309828	-127.93851798614756
0.05970352865838372	1.7041900861890489	-129.59170189750097
0.06025595860743581	1.625197337422266	-131.12504145650706
0.060813500127871824	1.5501285045801712	-132.54664945926203
0.061376200516479455	1.4788851598243213	-133.86424025565225
0.06194410750767818	1.4113360097301213	-135.08506612142915
0.06251726927756862	1.3473282248621614	-136.2158848052711
0.06309573444801936	1.2866961435181856	-137.26294949504017
0.06367955209079162	1.229267833337884	-138.23201437106238
0.064268771731702	1.1748699404006262	-139.12835054570215
0.06486344335482389	1.1233311918648832	-139.95676851598094
0.06546361740672754	1.0744848550348327	-140.72164430385223
0.06606934480075964	1.0281703980963541	-141.42694726656185
0.06668067692136226	0.9842345478001634	-142.07626817028316
0.06729766562843183	0.9425318975203928	-142.67284657415604
0.0679203632617185	0.9029251849027192	-143.21959690391182
0.0685488226452662	0.8652853308414459	-143.71913283321211
0.0691830970918937	0.8294913097608572	-144.1737897597569
0.06982324040771719	0.7954299041223655	-144.58564528003927
0.07046930689671474	0.7629953828310421	-144.9565376452353
0.07112135136533296	0.7320891330019031	-145.2880822314513
0.07177942912713622	0.7026192667226736	-145.58168608828814
0.07244359600749906	0.6745002184939695	-145.83856064614244
0.0731139083483418	0.6476523445207852	-146.0597326691074
0.07379042301291015	0.6220015316397367	-146.24605353982977
0.07447319739059896	0.5974788211354318	-146.3982069574331
0.07516228940182061	0.5740200508241755	-146.51671512122363
0.07585775750291844	0.5515655174077695	-146.601943462464
0.07655966069112569	0.530059660103972	-146.6541039748127
0.07726805850957029	0.5094507658503927	-146.67325718165026
0.07798301105232593	0.4896906958849206	-146.6593127658128
0.07870457896950993	0.4707346331739601	-146.61202887453962
0.07943282347242822	0.4525408499489069	-146.53101009994015
0.08016780633876798	0.4350704944904889	-146.4157041232309
0.0809095899178383	0.4182873962465355	-146.2653969996314
0.0816582371358593	0.402157888363746	-146.07920705048454
0.0824138115013003	0.3866506467453476	-145.8560773203103
0.08317637711026717	0.37173654480451385	-145.5947665497345
0.08394599865193982	0.3573885231610277	-145.29383861141713
0.08472274141405972	0.34358147362112024	-144.951650356404
0.08550667128846841	0.33029213688408515	-144.56633782436043
0.0862978547766971	0.3174990135318807	-144.1358007850787
0.08709635899560814	0.30518228797783775	-143.65768560339876
0.08790225168308852	0.2933237651767999	-143.12936645908295
0.08871560120379617	0.2819068200306528	-142.54792501228127
0.08953647655495947	0.2709163595596574	-141.9101286905195
0.09036494737223023	0.260338798050263	-141.21240789294495
0.09120108393559107	0.25016204553299015	-140.45083257223985
0.09204495717531722	0.2403755100878543	-139.6210888768701
0.09289663867799372	0.23097011461718644	-138.7184568312118
0.09375620069258811	0.22193832886420442	-137.73779041562827
0.09462371613657934	0.2132742175877453	-136.67350190073566
0.09549925860214364	0.20497350592894628	-135.519552906572
0.0963829023623971	0.197033663128993	-134.26945540946608
0.09727472237769656	0.18945400589438388	-132.91628680617058
0.09817479430199849	0.18223582289589743	-131.4527241425653
0.09908319448927681	0.1753825222092354	-129.87110366127334
0.10000000000000005	0.16889980411238067	-128.1635127993743
0.10092528860766849	0.1627958628255396	-126.32192247437627
0.10185913880541175	0.15708162300032683	-124.33836763560299
0.10280162981264741	0.15177102085622496	-122.20518323321366
0.10375284158180131	0.1468813471697819	-119.9153005222059
0.10471285480509002	0.1424336819953725	-117.46260461974427
0.1056817509213659	0.13845347239448164	-114.84234851432893
0.10665961212302584	0.13497133972282713	-112.05161228664623
0.10764652136298355	0.13202425995348124	-109.08979202689463
0.10864256236170661	0.12965735074489296	-105.9591069800637
0.10964781961431856	0.12792663976690147	-102.66513726318054
0.1106623783977667	0.1269034052970482	-99.2174677060401
0.11168632477805618	0.12668100668068982	-95.63064817738669
0.1127197456175511	0.12738559731207033	-91.92593885425276
0.11376272858234315	0.12919274561190433	-88.13477100640623
0.11481536214968835	0.13235262970739248	-84.30563492911085
0.11587773561551268	0.13722636711399572	-80.51731867751134
0.11694993910198717	0.1443324622613477	-76.90295384961317
0.11803206356517304	0.15438669065073865	-73.69001419623017
0.11912420080273756	0.16826738713536943	-71.25653483062798
0.12022644346174137	0.18670379928304046	-70.17941896634207
0.1213388850464978	0.20927093442263392	-71.18014662071212
0.12246161992650495	0.23252571653732096	-74.76997678941001
0.12359474334445113	0.2494664454408101	-80.5521262168242
0.12473835142429439	0.25451251542961656	-86.9822858061848
0.1258925411794168	0.2492899566801241	-92.45301697736889
0.12705741052085426	0.23958616691554432	-96.39765044651497
0.12823305826560225	0.22964415944231498	-99.11814597920728
0.1294195841449987	0.22100672956060521	-101.16333670417278
0.13061708881318423	0.21363819646425067	-103.00602228875951
0.1318256738556408	0.20685159398110461	-104.97894076028736
0.13304544179780922	0.19971962723693867	-107.29665699809848
0.13427649611378642	0.19121497982316585	-110.08340212521075
0.13551894123510363	0.18026812487310495	-113.38489031425547
0.13677288255958495	0.16583847908219543	-117.15980702473
0.13803842646028852	0.14703959266298539	-121.24570828459231
0.13931568029453034	0.12331410323349248	-125.27242301577172
0.14060475241299142	0.09461961276106591	-128.3891205136699
0.14190575216890927	0.06168160440915464	-127.98303898286046
0.1432187899273544	0.028080936961304735	-108.45046399821248
0.1445439770745928	0.029480505915542014	-20.725742332926735
0.1458814260275349	0.07025318923481946	-1.2885314700494865
0.14723125024327194	0.1181630645378232	-0.5899190659503291
0.14859356422870074	0.171275270054607	-3.539623110201498
0.1499684835502374	0.23098008887347743	-7.897995073769941
0.15135612484362088	0.3000022511176015	-13.236076375837838
0.15275660582380732	0.3823403691217571	-19.68736032896465
0.154170045294956	0.48300428536593637	-27.74024439331189
0.1555965631605075	0.605827027014771	-38.238756607481754
0.15703628043335532	0.7447119246083885	-52.29346389080265
0.15848931924611143	0.8641527043277222	-70.51281273305321
0.15995580286146696	0.9000107602612661	-91.18494555720802
0.1614358556826487	0.8340464065850093	-110.26613251480694
0.1629296032639723	0.7210138074886393	-125.11979665345149
0.16443717232149324	0.6101970158832507	-135.8579933073746
0.16595869074375613	0.5178281202101899	-143.58166087139207
0.16749428760264382	0.4441380892268973	-149.26534064953046
0.1690440931643265	0.3854780961861139	-153.57145058843275
0.17060823890031243	0.3382203211514479	-156.92493044804786
0.17218685749860077	0.299536715560319	-159.59941953022195
0.17378008287493762	0.26735658458541334	-161.77534357473624
0.1753880501841762	0.2401819373791019	-163.5751469240568
0.1770108958317422	0.21692242771073136	-165.0843367453274
0.17864875748520517	0.19677404601377946	-166.36422497800555
0.180301774085957	0.1791348019762376	-167.45982676432652
0.18197008586099844	0.16354689179524567	-168.40488628310524
0.18365383433483473	0.14965690007287805	-169.22515847852952
0.18535316234148125	0.13718812751167217	-169.94060450340052
0.18706821403658017	0.12592109263527698	-170.56689307884523
0.18879913490962946	0.11567959552808976	-171.11644715822015
0.19054607179632482	0.10632061340800004	-171.59918532131633
0.19230917289101596	0.09772687208039124	-172.02305304294444
0.19408858775927793	0.0898013119806049	-172.3944053556845
0.19588446735059908	0.08246291391327536	-172.71828096843237
0.1976969640111862	0.07564351342264242	-172.99859367073702
0.19952623149688808	0.06928534299354594	-173.23825685268622
0.20137242498623895	0.06333911645217308	-173.43924924855074
0.2032357010936223	0.05776252184316952	-173.60262310717616
0.20511621788255666	0.05251902536825452	-173.7284485200995
0.20701413487910436	0.04757691470411136	-173.81567786422312
0.2089296130854041	0.04290852851730919	-173.861899501101
0.2108628149933291	0.03848963253650258	-173.8629250398539
0.21281390459827135	0.034298912743183474	-173.81210973588242
0.21478304741305343	0.030317564371358373	-173.69922000850832
0.21677041048196952	0.026528962719509736	-173.5084882020696
0.2187761623949553	0.022918410093942528	-173.21511732700313
0.22080047330189004	0.019472966369855033	-172.77861277799028
0.22284351492703042	0.016181399200947102	-172.12903057523982
0.22490546058357816	0.013034368422727125	-171.135563203897
0.22698648518838224	0.01002522464184901	-169.5240707289442
0.22908676527677735	0.007152945277132434	-166.612569381518
0.23120647901755953	0.004435773438628819	-160.14743809576092
0.23334580622810033	0.0020264079830086346	-137.4004039537866
0.23550492838960102	0.0016583123513484318	-48.92686432427953
0.23768402866248772	0.003754868023963681	-17.68303898165563
0.2398832919019491	0.006067683523115199	-9.883644147731424
0.2421029046736179	0.008349610867008746	-6.546297291281375
0.24434305526939726	0.010570716555753932	-4.725041999218843
0.246603933723434	0.012725831550300751	-3.5914604682774347
0.24888573182823917	0.014815355310654877	-2.8257420370655475
0.25118864315095807	0.01684135408740544	-2.2789232519469866
0.2535128630497908	0.018806430709066426	-1.8724186594423227
0.25585858869056466	0.020713324044713807	-1.560920834016297
0.2582260190634597	0.022564749568937052	-1.3165102301735576
0.26061535499988964	0.024363332651421717	-1.1210682032528296
0.2630267991895383	0.026111581459520358	-0.9623398152574574
0.26546055619755404	0.027811878035157295	-0.8317512003432291
0.2679168324819033	0.029466478071294166	-0.7231328528782492
0.2703958364108845	0.031077514901461475	-0.6319388063709279
0.2728977782808042	0.032647005465276324	-0.5547508102505735
0.27542287033381674	0.03417685709324622	-0.48895320425070066
0.277971326775929	0.035668874500151666	-0.4325137201295007
0.2805433637951715	0.03712476666366916	-0.3838320716030943
0.28313919957993805	0.0385461534209754	-0.34163311142148806
0.2857590543374948	0.03993457170276873	-0.30488999578834686
0.2884031503126607	0.04129148137292828	-0.2727679861578629
0.29107171180666064	0.04261827066952319	-0.24458271657640338
0.2937649651961532	0.04391626125815452	-0.21976877555353114
0.2964831389524344	0.045186712916760415	-0.19785575748067616
0.29922646366081906	0.0464308278749673	-0.17844980009774492
0.30199517204020176	0.04764975483255346	-0.16121920339993875
0.30478949896279844	0.04884459268162676	-0.1458831210248757
0.307609681474071	0.05001639395633393	-0.13220258980245916
0.3104559588128357	0.051166168032683215	-0.11997335654039476
0.3133285724315587	0.0522948840996153	-0.10902009910388785
0.3162277660168381	0.05340347392093106	-0.09919173851247191
0.31915378551007634	0.054492834406167666	-0.09035761158403753
0.3221068791283436	0.055563830007054095	-0.08240432740820357
0.32508729738543457	0.05661729495480024	-0.0752331710083334
0.3280952931131192	0.05765403535219201	-0.06875794770945454
0.3311311214825913	0.05867483113328666	-0.06290318461998977
0.33419504002611444	0.05968043790242312	-0.057602623151281944
0.3372873086588691	0.06067158866327969	-0.052797950004935444
0.34040818970100106	0.06164899544782183	-0.048437724547177735
0.34355794789987465	0.06261335085417742	-0.04447646869107236
0.34673685045253166	0.06356532950175128	-0.04087389186163168
0.3499451670283573	0.06450558941123731	-0.037594228728903265
0.353183169791957	0.06543477331660078	-0.03460567146320439
0.35645113342624424	0.06635350991557706	-0.031879881524663964
0.3597493351557423	0.06726241506476428	-0.029391568621331562
0.36307805477010135	0.06816209292496689	-0.02711812659090356
0.36643757464783333	0.06905313706207698	-0.02503931768452957
0.3698281797802663	0.06993613150844838	-0.02313699813796645
0.3732501577957206	0.07081165178943	-0.021394879068642167
0.37670379898390893	0.07168026591946901	-0.019798317686563812
0.38018939632056126	0.07254253537197468	-0.018334134591585293
0.38370724549227886	0.07339901602694364	-0.016990453580402257
0.3872576449216173	0.07425025910018594	-0.015756560928517266
0.3908408957924021	0.07509681205785884	-0.014622781565124494
0.39445730207527846	0.07593921951990652	-0.013580369938327164
0.3981071705534973	0.07677802415592114	-0.012621413687158845
0.40179081084894	0.0776137675768804	-0.011738748505912269
0.40550853544838394	0.07844699122618105	-0.010925882813702735
0.40926065973001097	0.07927823727337031	-0.010176931034826489
0.41304750199016144	0.08010804951398687	-0.009486554458842873
0.4168693834703355	0.08093697427894951	-0.008849908787866494
0.4207266283844442	0.08176556135698211	-0.008262597595866894
0.424619563946313	0.08259436493363698	-0.007720631023643524
0.4285485203974396	0.08342394455057209	-0.0072203891157363006
0.43251383103500884	0.08425486608885836	-0.006758589273442437
0.4365158322401661	0.08508770278023821	-0.006332257352457903
0.44055486350655343	0.08592303625042891	-0.005938701975160535
0.4446312674691088	0.08676145759877127	-0.005575491656613021
0.4487453899331323	0.08760356851876475	-0.005240434360236808
0.4528975799036209	0.08844998246431582	-0.004931559104073972
0.4570881896148752	0.08930132586686267	-0.0046470992322218815
0.46131757456037953	0.09015823940893632	-0.004385476949726569
0.4655860935229591	0.09102137936019149	-0.004145288695541422
0.4698941086052156	0.09189141898250164	-0.003925290901572536
0.4742419852602448	0.09276905001137974	-0.003724385663384297
0.47863009232263853	0.09365498422177347	-0.003541605840008301
0.48305880203977286	0.09454995508720392	-0.003376099119994575
0.4875284901033865	0.09545471954227368	-0.0032271106546349084
0.4920395356814511	0.09637005985975719	-0.003093963984390489
0.49659232145033627	0.09729678565477659	-0.0029760401856452194
0.5011872336272725	0.09823573602991394	-0.0028727554487806965
0.5058246620031143	0.09918778187645784	-0.0027835376574276965
0.5105049999754064	0.10015382834824235	-0.0027078029435153306
0.5152286445817567	0.10113481752565784	-0.0026449335890059707
0.5199959965335162	0.10213173128835755	-0.002594258955152067
0.5248074602497729	0.10314559441599086	-0.0025550412533965417
0.5296634438916581	0.10417747793709539	-0.0025264678464717435
0.5345643593969719	0.10522850274730237	-0.0025076513370061566
0.5395106225151278	0.10629984351955067	-0.0024976379783036517
0.5445026528424215	0.1073927329313861	-0.0024954240166001913
0.5495408738576248	0.10850846623789934	-0.002499978600495211
0.5546257129579107	0.10964840622355372	-0.0025102710586872258
0.5597576014951101	0.11081398857204261	-0.0025252998224128786
0.5649369748123025	0.11200672770020617	-0.0025441201594721572
0.5701642722807475	0.11322822310968307	-0.0025658682023364135
0.5754399373371569	0.11448016631813213	-0.002589779408337052
0.580764417521312	0.1157643484404322	-0.002615200434394074
0.5861381645140288	0.11708266849929985	-0.0026415942714358752
0.591561634175474	0.11843714255449452	-0.0026685392187373105
0.5970352865838369	0.11982991375057578	-0.002695722794162878
0.6025595860743578	0.12126326339550263	-0.0027229319433640918
0.6081350012787179	0.12273962319671505	-0.002750040952372629
0.6137620051647943	0.1242615887982328	-0.0027769983393209218
0.6194410750767815	0.12583193478226495	-0.002803813769130306
0.6251726927756859	0.1274536313224106	-0.0028305457617169225
0.6309573444801934	0.1291298627033605	-0.002857290696811795
0.6367955209079159	0.13086404795482376	-0.002884173386709849
0.6426877173170198	0.13265986388608728	-0.0029113393062723232
0.6486344335482385	0.13452127085326115	-0.002938948439639417
0.654636174067275	0.13645254164523554	-0.0029671706202897582
0.6606934480075961	0.13845829393834586	-0.002996182196591224
0.6668067692136223	0.1405435268458131	-0.003026163839176727
0.6729766562843178	0.14271366217878032	-0.003057299310435087
0.6792036326171846	0.14497459114444028	-0.003089775032766415
0.6854882264526617	0.14733272733737796	-0.0031237803154314228
0.6918309709189366	0.1497950670378925	-0.003159508125918502
0.6982324040771715	0.15236925802207962	-0.0031971563182617477
0.7046930689671471	0.15506367832091444	-0.0032369292562624916
0.7112135136533292	0.15788752664971306	-0.003279039793494733
0.7177942912713619	0.16085092657827793	-0.0033237115942751296
0.7244359600749902	0.16396504694258476	-0.0033711818008040394
0.7311390834834176	0.167242241532848	-0.00342170407205997
0.7379042301291011	0.1706962117585652	-0.0034755520405864316
0.7447319739059892	0.17434219682584456	-0.0035330232550633374
0.7516228940182057	0.17819719701499823	-0.0035944437007258087
0.758577575029184	0.18228023698214366	-0.003660173017764284
0.7655966069112565	0.18661267771461912	-0.003730610571656847
0.7726805850957026	0.19121858796404687	-0.0038062025713070037
0.7798301105232589	0.19612518882304975	-0.0038874504839811193
0.7870457896950989	0.20136338882190635	-0.003974921064507186
0.7943282347242817	0.20696843180476662	-0.004069258405674048
0.8016780633876793	0.21298068632856407	-0.004171198535120921
0.8090958991783825	0.2194466140160423	-0.004281587242302298
0.8165823713585927	0.22641996605316778	-0.00440140203316303
0.8241381150130026	0.23396327310564913	-0.004531779402841765
0.8317637711026713	0.2421497161827198	-0.004674049021614648
0.8394599865193977	0.2510654971447137	-0.004829776996388912
0.8472274141405968	0.26081287178743223	-0.005000821174952928
0.8550667128846836	0.2715140721262926	-0.005189402619098437
0.8629785477669706	0.28331643764072795	-0.0053981990675258705
0.870963589956081	0.2963992137718199	-0.0056304687303333255
0.8790225168308847	0.3109826858856832	-0.005890216576852395
0.8871560120379608	0.3273406415789716	-0.0061824211865847845
0.8953647655495938	0.34581766780917206	-0.006513349579124505
0.9036494737223014	0.36685362250809384	-0.00689100260003141
0.9120108393559097	0.39101901043556464	-0.007325758734203722
0.9204495717531712	0.4190673869004457	-0.007831327776160312
0.9289663867799363	0.45201518631013715	-0.00842620353861719
0.9375620069258802	0.49126732185127087	-0.009135949406821125
0.946237161365793	0.5388224138132365	-0.00999693272230889
0.9549925860214359	0.5976235183097806	-0.011062706295958732
0.9638290236239705	0.6721908891560989	-0.012415520358148833
0.9727472237769651	0.7698425958863225	-0.014188525899853413
0.9817479430199844	0.9032587891260077	-0.016612407267631826
0.9908319448927676	1.0965264688927743	-0.020125323122031892
1.	1.404980824867157	-0.025876327965669677
1.0092528860766845	1.9515659191207406	-0.035691938605050294
1.0185913880541169	3.2551005069894146	-0.05941066446133711
1.0280162981264735	10.140914795776554	-0.1847420413429391
1.0375284158180127	8.80840865599689	-179.8398214885831
1.0471285480508996	3.0368651184162827	-179.94487183972953
1.0568175092136585	1.8223365104248468	-179.96697529038286
1.066596121230258	1.2953669926162887	-179.97656391122644
1.076465213629835	1.0009288354381298	-179.98192010731648
1.0864256236170655	0.8129457362799789	-179.9853387082451
1.096478196143185	0.6825339852672931	-179.98770948687263
1.1066237839776665	0.5867666640627471	-179.98944975261705
1.1168632477805611	0.5134641347522425	-179.9907811942483
1.1271974561755105	0.455557208673736	-179.99183248102844
1.1376272858234309	0.4086612455583632	-179.99268341867744
1.1481536214968828	0.3699123089471884	-179.99338613349744
1.1587773561551262	0.33736049186756567	-179.99397611494672
1.1694993910198712	0.3096322160224204	-179.99447836239617
1.1803206356517297	0.2857319508947484	-179.99491099418805
1.191242008027375	0.2649205231066972	-179.9952874626141
1.2022644346174132	0.24663758826214482	-179.99561796505813
1.2133888504649775	0.23045063364015356	-179.9959103722307
1.224616199265049	0.21602049097656856	-179.99617085589244
1.2359474334445106	0.20307744268344124	-179.9964043237587
1.2473835142429432	0.19140431006688768	-179.99661472732146
1.2589254117941675	0.18082425382495756	-179.99680528390107
1.270574105208542	0.1711918229249891	-179.99697863957485
1.2823305826560218	0.16238628559378626	-179.99713699057162
1.2941958414499863	0.1543065912134119	-179.9972821749902
1.3061708881318417	0.14686751587800753	-179.99741574299136
1.3182567385564075	0.13999667901904034	-179.99753901117597
1.3304544179780915	0.1336322087118659	-179.99765310526195
1.3427649611378643	0.12772089320116517	-179.99775899422417
1.3551894123510364	0.12221668702540936	-179.9978575190875
1.3677288255958495	0.11707934129643932	-179.99794942235243
1.3803842646028852	0.11229633544087383	-179.99801490066787
1.3931568029453034	0.10777413907692397	-179.99811536812626
1.4060475241299142	0.10354567152707392	-179.99819088910823
1.4190575216890926	0.09956842768516264	-179.99826180845636
1.432187899273544	0.09582102129197362	-179.99832856327765
1.4454397707459279	0.09228456182740054	-179.99839150518486
1.4588142602753489	0.08894219681325101	-179.9984509427999
1.4723125024327193	0.08577882922597871	-179.99850715122997
1.4859356422870074	0.08278089099386618	-179.99856037720596
1.499684835502374	0.07993615293710765	-179.99861084286636
1.5135612484362087	0.07723356302721286	-179.9986587488266
1.5275660582380732	0.07466310777101919	-179.99870427675725
1.54170045294956	0.07221569282561949	-179.99874759158354
1.555965631605075	0.06988303975505973	-179.99878884337858
1.5703628043335531	0.06765759641934799	-179.99882816900157
1.584893192461114	0.0655324589322703	-179.9988656935226
1.5995580286146696	0.06350130347805198	-179.99890153146586
1.6143585568264869	0.06155832656165288	-179.99893578789846
1.629296032639723	0.05969819249908631	-179.99896855938673
1.6443717232149324	0.05791598714384872	-179.99899993483874
1.6595869074375613	0.05620717700178945	-179.99902999624837
1.6749428760264382	0.054567573016059065	-179.9990588193544
1.690440931643265	0.052993298411258216	-179.9990864742254
1.7060823890031243	0.051480760075598216	-179.99911302578056
1.7218685749860079	0.05002662303501628	-179.99913853425366
1.7378008287493762	0.048627787636337697	-179.99916305560802
1.753880501841762	0.04728136910984017	-179.9991866419084
1.770108958317422	0.045984679226642254	-179.99920934165414
1.7864875748520517	0.04473520980458722	-179.99923120007915
1.803017740859568	0.04353061784885313	-179.99925225942206
1.8197008586099825	0.04236871214131667	-179.9992725591698
1.8365383433483455	0.041247441116494026	-179.999292136278
1.8535316234148105	0.040164881882301016	-179.99931102537053
1.8706821403657996	0.03911923026145392	-179.99932925892037
1.8879913490962925	0.038108791744489265	-179.99934686741392
1.9054607179632463	0.03713197325849199	-179.99936387950058
1.9230917289101574	0.036187275666982384	-179.99938032212896
1.9408858775927773	0.0352732869262827	-179.99939622067112
1.958844673505989	0.03438867583227669	-179.99941159903608
1.97696964011186	0.033532186298970694	-179.99942647977386
1.9952623149688788	0.032702632116817766	-179.99944088417038
2.0137242498623875	0.03189889214450627	-179.9994548323349
2.032357010936221	0.031119905892950894	-179.99946834328017
2.0511621788255647	0.030364669464653323	-179.99948143499594
2.0701413487910414	0.029632231815500596	-179.999494124517
2.0892961308540388	0.028921691309511784	-179.99950642798558
2.108628149933289	0.028232192540086017	-179.99951836070883
2.1281390459827114	0.027562923393999402	-179.9995299372125
2.147830474130533	0.02691311233678716	-179.99954117128965
2.167704104819694	0.02628202590026944	-179.99955207604657
2.1877616239495516	0.02566896635486783	-179.99956266394477
2.208004733018899	0.02507326955104067	-179.9995729468403
2.228435149270303	0.02449430291566687	-179.99958293601975
2.2490546058357803	0.02393146359054848	-179.99959264223432
2.2698648518838214	0.023384176701402665	-179.99960207573088
2.2908676527677723	0.02285189374678831	-179.99961124628132
2.312064790175594	0.022334091097377298	-179.99962016320976
2.333458062281002	0.02183026859684747	-179.99962883541772
2.355049283896009	0.021339948256452676	-179.99963727140783
2.376840286624876	0.020862673036028494	-179.99964547930597
2.39883291901949	0.020398005704824054	-179.9996534668817
2.4210290467361775	0.0199455277761225	-179.99966124156774
2.4434305526939712	0.01950483851012856	-179.99966881047789
2.4660393372343385	0.019075553980069215	-179.99967618042385
2.48885731828239	0.01865730619687653	-179.99968335793125
2.5118864315095797	0.018249742288205417	-179.9996903492543
2.535128630497907	0.01785252372788756	-179.9996971603898
2.5585858869056453	0.017465325612239225	-179.99970379709026
2.582260190634596	0.01708783597992854	-179.999710264876
2.6061535499988953	0.016719755172370055	-179.99971656904697
2.6302679918953813	0.016360795231853156	-179.99972271469343
2.654605561975539	0.01601067933482887	-179.9997287067062
2.6791683248190314	0.015669141257978917	-179.9997345497864
2.703958364108843	0.015335924874872018	-179.9997402484544
2.7289777828080406	0.015010783681179474	-179.99974580705845
2.7542287033381663	0.01469348034657414	-179.99975122978282
2.7797132677592886	0.01438378629157622	-179.99975652065524
2.805433637951713	0.014081481287737549	-179.99976168355442
2.831391995799379	0.013786353079673437	-179.9997667222165
2.8575905433749464	0.01349819702755909	-179.99977164024176
2.8840315031266055	0.013216815768806563	-179.99977644110064
2.910717118066605	0.012942018897729854	-179.99978112813946
2.9376496519615305	0.012673622662089429	-179.9997857045859
2.9648313895243423	0.01241144967548514	-179.9997901735542
2.992264636608189	0.012155328644637666	-179.99979453805008
3.019951720402016	0.011905094110664744	-179.99979880097536
3.047894989627983	0.01166058620351905	-179.9998029651324
3.076096814740708	0.01142165040881091	-179.99980703322825
3.1045595881283554	0.011188137346291142	-179.99981100787872
3.1332857243155856	0.010959902559317062	-179.99981489161203
3.162277660168379	0.010736806314669755	-179.99981868687254
3.1915378551007616	0.010518713412131382	-179.99982239602411
3.2210687912834346	0.010305493003270137	-179.99982602135333
3.250872973854344	0.010097018418915528	-179.99982956507264
3.2809529311311905	0.009893167004839835	-179.9998330293233
3.311311214825911	0.009693819965192165	-179.9998364161781
3.3419504002611427	0.009498862213259934	-179.99983972764426
3.372873086588689	0.009308182229159087	-179.99984296566572
3.404081897010009	0.00912167192407903	-179.9998461321257
3.4355794789987466	0.008939226510731098	-179.999849228849
3.4673685045253166	0.008760744379670763	-179.99985225760426
3.499451670283573	0.008586126981183733	-179.999855220106
3.53183169791957	0.00841527871244462	-179.99985811801673
3.5645113342624426	0.008248106809674142	-179.99986095294872
3.5974933515574232	0.008084521245037037	-179.999863726466
3.630780547701014	0.007924434628038046	-179.9998664400861
3.664375746478333	0.007767762111187248	-179.99986909528167
3.6982817978026628	0.0076144212997194035	-179.9998716934821
3.732501577957206	0.007464332165164293	-179.9998742360752
3.767037989839089	0.007317416962576403	-179.99987672440838
3.801893963205613	0.007173600151243516	-179.99987915979042
3.8370724549227884	0.007032808318703427	-179.99988154349265
3.8725764492161727	0.006894970107907942	-179.99988387675006
3.908408957924021	0.006760016147381943	-179.999886160763
3.944573020752785	0.006627878984233779	-179.99988839669797
3.981071705534973	0.006498493019881121	-179.99989058568892
4.0179081084894	0.0063717944483636674	-179.99989272883835
4.055085354483839	0.006247721197121147	-179.99989482721836
4.09260659730011	0.006126212870121454	-179.99989688187165
4.130475019901614	0.0060072106932299975	-179.99989889381249
4.168693834703355	0.005890657461716902	-179.9999008640276
4.207266283844442	0.005776497489804383	-179.99990279347725
4.24619563946313	0.005664676562161442	-179.9999046830958
4.285485203974396	0.005555141887258017	-179.99990653379282
4.325138310350088	0.0054478420524951615	-179.99990834645374
4.365158322401661	0.005342726981032117	-179.99991012194064
4.405548635065534	0.005239747890235153	-179.99991186109295
4.446312674691089	0.005138857251676785	-179.99991356472825
4.487453899331323	0.005040008752617739	-179.99991523364292
4.528975799036209	0.004943157258907125	-179.9999168686127
4.570881896148752	0.0048482587792397416	-179.99991847039354
4.613175745603791	0.00475527043071228	-179.99992003972187
4.655860935229586	0.004664150405623049	-179.99992157731558
4.698941086052151	0.0045748579394627184	-179.99992308387425
4.742419852602444	0.0044873532800457855	-179.99992456008
4.7863009232263805	0.0044015976577352085	-179.9999260065977
4.830588020397723	0.004317553256714721	-179.99992742407565
4.875284901033861	0.0042351831872655885	-179.9999288131462
4.920395356814506	0.0041544514590065845	-179.9999301744259
4.965923214503357	0.004075322955057868	-179.99993150851628
5.01187233627272	0.003997763407091329	-179.99993281600396
5.058246620031137	0.003921739371231677	-179.99993409746142
5.105049999754059	0.0038472182047741875	-179.99993535344717
5.152286445817562	0.0037741680436865826	-179.99993658450623
5.1999599653351565	0.0037025577808640544	-179.9999377911705
5.248074602497723	0.0036323570451077146	-179.9999389739592
5.296634438916575	0.0035635361807982995	-179.99994013337897
5.345643593969713	0.0034960662282379697	-179.99994126992462
5.395106225151273	0.0034299189046344903	-179.99994238407916
5.445026528424209	0.0033650665857030445	-179.99994347631417
5.495408738576242	0.0033014822878621075	-179.99994454709025
5.5462571295791046	0.0032391396510008234	-179.99994559685715
5.597576014951099	0.0031780129217962947	-179.9999466260542
5.649369748123022	0.0031180769375601576	-179.99994763511046
5.701642722807472	0.003059307110594661	-179.99994862444512
5.754399373371567	0.003001679413039373	-179.9999495944677
5.807644175213118	0.0029451703621903766	-179.9999505455783
5.861381645140285	0.0028897570062746485	-179.9999514781679
5.9156163417547365	0.0028354169106629976	-179.9999523926186
5.9703528658383656	0.002782128144505645	-179.9999532893037
6.025595860743575	0.0027298692677752263	-179.99995416858818
6.081350012787176	0.0026786193187025896	-179.9999550308287
6.137620051647939	0.0026283578015913406	-179.99995587637395
6.194410750767812	0.0025790646749977767	-179.9999567055648
6.251726927756856	0.002530720340263231	-179.9999575187345
6.30957344480193	0.0024833056303865484	-179.99995831620888
6.367955209079155	0.0024368017992247443	-179.99995909830656
6.426877173170194	0.0023911905110105304	-179.99995986533904
6.486344335482381	0.0023464538301757225	-179.99996061761107
6.546361740672747	0.00230257421147006	-179.99996135542057
6.6069344800759575	0.002259534490365334	-179.99996207905906
6.668067692136219	0.002217317873735156	-179.9999627888116
6.729766562843175	0.002175907930801048	-179.99996348495702
6.792036326171843	0.002135288584335904	-179.99996416776816
6.854882264526613	0.0020954441021162414	-179.99996483751192
6.918309709189362	0.0020563590886149632	-179.99996549444947
6.9823240407717115	0.002018018476926679	-179.9999661388363
7.046930689671467	0.001980407520917955	-179.99996677092238
7.112135136533288	0.0019435117875951139	-179.99996739095243
7.177942912713615	0.0019073171496825213	-179.99996799916582
7.244359600749899	0.0018718097784045555	-179.99996859579696
7.311390834834173	0.0018369761364646863	-179.9999691810751
7.379042301291007	0.0018028029712153489	-179.99996975522478
7.447319739059888	0.0017692773080125544	-179.9999703184657
7.516228940182053	0.0017363864437493642	-179.99997087101295
7.585775750291836	0.0017041179405625987	-179.99997141307713
7.655966069112561	0.001672459619707331	-179.9999719448643
7.726805850957022	0.00164139955559395	-179.99997246657637
7.798301105232586	0.0016109260699827294	-179.99997297841088
7.870457896950985	0.001581027726331041	-179.99997348056132
7.943282347242813	0.0015516933242885232	-179.99997397321712
8.01678063387679	0.0015229118943356759	-179.99997445656385
8.090958991783822	0.0014946726925615182	-179.9999749307831
8.165823713585922	0.0014669651955761035	-179.99997539605286
8.241381150130021	0.0014397790955538185	-179.99997585254732
8.317637711026709	0.00141310429540356	-179.99997630043717
8.394599865193973	0.0013869309040619889	-179.99997673988952
8.472274141405963	0.0013612492319062175	-179.99997717106808
8.550667128846833	0.0013360497862824079	-179.99997759413327
8.629785477669701	0.0013113232671468566	-179.9999780092421
8.709635899560805	0.0012870605628162912	-179.99997841654854
8.790225168308842	0.0012632527458241926	-179.99997881620328
8.871560120379607	0.0012398910688800743	-179.99997920835403
8.953647655495937	0.0012169669609287442	-179.9999795931455
9.036494737223014	0.0011944720233066889	-179.99997997071944
9.120108393559097	0.0011723980259928006	-179.99998034121472
9.204495717531712	0.0011507369039507654	-179.99998070476752
9.289663867799362	0.0011294807535605213	-179.99998106151114
9.375620069258803	0.0011086218291362787	-179.99998141157627
9.462371613657929	0.0010881525395286759	-179.99998175509094
9.549925860214358	0.0010680654448087228	-179.99998209218066
9.638290236239705	0.0010483532530312582	-179.99998242296843
9.727472237769652	0.001029008817075731	-179.99998274757473
9.817479430199844	0.0010100251315621703	-179.99998306611772
9.908319448927676	0.0009913953298402863	-179.9999833787131
10.	0.0009731126810497091	-179.9999836854744
10.092528860766844	0.0009551705872494362	-179.9999839865128
10.18591388054117	0.0009375625806146122	-179.99998428193734
10.280162981264736	0.0009202823206988368	-179.99998457185478
10.375284158180126	0.000903323591760238	-179.99998485636996
10.471285480508996	0.0008866803001496184	-179.9999851355855
10.568175092136585	0.0008703464717590178	-179.99998540960203
10.665961212302578	0.0008543162495291007	-179.99998567851824
10.76465213629835	0.0008385838910138175	-179.9999859424308
10.864256236170656	0.0008231437660008408	-179.99998620143464
10.964781961431852	0.000807990354186315	-179.9999864556226
11.066237839776663	0.0007931182429025162	-179.99998670508586
11.168632477805613	0.0007785221248970451	-179.99998694991385
11.271974561755105	0.0007641967961622303	-179.99998719019408
11.37627285823431	0.0007501371538134474	-179.99998742601252
11.481536214968829	0.0007363381940151127	-179.99998765745337
11.587773561551263	0.0007227950099531251	-179.99998788459922
11.694993910198711	0.0007095027898525923	-179.99998810753107
11.803206356517286	0.0006964568150396866	-179.99998832632832
11.912420080273739	0.0006836524580465222	-179.9999885410688
12.022644346174118	0.0006710851807579906	-179.9999887518289
12.133888504649763	0.0006587505325994792	-179.99998895868353
12.246161992650476	0.0006466441487644854	-179.99998916170605
12.359474334445094	0.0006347617484811192	-179.9999893609685
12.47383514242942	0.0006230991333165445	-179.99998955654152
12.589254117941662	0.0006116521855184258	-179.99998974849436
12.705741052085406	0.0006004168663924663	-179.99998993689496
12.823305826560205	0.0005893892147151738	-179.99999012180987
12.941958414499851	0.0005785653451809796	-179.9999903033045
13.061708881318404	0.0005679414468828952	-179.9999904814429
13.182567385564061	0.0005575137818258855	-179.99999065628788
13.304544179780901	0.0005472786834721803	-179.99999082790114
13.427649611378628	0.0005372325553177567	-179.99999099634314
13.551894123510351	0.0005273718694992485	-179.99999116167317
13.67728825595848	0.0005176931654305598	-179.99999132394936
13.803842646028839	0.0005081930484684784	-179.99999148322883
13.931568029453022	0.0004988681886066059	-179.99999163956753
14.060475241299129	0.0004897153191969374	-179.99999179302037
14.190575216890911	0.0004807312356984421	-179.99999194364116
14.321878992735424	0.0004719127944520154	-179.99999209148277
14.454397707459265	0.00046325691148118507	-179.999992236597
14.588142602753473	0.00045476056131798083	-179.99999237903472
14.723125024327178	0.0004464207758533743	-179.99999251884577
14.859356422870059	0.0004382346432117355	-179.99999265607903
14.996848355023726	0.0004301993066487417	-179.99999279078258
15.135612484362072	0.00042231196347221084	-179.99999292300345
15.275660582380716	0.0004145698639853303	-179.99999305278783
15.417004529495584	0.0004069703104517745	-179.99999318018106
15.559656316050734	0.00039951065608221075	-179.99999330522758
15.703628043335515	0.00039218830404171435	-179.99999342797102
15.848931924611126	0.0003850007064776168	-179.99999354845414
15.995580286146678	0.00037794536356733024	-179.99999366671895
16.143585568264854	0.00037101982258569904	-179.99999378280663
16.292960326397214	0.0003642216769914431	-179.99999389675756
16.443717232149307	0.0003575485655322653	-179.99999400861148
16.595869074375596	0.00035099817136821014	-179.9999941184072
16.749428760264365	0.0003445682212128681	-179.99999422618293
16.90440931643263	0.00033825648449203237	-179.99999433197613
17.060823890031227	0.00033206077251942014	-179.9999944358235
17.21868574986006	0.0003259789376890891	-179.99999453776115
17.378008287493746	0.00032000887268417594	-179.99999463782444
17.5388050184176	0.0003141485097016075	-179.99999473604808
17.701089583174202	0.0003083958196924291	-179.99999483246611
17.864875748520497	0.00030274881161741735	-179.999994927112
18.03017740859568	0.0002972055317176399	-179.9999950200185
18.197008586099827	0.00029176406279964306	-179.9999951112178
18.365383433483455	0.0002864225235349493	-179.99999520074147
18.535316234148105	0.00028117906777355787	-179.9999952886205
18.706821403657997	0.00027603188387114667	-179.99999537488532
18.879913490962927	0.00027097919402968297	-179.99999545956572
19.054607179632463	0.00026601925365115633	-179.99999554269104
19.230917289101576	0.0002611503507041533	-179.99999562428997
19.408858775927772	0.0002563708051030018	-179.99999570439067
19.58844673505989	0.0002516789680992172	-179.99999578302086
19.769696401118598	0.0002470732216849913	-179.9999958602077
19.952623149688787	0.00024255197800846905	-179.99999593597775
20.137242498623873	0.0002381136788005636	-179.99999601035728
20.32357010936221	0.00023375679481306977	-179.99999608337183
20.511621788255646	0.00022947982526783564	-179.99999615504663
20.701413487910415	0.0002252812973167636	-179.9999962254064
20.892961308540386	0.00022115976551241286	-179.99999629447538
21.086281499332888	0.00021711381128898294	-179.9999963622774
21.28139045982711	0.00021314204245346318	-179.99999642883571
21.47830474130533	0.0002092430926867346	-179.9999964941734
21.67704104819694	0.00020541562105442148	-179.99999655831277
21.87761623949552	0.00020165831152728806	-179.99999662127604
22.080047330188993	0.00019796987251098532	-179.99999668308485
22.28435149270303	0.00019434903638495334	-179.99999674376042
22.490546058357804	0.00019079455905029384	-179.99999680332365
22.698648518838212	0.00018730521948642624	-179.99999686179498
22.908676527677724	0.0001838798193163479	-179.9999969191946
23.12064790175594	0.00018051718238032478	-179.99999697554213
23.33458062281002	0.0001772161543178371	-179.999997030857
23.55049283896009	0.00017397560215761448	-179.99999708515816
23.76840286624876	0.00017079441391559523	-179.99999713846432
23.9883291901949	0.00016767149820064866	-179.99999719079375
24.210290467361776	0.00016460578382790377	-179.99999724216443
24.434305526939713	0.0001615962194395292	-179.99999729259395
24.660393372343385	0.0001586417731328162	-179.99999734209965
24.888573182823905	0.0001557414320954152	-179.9999973906985
25.118864315095795	0.00015289420224758258	-179.9999974384072
25.351286304979073	0.0001500991078912979	-179.9999974852421
25.58585886905645	0.00014735519136611214	-179.99999753121924
25.82260190634596	0.00014466151271159307	-179.9999975763544
26.06153549998895	0.00014201714933623574	-179.999997620663
26.302679918953814	0.00013942119569270806	-179.99999766416028
26.54605561975539	0.00013687276295930702	-179.99999770686117
26.791683248190314	0.00013437097872749925	-179.9999977487802
27.039583641088434	0.00013191498669542774	-179.9999977899318
27.289777828080403	0.00012950394636726374	-179.99999783033007
27.542287033381662	0.00012713703275828977	-179.9999978699888
27.797132677592884	0.00012481343610559932	-179.99999790892159
28.05433637951713	0.00012253236158430214	-179.99999794714174
28.31391995799379	0.00012029302902912731	-179.99999798466234
28.575905433749465	0.00011809467266131606	-179.99999802149625
28.84031503126606	0.00011593654082070174	-179.9999980576561
29.10717118066605	0.00011381789570287398	-179.99999809315418
29.376496519615305	0.0001117380131013271	-179.99999812800266
29.648313895243422	0.0001096961821544958	-179.9999981622135
29.92264636608189	0.0001076917050975811	-179.99999819579833
30.19951720402016	0.00010572389701907393	-179.9999982287687
30.4789498962798	0.00010379208562188388	-179.99999826113583
30.76096814740705	0.0001018956109889824	-179.9999982929108
31.045595881283525	0.00010003382535347547	-179.99999832410444
31.332857243155825	0.00009820609287301484	-179.99999835472747
31.62277660168376	0.00009641178940846702	-179.9999983847903
31.91537855100758	0.00009465030230675574	-179.9999984143032
32.21068791283432	0.00009292103018779724	-179.99999844327633
32.50872973854341	0.00009122338273544851	-179.9999984717195
32.80952931131187	0.00008955678049239106	-179.9999984996424
33.11311214825908	0.00008792065465887426	-179.99999852705466
33.41950400261139	0.00008631444689524307	-179.99999855396558
33.72873086588685	0.0000847376091281771	-179.99999858038436
34.040818970100055	0.00008318960336056997	-179.99999860632
34.35579478998743	0.0000816699014849779	-179.99999863178138
34.67368504525313	0.00008017798510056929	-179.99999865677717
34.994516702835696	0.00007871334533350793	-179.9999986813159
35.318316979195664	0.00007727548266070346	-179.99999870540591
35.64511334262439	0.00007586390673686456	-179.9999987290555
35.9749335155742	0.00007447813622479166	-179.9999987522727
36.3078054770101	0.00007311769862884676	-179.9999987750654
36.64375746478329	0.00007178213013153918	-179.99999879744138
36.98281797802659	0.0000704709754331688	-179.9999988194083
37.32501577957203	0.00006918378759446644	-179.99999884097366
37.670379898390856	0.00006792012788217592	-179.99999886214476
38.01893963205609	0.0000666795656175202	-179.99999888292885
38.370724549227845	0.00006546167802749736	-179.99999890333302
38.72576449216169	0.00006426605009895226	-179.9999989233642
39.08408957924017	0.00006309227443537071	-179.99999894302925
39.44573020752781	0.00006193995111634481	-179.99999896233487
39.81071705534969	0.000060808687559658145	-179.9999989812876
40.17908108489396	0.00005969809838594122	-179.99999899989393
40.55085354483835	0.00005860780528584838	-179.99999901816022
40.92606597300105	0.00005753743688970824	-179.99999903609265
41.304750199016105	0.00005648662863960062	-179.99999905369734
41.68693834703351	0.00005545502266381419	-179.9999990709803
42.07266283844438	0.000054442267653639335	-179.99999908794743
42.46195639463126	0.000053448018742452496	-179.99999910460446
42.85485203974392	0.00005247193738704836	-179.9999991209571
43.251383103500835	0.00005151369125117709	-179.99999913701097
43.65158322401656	0.00005057295409124562	-179.99999915277144
44.0554863506553	0.00004964940564414161	-179.9999991682439
44.46312674691084	0.00004874273151714	-179.99999918343366
44.87453899331318	0.00004785262307985313	-179.99999919834585
45.28975799036204	0.000046978777358185665	-179.99999921298559
45.708818961487474	0.000046120896930256736	-179.99999922735782
46.13175745603791	0.000045278689824252125	-179.99999924146746
46.55860935229586	0.00004445186941817002	-179.9999992553193
46.98941086052151	0.00004364015434142502	-179.99999926891806
47.42419852602443	0.0000428432683782753	-179.99999928226836
47.8630092322638	0.00004206094037303873	-179.99999929537478
48.30588020397723	0.00004129290413706399	-179.9999993082417
48.7528490103386	0.00004053889835742431	-179.99999932087363
49.20395356814506	0.00003979866650730129	-179.99999933327473
49.65923214503358	0.0000390719567580266	-179.9999993454493
50.118723362727195	0.00003835852189275149	-179.99999935740144
50.58246620031137	0.000037658119221712476	-179.99999936913528
51.0504999975406	0.00003697051049906432	-179.99999938065474
51.52286445817562	0.00003629546184125018	-179.99999939196377
51.99959965335157	0.00003563274364688065	-179.99999940306623
52.48074602497723	0.000034982130518093266	-179.99999941396587
52.966344389165755	0.0000343434011833648	-179.9999994246664
53.45643593969714	0.00003371633842174936	-179.9999994351715
53.95106225151273	0.000033100728988515255	-179.9999994454847
54.450265284242086	0.00003249636354215515	-179.99999945560953
54.95408738576243	0.000031903036572743155	-179.9999994655494
55.462571295791044	0.00003132054633161436	-179.99999947530773
55.97576014951099	0.00003074869476234164	-179.9999994848878
56.49369748123023	0.00003018728743298594	-179.99999949429292
57.01642722807472	0.00002963613346959597	-179.99999950352628
57.543993733715666	0.00002909504549093433	-179.99999951259096
58.07644175213118	0.000028563839544407112	-179.9999995214901
58.61381645140285	0.00002804233504317436	-179.99999953022672
59.15616341754737	0.000027530354704419857	-179.99999953880373
59.70352865838366	0.000027027724488758256	-179.99999954722412
60.255958607435744	0.000026534273540758665	-179.99999955549075
60.81350012787176	0.000026049834130563738	-179.99999956360637
61.37620051647939	0.000025574241596584196	-179.9999995715738
61.94410750767812	0.00002510733428924839	-179.9999995793957
62.51726927756855	0.000024648953515787705	-179.99999958707477
63.0957344480193	0.000024198943486038338	-179.9999995946136
63.67955209079155	0.00002375715125924068	-179.99999960201475
64.26877173170195	0.000023323426691817713	-179.99999960928074
64.86344335482381	0.000022897622386114398	-179.99999961641404
65.46361740672747	0.000022479593640080062	-179.9999996234171
66.06934480075958	0.00002206919839787641	-179.99999963029225
66.68067692136219	0.000021666297201394072	-179.99999963704184
67.29766562843174	0.000021270753142660594	-179.9999996436682
67.92036326171844	0.000020882431817123648	-179.99999965017355
68.54882264526613	0.00002050120127779317	-179.99999965656008
69.18309709189363	0.000020126931990226317	-179.99999966283002
69.82324040771712	0.000019759496788339993	-179.99999966898548
70.46930689671467	0.00001939877083103537	-179.9999996750285
71.12135136533288	0.000019044631559619403	-179.9999996809612
71.77942912713615	0.000018696958656008775	-179.99999968678557
72.44359600749898	0.000018355634001701656	-179.9999996925036
73.11390834834172	0.000018020541637502966	-179.9999996981172
73.79042301291008	0.00001769156772398961	-179.99999970362828
74.47319739059888	0.00001736860050270156	-179.99999970903875
75.16228940182053	0.000017051530258045633	-179.99999971435045
75.85775750291836	0.00001674024927989879	-179.99999971956512
76.55966069112561	0.000016434651826897954	-179.9999997246846
77.26805850957021	0.000016134634090403673	-179.99999972971062
77.98301105232578	0.000015840094159125342	-179.99999973464486
78.70457896950977	0.000015550931984395445	-179.99999973948897
79.43282347242805	0.000015267049346081378	-179.9999997442447
80.16780633876782	0.000014988349819122452	-179.99999974891355
80.90958991783813	0.000014714738740681075	-179.99999975349718
81.65823713585914	0.000014446123177896418	-179.9999997579971
82.41381150130013	0.000014182411896229778	-179.9999997624149
83.176377110267	0.000013923515328390434	-179.99999976675198
83.94599865193965	0.000013669345543831459	-179.9999997710099
84.72274141405954	0.000013419816218805048	-179.9999997751901
85.50667128846823	0.000013174842606966782	-179.99999977929394
86.29785477669692	0.000012934341510519103	-179.9999997833229
87.09635899560797	0.000012698231251883671	-179.99999978727826
87.90225168308834	0.0000124664316458932	-179.99999979116146
88.71560120379598	0.000012238863972492968	-179.99999979497372
89.53647655495928	0.000012015450949942751	-179.99999979871637
90.36494737223005	0.000011796116708509924	-179.9999998023907
91.20108393559087	0.000011580786764644718	-179.99999980599796
92.04495717531702	0.000011369387995628694	-179.99999980953936
92.89663867799354	0.000011161848614687783	-179.9999998130161
93.75620069258792	0.000010958098146561422	-179.99999981642938
94.6237161365792	0.000010758067403519169	-179.99999981978033
95.4992586021435	0.000010561688461816832	-179.9999998230701
96.38290236239695	0.000010368894638583823	-179.99999982629984
97.2747223776964	0.000010179620469133968	-179.9999998294706
98.17479430199833	9.993801684691875e-6	-179.99999983258346
99.08319448927665	9.811375190527235e-6	-179.9999998356395
99.9999999999999	9.632279044489665e-6	-179.99999983863975