0.01000000000000001	0.06523993184962698	-0.886761046792392
0.010092528860766855	0.0652410518237759	-0.8900037193082219
0.01018591388054118	0.06524219254079933	-0.8932744980794644
0.010280162981264745	0.06524335439253087	-0.8965735700127756
0.010375284158180138	0.06524453777843199	-0.8999011210634464
0.010471285480509006	0.06524574310574996	-0.9032573361259683
0.010568175092136596	0.06524697078967913	-0.9066423989195352
0.01066596121230259	0.06524822125352653	-0.910056491868258
0.010764652136298361	0.0652494949288812	-0.9134997959758586
0.010864256236170667	0.06525079225578725	-0.9169724906945841
0.010964781961431863	0.06525211368292182	-0.920474753788092
0.011066237839776675	0.06525345966777661	-0.9240067611880233
0.011168632477805623	0.06525483067684452	-0.9275686868439925
0.011271974561755117	0.06525622718581033	-0.9311607025666654
0.011376272858234322	0.06525764967974652	-0.9347829778636388
0.01148153621496884	0.06525909865331386	-0.938435679767777
0.011587773561551273	0.06526057461096704	-0.9421189726576465
0.011694993910198724	0.06526207806716561	-0.9458330180697074
0.01180320635651731	0.06526360954659022	-0.9495779745018503
0.011912420080273762	0.06526516958436461	-0.9533539972078994
0.012022644346174144	0.06526675872628339	-0.9571612379826324
0.012133888504649786	0.06526837752904563	-0.9609998449368943
0.012246161992650502	0.0652700265604949	-0.9648699622623164
0.01235947433444512	0.06527170639986568	-0.9687717299851569
0.012473835142429446	0.06527341763803651	-0.9727052837087429
0.012589254117941687	0.06527516087778984	-0.9766707543439562
0.012705741052085433	0.06527693673407953	-0.9806682678272
0.012823305826560232	0.06527874583430533	-0.9846979448252344
0.01294195841449987	0.06528058881859555	-0.9887599004262297
0.013061708881318424	0.06528246634009756	-0.992854243816392
0.013182567385564082	0.0652843790652768	-0.996981077941414
0.01330454417978092	0.06528632767422458	-1.0011404991520367
0.013427649611378649	0.0652883128609748	-1.0053325968329065
0.01355189412351037	0.06529033533383057	-1.0095574530139095
0.013677288255958502	0.06529239581570023	-1.0138151419631025
0.013803842646028859	0.06529449504444408	-1.0181057297603022
0.013931568029453043	0.06529663377323199	-1.0224292738503666
0.01406047524129915	0.06529881277091171	-1.026785822575121
0.014190575216890933	0.06530103282238969	-1.0311754146828525
0.014321878992735446	0.06530329472902385	-1.03559807881419
0.014454397707459286	0.06530559930902931	-1.040053832963182
0.014588142602753497	0.06530794739789765	-1.044542683912249
0.014723125024327202	0.0653103398488306	-1.049064626639664
0.014859356422870082	0.06531277753318823	-1.0536196436981093
0.014996848355023748	0.06531526134095315	-1.058207704562771
0.015135612484362095	0.06531779218121085	-1.0628287649473669
0.015275660582380739	0.0653203709826476	-1.0674827660863688
0.015417004529495607	0.06532299869406628	-1.0721696339816191
0.015559656316050758	0.06532567628492156	-1.0768892786114068
0.01570362804333554	0.06532840474587523	-1.0816415930999455
0.015848931924611148	0.06533118508937269	-1.0864264528451075
0.015995580286146702	0.0653340183502421	-1.0912437146020895
0.016143585568264878	0.06533690558631737	-1.0960932155205823
0.016292960326397238	0.0653398478790859	-1.1009747721328411
0.01644371723214933	0.06534284633436337	-1.105888179289909
0.016595869074375623	0.06534590208299645	-1.1108332090430524
0.01674942876026439	0.0653490162815954	-1.115809609467307
0.016904409316432657	0.06535219011329842	-1.1208171034238297
0.017060823890031253	0.06535542478856964	-1.1258553872575072
0.017218685749860088	0.06535872154603284	-1.130924129426108
0.017378008287493772	0.06536208165334334	-1.1360229690569685
0.01753880501841763	0.06536550640810031	-1.141151514426965
0.01770108958317423	0.0653689971388022	-1.1463093413612562
0.017864875748520526	0.06537255520584846	-1.1514959915459588
0.018030177408595707	0.06537618200259034	-1.156710970749617
0.018197008586099853	0.06537987895643393	-1.161953746947978
0.018365383433483484	0.06538364752999999	-1.1672237483462276
0.018535316234148135	0.06538748922234339	-1.1725203612924104
0.018706821403658026	0.06539140557023737	-1.177842928075387
0.018879913490962956	0.06539539814952668	-1.183190744600182
0.019054607179632494	0.06539946857655508	-1.1885630579331004
0.019230917289101597	0.06540361850967248	-1.1939590637084612
0.019408858775927792	0.06540784965082772	-1.199377903388244
0.01958844673505991	0.06541216374725381	-1.2048186613652963
0.01976969640111862	0.0654165625932524	-1.210280361900134
0.01995262314968881	0.06542104803208544	-1.2157619658806322
0.020137242498623895	0.0654256219579825	-1.221262367393145
0.02032357010936223	0.0654302863182733	-1.2267803900927798
0.020511621788255666	0.06543504311565497	-1.2323147833596353
0.020701413487910436	0.06543989441060584	-1.2378642182269128
0.02089296130854041	0.06544484232395757	-1.2434272830657007
0.02108628149933291	0.06544988903963922	-1.2490024790101801
0.021281390459827135	0.06545503680760754	-1.254588215105778
0.021478304741305354	0.06546028794698014	-1.2601828031614668
0.02167704104819696	0.06546564484938873	-1.2657844522860482
0.02187761623949554	0.06547110998257222	-1.2713912630867241
0.022080047330189013	0.06547668589423114	-1.2770012215065913
0.022284351492703053	0.06548237521616695	-1.282612192275986
0.022490546058357826	0.06548818066873209	-1.2882219119506384
0.022698648518838235	0.06549410506562035	-1.2938279815075278
0.022908676527677748	0.06550015131902832	-1.2994278584671237
0.023120647901755963	0.06550632244522414	-1.3050188485082692
0.023334580622810044	0.06551262157056194	-1.3105980965393131
0.023550492838960112	0.06551905193798531	-1.3161625771862961
0.023768402866248782	0.06552561691406812	-1.3217090846559638
0.02398832919019492	0.06553231999664517	-1.3272342219280067
0.0242102904673618	0.06553916482309248	-1.3327343892274368
0.02443430552693974	0.06554615517932307	-1.3382057717240814
0.024660393372343412	0.06555329500957068	-1.3436443264021094
0.02488857318282393	0.06556058842704424	-1.3490457680378989
0.025118864315095822	0.0655680397255434	-1.354405554219844
0.025351286304979098	0.0655756533921373	-1.3597188693384306
0.02558585886905648	0.06558343412102034	-1.3649806074693356
0.025822601906345985	0.0655913868286723	-1.3701853540662987
0.026061535499988978	0.06559951667046547	-1.3753273663741357
0.026302679918953843	0.06560782905887905	-1.3804005524653262
0.026546055619755416	0.0656163296835004	-1.3853984487963364
0.026791683248190343	0.06562502453301532	-1.3903141961720757
0.027039583641088463	0.06563391991941417	-1.3951405139986022
0.027289777828080432	0.06564302250467079	-1.3998696726955924
0.02754228703338169	0.06565233933018214	-1.4044934641309907
0.02779713267759291	0.06566187784929492	-1.409003169930859
0.02805433637951716	0.06567164596328767	-1.4133895275077182
0.028313919957993816	0.06568165206122532	-1.4176426936409166
0.028575905433749497	0.06569190506415812	-1.4217522054325837
0.028840315031266085	0.06570241447420072	-1.425706938453237
0.02910717118066608	0.06571319042909958	-1.42949506188187
0.029376496519615335	0.06572424376297901	-1.4331039904371958
0.029648313895243455	0.06573558607405378	-1.43652033288985
0.02992264636608192	0.06574722980020235	-1.4397298369405198
0.030199517204020192	0.06575918830342418	-1.4427173302471887
0.03047894989627986	0.06577147596434624	-1.445466657386679
0.03076096814740711	0.065784108288113	-1.4479606125432305
0.031045595881283587	0.06579710202318488	-1.4501808677316166
0.03133285724315589	0.06581047529479217	-1.4521078963864662
0.031622776601683826	0.06582424775504744	-1.4537208921862526
0.03191537855100765	0.06583844075201474	-1.454997683033256
0.03221068791283438	0.06585307752037425	-1.455914640184827
0.03250872973854347	0.06586818339671649	-1.456446582632109
0.03280952931131194	0.06588378606295388	-1.4565666769583065
0.03311311214825915	0.06589991582186462	-1.4562463330887785
0.03341950400261146	0.06591660590938965	-1.4554550965825377
0.03372873086588692	0.0659338928490046	-1.4541605384249763
0.034040818970100126	0.06595181685429365	-1.4523281436841828
0.0343557947899875	0.06597042228678054	-1.4499212009145437
0.0346736850452532	0.06598975817713347	-1.446900694862136
0.034994516702835765	0.06600987881907613	-1.443225205888725
0.035318316979195734	0.06603084444671802	-1.4388508206356254
0.03564511334262446	0.06605272200757946	-1.4337310598602735
0.03597493351557427	0.06607558604533877	-1.4278168311796313
0.03630780547701017	0.06609951970827259	-1.4210564167480304
0.03664375746478335	0.06612461590148724	-1.4133955088126795
0.03698281797802665	0.06615097860331617	-1.4047773097893679
0.037325015779572084	0.06617872436862841	-1.3951427181855711
0.037670379898390914	0.06620798404414728	-1.3844306276166103
0.038018939632056145	0.06623890472304303	-1.3725783736173638
0.0383707245492279	0.06627165196776275	-1.3595223723162373
0.038725764492161745	0.06630641233087665	-1.3451990067478374
0.03908408957924023	0.06634339620302634	-1.329545831146297
0.03944573020752787	0.06638284101394117	-1.312503181556173
0.039810717055349755	0.06642501480562342	-1.2940163031329193
0.04017908108489402	0.06647022018430658	-1.274038131172309
0.040550853544838415	0.06651879863702884	-1.2525328946760654
0.040926065973001115	0.06657113516598795	-1.2294807482882244
0.041304750199016166	0.06662766314430524	-1.204883680261511
0.04168693834703357	0.06668886922385013	-1.1787729891642675
0.04207266283844444	0.06675529802086407	-1.1512186668670985
0.04246195639463132	0.06682755615770171	-1.1223410634967814
0.042854852039743985	0.06690631503665123	-1.0923252304300517
0.04325138310350091	0.06699231145120255	-1.0614383221199972
0.04365158322401663	0.06708634478951496	-1.0300503591559964
0.044055486350655364	0.06718926914871619	-0.9986584734492506
0.04446312674691091	0.0673019781664308	-0.9679144167999981
0.04487453899331325	0.06742537982580363	-0.9386545461989013
0.04528975799036211	0.06756035798995833	-0.9119306232902606
0.04570881896148754	0.06770771713567174	-0.8890385086259307
0.04613175745603798	0.06786810695406777	-0.8715401625866958
0.04655860935229591	0.0680419245620145	-0.8612723556344148
0.04698941086052156	0.06822919451913387	-0.860333404168357
0.04742419852602448	0.06842943117289077	-0.8710376438442072
0.04786300923226385	0.06864149433079161	-0.8958271579832816
0.04830588020397728	0.06886345753848815	-0.9371327421921306
0.04875284901033865	0.06909251687504891	-0.9971824726624124
0.04920395356814511	0.06932497426030472	-1.0777671833159879
0.04965923214503363	0.06955632868300798	-1.1799867023399004
0.05011872336272725	0.06978149744880688	-1.3040155305557628
0.05058246620031143	0.06999516593401488	-1.4489361524607591
0.051050499997540646	0.07019223192616848	-1.6126861671008703
0.05152286445817567	0.07036827892105842	-1.792148371278628
0.05199959965335162	0.07051999447436359	-1.9833831257387187
0.052480746024977286	0.07064545477701084	-2.181968617559895
0.05296634438916581	0.07074422590559384	-2.383389060418362
0.05345643593969719	0.07081727580625599	-2.5834028129993
0.05395106225151279	0.07086673303040748	-2.7783337062427074
0.05445026528424214	0.07089555467092039	-2.9652534585301282
0.05495408738576248	0.07090717126486677	-3.1420507772476283
0.0554625712957911	0.07090516409772397	-3.307404649030881
0.05597576014951104	0.07089300897662539	-3.4606909931500596
0.05649369748123028	0.07087389884088591	-3.6018536224790636
0.05701642722807478	0.07085064110744962	-3.7312655101863506
0.05754399373371572	0.07082561620484695	-3.849598486272932
0.05807644175213124	0.0708007804601252	-3.957711609413332
0.05861381645140291	0.07077769734834603	-4.056562171890983
0.05915616341754743	0.07075758405945534	-4.147139073383114
0.05970352865838372	0.07074136387899946	-4.230415939780813
0.06025595860743581	0.07072971813952866	-4.307320385593718
0.060813500127871824	0.07072313409829802	-4.378715720619109
0.061376200516479455	0.0707219469670427	-4.445391778647442
0.06194410750767818	0.07072637555199175	-4.508062119626089
0.06251726927756862	0.07073655170270116	-4.567365459377365
0.06309573444801936	0.07075254416156959	-4.623869726014542
0.06367955209079162	0.07077437757198035	-4.678077594858431
0.064268771731702	0.07080204743121389	-4.730432708777657
0.06486344335482389	0.07083553172629543	-4.781326057938235
0.06546361740672754	0.07087479990674556	-4.831102187023476
0.06606934480075964	0.07091981975210947	-4.88006503481503
0.06668067692136226	0.07097056259787732	-4.928483304702034
0.06729766562843183	0.07102700729791647	-4.97659532682211
0.0679203632617185	0.0710891432276338	-5.024613412217108
0.0685488226452662	0.07115697257023507	-5.072727723452822
0.0691830970918937	0.07123051207787605	-5.121109699621355
0.06982324040771719	0.07130979445888805	-5.1699150801122205
0.07046930689671474	0.07139486951011756	-5.2192865735283345
0.07112135136533296	0.0714858050883165	-5.269356217378737
0.07177942912713622	0.07158268799516776	-5.3202474718814585
0.07244359600749906	0.07168562483583653	-5.3720770881425715
0.0731139083483418	0.0717947428999896	-5.424956787650658
0.07379042301291015	0.07191019110629736	-5.478994786763587
0.07447319739059896	0.07203214104594531	-5.534297196864085
0.07516228940182061	0.07216078815719436	-5.590969328239196
0.07585775750291844	0.0722963530612062	-5.649116923562193
0.07655966069112569	0.07243908308895673	-5.70884734515955
0.07726805850957029	0.07258925402993575	-5.7702707390510515
0.07798301105232593	0.07274717213538301	-5.833501198074073
0.07870457896950993	0.07291317641201586	-5.898657946261995
0.07943282347242822	0.07308764124657875	-5.965866567068814
0.08016780633876798	0.07327097940718284	-6.035260299058395
0.0809095899178383	0.07346364547443499	-6.106981424366603
0.0816582371358593	0.0736661397639877	-6.181182777680664
0.0824138115013003	0.07387901281264274	-6.258029406775527
0.08317637711026717	0.07410287051286829	-6.337700419952409
0.08394599865193982	0.0743383799960008	-6.420391061237361
0.08472274141405972	0.07458627638307688	-6.506315061177034
0.08550667128846841	0.07484737054491857	-6.59570731985059
0.0862978547766971	0.07512255804071458	-6.6888269897386055
0.08709635899560814	0.07541282943809144	-6.785961039920622
0.08790225168308852	0.07571928225907426	-6.887428400455477
0.08871560120379617	0.07604313484734243	-6.993584807705558
0.08953647655495947	0.0763857425152921	-7.1048284990776125
0.09036494737223023	0.0767486164078575	-7.22160694086303
0.09120108393559107	0.07713344561800523	-7.34442481782411
0.09204495717531722	0.07754212321176863	-7.473853570911384
0.09289663867799372	0.07797677697579741	-7.6105428440846765
0.09375620069258811	0.07843980589709901	-7.755234298186606
0.09462371613657934	0.07893392363544947	-7.908778376763474
0.09549925860214364	0.07946221057049255	-8.072154776116673
0.0963829023623971	0.08002817642009581	-8.246497594275086
0.09727472237769656	0.08063583596401282	-8.433126431490935
0.09817479430199849	0.08128980110767953	-8.633585117329874
0.09908319448927681	0.08199539343969926	-8.849690288070049
0.10000000000000005	0.0827587826473103	-9.08359279318123
0.10092528860766849	0.08358715775726466	-9.337855959268705
0.10185913880541175	0.08448894030054425	-9.615556214486688
0.10280162981264741	0.08547405133926943	-9.920413671419471
0.10375284158180131	0.08655424808031553	-10.25696327799957
0.10471285480509002	0.08774355083172439	-10.630781528994062
0.1056817509213659	0.0890587876830201	-11.048790192353145
0.10665961212302584	0.09052029283975234	-11.519668159821004
0.10764652136298355	0.0921528051261452	-12.054417157579914
0.10864256236170661	0.0939866251340166	-12.66714951853231
0.10964781961431856	0.09605910005024848	-13.376201190824661
0.1106623783977667	0.09841650601045196	-14.205728262911537
0.11168632477805618	0.10111636665426275	-15.188032909257679
0.1127197456175511	0.10423012646753076	-16.36700440184811
0.11376272858234315	0.10784574504841833	-17.803281481266286
0.11481536214968835	0.1120688336724471	-19.582077507408936
0.11587773561551268	0.11701851884238983	-21.825063075013333
0.11694993910198717	0.12280808414589223	-24.708093379530226
0.11803206356517304	0.12948556960303975	-28.485969477775072
0.11912420080273756	0.1368768020818053	-33.52027575667202
0.12022644346174137	0.14422125471617747	-40.28553405405533
0.1213388850464978	0.14951292295114532	-49.269223999869
0.12246161992650495	0.14900269822851475	-60.59327006800565
0.12359474334445113	0.13876277505171405	-73.34200894329759
0.12473835142429439	0.11906931463874004	-85.39520976600593
0.1258925411794168	0.09544270596435453	-94.58580340519457
0.12705741052085426	0.07352561518217957	-99.82914357067956
0.12823305826560225	0.05583569013507141	-100.92968282534781
0.1294195841449987	0.04263760793834261	-97.95939148172457
0.13061708881318423	0.03340805570286422	-91.08272083412947
0.1318256738556408	0.02749823544849964	-80.8889699240784
0.13304544179780922	0.024238400211802895	-68.79211537370837
0.13427649611378642	0.02290597932585318	-56.685053063783734
0.13551894123510363	0.022811309059634088	-45.92849723351908
0.13677288255958495	0.02344218105426342	-36.92385997562672
0.13803842646028852	0.024507042163015528	-29.50482178989173
0.13931568029453034	0.02587604071483231	-23.401892057892166
0.14060475241299142	0.02749441566426775	-18.43669240098087
0.14190575216890927	0.029315224978433783	-14.516270044852039
0.1432187899273544	0.031269252715846595	-11.562143468490655
0.1445439770745928	0.03326889978222778	-9.4627155047175
0.1458814260275349	0.035227549366103346	-8.072784545822977
0.14723125024327194	0.03707545167753972	-7.23896333833711
0.14859356422870074	0.038764139094621675	-6.824180182880113
0.1499684835502374	0.04026102404055949	-6.719544949491534
0.15135612484362088	0.0415384094589204	-6.843749925687297
0.15275660582380732	0.04255929335842852	-7.131655707058582
0.154170045294956	0.04326135847665283	-7.505956499963838
0.1555965631605075	0.043551266355316545	-7.808111771359437
0.15703628043335532	0.043378439010191575	-7.659053726481726
0.15848931924611143	0.043057264596025734	-6.443739746431987
0.15995580286146696	0.04350624123670817	-4.226446689890217
0.1614358556826487	0.04508048625053116	-2.458742013370496
0.1629296032639723	0.04698136899648663	-1.8679472102461068
0.16443717232149324	0.04862478345992805	-1.9939078952055098
0.16595869074375613	0.049935893271957355	-2.376991077274036
0.16749428760264382	0.050993918648770405	-2.8137024002251394
0.1690440931643265	0.05187741586465262	-3.2351048194233285
0.17060823890031243	0.05264036408785359	-3.6229321079030066
0.17218685749860077	0.053317421903638786	-3.9759017863800654
0.17378008287493762	0.0539309645567321	-4.2977536132181795
0.1753880501841762	0.05449586179405755	-4.593191980913315
0.1770108958317422	0.055022357157148795	-4.866600990171699
0.17864875748520517	0.0555177696412611	-5.121719575661002
0.180301774085957	0.05598751176430626	-5.361636379833077
0.18197008586099844	0.056435713334524365	-5.588877626468817
0.18365383433483473	0.05686561439523258	-5.805509423196462
0.18535316234148125	0.057279819926105244	-6.0132295541839635
0.18706821403658017	0.05768046960061699	-6.213443018174566
0.18879913490962946	0.05806935397171165	-6.40732204140883
0.19054607179632482	0.058447996000694995	-6.5958530928733206
0.19230917289101596	0.05881770961367642	-6.779873576689675
0.19408858775927793	0.059179642676054106	-6.960100511578053
0.19588446735059908	0.059534809166849736	-7.137153046372382
0.1976969640111862	0.059884113714213434	-7.311570242675075
0.19952623149688808	0.06022837062510446	-7.483825215852063
0.20137242498623895	0.060568318876241256	-7.654336461861287
0.2032357010936223	0.060904634093806045	-7.823476997271558
0.20511621788255666	0.061237938253853264	-7.99158178941237
0.20701413487910436	0.06156880763324053	-8.158953840890753
0.2089296130854041	0.061897779400398034	-8.32586920819452
0.2108628149933291	0.06222535713607511	-8.492581170524
0.21281390459827135	0.06255201550318079	-8.659323716951835
0.21478304741305343	0.06287820423327385	-8.82631448351278
0.21677041048196952	0.06320435155934397	-8.993757243936816
0.2187761623949553	0.06353086719630303	-9.161844036299163
0.22080047330189004	0.06385814494935953	-9.330756991279117
0.22284351492703042	0.064186565014279	-9.50066991481605
0.22490546058357816	0.06451649602110374	-9.6717496678507
0.22698648518838224	0.06484829686325791	-9.844157377888381
0.22908676527677735	0.06518231834641093	-10.018049510826112
0.23120647901755953	0.06551890468550754	-10.193578826476259
0.23334580622810033	0.06585839487362566	-10.37089523721372
0.23550492838960102	0.0662011239425195	-10.550146585955453
0.23768402866248772	0.06654742413163324	-10.731479357084991
0.2398832919019491	0.06689762597987667	-10.915039331832642
0.2421029046736179	0.0672520593524152	-11.100972197914786
0.24434305526939726	0.06761105441305185	-11.289424121845395
0.246603933723434	0.06797494255139523	-11.480542291199058
0.24888573182823917	0.06834405727285844	-11.67447543317945
0.25118864315095807	0.06871873505857527	-11.871374315092043
0.2535128630497908	0.06909931620151646	-12.071392231705431
0.25585858869056466	0.06948614562441109	-12.274685483987462
0.2582260190634597	0.06987957368450357	-12.481413853301506
0.26061535499988964	0.07027995696968618	-12.691741074829283
0.2630267991895383	0.07068765909012531	-12.905835313737295
0.26546055619755404	0.07110305146913136	-13.12386964741443
0.2679168324819033	0.07152651413669917	-13.34602255697057
0.2703958364108845	0.07195843652885457	-13.57247843109367
0.2728977782808042	0.0723992182956767	-13.803428085311463
0.27542287033381674	0.07284927012061482	-14.039069299688252
0.277971326775929	0.07330901455347545	-14.279607378005803
0.2805433637951715	0.07377888685921231	-14.52525573152609
0.28313919957993805	0.07425933588439966	-14.7762364905124
0.2857590543374948	0.07475082494300063	-15.032781146790713
0.2884031503126607	0.07525383272274576	-15.295131230766728
0.29107171180666064	0.0757688542131054	-15.5635390264726
0.2937649651961532	0.07629640165545777	-15.838268328402357
0.2964831389524344	0.0768370055156117	-16.11959524410569
0.29922646366081906	0.07739121547832396	-16.40780904674518
0.30199517204020176	0.07795960146283666	-16.703213082083828
0.30478949896279844	0.07854275465773058	-17.006125734655743
0.307609681474071	0.07914128857252223	-17.316881458184593
0.3104559588128357	0.07975584010239678	-17.635831875649927
0.3133285724315587	0.08038707060123201	-17.96334695476089
0.3162277660168381	0.08103566695659183	-18.299816264977792
0.31915378551007634	0.08170234265860576	-18.64565032262273
0.3221068791283436	0.0823878388525468	-19.00128203103749
0.32508729738543457	0.08309292536241147	-19.367168223175607
0.3280952931131192	0.08381840166981691	-19.743791314448924
0.3311311214825913	0.08456509782896933	-20.131661074079563
0.33419504002611444	0.08533387529422308	-20.531316523623087
0.3372873086588691	0.08612562763171443	-20.94332797171358
0.34040818970100106	0.08694128108057518	-21.368299194415957
0.34355794789987465	0.0877817949221361	-21.80686977083021
0.34673685045253166	0.08864816160712384	-22.259717583742706
0.3499451670283573	0.08954140658090023	-22.72756149512021
0.353183169791957	0.09046258773502792	-23.21116420603996
0.35645113342624424	0.09141279439955483	-23.71133531017601
0.3597493351557423	0.09239314577403847	-24.2289345491355
0.36307805477010135	0.09340478867607419	-24.764875276652532
0.36643757464783333	0.09444889446348885	-25.320128136771434
0.3698281797802663	0.09552665495990084	-25.89572495852161
0.3732501577957206	0.09663927718246915	-26.49276286600437
0.37670379898390893	0.09778797663474621	-27.112408598027724
0.38018939632056126	0.09897396888598313	-27.75590302513797
0.38370724549227886	0.10019845911037067	-28.42456584373788
0.3872576449216173	0.10146262920493805	-29.11980041650265
0.3908408957924021	0.10276762204268386	-29.843098714974346
0.39445730207527846	0.10411452234768287	-30.596046303392686
0.3981071705534973	0.10550433360144167	-31.380327281754415
0.40179081084894	0.10693795030523734	-32.197729079913344
0.40550853544838394	0.10841612483293528	-33.05014696223846
0.40926065973001097	0.10993942801536369	-33.93958806282219
0.41304750199016144	0.11150820250489141	-34.86817472326629
0.4168693834703355	0.11312250788382677	-35.838146847407856
0.4207266283844442	0.11478205641210495	-36.851862918766294
0.424619563946313	0.11648613827195117	-37.911799245947634
0.4285485203974396	0.11823353517846569	-39.02054690807948
0.43251383103500884	0.12002242131048944	-40.18080576660652
0.4365158322401661	0.1218502507085609	-41.39537479262598
0.44055486350655343	0.12371363062802787	-42.66713783328139
0.4446312674691088	0.1256081808766798	-43.999043811963546
0.4487453899331323	0.12752837996779956	-45.39408023405753
0.4528975799036209	0.1294674000479588	-46.8552387661995
0.4570881896148752	0.13141693408171437	-48.385471591757536
0.46131757456037953	0.13336702075086715	-49.98763724478215
0.4655860935229591	0.1353058749867768	-51.664434722894704
0.4698941086052156	0.13721973498363432	-53.418324917911384
0.4742419852602448	0.13909273984053794	-55.25143882853474
0.47863009232263853	0.14090685543302198	-57.16547268069496
0.48305880203977286	0.14264186934334241	-59.161571020267345
0.4875284901033865	0.14427547811613142	-61.240200083847434
0.4920395356814511	0.14578349098942073	-63.40101528553122
0.49659232145033627	0.14714017266535057	-65.64272841721831
0.5011872336272725	0.14831874267752113	-67.96298201074549
0.5058246620031143	0.1492920396970325	-70.35824003192715
0.5105049999754064	0.15003334536622046	-72.823705367679
0.5152286445817567	0.15051734441277942	-75.35327507126313
0.5199959965335162	0.1507211773981633	-77.93954369201215
0.5248074602497729	0.15062552217834102	-80.57386296498807
0.5296634438916581	0.15021562363232488	-83.24646258750312
0.5345643593969719	0.14948218240371827	-85.94663194825176
0.5395106225151278	0.1484220156364051	-88.66295699485427
0.5445026528424215	0.14703841760911032	-91.3836006900032
0.5495408738576248	0.14534117491968082	-94.09661061921867
0.5546257129579107	0.14334622586885512	-96.79023412456034
0.5597576014951101	0.14107499128450202	-99.45322043611877
0.5649369748123025	0.13855343777461754	-102.07509082731079
0.5701642722807475	0.13581095869694176	-104.6463615383074
0.5754399373371569	0.13287916956811077	-107.15870941737225
0.580764417521312	0.12979071263309222	-109.60507603671186
0.5861381645140288	0.1265781519526937	-111.97971156436658
0.591561634175474	0.1232730194944358	-114.27816421706288
0.5970352865838369	0.11990504878561314	-116.49722426988384
0.6025595860743578	0.11650160970408086	-118.63483325133939
0.6081350012787179	0.11308733879618528	-120.68996925156628
0.6137620051647943	0.10968394560272902	-122.66251851919155
0.6194410750767815	0.10631016709102234	-124.55314208175122
0.6251726927756859	0.10298183880213328	-126.36314434150233
0.6309573444801934	0.09971205162045269	-128.09434875417898
0.6367955209079159	0.09651136592174259	-129.74898398979911
0.6426877173170198	0.09338805912802985	-131.329582517099
0.6486344335482385	0.09034838749724429	-132.83889239422587
0.654636174067275	0.08739684767374109	-134.27980218738654
0.6606934480075961	0.08453642773941143	-135.6552783459682
0.6668067692136223	0.08176884104612664	-136.96831399235478
0.6729766562843178	0.07909473892987229	-138.22188788851204
0.6792036326171846	0.07651390054390719	-139.41893227354907
0.6854882264526617	0.07402539958872552	-140.56230828739027
0.6918309709189366	0.0716277487652957	-141.6547877735903
0.6982324040771715	0.0693190234401863	-142.69904036491437
0.7046930689671471	0.06709696638204742	-143.69762488097751
0.7112135136533292	0.06495907558924224	-144.6529841958793
0.7177942912713619	0.06290267724326616	-145.56744285754746
0.7244359600749902	0.060924985742301575	-146.44320685478527
0.7311390834834176	0.05902315263140232	-147.28236503042837
0.7379042301291011	0.05719430607746875	-148.08689172875097
0.7447319739059892	0.055435582357177604	-148.85865034249593
0.7516228940182057	0.05374415064688003	-149.59939749043212
0.758577575029184	0.052117232233049975	-150.31078761126923
0.7655966069112565	0.05055211510467042	-150.99437780532872
0.7726805850957026	0.04904616474720173	-151.6516327928301
0.7798301105232589	0.047596831832125326	-152.28392988819192
0.7870457896950989	0.046201657386148696	-152.89256391445792
0.7943282347242817	0.04485827592903993	-153.4787520017955
0.8016780633876793	0.04356441698744573	-154.0436382298279
0.8090958991783825	0.042317905322528174	-154.58829808606248
0.8165823713585927	0.04111666015038375	-155.11374272247983
0.8241381150130026	0.03995869358461811	-155.62092299996107
0.8317637711026713	0.03884210848885524	-156.1107333160769
0.8394599865193977	0.037765095892214856	-156.58401521619078
0.8472274141405968	0.03672593209186448	-157.04156079113008
0.8550667128846836	0.03572297554275238	-157.48411586708147
0.8629785477669706	0.03475466361477269	-157.9123829950656
0.870963589956081	0.03381950928123821	-158.32702424849128
0.8790225168308847	0.032916097789071105	-158.7286638380043
0.8871560120379608	0.03204308335008068	-159.11789055323098
0.8953647655495938	0.031199185883677757	-159.49526004114819
0.9036494737223014	0.030383187834029844	-159.86129693075344
0.9120108393559097	0.029593931078705716	-160.21649681350635
0.9204495717531712	0.02883031394105765	-160.56132808870314
0.9289663867799363	0.028091288314745236	-160.8962336825538
0.9375620069258802	0.027375856905767756	-161.2216326492638
0.946237161365793	0.026683070595030316	-161.53792166186855
0.9549925860214359	0.026012025922779722	-161.84547639987437
0.9638290236239705	0.02536186269528241	-162.14465283975804
0.9727472237769651	0.02473176171426652	-162.4357884526118
0.9817479430199844	0.024120942632250758	-162.71920330928245
0.9908319448927676	0.023528661946807833	-162.9952010822831
1.	0.022954211195090873	-163.26406988454775
1.0092528860766845	0.022396915484188245	-163.5260828077377
1.0185913880541169	0.021856134114644165	-163.78149640331986
1.0280162981264735	0.021331289589691223	-164.03052098203602
1.0375284158180127	0.02082155056042941	-164.27363821211074
1.0471285480508996	0.02032674941689747	-164.51067508093178
1.0568175092136585	0.019846123460182167	-164.74207646419342
1.066596121230258	0.01937919125861783	-164.96801515879017
1.076465213629835	0.018925467535402342	-165.18868169148797
1.0864256236170655	0.01848448592809789	-165.4042602138711
1.096478196143185	0.018055799842346322	-165.61492700298464
1.1066237839776665	0.01763898181113654	-165.82085052154693
1.1168632477805611	0.017233622632701347	-166.02219173415918
1.1271974561755105	0.0168393304890517	-166.21910447201262
1.1376272858234309	0.016455730091360605	-166.41173579764057
1.1481536214968828	0.016082461864314904	-166.60022635605029
1.1587773561551262	0.0157191811720563	-166.7847107082752
1.1694993910198712	0.015365557585255539	-166.96531764656353
1.1803206356517297	0.015021274187783207	-167.14217049156366
1.191242008027375	0.014686026921068745	-167.31538737229127
1.2022644346174132	0.014359523964142324	-167.48508148981097
1.2133888504649775	0.014041485147372364	-167.65136136559502
1.224616199265049	0.013731641397978273	-167.81433107550325
1.2359474334445106	0.013429734215486197	-167.97409047028557
1.2473835142429432	0.013135515175390577	-168.13073538346123
1.2589254117941675	0.012848745459380924	-168.28435782737415
1.270574105208542	0.012569195410587904	-168.43504617817416
1.2823305826560218	0.012296644112393871	-168.58288535042396
1.2941958414499863	0.012030878989440134	-168.72795696198298
1.3061708881318417	0.011771695429545611	-168.8703394897783
1.3182567385564075	0.011518896425329805	-169.0101084170275
1.3304544179780915	0.01127229223440646	-169.1473363724431
1.3427649611378643	0.011031700057084723	-169.28209326190841
1.3551894123510364	0.010796943730585899	-169.41444639307392
1.3677288255958495	0.010567853438910221	-169.54446059320384
1.3803842646028852	0.010344265425686507	-169.67219833673803
1.3931568029453034	0.010126021787228656	-169.79771977650546
1.4060475241299142	0.009912970118406347	-169.9210829880377
1.4190575216890926	0.009704963378481446	-170.0423439254281
1.432187899273544	0.009501859617335727	-170.1615565787374
1.4454397707459279	0.009303521771148524	-170.27877304703932
1.4588142602753489	0.009109817459304679	-170.39404361966885
1.4723125024327193	0.00892061879107944	-170.50741685347236
1.4859356422870074	0.008735802181620211	-170.61893964621737
1.499684835502374	0.008555248176727788	-170.72865730637034
1.5135612484362087	0.008378841285963997	-170.8366136194464
1.5275660582380732	0.008206469823640032	-170.94285091112167
1.54170045294956	0.008038025757265387	-171.04741010728765
1.555965631605075	0.007873404563062103	-171.15033079121676
1.5703628043335531	0.007712505088171844	-171.251651257997
1.584893192461114	0.007555229419204979	-171.3514085663842
1.5995580286146696	0.007401482756801077	-171.4496385882118
1.6143585568264869	0.007251173295889219	-171.54637605548876
1.629296032639723	0.007104212111354326	-171.64165460530967
1.6443717232149324	0.006960513048832466	-171.73550682269197
1.6595869074375613	0.006819992620373727	-171.82796428145033
1.6749428760264382	0.006682569904726033	-171.91905758321002
1.690440931643265	0.0065481664520071	-172.0088163946565
1.7060823890031243	0.006416706192544665	-172.0972694831119
1.7218685749860079	0.006288115349677422	-172.1844447505241
1.7378008287493762	0.006162322356320522	-172.27036926594985
1.753880501841762	0.006039257775110208	-172.35506929660698
1.770108958317422	0.0059188542219524385	-172.43857033756888
1.7864875748520517	0.005801046292809775	-172.5208971401683
1.803017740859568	0.005685770493569796	-172.60207373917464
1.8197008586099825	0.005572965172846716	-172.6821234788054
1.8365383433483455	0.0054625704575760724	-172.76106903762883
1.8535316234148105	0.0053545281912692885	-172.83893245241168
1.8706821403657996	0.005248781874802595	-172.91573514096316
1.8879913490962925	0.0051452766096209725	-172.99149792402355
1.9054607179632463	0.00504395904324423	-173.06624104624265
1.9230917289101574	0.004944777316968206	-173.13998419629192
1.9408858775927773	0.0048476810156595634	-173.21274652615065
1.958844673505989	0.004752621119548034	-173.28454666960522
1.97696964011186	0.004659549957924724	-173.35540275999807
1.9952623149688788	0.004568421164659928	-173.42533244726098
2.0137242498623875	0.004479189635458208	-173.4943529142661
2.032357010936221	0.004391811486772698	-173.5624808925253
2.0511621788255647	0.00430624401630446	-173.629732677268
2.0701413487910414	0.004222445665016532	-173.69612414192568
2.0892961308540388	0.004140375980595702	-173.7616707520491
2.108628149933289	0.004059995582298444	-173.82638757868432
2.1281390459827114	0.003981266127120524	-173.89028931123124
2.147830474130533	0.0039041502772328217	-173.95339026980764
2.167704104819694	0.003828611668628589	-174.01570441714014
2.1877616239495516	0.0037546148809302106	-174.07724537000337
2.208004733018899	0.0036821254083058428	-174.13802641022633
2.228435149270303	0.003611109631448842	-174.19806049528498
2.2490546058357803	0.00354153479057503	-174.25736026849884
2.2698648518838214	0.0034733689593950887	-174.31593806884834
2.2908676527677723	0.0034065810200212955	-174.37380594042926
2.312064790175594	0.0033411406387697904	-174.4309756415593
2.333458062281002	0.0032770182428213724	-174.48745865355153
2.355049283896009	0.003214184997705512	-174.54326618916897
2.376840286624876	0.0031526127855739726	-174.5984092007729
2.39883291901949	0.00309227418423189	-174.65289838817785
2.4210290467361775	0.0030331424468957226	-174.7067442062257
2.4434305526939712	0.0029751914826488166	-174.75995687208973
2.4660393372343385	0.0029183958375666916	-174.8125463723201
2.48885731828239	0.0028627306764854076	-174.86452246964092
2.5118864315095797	0.002808171765387557	-174.91589470950902
2.535128630497907	0.0027546954543815837	-174.96667242644392
2.5585858869056453	0.002702278661251192	-175.01686475013832
2.582260190634596	0.0026508988555526553	-175.06648061135743
2.6061535499988953	0.002600534043238813	-175.11552874763566
2.6302679918953813	0.0025511627517894398	-175.16401770877877
2.654605561975539	0.0025027640158286064	-175.2119558621788
2.6791683248190314	0.0024553173632104667	-175.25935139794905
2.703958364108843	0.0024088028015556984	-175.30621233388652
2.7289777828080406	0.0023632008052216096	-175.35254652026765
2.7542287033381663	0.0023184923026896382	-175.39836164448448
2.7797132677592886	0.002274658664354677	-175.4436652355269
2.805433637951713	0.002231681690701277	-175.4884646683169
2.831391995799379	0.0021895436008524814	-175.5327671679005
2.8575905433749464	0.002148227021477575	-175.57657981350226
2.8840315031266055	0.0021077149760456216	-175.61990954244854
2.910717118066605	0.002067990874412256	-175.66276315396297
2.9376496519615305	0.002029038502727629	-175.70514731283996
2.9648313895243423	0.0019908420136539864	-175.74706855300028
2.992264636608189	0.0019533859168817803	-175.78853328093322
3.019951720402016	0.001916655069933681	-175.82954777902896
3.047894989627983	0.0018806346692463005	-175.8701182088061
3.076096814740708	0.0018453102415198178	-175.91025061403707
3.1045595881283554	0.0018106676353261328	-175.94995092377582
3.1332857243155856	0.001776693012966517	-175.98922495529104
3.162277660168379	0.0017433728425701018	-176.02807841690813
3.1915378551007616	0.0017106938904248804	-176.06651691076365
3.2210687912834346	0.001678643213533257	-176.1045459354746
3.250872973854344	0.0016472081523844302	-176.1421708887262
3.2809529311311905	0.0016163763239362685	-176.17939706978072
3.311311214825911	0.0015861356147995704	-176.21622968191005
3.3419504002611427	0.0015564741746178926	-176.25267383475483
3.372873086588689	0.001527380409636408	-176.2887345466127
3.404081897010009	0.0014988429764534723	-176.32441674665765
3.4355794789987466	0.00147085077594886	-176.35972527709376
3.4673685045253166	0.0014433929473828132	-176.39466489524452
3.499451670283573	0.001416458862660321	-176.42924027558053
3.53183169791957	0.0013900381207552085	-176.46345601168773
3.5645113342624426	0.0013641205422888474	-176.4973166181777
3.5974933515574232	0.0013386961642584834	-176.53082653254253
3.630780547701014	0.0013137552349103674	-176.5639901169555
3.664375746478333	0.0012892882087530424	-176.59681166001997
3.6982817978026628	0.0012652857417063256	-176.62929537846784
3.732501577957206	0.0012417386863816755	-176.6614454188094
3.767037989839089	0.0012186380874897932	-176.6932658589359
3.801893963205613	0.0011959751773714744	-176.72476070967676
3.8370724549227884	0.0011737413716478363	-176.75593391631298
3.8725764492161727	0.0011519282649862259	-176.78678936004735
3.908408957924021	0.0011305276269782101	-176.81733085943392
3.944573020752785	0.0011095313981262106	-176.84756217176735
3.981071705534973	0.0010889316859354343	-176.87748699443375
4.0179081084894	0.0010687207611078985	-176.907108966224
4.055085354483839	0.0010488910538354436	-176.93643166861108
4.09260659730011	0.001029435150188736	-176.96545862699216
4.130475019901614	0.001010345788599389	-176.99419331189688
4.168693834703355	0.0009916158564323898	-177.02263914016268
4.207266283844442	0.0009732383866461618	-177.05079947607842
4.24619563946313	0.0009552065545376506	-177.07867763249706
4.285485203974396	0.0009375136745699257	-177.10627687191854
4.325138310350088	0.0009201531972798714	-177.1336004075437
4.365158322401661	0.00090311870626363	-177.16065140430007
4.405548635065534	0.0008864039152375255	-177.18743297984062
4.446312674691089	0.0008700026651722817	-177.2139482055161
4.487453899331323	0.0008539089214984278	-177.2402001073217
4.528975799036209	0.0008381167713808304	-177.2661916668194
4.570881896148752	0.0008226204210603982	-177.29192582203558
4.613175745603791	0.0008074141932610276	-177.31740546833612
4.655860935229586	0.000792492524659946	-177.3426334592784
4.698941086052151	0.0007778499634196794	-177.36761260744166
4.742419852602444	0.000763481166779893	-177.39234568523588
4.7863009232263805	0.0007493808987074435	-177.41683542569055
4.830588020397723	0.0007355440276030187	-177.44108452322257
4.875284901033861	0.0007219655240628027	-177.46509563438596
4.920395356814506	0.000708640458693644	-177.4888713786014
4.965923214503357	0.0006955639999802542	-177.51241433886875
5.01187233627272	0.0006827314122030255	-177.53572706246078
5.058246620031137	0.0006701380534050786	-177.55881206160052
5.105049999754059	0.0006577793734072122	-177.5816718141214
5.152286445817562	0.0006456509118694598	-177.6043087641112
5.1999599653351565	0.0006337482963980036	-177.62672532254058
5.248074602497723	0.0006220672406962269	-177.64892386787585
5.296634438916575	0.0006106035427587358	-177.6709067466772
5.345643593969713	0.0005993530831072054	-177.69267627418236
5.395106225151273	0.0005883118230669473	-177.71423473487633
5.445026528424209	0.0005774758030831262	-177.7355843830474
5.495408738576242	0.0005668411410755897	-177.7567274433299
5.5462571295791046	0.0005564040308312999	-177.77766611123417
5.597576014951099	0.0005461607404333916	-177.79840255366403
5.649369748123022	0.0005361076107259126	-177.81893890942212
5.701642722807472	0.0005262410538133182	-177.8392772897032
5.754399373371567	0.000516557551593838	-177.85941977857647
5.807644175213118	0.0005070536543258414	-177.87936843345605
5.861381645140285	0.0004977259792263645	-177.89912528556124
5.9156163417547365	0.0004885712091009839	-177.91869234036588
5.9703528658383656	0.0004795860910042415	-177.93807157803752
6.025595860743575	0.00047076743492985697	-177.95726495386666
6.081350012787176	0.0004621121125299771	-177.97627439868623
6.137620051647939	0.00045361705586273703	-177.99510181928162
6.194410750767812	0.0004452792561674324	-178.01374909879164
6.251726927756856	0.00043709576266661533	-178.03221809710035
6.30957344480193	0.0004290636813944499	-178.05051065122046
6.367955209079155	0.00042118017405068283	-178.06862857566793
6.426877173170194	0.00041344245687959983	-178.08657366282867
6.486344335482381	0.0004058477995733604	-178.10434768331697
6.546361740672747	0.00039839352419911286	-178.12195238632643
6.6069344800759575	0.0003910770041493212	-178.13938949997276
6.668067692136219	0.00038389566311473525	-178.1566607316299
6.729766562843175	0.00037684697407946505	-178.17376776825836
6.792036326171843	0.0003699284583376268	-178.19071227672683
6.854882264526613	0.000363137684531045	-178.2074959041269
6.918309709189362	0.00035647226770751196	-178.22412027808116
6.9823240407717115	0.00034992986839911267	-178.24058700704472
7.046930689671467	0.00034350819172014607	-178.25689768060064
7.112135136533288	0.00033720498648417524	-178.27305386974896
7.177942912713615	0.00033101804433976117	-178.2890571271899
7.244359600749899	0.00032494519892444233	-178.30490898760127
7.311390834834173	0.00031898432503653417	-178.32061096791
7.379042301291007	0.00031313333782433117	-178.33616456755843
7.447319739059888	0.0003073901919923144	-178.35157126876484
7.516228940182053	0.00030175288102396593	-178.366832536779
7.585775750291836	0.000296219436420811	-178.3819498201325
7.655966069112561	0.000290787926957314	-178.3969245508841
7.726805850957022	0.00028545645795126655	-178.4117581448602
7.798301105232586	0.000280223170549313	-178.42645200189042
7.870457896950985	0.0002750862410272704	-178.4410075060389
7.943282347242813	0.00027004388010490717	-178.4554260258305
8.01678063387679	0.000265094332274853	-178.4697089144734
8.090958991783822	0.00026023587514532263	-178.48385751007652
8.165823713585922	0.0002554668187963419	-178.49787313586344
8.241381150130021	0.00025078550514917483	-178.51175710038186
8.317637711026709	0.00024619030734865594	-178.5255106977091
8.394599865193973	0.0002416796291581416	-178.53913520765397
8.472274141405963	0.00023725190436679712	-178.5526318959543
8.550667128846833	0.00023290559620895107	-178.56600201447148
8.629785477669701	0.00022863919679524657	-178.57924680138072
8.709635899560805	0.00022445122655532961	-178.59236748135817
8.790225168308842	0.00022034023369182538	-178.6053652657644
8.871560120379607	0.0002163047936453487	-178.61824135282467
8.953647655495937	0.00021234350857031326	-178.63099692780565
9.036494737223014	0.0002084550068213017	-178.64363316318935
9.120108393559097	0.00020463794244976656	-178.65615121884338
9.204495717531712	0.0002008909947108392	-178.6685522421886
9.289663867799362	0.00019721286758002873	-178.68083736836354
9.375620069258803	0.00019360228927959552	-178.69300772038602
9.462371613657929	0.00019005801181439316	-178.7050644093117
9.549925860214358	0.00018657881051697408	-178.71700853439012
9.638290236239705	0.00018316348360176206	-178.72884118321784
9.727472237769652	0.00017981085172809685	-178.74056343188897
9.817479430199844	0.000176519757571962	-178.75217634514306
9.908319448927676	0.0001732890654062112	-178.76368097651047
10.	0.0001701176606891134	-178.7750783684552
10.092528860766844	0.0001670044496610407	-178.78636955251548
10.18591388054117	0.0001639483589491259	-178.7975555494416
10.280162981264736	0.00016094833517972344	-178.80863736933188
10.375284158180126	0.00015800334459850813	-178.81961601176602
10.471285480508996	0.00015511237269805298	-178.83049246593635
10.568175092136585	0.0001522744238527286	-178.84126771077683
10.665961212302578	0.00014948852096077067	-178.85194271509022
10.76465213629835	0.00014675370509336828	-178.8625184376726
10.864256236170656	0.00014406903515062482	-178.87299582743643
10.964781961431852	0.0001414335875242494	-178.88337582353134
11.066237839776663	0.00013884645576684048	-178.89365935546294
11.168632477805613	0.00013630675026762382	-178.90384734320983
11.271974561755105	0.00013381359793451274	-178.91394069733866
11.37627285823431	0.00013136614188235957	-178.92394031911743
11.481536214968829	0.00012896354112727215	-178.93384710062705
11.587773561551263	0.00012660497028686937	-178.94366192487095
11.694993910198711	0.00012428961928635614	-178.95338566588316
11.803206356517286	0.00012201669307029696	-178.96301918883455
11.912420080273739	0.00011978541131997175	-178.9725633501377
12.022644346174118	0.00011759500817620411	-178.98201899754986
12.133888504649763	0.00011544473196754356	-178.99138697027442
12.246161992650476	0.00011333384494370094	-179.000668099061
12.359474334445094	0.00011126162301412367	-179.0098632063037
12.47383514242942	0.00010922735549161266	-179.01897310613833
12.589254117941662	0.00010723034484087478	-179.0279986045377
12.705741052085406	0.00010526990643191326	-179.03694049940566
12.823305826560205	0.00010334536829815897	-179.04579958067
12.941958414499851	0.0001014560708992462	-179.0545766303737
13.061708881318404	0.00009960136688834025	-179.06327242276475
13.182567385564061	0.00009778062088392593	-179.07188772438496
13.304544179780901	0.00009599320924596708	-179.08042329415733
13.427649611378628	0.00009423851985635043	-179.08887988347217
13.551894123510351	0.00009251595190352781	-179.09725823627178
13.67728825595848	0.00009082491567127353	-179.10555908913443
13.803842646028839	0.00008916483233147478	-179.11378317135654
13.931568029453022	0.00008753513374087509	-179.12193120503412
14.060475241299129	0.0000859352622416925	-179.13000390514281
14.190575216890911	0.00008436467046603548	-179.13800197961712
14.321878992735424	0.00008282282114404179	-179.14592612942798
14.454397707459265	0.00008130918691566642	-179.15377704866003
14.588142602753473	0.00007982325014604705	-179.1615554245869
14.723125024327178	0.00007836450274437591	-179.16926193774643
14.859356422870059	0.00007693244598620992	-179.1768972620139
14.996848355023726	0.00007552659033915051	-179.18446206467513
15.135612484362072	0.00007414645529182799	-179.19195700649794
15.275660582380716	0.000072791569186125	-179.199382741803
15.417004529495584	0.00007146146905257591	-179.20673991853351
15.559656316050734	0.00007015570044887987	-179.2140291783242
15.703628043335515	0.00006887381730146712	-179.22125115656928
15.848931924611126	0.00006761538175005829	-179.2284064824892
15.995580286146678	0.00006637996399515914	-179.23549577919715
16.143585568264854	0.00006516714214843286	-179.2425196637642
16.292960326397214	0.00006397650208589453	-179.24947874728358
16.443717232149307	0.00006280763730387266	-179.25637363493462
16.595869074375596	0.00006166014877768409	-179.2632049260451
16.749428760264365	0.00006053364482296968	-179.26997321415354
16.90440931643263	0.00005942774095963964	-179.2766790870701
17.060823890031227	0.000058342059778376996	-179.28332312693726
17.21868574986006	0.000057276230809651175	-179.28990591028906
17.378008287493746	0.00005622989039519191	-179.29642800811024
17.5388050184176	0.000055202681561877036	-179.3028899858941
17.701089583174202	0.00005419425389798677	-179.30929240370014
17.864875748520497	0.000053204263431779816	-179.31563581621054
18.03017740859568	0.000052232372512345735	-179.3219207727861
18.197008586099827	0.00005127824969269063	-179.32814781752148
18.365383433483455	0.00005034156961501275	-179.3343174893
18.535316234148105	0.00004942201289812598	-179.34043032184715
18.706821403657997	0.0000485192660269907	-179.34648684378413
18.879913490962927	0.00004763302124431056	-179.35248757868027
19.054607179632463	0.000046762976444156803	-179.35843304510507
19.230917289101576	0.000045908835067580394	-179.36432375667937
19.408858775927772	0.00004507030600017474	-179.37016022212617
19.58844673505989	0.00004424710347155109	-179.37594294532073
19.769696401118598	0.00004343894695669085	-179.38167242533984
19.952623149688787	0.00004264556107913817	-179.3873491565109
20.137242498623873	0.00004186667551599874	-179.39297362846023
20.32357010936221	0.000041102024904709494	-179.39854632616056
20.511621788255646	0.00004035134875154627	-179.40406772997852
20.701413487910415	0.00003961439134183586	-179.40953831572105
20.892961308540386	0.00003889090165184039	-179.41495855468145
21.086281499332888	0.00003818063326228229	-179.420328913685
21.28139045982711	0.00003748334427347853	-179.42564985513388
21.47830474130533	0.000036798797222053816	-179.43092183705167
21.67704104819694	0.0000361267589992027	-179.4361453131273
21.87761623949552	0.00003546700077047162	-179.4413207327584
22.080047330188993	0.000034819297897031444	-179.44644854109453
22.28435149270303	0.00003418342985841301	-179.45152917907922
22.490546058357804	0.00003355918017667784	-179.45656308349228
22.698648518838212	0.0000329463363419967	-179.4615506869911
22.908676527677724	0.00003234468973960956	-179.46649241815183
23.12064790175594	0.00003175403557814115	-179.47138870150968
23.33458062281002	0.000031174172819246174	-179.47623995759932
23.55049283896009	0.000030604904108559395	-179.48104660299427
23.76840286624876	0.000030046035707925874	-179.48580905034623
23.9883291901949	0.000029497377428887388	-179.4905277084239
24.210290467361776	0.000028958742567401465	-179.49520298215114
24.434305526939713	0.000028429947839769445	-179.49983527264496
24.660393372343385	0.00002791081331975157	-179.504424977253
24.888573182823905	0.000027401162376846063	-179.5089724895907
25.118864315095795	0.00002690082161571096	-179.51347819957775
25.351286304979073	0.00002640962081670678	-179.51794249347452
25.58585886905645	0.000025927392877539408	-179.52236575391782
25.82260190634596	0.00002545397375598228	-179.52674835995649
26.06153549998895	0.000024989202413657847	-179.53109068708633
26.302679918953814	0.000024532920760858317	-179.53539310728488
26.54605561975539	0.000024084973602386478	-179.53965598904574
26.791683248190314	0.000023645208584397118	-179.54387969741248
27.039583641088434	0.00002321347614222084	-179.5480645940124
27.289777828080403	0.000022789629449151447	-179.55221103708942
27.542287033381662	0.000022373524366179096	-179.55631938153732
27.797132677592884	0.000021965019392651724	-179.560389978932
28.05433637951713	0.00002156397561784705	-179.5644231775637
28.31391995799379	0.00002117025667343848	-179.56841932246886
28.575905433749465	0.00002078372868683809	-179.57237875546173
28.84031503126606	0.00002040426023540029	-179.57630181516524
29.10717118066605	0.000020031722301470346	-179.58018883704204
29.376496519615305	0.000019665988228261757	-179.58404015342498
29.648313895243422	0.000019306933676547204	-179.5878560935472
29.92264636608189	0.000018954436582147914	-179.59163698357204
30.19951720402016	0.000018608377114206486	-179.59538314662257
30.4789498962798	0.000018268637634228795	-179.5990949028109
30.76096814740705	0.000017935102655880274	-179.60277256926693
31.045595881283525	0.000017607658805523284	-179.6064164601673
31.332857243155825	0.000017286194783480835	-179.61002688676334
31.62277660168376	0.000016970601326014012	-179.61360415740936
31.91537855100758	0.00001666077116799929	-179.6171485775904
32.21068791283432	0.000016356599006293088	-179.62066044994953
32.50872973854341	0.000016057981463770612	-179.62414007431514
32.80952931131187	0.000015764817054026508	-179.62758774772786
33.11311214825908	0.000015477006146725088	-179.63100376446715
33.41950400261139	0.000015194450933588157	-179.6343884160776
33.72873086588685	0.000014917055395008304	-179.63774199139502
34.040818970100055	0.000014644725267276585	-179.64106477657242
34.35579478998743	0.000014377368010412615	-179.6443570551053
34.67368504525313	0.00001411489277658642	-179.64761910785708
34.994516702835696	0.000013857210379120801	-179.65085121308414
35.318316979195664	0.000013604233262063543	-179.65405364646057
35.64511334262439	0.000013355875470318898	-179.6572266811027
35.9749335155742	0.000013112052620328055	-179.66037058759335
36.3078054770101	0.000012872681871288363	-179.66348563400587
36.64375746478329	0.00001263768189690136	-179.66657208592804
36.98281797802659	0.000012406972857639919	-179.66963020648544
37.32501577957203	0.000012180476373524712	-179.67266025636488
37.670379898390856	0.00001195811549740082	-179.67566249383748
38.01893963205609	0.000011739814688705089	-179.6786371747815
38.370724549227845	0.000011525499787715163	-179.68158455270492
38.72576449216169	0.00001131509799027141	-179.68450487876783
39.08408957924017	0.000011108537822962878	-179.68739840180478
39.44573020752781	0.000010905749118768836	-179.69026536834645
39.81071705534969	0.000010706662993147342	-179.6931060226416
40.17908108489396	0.000010511211820562744	-179.69592060667847
40.55085354483835	0.000010319329211443926	-179.69870936020615
40.92606597300105	0.000010130949989565332	-179.70147252075563
41.304750199016105	9.946010169843059e-6	-179.70421032366073
41.68693834703351	9.764446936538299e-6	-179.70692300207867
42.07266283844438	9.586198621860562e-6	-179.70961078701066
42.46195639463126	9.41120468496351e-6	-179.7122739073221
42.85485203974392	9.239405691325935e-6	-179.71491258976272
43.251383103500835	9.070743292510896e-6	-179.71752705898635
43.65158322401656	8.905160206296085e-6	-179.7201175375707
44.0554863506553	8.742600197168489e-6	-179.7226842460368
44.46312674691084	8.583008057176709e-6	-179.72522740286828
44.87453899331318	8.426329587134284e-6	-179.72774722453045
45.28975799036204	8.27251157816765e-6	-179.73024392548933
45.708818961487474	8.1215017936023e-6	-179.7327177182303
46.13175745603791	7.973248951180977e-6	-179.73516881327663
46.55860935229586	7.827702705607732e-6	-179.73759741920787
46.98941086052151	7.684813631411919e-6	-179.74000374267814
47.42419852602443	7.544533206126203e-6	-179.74238798843396
47.8630092322638	7.4068137937728095e-6	-179.74475035933227
48.30588020397723	7.271608628652322e-6	-179.74709105635796
48.7528490103386	7.138871799429509e-6	-179.74941027864145
49.20395356814506	7.0085582335107004e-6	-179.751708223476
49.65923214503358	6.8806236817073314e-6	-179.75398508633475
50.118723362727195	6.7550247031804265e-6	-179.756241060888
50.58246620031137	6.6317186506608145e-6	-179.75847633901967
51.0504999975406	6.510663655940085e-6	-179.76069111084428
51.52286445817562	6.3918186156272065e-6	-179.7628855647233
51.99959965335157	6.275143177166032e-6	-179.76505988728138
52.48074602497723	6.1605977251088014e-6	-179.76721426342291
52.966344389165755	6.0481433676410185e-6	-179.76934887634766
53.45643593969714	5.937741923353029e-6	-179.77146390756684
53.95106225151273	5.829355908253806e-6	-179.77355953691887
54.450265284242086	5.722948523022466e-6	-179.7756359425848
54.95408738576243	5.6184836404931684e-6	-179.77769330110394
55.462571295791044	5.51592579336913e-6	-179.7797317873889
55.97576014951099	5.415240162161478e-6	-179.78175157474092
56.49369748123023	5.316392563348928e-6	-179.78375283486483
57.01642722807472	5.219349437754114e-6	-179.78573573788375
57.543993733715666	5.124077839132686e-6	-179.78770045235396
58.07644175213118	5.0305454229712226e-6	-179.78964714527933
58.61381645140285	4.938720435490139e-6	-179.7915759821259
59.15616341754737	4.848571702847836e-6	-179.7934871268359
59.70352865838366	4.760068620542384e-6	-179.7953807418424
60.255958607435744	4.673181143007153e-6	-179.79725698808258
60.81350012787176	4.587879773396752e-6	-179.79911602501238
61.37620051647939	4.504135553559909e-6	-179.80095801061967
61.94410750767812	4.421920054195752e-6	-179.80278310143825
62.51726927756855	4.341205365190168e-6	-179.80459145256108
63.0957344480193	4.2619640861289815e-6	-179.80638321765377
63.67955209079155	4.184169316984621e-6	-179.8081585489679
64.26877173170195	4.1077946489731874e-6	-179.8099175973539
64.86344335482381	4.0328141555787306e-6	-179.81166051227416
65.46361740672747	3.9592023837417e-6	-179.81338744181602
66.06934480075958	3.886934345208558e-6	-179.81509853270424
66.68067692136219	3.815985508039615e-6	-179.81679393031388
67.29766562843174	3.7463317882721345e-6	-179.81847377868257
67.92036326171844	3.6779495417359382e-6	-179.82013822052315
68.54882264526613	3.6108155560186736e-6	-179.82178739723568
69.18309709189363	3.5449070425779633e-6	-179.82342144891976
69.82324040771712	3.4802016289978723e-6	-179.82504051438656
70.46930689671467	3.416677351386889e-6	-179.82664473117055
71.12135136533288	3.3543126469149363e-6	-179.82823423554157
71.77942912713615	3.2930863464868543e-6	-179.82980916251645
72.44359600749898	3.2329776675498017e-6	-179.8313696458705
73.11390834834172	3.173966207032177e-6	-179.83291581814902
73.79042301291008	3.1160319344116376e-6	-179.83444781067882
74.47319739059888	3.059155184909829e-6	-179.83596575357927
75.16228940182053	3.003316652811534e-6	-179.83746977577363
75.85775750291836	2.94849738490595e-6	-179.838960005
76.55966069112561	2.8946787740478657e-6	-179.84043656782228
77.26805850957021	2.841842552836521e-6	-179.8418995896412
77.98301105232578	2.7899707874100347e-6	-179.84334919470473
78.70457896950977	2.739045871353224e-6	-179.84478550611897
79.43282347242805	2.689050519716833e-6	-179.84620864585867
80.16780633876782	2.6399677631460257e-6	-179.84761873477765
80.90958991783813	2.5917809421162134e-6	-179.8490158926191
81.65823713585914	2.544473701274234e-6	-179.85040023802586
82.41381150130013	2.498029983882951e-6	-179.85177188855064
83.176377110267	2.4524340263673755e-6	-179.85313096066602
83.94599865193965	2.4076703529604675e-6	-179.85447756977447
84.72274141405954	2.3637237704467925e-6	-179.85581183021807
85.50667128846823	2.320579363002207e-6	-179.85713385528854
86.29785477669692	2.2782224871278812e-6	-179.85844375723667
87.09635899560797	2.236638766676866e-6	-179.8597416472822
87.90225168308834	2.1958140879715584e-6	-179.86102763562306
88.71560120379598	2.155734595010378e-6	-179.86230183144497
89.53647655495928	2.11638668476203e-6	-179.86356434293066
90.36494737223005	2.0777570025457543e-6	-179.86481527726926
91.20108393559087	2.0398324374959913e-6	-179.86605474066525
92.04495717531702	2.0026001181098986e-6	-179.86728283834782
92.89663867799354	1.9660474078762336e-6	-179.86849967457957
93.75620069258792	1.9301619009841007e-6	-179.86970535266562
94.6237161365792	1.8949314181100924e-6	-179.8708999749623
95.4992586021435	1.860344002282402e-6	-179.872083642886
96.38290236239695	1.8263879148205022e-6	-179.87325645692178
97.2747223776964	1.7930516313490026e-6	-179.87441851663195
98.17479430199833	1.7603238378843256e-6	-179.87556992066453
99.08319448927665	1.7281934269928792e-6	-179.87671076676187
99.9999999999999	1.6966494940194125e-6	-179.87784115176862