0.01000000000000001	3.63889829386655	-0.6324350498365493
0.010092528860766855	3.639912159441991	-0.6390696508561222
0.01018591388054118	3.640945999410009	-0.6457932513466822
0.010280162981264745	3.6420002294566203	-0.6526075393792976
0.010375284158180138	3.643075274783983	-0.6595142475387586
0.010471285480509006	3.644171570361946	-0.6665151543898968
0.010568175092136596	3.645289561187248	-0.6736120860003263
0.01066596121230259	3.6464297025515555	-0.6808069175220891
0.010764652136298361	3.6475924603169765	-0.6881015748346133
0.010864256236170667	3.648778311201597	-0.6954980362521138
0.010964781961431863	3.6499877430734697	-0.702998334297823
0.011066237839776675	3.651221255254315	-0.7106045575484295
0.011168632477805623	3.6524793588332507	-0.718318852551676
0.011271974561755117	3.6537625769908093	-0.7261434258205635
0.011376272858234322	3.6550714453335167	-0.7340805459075554
0.01148153621496884	3.65640651223967	-0.7421325455624715
0.011587773561551273	3.6577683392170486	-0.750301823978111
0.011694993910198724	3.659157501271784	-0.7585908491272967
0.01180320635651731	3.6605745872907476	-0.7670021601960223
0.011912420080273762	3.6620202004362365	-0.7755383701169345
0.012022644346174144	3.6634949585545797	-0.7842021682080405
0.012133888504649786	3.6649994945986117	-0.792996322921522
0.012246161992650502	3.6665344570650937	-0.8019236847080512
0.01235947433444512	3.668100510447136	-0.8109871890020205
0.012473835142429446	3.6696983357025506	-0.8201898593335956
0.012589254117941687	3.67132863073924	-0.8295348105739154
0.012705741052085433	3.672992110917152	-0.8390252523195857
0.012823305826560232	3.674689509568765	-0.8486644924237055
0.01294195841449987	3.6764215785382635	-0.8584559406805462
0.013061708881318424	3.678189088740172	-0.8684031126714328
0.013182567385564082	3.6799928307384344	-0.8785096337800549
0.01330454417978092	3.6818336153468567	-0.8887792433857731
0.013427649611378649	3.6837122742518242	-0.8992157992438584
0.01355189412351037	3.6856296606583014	-0.9098232820623174
0.013677288255958502	3.687586649959671	-0.9206058002852837
0.013803842646028859	3.6895841404334337	-0.9315675950939187
0.013931568029453043	3.6916230539631254	-0.9427130456358884
0.01406047524129915	3.6937043367878686	-0.9540466744955891
0.014190575216890933	3.6958289602805934	-0.9655731534176544
0.014321878992735446	3.697997921757243	-0.9772973092975707
0.014454397707459286	3.700212245316499	-0.9892241304531115
0.014588142602753497	3.7024729827135987	-1.0013587731923375
0.014723125024327202	3.704781214268039	-1.0137065686937725
0.014859356422870082	3.7071380498077438	-1.0262730302159826
0.014996848355023748	3.7095446296514276	-1.0390638606548024
0.015135612484362095	3.712002125630106	-1.0520849604670472
0.015275660582380739	3.714511742150804	-1.0653424359815904
0.015417004529495607	3.7170747173035323	-1.078842608119198
0.015559656316050758	3.7196923240139257	-1.0925920215442442
0.01570362804333554	3.7223658712442926	-1.1065974542732344
0.015848931924611148	3.7250967052443054	-1.1208659277656532
0.015995580286146702	3.7278862108549675	-1.1354047175255955
0.016143585568264878	3.7307358128678483	-1.1502213642435013
0.016292960326397238	3.7336469774421883	-1.165323685509598
0.01644371723214933	3.736621213583494	-1.1807197881329516
0.016595869074375623	3.7396600746858293	-1.1964180811018061
0.01674942876026439	3.7427651601421372	-1.212427289223926
0.016904409316432657	3.7459381170245356	-1.2287564674873017
0.017060823890031253	3.7491806418400864	-1.2454150161857342
0.017218685749860088	3.752494482364391	-1.262412696855334
0.017378008287493772	3.755881439557683	-1.2797596490722556
0.01753880501841763	3.7593433695679614	-1.2974664081650715
0.01770108958317423	3.762882185825256	-1.3155439238988464
0.017864875748520526	3.766499861232448	-1.3340035801923442
0.018030177408595707	3.7701984304572926	-1.3528572159337366
0.018197008586099853	3.7739799923315456	-1.3721171469653235
0.018365383433483484	3.7778467123623503	-1.391796189312305
0.018535316234148135	3.7818008253631605	-1.411907683736989
0.018706821403658026	3.785844638209582	-1.4324655217047335
0.018879913490962956	3.7899805327274994	-1.453484172855019
0.019054607179632494	3.7942109687211736	-1.474978714077942
0.019230917289101597	3.798538487148785	-1.4969648603037367
0.019408858775927792	3.8029657134536374	-1.5194589971210208
0.01958844673505991	3.807495361060341	-1.5424782153488388
0.01976969640111862	3.812130235044746	-1.5660403476963443
0.01995262314968881	3.8168732359883264	-1.590164007655275
0.020137242498623895	3.821727364026944	-1.6148686307809097
0.02032357010936223	3.826695723105841	-1.6401745185300665
0.020511621788255666	3.831781525452743	-1.6661028848378454
0.020701413487910436	3.836988096281848	-1.69267590562933
0.02089296130854041	3.842318878742044	-1.7199167714783772
0.02108628149933291	3.8477774391252284	-1.747849743643471
0.021281390459827135	3.853367472347827	-1.776500213727904
0.021478304741305354	3.8590928077247306	-1.8058947672345271
0.02167704104819696	3.8649574150512964	-1.8360612513055379
0.02187761623949554	3.870965411012644	-1.8670288469634408
0.022080047330189013	3.8771210659414646	-1.8988281461969314
0.022284351492703053	3.883428810943285	-1.9314912342624613
0.022490546058357826	3.889893245413944	-1.9650517776073695
0.022698648518838235	3.8965191449727223	-1.9995451178539525
0.022908676527677748	3.903311469837105	-2.035008372323144
0.023120647901755963	3.910275373666079	-2.0714805416186532
0.023334580622810044	3.9174162129021184	-2.109002624839976
0.023550492838960112	3.9247395566429453	-2.1476177430434755
0.023768402866248782	3.9322511970754586	-2.187371271626703
0.02398832919019492	3.9399571605086168	-2.2283109823751195
0.0242102904673618	3.947863719041921	-2.2704871959769704
0.02443430552693974	3.9559774029102286	-2.3139529458893424
0.024660393372343412	3.9643050135465954	-2.358764154520359
0.02488857318282393	3.9728536374100702	-2.404979822787154
0.025118864315095822	3.9816306606249197	-2.452662234208323
0.025351286304979098	3.990643784482833	-2.5018771748047217
0.02558585886905648	3.9999010418622585	-2.5526941702063533
0.025822601906345985	4.009410814621273	-2.605186741502193
0.026061535499988978	4.019181852024586	-2.659432681522776
0.026302679918953843	4.029223290267569	-2.715514353416857
0.026546055619755416	4.039544673163761	-2.7735190135722743
0.026791683248190343	4.050155974065228	-2.8335391611422245
0.027039583641088463	4.061067619087912	-2.895672916672614
0.027289777828080432	4.072290511717417	-2.9600244325877765
0.02754228703338169	4.083836058871914	-3.0267043385824324
0.02779713267759291	4.095716198501358	-3.0958302252927403
0.02805433637951716	4.1079434288040035	-3.167527169983192
0.028313919957993816	4.120530839139312	-3.2419283083886663
0.028575905433749497	4.133492142717934	-3.3191754573073244
0.028840315031266085	4.14684171114505	-3.39941979304406
0.02910717118066608	4.160594610889657	-3.4828225913735937
0.029376496519615335	4.17476664174486	-3.569556035327161
0.029648313895243455	4.189374377333742	-3.6598040978193747
0.02992264636608192	4.204435207702561	-3.753763506933046
0.030199517204020192	4.219967384019897	-3.851644802572998
0.03047894989627986	4.235990065377886	-3.9536734942101472
0.03076096814740711	4.2525233676554715	-4.060091330565669
0.031045595881283587	4.26958841435928	-4.171157693353868
0.03133285724315589	4.287207389301789	-4.287151128628945
0.031622776601683826	4.305403590902292	-4.408371030879048
0.03191537855100765	4.324201487805552	-4.5351394968088075
0.03221068791283438	4.343626775395395	-4.66780336776402
0.03250872973854347	4.363706432634097	-4.806736482011513
0.03280952931131194	4.384468778474951	-4.952342160612449
0.03311311214825915	4.405943526863459	-5.1050559534520525
0.03341950400261146	4.428161839055788	-5.265348675138434
0.03372873086588692	4.451156371620654	-5.433729763981863
0.034040818970100126	4.47496131804415	-5.610751001149421
0.0343557947899875	4.499612441293868	-5.797010631362413
0.0346736850452532	4.525147094001984	-5.9931579311970395
0.034994516702835765	4.551604222058922	-6.199898276145637
0.035318316979195734	4.579024346324868	-6.417998763080674
0.03564511334262446	4.607449515822934	-6.6482944505899715
0.03597493351557427	4.636923224103536	-6.891695285709509
0.03630780547701017	4.667490278388386	-7.14919379171798
0.03664375746478335	4.699196608518514	-7.4218735976156935
0.03698281797802665	4.7320889995227935	-7.7109188953089784
0.037325015779572084	4.766214727643527	-8.017624914793286
0.037670379898390914	4.801621074729591	-8.343409509965053
0.038018939632056145	4.838354689817339	-8.689825946941067
0.0383707245492279	4.876460759212862	-9.058576981294474
0.038725764492161745	4.915981937162498	-9.451530298174816
0.03908408957924023	4.956956977917886	-9.870735366750578
0.03944573020752787	4.99941899628125	-10.31844172351399
0.039810717055349755	5.043393267165627	-10.797118641922001
0.04017908108489402	5.088894454950184	-11.309476060796806
0.040550853544838415	5.135923140168164	-11.858486520436447
0.040926065973001115	5.1844614842551335	-12.447407679699431
0.041304750199016166	5.234467843044541	-13.079804741528932
0.04168693834703357	5.285870107449004	-13.759571775482693
0.04207266283844444	5.338557517533542	-14.490950465188511
0.04246195639463132	5.392370668045769	-15.278544191548361
0.042854852039743985	5.4470894063801385	-16.127324548948575
0.04325138310350091	5.502418329101451	-17.042626339068565
0.04365158322401663	5.557969627709654	-18.030125755846026
0.044055486350655364	5.613243143503488	-19.095794841807386
0.04446312674691091	5.667603700412714	-20.245823372231243
0.04487453899331325	5.720256139800838	-21.486497190758072
0.04528975799036211	5.7702190382761955	-22.824019878598865
0.04570881896148754	5.816298906662785	-24.26426287715889
0.04613175745603798	5.85706778900441	-25.812428456083598
0.04655860935229591	5.890848601359551	-27.472611222216322
0.04698941086052156	5.91571416871504	-29.247248558674144
0.04742419852602448	5.929507463382	-31.136460077145227
0.04786300923226385	5.929891509393098	-33.137292363322125
0.04830588020397728	5.914437018426174	-35.24290867440671
0.04875284901033865	5.8807531136651505	-37.441792572131114
0.04920395356814511	5.826660654869682	-39.717065360575596
0.04965923214503363	5.75039854504554	-42.046041390489364
0.05011872336272725	5.650842145519067	-44.40015148132268
0.05058246620031143	5.527702438972826	-46.74534182402863
0.051050499997540646	5.381669053693192	-49.04299854112782
0.05152286445817567	5.214463658412757	-51.25136299987314
0.05199959965335162	5.028784024601621	-53.32731001876778
0.052480746024977286	4.828140526686547	-55.22828879191742
0.05296634438916581	4.616609489086959	-56.91420010108535
0.05345643593969719	4.3985439813386416	-58.34901323775739
0.05395106225151279	4.178287350015669	-59.50200129508036
0.05445026528424214	3.9599276995488615	-60.34856768226084
0.05495408738576248	3.747116768549057	-60.87071983506626
0.0554625712957911	3.542960066209545	-61.05729620547182
0.05597576014951104	3.3499716385768923	-60.90406138944503
0.05649369748123028	3.1700788611234727	-60.413755780730526
0.05701642722807478	3.0046602159002678	-59.59613230791646
0.05754399373371572	2.8546006563064417	-58.46794906267088
0.05807644175213124	2.7203530194157706	-57.05282963862852
0.05861381645140291	2.601998402292014	-55.38086936249156
0.05915616341754743	2.4993023699825203	-53.487869367842954
0.05970352865838372	2.4117666967402487	-51.41412840748386
0.06025595860743581	2.338677841204019	-49.202808238633054
0.060813500127871824	2.279153614847426	-46.8979906913955
0.061376200516479455	2.2321888595159427	-44.54263083806626
0.06194410750767818	2.1966998944871925	-42.17665045276366
0.06251726927756862	2.171566527864477	-39.835394503561695
0.06309573444801936	2.155669911827759	-37.54859913155198
0.06367955209079162	2.1479245802210922	-35.33991923649859
0.064268771731702	2.1473035351013072	-33.22696927802741
0.06486344335482389	2.1528560082639534	-31.221765635066493
0.06546361740672754	2.163718266128538	-29.331431217744512
0.06606934480075964	2.1791183808866466	-27.559027979461163
0.06668067692136226	2.198376191926368	-25.904408478566467
0.06729766562843183	2.2208997488933218	-24.365011051488942
0.0679203632617185	2.2461794264788773	-22.936555145579234
0.0685488226452662	2.273780705719837	-21.613618917397496
0.0691830970918937	2.303336389337339	-20.390098887571387
0.06982324040771719	2.334538801027563	-19.25956198609406
0.07046930689671474	2.367132332821268	-18.215505384119535
0.07112135136533296	2.4009065584287623	-17.251540872340787
0.07177942912713622	2.4356900228103116	-16.361519711358305
0.07244359600749906	2.471344743577828	-15.539611939468983
0.0731139083483418	2.5077614113205238	-14.780351791613748
0.07379042301291015	2.5448552468575705	-14.078658577457405
0.07447319739059896	2.582562458054327	-13.429840299341931
0.07516228940182061	2.6208372327101706	-12.829585545315982
0.07585775750291844	2.65964920379827	-12.273947777494529
0.07655966069112569	2.698981326637259	-11.759325022736048
0.07726805850957029	2.738828112783189	-11.282437116712822
0.07798301105232593	2.77919417147969	-10.840302006649987
0.07870457896950993	2.820093015729613	-10.43021213860338
0.07943282347242822	2.861546096058099	-10.049711604543909
0.08016780633876798	2.9035820306135633	-9.696574471878458
0.0809095899178383	2.9462360053061447	-9.368784538851196
0.0816582371358593	2.989549322195673	-9.064516634491977
0.0824138115013003	3.0335690783373854	-8.782119496868829
0.08317637711026717	3.0783479608233426	-8.520100207398974
0.08394599865193982	3.1239441468859304	-8.27711012373119
0.08472274141405972	3.170421300722838	-8.051932233209614
0.08550667128846841	3.217848661232027	-7.843469838781305
0.0862978547766971	3.2663012171798003	-7.6507364862478795
0.08709635899560814	3.315859968534572	-7.472847043720705
0.08790225168308852	3.366612274853772	-7.309009849440397
0.08871560120379617	3.418652293785844	-7.1585198516847255
0.08953647655495947	3.472081515020111	-7.020752673613596
0.09036494737223023	3.527009397476174	-6.8951595461846225
0.09120108393559107	3.5835541202726	-6.781263063545988
0.09204495717531722	3.641843461176869	-6.678653727611563
0.09289663867799372	3.702015819972533	-6.586987262083098
0.09375620069258811	3.7642214086800734	-6.505982691456448
0.09462371613657934	3.8286236360989	-6.435421198259283
0.09549925860214364	3.8954007210385413	-6.375145792993526
0.0963829023623971	3.964747577345588	-6.325061857602893
0.09727472237769656	4.036878025040283	-6.285138657109172
0.09817479430199849	4.112027396430986	-6.255411958892521
0.09908319448927681	4.190455625201908	-6.235987960248425
0.10000000000000005	4.272450931908883	-6.227048810517643
0.10092528860766849	4.358334253547098	-6.228860136960687
0.10185913880541175	4.448464611466359	-6.2417811637674045
0.10280162981264741	4.543245676131703	-6.266278283495641
0.10375284158180131	4.643133876745681	-6.302943352673137
0.10471285480509002	4.748648529938047	-6.352518626131113
0.1056817509213659	4.860384641440065	-6.415931266391182
0.10665961212302584	4.979029292807513	-6.494342020712848
0.10764652136298355	5.105382898157318	-6.589215397002526
0.10864256236170661	5.240387154676745	-6.702423289092374
0.10964781961431856	5.3851622816695235	-6.836401949943162
0.1106623783977667	5.541057214211523	-6.994396154467076
0.11168632477805618	5.709717798590215	-7.180849297158244
0.1127197456175511	5.893179471788773	-7.402043309149042
0.11376272858234315	6.093991228098573	-7.66717474327241
0.11481536214968835	6.315372851995735	-7.9902030068176835
0.11587773561551268	6.561384799401228	-8.393067499134789
0.11694993910198717	6.837012246364082	-8.911268491631295
0.11803206356517304	7.147827376441171	-9.603150409499056
0.11912420080273756	7.498247358246412	-10.563232473404314
0.12022644346174137	7.886011955196697	-11.932343418763484
0.1213388850464978	8.289461927589253	-13.869543889316141
0.12246161992650495	8.652634025581978	-16.404067822964056
0.12359474334445113	8.905550688747567	-19.17514168884365
0.12473835142429439	9.047305206430815	-21.50348458402762
0.1258925411794168	9.171626082813615	-23.047827538386898
0.12705741052085426	9.367542621601316	-24.06821693646541
0.12823305826560225	9.662698289168251	-24.993406568519372
0.1294195841449987	10.048187521723493	-26.11158974810351
0.13061708881318423	10.50652648453695	-27.56429871052324
0.1318256738556408	11.020647157119262	-29.41546291835597
0.13304544179780922	11.573423810918444	-31.695079415552346
0.13427649611378642	12.144868818907275	-34.41397264477472
0.13551894123510363	12.709735418424257	-37.561675079662585
0.13677288255958495	13.236963280069943	-41.095876162709914
0.13803842646028852	13.692321042710294	-44.9298494805412
0.13931568029453034	14.04508780240325	-48.925123055625356
0.14060475241299142	14.27777414146795	-52.897257605136126
0.14190575216890927	14.395287651002732	-56.63920045078061
0.1432187899273544	14.42897339455394	-59.95864967198188
0.1445439770745928	14.433525476879922	-62.71825584314979
0.1458814260275349	14.47925009213862	-64.86689152207552
0.14723125024327194	14.644645583179479	-66.45693991138239
0.14859356422870074	15.013199587084634	-67.65048349869328
0.1499684835502374	15.675618790945645	-68.7217333345456
0.15135612484362088	16.736386996489784	-70.06503803296795
0.15275660582380732	18.32047883627595	-72.22027835004774
0.154170045294956	20.565500836071	-75.92786105876726
0.1555965631605075	23.547378854026938	-82.2006919837383
0.15703628043335532	26.998826079916363	-92.25947315472523
0.15848931924611143	29.729375911692333	-106.77706893459664
0.15995580286146696	29.787654315268888	-124.07111982948705
0.1614358556826487	26.847509897979396	-140.10244911760572
0.1629296032639723	22.76899831428789	-152.22272661717264
0.16443717232149324	19.0352145800395	-160.52275100973569
0.16595869074375613	16.046198597601716	-166.07760189063714
0.16749428760264382	13.73290608706519	-169.83461616225603
0.1690440931643265	11.937585970025363	-172.42965638309522
0.17060823890031243	10.523079882654145	-174.26286213968925
0.17218685749860077	9.388113645767246	-175.58534963011263
0.17378008287493762	8.460935013025225	-176.5574589463863
0.1753880501841762	7.690876583618087	-177.2839374388363
0.1770108958317422	7.041779431222099	-177.8348246426093
0.17864875748520517	6.487432032687544	-178.25798556108325
0.180301774085957	6.008506856800067	-178.58678723028012
0.18197008586099844	5.5905093015185985	-178.84490972784977
0.18365383433483473	5.222392697811093	-179.04943055803002
0.18535316234148125	4.895610511681107	-179.2128448611994
0.18706821403658017	4.60345782619325	-179.34441500520964
0.18879913490962946	4.340606644935396	-179.45108861028038
0.19054607179632482	4.102772936792208	-179.5381333874445
0.19230917289101596	3.886474566932059	-179.60958279584426
0.19408858775927793	3.688852857423092	-179.66855322317556
0.19588446735059908	3.5075393324680335	-179.71747258807324
0.1976969640111862	3.3405549879176006	-179.7582470196792
0.19952623149688808	3.186233274491954	-179.79238369196656
0.20137242498623895	3.043160581498604	-179.8210822445757
0.2032357010936223	2.9101297838362785	-179.84530344996384
0.20511621788255666	2.7861036452491614	-179.86582123149546
0.20701413487910436	2.6701857335029087	-179.8832623837894
0.2089296130854041	2.5615971153409127	-179.89813712905712
0.2108628149933291	2.459657538388837	-179.910862788133
0.21281390459827135	2.363770125801242	-179.9217822381658
0.21478304741305343	2.2734088428788675	-179.93117839417403
0.21677041048196952	2.188108167554508	-179.93928563726277
0.2187761623949553	2.107454525527766	-179.9462988829639
0.22080047330189004	2.0310791478610737	-179.95238081451615
0.22284351492703042	1.958652082502403	-179.95766768093014
0.22490546058357816	1.889877147541609	-179.96227396640361
0.22698648518838224	1.824487657426215	-179.96629616754777
0.22908676527677735	1.7622427870585828	-179.9698158618524
0.23120647901755953	1.702924465022591	-179.9729022104542
0.23334580622810033	1.646334707887293	-179.9756140073659
0.23550492838960102	1.5922933239101025	-179.97800136352888
0.23768402866248772	1.540635927491365	-179.98010709563266
0.2398832919019491	1.4912122161571455	-179.98196787531347
0.2421029046736179	1.4438844702325855	-179.98361518314067
0.24434305526939726	1.3985262421478557	-179.98507610299706
0.246603933723434	1.3550212078262904	-179.9863739855178
0.24888573182823917	1.3132621571001037	-179.9875290037471
0.25118864315095807	1.2731501037846775	-179.98855861979666
0.2535128630497908	1.2345934990774639	-179.98947797779027
0.25585858869056466	1.1975075344566497	-179.9903002355758
0.2582260190634597	1.1618135223378874	-179.99103684542933
0.26061535499988964	1.1274383444828024	-179.9916977921514
0.2630267991895383	1.0943139596046931	-179.9922917954813
0.26546055619755404	1.0623769628349755	-179.99282648255152
0.2679168324819033	1.0315681907400036	-179.99330853512717
0.2703958364108845	1.0018323664445956	-179.9937438155727
0.2728977782808042	0.9731177801533873	-179.9941374748317
0.27542287033381674	0.9453760009857725	-179.99449404516398
0.277971326775929	0.9185616165727565	-179.9948175199383
0.2805433637951715	0.8926319973195692	-179.99511142240988
0.28313919957993805	0.86754708262833	-179.99537886510564
0.2857590543374948	0.8432691867109011	-179.9956226011849
0.2884031503126607	0.8197628219114407	-179.99584506893277
0.29107171180666064	0.7969945377082287	-179.99604843036371
0.2937649651961532	0.774932773781037	-179.99623460476712
0.2964831389524344	0.7535477257182843	-179.99640529789946
0.29922646366081906	0.7328112221019876	-179.99656202742523
0.30199517204020176	0.7126966118511694	-179.99670614511908
0.30478949896279844	0.6931786608291366	-179.99683885626763
0.307609681474071	0.6742334568293157	-179.99696123664617
0.3104559588128357	0.6558383221501051	-179.99707424739248
0.3133285724315587	0.6379717330535739	-179.99717874805395
0.3162277660168381	0.6206132454769874	-179.997275508046
0.31915378551007634	0.603743426431697	-179.99736521672676
0.3221068791283436	0.5873437905818151	-179.99744849226516
0.32508729738543457	0.5713967415463992	-179.99752588945498
0.3280952931131192	0.5558855175143295	-179.99759790660707
0.3311311214825913	0.540794140801514	-179.9976649916351
0.33419504002611444	0.5261073710159829	-179.99772754743321
0.3372873086588691	0.5118106615285178	-179.99778593663314
0.34040818970100106	0.497890118975047	-179.99784048581483
0.34355794789987465	0.4843324655426298	-179.99789148923716
0.34673685045253166	0.4711250038137076	-179.99793921214473
0.3499451670283573	0.4582555839638589	-179.99798389370122
0.353183169791957	0.44571257312667206	-179.9980257495926
0.35645113342624424	0.4334848267559046	-179.99806497433778
0.3597493351557423	0.4215616618299732	-179.99810174334047
0.36307805477010135	0.4099328317572526	-179.99813621471097
0.36643757464783333	0.3985885028527142	-179.99816853088325
0.3698281797802663	0.3875192322673623	-179.99819882005
0.3732501577957206	0.37671594726180224	-179.998227197434
0.37670379898390893	0.3661699257241541	-179.9982537664143
0.38018939632056126	0.3558727778406388	-179.9982786195206
0.38370724549227886	0.34581642883444197	-179.99830183930945
0.3872576449216173	0.3359931026951166	-179.99832349913322
0.3908408957924021	0.3263953068267689	-179.9983436638113
0.39445730207527846	0.31701581754876185	-179.99836239021184
0.3981071705534973	0.30784766638759387	-179.99837972775066
0.40179081084894	0.2988841271031339	-179.9983957188136
0.40550853544838394	0.29011870339645046	-179.99841039910604
0.40926065973001097	0.28154511725021253	-179.9984237979337
0.41304750199016144	0.2731572978559736	-179.99843593841706
0.4168693834703355	0.2649493710857191	-179.9984468376408
0.4207266283844442	0.25691564946781903	-179.99845650673848
0.424619563946313	0.24905062263000993	-179.99846495091185
0.4285485203974396	0.24134894817430308	-179.9984721693829
0.43251383103500884	0.23380544295072248	-179.9984781552756
0.4365158322401661	0.22641507469860706	-179.9984828954222
0.44055486350655343	0.2191729540258086	-179.99848637008859
0.4446312674691088	0.2120743266975607	-179.99848855260964
0.4487453899331323	0.2051145662080379	-179.99848940892514
0.4528975799036209	0.19828916660870546	-179.99848889700246
0.4570881896148752	0.19159373556848067	-179.9984869661299
0.46131757456037953	0.18502398764147854	-179.99848355606068
0.4655860935229591	0.17857573771872806	-179.9984785959817
0.4698941086052156	0.17224489464067955	-179.99847200327596
0.4742419852602448	0.16602745494761856	-179.99846368203845
0.47863009232263853	0.15991949674523304	-179.99845352129594
0.48305880203977286	0.15391717366255225	-179.99844139286685
0.4875284901033865	0.1480167088792669	-179.99842714877943
0.4920395356814511	0.14221438919907053	-179.99841061814467
0.49659232145033627	0.136506559145095	-179.99839160334636
0.5011872336272725	0.1308896150527381	-179.99836987537213
0.5058246620031143	0.12535999913421023	-179.99834516805092
0.5105049999754064	0.11991419348789108	-179.9983171708873
0.5152286445817567	0.1145487140241134	-179.99828552007997
0.5199959965335162	0.10926010427720906	-179.99824978716768
0.5248074602497729	0.10404492907155842	-179.9982094645473
0.5296634438916581	0.09889976800691537	-179.99816394682568
0.5345643593969719	0.09382120872540338	-179.99811250655955
0.5395106225151278	0.0888058399192255	-179.99805426233942
0.5445026528424215	0.08385024403425452	-179.99798813627982
0.5495408738576248	0.0789509896201693	-179.9979127966118
0.5546257129579107	0.07410462327261261	-179.99782657894622
0.5597576014951101	0.06930766110685593	-179.9977273763782
0.5649369748123025	0.06455657969553277	-179.99761248304375
0.5701642722807475	0.05984780639501378	-179.9974783663692
0.5754399373371569	0.05517770897576794	-179.99732032694533
0.580764417521312	0.05054258446136579	-179.9971319754874
0.5861381645140288	0.045938647068401214	-179.99690440074812
0.591561634175474	0.04136201512523076	-179.99662479199478
0.5970352865838369	0.03680869683070434	-179.99627404768836
0.6025595860743578	0.032274574694571775	-179.9958223781438
0.6081350012787179	0.02775538847848494	-179.99522061977294
0.6137620051647943	0.02324671642989776	-179.994381434731
0.6194410750767815	0.018743954570045088	-179.99313334522046
0.6251726927756859	0.014242293761104837	-179.99108728181636
0.6309573444801934	0.009736694238287031	-179.98713113122048
0.6367955209079159	0.005221857277818179	-179.97629273529998
0.6426877173170198	0.000692195818031733	-179.823135400438
0.6486344335482385	0.0038582154551885482	-0.03141015849519985
0.654636174067275	0.008435647935070994	-0.014235329301156875
0.6606934480075961	0.013046799914494103	-0.009130020314958754
0.6668067692136223	0.01769882777458492	-0.0066834543372872625
0.6729766562843178	0.02239940879750738	-0.005250243158240163
0.6792036326171846	0.027156807212833582	-0.004310529469093134
0.6854882264526617	0.031979949836468576	-0.0036481389227367225
0.6918309709189366	0.036878512867050094	-0.0031570919807549372
0.6982324040771715	0.04186302183157805	-0.002779330515838536
0.7046930689671471	0.04694496709924393	-0.002480386975429784
0.7112135136533292	0.05213693790520183	-0.0022385115371677325
0.7177942912713619	0.0574527784778466	-0.00203930576809703
0.7244359600749902	0.06290777068181351	-0.0018728625887254214
0.7311390834834176	0.0685188486235398	-0.0017321456210695532
0.7379042301291011	0.07430485198213235	-0.0016120236346943637
0.7447319739059892	0.08028682651309936	-0.0015086707654224545
0.7516228940182057	0.0864883823448624	-0.0014191805754456201
0.758577575029184	0.0929361235098312	-0.0013413101363483923
0.7655966069112565	0.0996601658463926	-0.001273305907638984
0.7726805850957026	0.1066947652860119	-0.0012137826396079712
0.7798301105232589	0.1140790850373836	-0.001161637591607148
0.7870457896950989	0.12185813891787055	-0.001115988869192658
0.7943282347242817	0.13008395995395985	-0.0010761306401519378
0.8016780633876793	0.13881705967727337	-0.0010415004657398678
0.8090958991783825	0.1481282661999627	-0.001011655580600255
0.8165823713585927	0.15810106103762367	-0.0009862560207118166
0.8241381150130026	0.16883458013223024	-0.0009650532424961131
0.8317637711026713	0.18044751037842757	-0.0009478834305157712
0.8394599865193977	0.19308320983721197	-0.0009346651473853122
0.8472274141405968	0.20691652487575377	-0.0009254014104433171
0.8550667128846836	0.22216299887389587	-0.0009201867571289431
0.8629785477669706	0.2390915123092621	-0.0009192204738825204
0.870963589956081	0.2580419449443895	-0.0009228280441380837
0.8790225168308847	0.279450353413293	-0.0009314942404308189
0.8871560120379608	0.3038856802011278	-0.000945913539617211
0.8953647655495938	0.3321046653583218	-0.0009670674268362727
0.9036494737223014	0.36513644076557206	-0.0009963451571971724
0.9120108393559097	0.4044173803375505	-0.0010357377606807269
0.9204495717531712	0.452014867512228	-0.001088161342024531
0.9289663867799363	0.5110168289514826	-0.0011580211631676974
0.9375620069258802	0.5862504829652143	-0.001252253696931213
0.946237161365793	0.6857081367480722	-0.0013823950206811593
0.9549925860214359	0.8236506368551861	-0.0015690843374148193
0.9638290236239705	1.0282532966580369	-0.0018531609865049296
0.9727472237769651	1.3640540676666728	-0.0023282478324077034
0.9817479430199844	2.0185630194756077	-0.0032664721222532517
0.9908319448927676	3.8616214387478927	-0.005930458153747695
1.	42.829788959234875	-0.06248873490219042
1.0092528860766845	4.720267487933868	-179.99344885936446
1.0185913880541169	2.236775910666542	-179.9970386670139
1.0280162981264735	1.464420736172174	-179.99808328456353
1.0375284158180127	1.0884469464317192	-179.99865351672577
1.0471285480508996	0.8646126708712314	-179.99900981113868
1.0568175092136585	0.716329366774591	-179.99921941278987
1.066596121230258	0.6106586626717249	-179.99936519432384
1.076465213629835	0.5314028229796205	-179.99947241294154
1.0864256236170655	0.4696468516411269	-179.9995542821269
1.096478196143185	0.42007633613095335	-179.99961856086566
1.1066237839776665	0.3793247782236755	-179.99967012177288
1.1168632477805611	0.3451545155374312	-179.99971217579167
1.1271974561755105	0.3160185787491294	-179.9997469166535
1.1376272858234309	0.2908115484332229	-179.99977588307152
1.1481536214968828	0.268720554521184	-179.99980017207628
1.1587773561551262	0.24913225954495957	-179.999820568421
1.1694993910198712	0.23157254550330572	-179.9998376233806
1.1803206356517297	0.21566598952188074	-179.9998517003215
1.191242008027375	0.20110762094732532	-179.9998629954194
1.2022644346174132	0.18764238022281313	-179.99987153573827
1.2133888504649775	0.1750493112388678	-179.99987715101898
1.224616199265049	0.163128374013689	-179.99987940742096
1.2359474334445106	0.15168811856533612	-179.9998774768339
1.2473835142429432	0.14053237896721038	-179.99986988465292
1.2589254117941675	0.1294435120233011	-179.9998540073879
1.270574105208542	0.11815810572268699	-179.99982500785606
1.2823305826560218	0.10632744193585346	-179.99977336732437
1.2941958414499863	0.09344647334592444	-179.99967841236887
1.3061708881318417	0.0787135275890711	-179.99948802973879
1.3182567385564075	0.06072212865460307	-179.99903443765783
1.3304544179780915	0.036686849181891405	-179.99742820049704
1.3427649611378643	0.0000971330910134214	-178.19440076952344
1.3551894123510364	0.06884380625384685	-0.0060839596001495844
1.3677288255958495	0.2731265509908533	-0.006763384254652377
1.3803842646028852	7.6080128982218	-179.90607332279092
1.3931568029453034	0.4625843339118393	-179.99640274739411
1.4060475241299142	0.2865451633360306	-179.9984077005669
1.4190575216890926	0.22376808862466568	-179.9990392710809
1.432187899273544	0.19046399260115326	-179.99933413468693
1.4454397707459279	0.16920901092499066	-179.9995000065141
1.4588142602753489	0.15409343644568352	-179.99960438842206
1.4723125024327193	0.1425557295705299	-179.9996752522543
1.4859356422870074	0.13330328977931313	-179.99972608498592
1.499684835502374	0.12561173808187828	-179.99976410988523
1.5135612484362087	0.11904251268501453	-179.99979350849358
1.5275660582380732	0.11331377717677307	-179.99981685178014
1.54170045294956	0.10823558115780854	-179.99983579849894
1.555965631605075	0.10367481086428486	-179.99985146199097
1.5703628043335531	0.09953509022027648	-179.99986461463254
1.584893192461114	0.0957446807237312	-179.9998758075232
1.5995580286146696	0.09224889330842174	-179.99988544350893
1.6143585568264869	0.08900516116894967	-179.9998938233351
1.629296032639723	0.08597974274341419	-179.99990117572167
1.6443717232149324	0.08314545677887845	-179.99990767749213
1.6595869074375613	0.08048008991289808	-179.99991346736724
1.6749428760264382	0.07796525375516711	-179.99991865561753
1.690440931643265	0.07558554928366351	-179.99992333094661
1.7060823890031243	0.07332794565118242	-179.99992756548303
1.7218685749860079	0.07118131134710227	-179.99993141845712
1.7378008287493762	0.06913605543248073	-179.99993493894678
1.753880501841762	0.06718384951466233	-179.99993816795512
1.770108958317422	0.06531740977271411	-179.99994114000037
1.7864875748520517	0.06353032422045239	-179.99994388434644
1.803017740859568	0.061816914452384936	-179.99994642596465
1.8197008586099825	0.06017212396368811	-179.9999487862925
1.8365383433483455	0.05859142715855831	-179.9999509838375
1.8535316234148105	0.0570707546182228	-179.9999530346615
1.8706821403657996	0.05560643126167204	-179.9999549527723
1.8879913490962925	0.05419512481458652	-179.99995675044252
1.9054607179632463	0.052833802584524484	-179.99995843847066
1.9230917289101574	0.05151969497848324	-179.99996002639676
1.9408858775927773	0.050250264531338885	-179.99996152268096
1.958844673505989	0.04902317946807946	-179.9999629348526
1.97696964011186	0.047836291019050535	-179.99996426963543
1.9952623149688788	0.04668761386008141	-179.99996553305272
2.0137242498623875	0.04557530916892039	-179.9999667305166
2.032357010936221	0.04449766988370545	-179.99996786690414
2.0511621788255647	0.04345310782405727	-179.99996894662178
2.0701413487910414	0.04244014239518399	-179.9999699736613
2.0892961308540388	0.041457390643444024	-179.99997095164755
2.108628149933289	0.040503558470651485	-179.99997188387982
2.1281390459827114	0.039577432845967805	-179.9999727733677
2.147830474130533	0.03867787487999791	-179.99997362286243
2.167704104819694	0.03780381364686633	-179.99997443488394
2.1877616239495516	0.03695424065749792	-179.999975211745
2.208004733018899	0.03612820490178097	-179.99997595557187
2.228435149270303	0.03532480838932033	-179.99997666832303
2.2490546058357803	0.03454320212853654	-179.9999773518053
2.2698648518838214	0.03378258249229872	-179.99997800768833
2.2908676527677723	0.03304218792537885	-179.99997863751742
2.312064790175594	0.032321295955016795	-179.99997924272486
2.333458062281002	0.031619220470977455	-179.99997982464023
2.355049283896009	0.030935309245814266	-179.99998038449928
2.376840286624876	0.030268941669756414	-179.99998092345226
2.39883291901949	0.029619526677806894	-179.99998144257097
2.4210290467361775	0.0289865008493658	-179.99998194285567
2.4434305526939712	0.02836932666304172	-179.99998242524063
2.4660393372343385	0.027767490891345958	-179.9999828905997
2.48885731828239	0.027180503121724778	-179.9999833397511
2.5118864315095797	0.026607894391915556	-179.9999837734617
2.535128630497907	0.02604921592894624	-179.99998419245097
2.5585858869056453	0.025504037982263295	-179.9999845973948
2.582260190634596	0.024971948742492946	-179.99998498892853
2.6061535499988953	0.024452553338237495	-179.99998536765
2.6302679918953813	0.02394547290409535	-179.99998573412236
2.654605561975539	0.023450343713789255	-179.99998608887648
2.6791683248190314	0.02296681637290111	-179.99998643241324
2.703958364108843	0.022494555066254942	-179.99998676520568
2.7289777828080406	0.02203323685547256	-179.9999870877008
2.7542287033381663	0.021582551022655234	-179.99998740032143
2.7797132677592886	0.021142198456525967	-179.9999877034678
2.805433637951713	0.020711891077708468	-179.99998799751907
2.831391995799379	0.020291351300122842	-179.9999882828346
2.8575905433749464	0.019880311525751305	-179.99998855975537
2.8840315031266055	0.019478513670270807	-179.99998882860504
2.910717118066605	0.01908570871727031	-179.999989089691
2.9376496519615305	0.018701656298966883	-179.99998934330563
2.9648313895243423	0.01832612430151376	-179.9999895897268
2.992264636608189	0.017958888493153594	-179.99998982921915
3.019951720402016	0.017599732173615563	-179.99999006203467
3.047894989627983	0.017248445843286473	-179.99999028841347
3.076096814740708	0.01690482689080475	-179.99999050858446
3.1045595881283554	0.016568679297834614	-179.9999907227661
3.1332857243155856	0.01623981335987553	-179.99999093116685
3.162277660168379	0.015918045422051823	-179.99999113398587
3.1915378551007616	0.015603197628907777	-179.99999133141344
3.2210687912834346	0.015295097687309	-179.99999152363142
3.250872973854344	0.014993578641617098	-179.9999917108139
3.2809529311311905	0.014698478660367787	-179.99999189312743
3.311311214825911	0.014409640833738408	-179.99999207073142
3.3419504002611427	0.014126912981143033	-179.99999224377873
3.372873086588689	0.013850147468340832	-179.99999241241568
3.404081897010009	0.013579201033486884	-179.9999925767827
3.4355794789987466	0.013313934621594964	-179.99999273701445
3.4673685045253166	0.013054213226918424	-179.9999928932402
3.499451670283573	0.012799905742789426	-179.999993045584
3.53183169791957	0.012550884818488093	-179.99999319416509
3.5645113342624426	0.012307026722741718	-179.99999333909795
3.5974933515574232	0.012068211213481131	-179.99999348049272
3.630780547701014	0.011834321413505745	-179.99999361845528
3.664375746478333	0.011605243691731514	-179.99999375308747
3.6982817978026628	0.011380867549717118	-179.9999938844873
3.732501577957206	0.011161085513183351	-179.99999401274923
3.767037989839089	0.01094579302825833	-179.99999413796408
3.801893963205613	0.010734888362198481	-179.9999942602195
3.8370724549227884	0.010528272508350199	-179.99999437959985
3.8725764492161727	0.010325849095132034	-179.9999944961866
3.908408957924021	0.010127524298830386	-179.99999461005814
3.944573020752785	0.009933206760014314	-179.99999472129028
3.981071705534973	0.00974280750338663	-179.99999482995614
4.0179081084894	0.009556239860899386	-179.99999493612617
4.055085354483839	0.009373419397971806	-179.9999950398686
4.09260659730011	0.009194263842658342	-179.99999514124923
4.130475019901614	0.009018693017623145	-179.99999524033169
4.168693834703355	0.008846628774785535	-179.9999953371774
4.207266283844442	0.008677994932508789	-179.9999954318459
4.24619563946313	0.008512717215211628	-179.9999955243946
4.285485203974396	0.0083507231952886	-179.99999561487917
4.325138310350088	0.008191942237231764	-179.99999570335342
4.365158322401661	0.008036305443852112	-179.99999578986942
4.405548635065534	0.007883745604504456	-179.99999587447763
4.446312674691089	0.007734197145224954	-179.9999959572269
4.487453899331323	0.007587596080695148	-179.99999603816454
4.528975799036209	0.00744387996795087	-179.9999961173364
4.570881896148752	0.007302987861758993	-179.9999961947869
4.613175745603791	0.007164860271588624	-179.9999962705591
4.655860935229586	0.0070294391201073106	-179.99999634469484
4.698941086052151	0.006896667703136604	-179.99999641723454
4.742419852602444	0.0067664906510042115	-179.9999964882175
4.7863009232263805	0.006638853891233543	-179.99999655768192
4.830588020397723	0.006513704612514197	-179.99999662566472
4.875284901033861	0.00639099122989989	-179.99999669220185
4.920395356814506	0.006270663351182848	-179.9999967573282
4.965923214503357	0.006152671744396197	-179.9999968210776
5.01187233627272	0.006036968306398384	-179.9999968834829
5.058246620031137	0.0059235060324956635	-179.99999694457614
5.105049999754059	0.0058122389870609425	-179.99999700438835
5.152286445817562	0.005703122275109233	-179.9999970629497
5.1999599653351565	0.005596112014791799	-179.99999712028946
5.248074602497723	0.005491165310772863	-179.99999717643624
5.296634438916575	0.005388240228454483	-179.99999723141772
5.345643593969713	0.005287295769016714	-179.9999972852609
5.395106225151273	0.005188291845241744	-179.999997337992
5.445026528424209	0.005091189258092048	-179.99999738963652
5.495408738576242	0.004995949674014056	-179.99999744021932
5.5462571295791046	0.004902535602939997	-179.99999748976458
5.597576014951099	0.004810910376961898	-179.99999753829587
5.649369748123022	0.004721038129652809	-179.99999758583598
5.701642722807472	0.00463288377601141	-179.99999763240737
5.754399373371567	0.0045464129930073	-179.99999767803163
5.807644175213118	0.0044615922007050805	-179.99999772273
5.861381645140285	0.004378388543946452	-179.99999776652305
5.9156163417547365	0.004296769874570325	-179.99999780943088
5.9703528658383656	0.004216704734151858	-179.999997851473
6.025595860743575	0.004138162337242099	-179.99999789266857
6.081350012787176	0.004061112555090683	-179.99999793303613
6.137620051647939	0.003985525899834784	-179.9999979725938
6.194410750767812	0.003911373509138225	-179.99999801135925
6.251726927756856	0.003838627131265248	-179.9999980493497
6.30957344480193	0.0037672591105741607	-179.99999808658194
6.367955209079155	0.003697242373416606	-179.99999812307237
6.426877173170194	0.0036285504144288414	-179.99999815883695
6.486344335482381	0.003561157283201874	-179.99999819389126
6.546361740672747	0.0034950375713179087	-179.99999822825058
6.6069344800759575	0.003430166399741009	-179.99999826192965
6.668067692136219	0.0033665194065503456	-179.999998294943
6.729766562843175	0.0033040727350048967	-179.99999832730478
6.792036326171843	0.0032428030219288496	-179.99999835902875
6.854882264526613	0.003182687386407395	-179.99999839012847
6.918309709189362	0.0031237034187830155	-179.99999842061698
6.9823240407717115	0.0030658291699426775	-179.99999845050718
7.046930689671467	0.003009043140886806	-179.99999847981158
7.112135136533288	0.0029533242725711326	-179.99999850854243
7.177942912713615	0.0028986519360129784	-179.99999853671173
7.244359600749899	0.0028450059226537185	-179.99999856433112
7.311390834834173	0.002792366434969597	-179.99999859141204
7.379042301291007	0.002740714077323219	-179.99999861796562
7.447319739059888	0.00269002984704846	-179.99999864400274
7.516228940182053	0.002640295125761691	-179.9999986695341
7.585775750291836	0.002591491670892536	-179.99999869457005
7.655966069112561	0.0025436016074275726	-179.9999987191208
7.726805850957022	0.0024966074198606763	-179.99999874319627
7.798301105232586	0.0024504919443438787	-179.99999876680613
7.870457896950985	0.0024052383610328504	-179.99999878995993
7.943282347242813	0.0023608301866213342	-179.99999881266695
8.01678063387679	0.0023172512670590305	-179.99999883493624
8.090958991783822	0.002274485770447621	-179.9999988567767
8.165823713585922	0.002232518180109851	-179.99999887819698
8.241381150130021	0.0021913332878266668	-179.99999889920556
8.317637711026709	0.002150916187237702	-179.99999891981082
8.394599865193973	0.002111252267400438	-179.9999989400208
8.472274141405963	0.0020723272065036	-179.99999895984342
8.550667128846833	0.0020341269657304898	-179.99999897928654
8.629785477669701	0.0019966377832680644	-179.9999989983577
8.709635899560805	0.001959846168457732	-179.99999901706434
8.790225168308842	0.001923738896083974	-179.99999903541374
8.871560120379607	0.0018883030007970163	-179.999999053413
8.953647655495937	0.0018535257716658887	-179.9999990710691
9.036494737223014	0.0018193947468583547	-179.99999908838885
9.120108393559097	0.0017858977084442786	-179.99999910537895
9.204495717531712	0.001753022677319117	-179.99999912204586
9.289663867799362	0.0017207579082443474	-179.99999913839605
9.375620069258803	0.0016890918850016982	-179.9999991544357
9.462371613657929	0.0016580133156581956	-179.99999917017098
9.549925860214358	0.0016275111279391002	-179.99999918560786
9.638290236239705	0.0015975744647059118	-179.9999992007522
9.727472237769652	0.001568192679536707	-179.99999921560976
9.817479430199844	0.0015393553324061495	-179.99999923018618
9.908319448927676	0.0015110521854626068	-179.99999924448693
10.	0.0014832731988998734	-179.9999992585174
10.092528860766844	0.0014560085269210822	-179.99999927228288
10.18591388054117	0.0014292485137924632	-179.99999928578856
10.280162981264736	0.0014029836899846577	-179.99999929903947
10.375284158180126	0.0013772047683993918	-179.9999993120406
10.471285480508996	0.001351902640679362	-179.99999932479676
10.568175092136585	0.0013270683735992464	-179.99999933731274
10.665961212302578	0.001302693205535826	-179.9999993495932
10.76465213629835	0.0012787685430152504	-179.99999936164267
10.864256236170656	0.001255285957335552	-179.99999937346567
10.964781961431852	0.0012322371812625399	-179.99999938506653
11.066237839776663	0.001209614105797301	-179.99999939644957
11.168632477805613	0.0011874087770135388	-179.99999940761896
11.271974561755105	0.0011656133929630716	-179.99999941857888
11.37627285823431	0.0011442203006478261	-179.99999942933331
11.481536214968829	0.0011232219930567403	-179.9999994398862
11.587773561551263	0.0011026111062660013	-179.99999945024146
11.694993910198711	0.0010823804166011182	-179.99999946040285
11.803206356517286	0.0010625228378593483	-179.9999994703741
11.912420080273739	0.0010430314185910412	-179.9999994801588
12.022644346174118	0.0010238993394385343	-179.99999948976065
12.133888504649763	0.0010051199105312015	-179.99999949918305
12.246161992650476	0.0009866865689353783	-179.99999950842945
12.359474334445094	0.0009685928761578554	-179.99999951750323
12.47383514242942	0.0009508325157017039	-179.99999952640763
12.589254117941662	0.0009333992906732178	-179.99999953514595
12.705741052085406	0.000916287121438785	-179.9999995437213
12.823305826560205	0.0008994900433305427	-179.9999995521368
12.941958414499851	0.000883002204399694	-179.9999995603955
13.061708881318404	0.0008668178632163981	-179.99999956850039
13.182567385564061	0.0008509313867151651	-179.99999957645437
13.304544179780901	0.0008353372480847257	-179.99999958426028
13.427649611378628	0.0008200300247013726	-179.99999959192098
13.551894123510351	0.0008050043961047779	-179.99999959943918
13.67728825595848	0.000790255142015346	-179.99999960681765
13.803842646028839	0.0007757771403921582	-179.99999961405894
13.931568029453022	0.000761565365530607	-179.99999962116567
14.060475241299129	0.0007476148861988338	-179.99999962814044
14.190575216890911	0.0007339208638121033	-179.99999963498567
14.321878992735424	0.0007204785506442808	-179.99999964170385
14.454397707459265	0.0007072832880755856	-179.99999964829738
14.588142602753473	0.0006943305048758249	-179.99999965476857
14.723125024327178	0.000681615715522327	-179.99999966111977
14.859356422870059	0.0006691345185518138	-179.99999966735322
14.996848355023726	0.0006568825949454716	-179.9999996734711
15.135612484362072	0.0006448557065464958	-179.99999967947565
15.275660582380716	0.0006330496945094059	-179.99999968536898
15.417004529495584	0.0006214604777804396	-179.99999969115316
15.559656316050734	0.0006100840516083546	-179.99999969683026
15.703628043335515	0.0005989164860849881	-179.99999970240228
15.848931924611126	0.0005879539247149255	-179.99999970787118
15.995580286146678	0.0005771925830136604	-179.99999971323894
16.143585568264854	0.000566628747133635	-179.99999971850738
16.292960326397214	0.0005562587725175663	-179.9999997236784
16.443717232149307	0.0005460790825784744	-179.99999972875383
16.595869074375596	0.0005360861674058517	-179.99999973373548
16.749428760264365	0.0005262765824974138	-179.9999997386251
16.90440931643263	0.0005166469475158962	-179.99999974342435
17.060823890031227	0.0005071939450703638	-179.99999974813497
17.21868574986006	0.0004979143195215237	-179.9999997527586
17.378008287493746	0.0004888048758105314	-179.99999975729688
17.5388050184176	0.0004798624783108046	-179.99999976175138
17.701089583174202	0.0004710840497023582	-179.99999976612372
17.864875748520497	0.0004624665698681964	-179.99999977041534
18.03017740859568	0.00045400707481229815	-179.99999977462784
18.197008586099827	0.0004457026555987521	-179.9999997787626
18.365383433483455	0.0004375504573116008	-179.99999978282113
18.535316234148105	0.0004295476780349652	-179.99999978680484
18.706821403657997	0.0004216915678530337	-179.99999979071515
18.879913490962927	0.00041397942786950564	-179.99999979455336
19.054607179632463	0.0004064086092460871	-179.99999979832089
19.230917289101576	0.0003989765122596536	-179.99999980201898
19.408858775927772	0.00039168058537769276	-179.9999998056489
19.58844673505989	0.00038451832435165527	-179.99999980921206
19.769696401118598	0.00037748727132785095	-179.99999981270958
19.952623149688787	0.0003705850139755279	-179.9999998161427
20.137242498623873	0.0003638091846317922	-179.99999981951262
20.32357010936221	0.00035715745946302	-179.99999982282054
20.511621788255646	0.00035062755764243413	-179.99999982606755
20.701413487910415	0.00034421724054351275	-179.99999982925485
20.892961308540386	0.00033792431094891616	-179.9999998323835
21.086281499332888	0.00033174661227461486	-179.99999983545462
21.28139045982711	0.00032568202780891613	-179.99999983846922
21.47830474130533	0.0003197284799660877	-179.9999998414284
21.67704104819694	0.00031388392955428754	-179.9999998443332
21.87761623949552	0.0003081463750575135	-179.99999984718457
22.080047330188993	0.0003025138519312916	-179.99999984998354
22.28435149270303	0.00029698443191182843	-179.9999998527311
22.490546058357804	0.0002915562223383626	-179.99999985542811
22.698648518838212	0.0002862273654884488	-179.9999998580756
22.908676527677724	0.00028099603792591907	-179.99999986067442
23.12064790175594	0.0002758604498612717	-179.99999986322553
23.33458062281002	0.0002708188445242384	-179.9999998657298
23.55049283896009	0.0002658694975482907	-179.999999868188
23.76840286624876	0.00026101071636685006	-179.99999987060113
23.9883291901949	0.0002562408396209697	-179.99999987296994
24.210290467361776	0.00025155823657826244	-179.99999987529523
24.434305526939713	0.000246961306562854	-179.9999998775779
24.660393372343385	0.00024244847839614503	-179.9999998798186
24.888573182823905	0.00023801820984816787	-179.9999998820182
25.118864315095795	0.00023366898709933372	-179.99999988417744
25.351286304979073	0.00022939932421236348	-179.99999988629702
25.58585886905645	0.00022520776261420573	-179.99999988837774
25.82260190634596	0.00022109287058774476	-179.9999998904203
26.06153549998895	0.00021705324277310984	-179.99999989242536
26.302679918953814	0.00021308749967839576	-179.99999989439368
26.54605561975539	0.00020919428719961536	-179.99999989632587
26.791683248190314	0.00020537227614969962	-179.99999989822263
27.039583641088434	0.00020162016179637562	-179.99999990008462
27.289777828080403	0.00019793666340874372	-179.99999990191245
27.542287033381662	0.00019432052381239062	-179.99999990370677
27.797132677592884	0.00019077050895287037	-179.9999999054682
28.05433637951713	0.00018728540746739157	-179.99999990719735
28.31391995799379	0.00018386403026455397	-179.99999990889478
28.575905433749465	0.00018050521011197667	-179.9999999105611
28.84031503126606	0.00017720780123166755	-179.9999999121969
29.10717118066605	0.00017397067890298457	-179.99999991380272
29.376496519615305	0.00017079273907304166	-179.9999999153791
29.648313895243422	0.00016767289797441757	-179.99999991692658
29.92264636608189	0.00016461009175002683	-179.99999991844575
30.19951720402016	0.00016160327608501451	-179.99999991993704
30.4789498962798	0.00015865142584554171	-179.99999992140104
30.76096814740705	0.00015575353472432733	-179.9999999228382
31.045595881283525	0.00015290861489282117	-179.99999992424907
31.332857243155825	0.00015011569665987574	-179.99999992563409
31.62277660168376	0.00014737382813679697	-179.99999992699372
31.91537855100758	0.00014468207490865015	-179.99999992832846
32.21068791283432	0.0001420395197117027	-179.9999999296388
32.50872973854341	0.00013944526211688533	-179.99999993092507
32.80952931131187	0.00013689841821915832	-179.99999993218782
33.11311214825908	0.00013439812033266992	-179.99999993342746
33.41950400261139	0.000131943516691597	-179.99999993464442
33.72873086588685	0.00012953377115655873	-179.99999993583904
34.040818970100055	0.00012716806292649977	-179.99999993701184
34.35579478998743	0.00012484558625593662	-179.99999993816317
34.67368504525313	0.0001225655501774668	-179.99999993929342
34.994516702835696	0.00012032717822944133	-179.99999994040297
35.318316979195664	0.0001181297081887012	-179.99999994149223
35.64511334262439	0.00011597239180828416	-179.99999994256154
35.9749335155742	0.00011385449456000537	-179.99999994361127
36.3078054770101	0.00011177529538182197	-179.99999994464184
36.64375746478329	0.00010973408642988917	-179.9999999456535
36.98281797802659	0.0001077301728352215	-179.99999994664668
37.32501577957203	0.00010576287246486978	-179.9999999476217
37.670379898390856	0.00010383151568753092	-179.99999994857885
38.01893963205609	0.00010193544514350549	-179.9999999495185
38.370724549227845	0.0001000740155189218	-179.99999995044095
38.72576449216169	0.00009824659332414602	-179.99999995134652
39.08408957924017	0.00009645255667629948	-179.99999995223556
39.44573020752781	0.0000946912950858062	-179.9999999531083
39.81071705534969	0.00009296220924689455	-179.99999995396507
40.17908108489396	0.00009126471083197844	-179.9999999548062
40.55085354483835	0.00008959822228984656	-179.99999995563192
40.92606597300105	0.00008796217664758634	-179.99999995644257
41.304750199016105	0.00008635601731617396	-179.99999995723837
41.68693834703351	0.00008477919789966113	-179.99999995801963
42.07266283844438	0.00008323118200789105	-179.9999999587866
42.46195639463126	0.00008171144307267793	-179.99999995953954
42.85485203974392	0.00008021946416738496	-179.9999999602787
43.251383103500835	0.00007875473782983687	-179.99999996100436
43.65158322401656	0.00007731676588850517	-179.99999996171672
44.0554863506553	0.00007590505929190468	-179.9999999624161
44.46312674691084	0.00007451913794114123	-179.99999996310265
44.87453899331318	0.00007315853052555156	-179.99999996377667
45.28975799036204	0.00007182277436137815	-179.9999999644384
45.708818961487474	0.00007051141523342187	-179.999999965088
46.13175745603791	0.00006922400723961712	-179.99999996572572
46.55860935229586	0.00006796011263847458	-179.9999999663518
46.98941086052151	0.00006671930169933867	-179.9999999669664
47.42419852602443	0.00006550115255540691	-179.99999996756978
47.8630092322638	0.0000643052510594598	-179.99999996816217
48.30588020397723	0.00006313119064225052	-179.99999996874368
48.7528490103386	0.0000619785721735053	-179.9999999693146
49.20395356814506	0.00006084700382548579	-179.99999996987506
49.65923214503358	0.000059736100939065454	-179.99999997042528
50.118723362727195	0.00005864548589227359	-179.99999997096543
50.58246620031137	0.000057574787971260847	-179.99999997149575
51.0504999975406	0.00005652364324364153	-179.99999997201633
51.52286445817562	0.000055491694434168204	-179.9999999725274
51.99959965335157	0.000054478590802695424	-179.99999997302916
52.48074602497723	0.00005348398802439018	-179.99999997352174
52.966344389165755	0.000052507548072147125	-179.99999997400533
53.45643593969714	0.000051548939101167945	-179.99999997448003
53.95106225151273	0.00005060783533566445	-179.99999997494612
54.450265284242086	0.000049683916957646246	-179.99999997540368
54.95408738576243	0.00004877686999775415	-179.99999997585286
55.462571295791044	0.00004788638622810157	-179.99999997629382
55.97576014951099	0.00004701216305708647	-179.99999997672677
56.49369748123023	0.00004615390342613763	-179.99999997715176
57.01642722807472	0.00004531131570835931	-179.999999977569
57.543993733715666	0.000044484113609038867	-179.99999997797863
58.07644175213118	0.00004367201606798349	-179.99999997838077
58.61381645140285	0.0000428747471636515	-179.99999997877555
59.15616341754737	0.00004209203601904545	-179.99999997916314
59.70352865838366	0.00004132361670933438	-179.99999997954365
60.255958607435744	0.000040569228171173054	-179.9999999799172
60.81350012787176	0.000039828614113687	-179.9999999802839
61.37620051647939	0.00003910152293109261	-179.99999998064393
61.94410750767812	0.000038387707616921815	-179.99999998099736
62.51726927756855	0.00003768692567982188	-179.99999998134436
63.0957344480193	0.00003699893906090134	-179.99999998168502
63.67955209079155	0.00003632351405259319	-179.99999998201943
64.26877173170195	0.000035660421219007666	-179.99999998234773
64.86344335482381	0.0000350094353177469	-179.99999998267006
65.46361740672747	0.00003437033522315446	-179.9999999829865
66.06934480075958	0.00003374290385097348	-179.99999998329716
66.68067692136219	0.000033126928084387303	-179.99999998360212
67.29766562843174	0.00003252219870141699	-179.99999998390155
67.92036326171844	0.000031928510303650813	-179.99999998419545
68.54882264526613	0.00003134566124628141	-179.99999998448405
69.18309709189363	0.00003077345356942582	-179.99999998476736
69.82324040771712	0.000030211692930705598	-179.99999998504546
70.46930689671467	0.000029660188539063092	-179.9999999853185
71.12135136533288	0.0000291187530897915	-179.99999998558656
71.77942912713615	0.0000285872027007562	-179.99999998584974
72.44359600749898	0.000028065356849785534	-179.9999999861081
73.11390834834172	0.000027553038313209185	-179.99999998636173
73.79042301291008	0.00002705007310552359	-179.99999998661073
74.47319739059888	0.000026556290420163004	-179.9999999868552
75.16228940182053	0.000026071522571356303	-179.99999998709518
75.85775750291836	0.000025595604937049422	-179.99999998733077
76.55966069112561	0.00002512837590287373	-179.9999999875621
77.26805850957021	0.00002466967680714117	-179.99999998778918
77.98301105232578	0.000024219351886847453	-179.99999998801212
78.70457896950977	0.000023777248224664134	-179.99999998823097
79.43282347242805	0.00002334321569690249	-179.99999998844584
80.16780633876782	0.00002291710692243014	-179.99999998865678
80.90958991783813	0.00002249877721252365	-179.9999999888639
81.65823713585914	0.000022088084521639646	-179.9999999890672
82.41381150130013	0.000021684889399087677	-179.99999998926677
83.176377110267	0.000021289054941588045	-179.99999998946274
83.94599865193965	0.000020900446746698584	-179.9999999896551
84.72274141405954	0.000020518932867094308	-179.99999998984399
85.50667128846823	0.000020144383765684133	-179.99999999002938
86.29785477669692	0.00001977667227154964	-179.9999999902114
87.09635899560797	0.00001941567353669035	-179.9999999903901
87.90225168308834	0.00001906126499356109	-179.99999999056556
88.71560120379598	0.00001871332631338661	-179.9999999907378
89.53647655495928	0.00001837173936523938	-179.99999999090687
90.36494737223005	0.000018036388175866398	-179.99999999107288
91.20108393559087	0.000017707158890251445	-179.99999999123585
92.04495717531702	0.000017383939732899074	-179.99999999139584
92.89663867799354	0.000017066620969827224	-179.99999999155293
93.75620069258792	0.000016755094871255496	-179.9999999917071
94.6237161365792	0.00001644925567497614	-179.99999999185852
95.4992586021435	0.000016148999550395424	-179.99999999200713
96.38290236239695	0.000015854224563232936	-179.99999999215305
97.2747223776964	0.000015564830640866892	-179.99999999229632
98.17479430199833	0.00001528071953831348	-179.99999999243695
99.08319448927665	0.000015001794804828595	-179.999999992575
99.9999999999999	0.00001472796175112077	-179.99999999271054