0.01000000000000001	3.787326764280689	-0.6075609804595694
0.010092528860766855	3.788331415456146	-0.613941272230004
0.01018591388054118	3.7893558631742312	-0.6204073302324891
0.010280162981264745	3.7904005195531654	-0.6269607855660391
0.010375284158180138	3.791465806150263	-0.6336033124365145
0.010471285480509006	3.7925521542115823	-0.6403366295789994
0.010568175092136596	3.7936600049291873	-0.6471625017349912
0.01066596121230259	3.7947898097071717	-0.6540827411868237
0.010764652136298361	3.795942030435116	-0.6610992093516603
0.010864256236170667	3.7971171397714887	-0.6682138184381093
0.010964781961431863	3.798315621435447	-0.6754285331677841
0.011066237839776675	3.7995379705082786	-0.682745372565088
0.011168632477805623	3.800784693744805	-0.6901664118181092
0.011271974561755117	3.8020563098949878	-0.6976937842139689
0.011376272858234322	3.8033533500360455	-0.7053296831519362
0.01148153621496884	3.804676357915665	-0.7130763642378939
0.011587773561551273	3.806025890307079	-0.7209361474640947
0.011694993910198724	3.807402517375223	-0.7289114194777967
0.01180320635651731	3.8088068230563024	-0.737004635943344
0.011912420080273762	3.8102394054495883	-0.7452183240018053
0.012022644346174144	3.8117008772230228	-0.7535550848329429
0.012133888504649786	3.813191866032607	-0.7620175963242558
0.012246161992650502	3.814713014956621	-0.7706086158523648
0.01235947433444512	3.8162649829447295	-0.7793309831819988
0.012473835142429446	3.817848445282942	-0.788187623488346
0.012589254117941687	3.819464094075447	-0.7971815505089366
0.012705741052085433	3.8211126387429255	-0.8063158698310317
0.012823305826560232	3.8227948065392403	-0.8155937823215872
0.01294195841449987	3.824511343086714	-0.8250185877067228
0.013061708881318424	3.8262630129306947	-0.8345936883080562
0.013182567385564082	3.828050600114446	-0.8443225929439238
0.01330454417978092	3.8298749087752286	-0.8542089210038336
0.013427649611378649	3.831736763762527	-0.8642564067048664
0.01355189412351037	3.833637011279363	-0.8744689035394376
0.013677288255958502	3.835576519547297	-0.8848503889241429
0.013803842646028859	3.837556179497089	-0.8954049690603713
0.013931568029453043	3.8395769054854214	-0.9061368840174645
0.01406047524129915	3.841639636039009	-0.9170505130503063
0.014190575216890933	3.843745334627218	-0.9281503801635531
0.014321878992735446	3.845894990465421	-0.9394411599360099
0.014454397707459286	3.848089619348656	-0.9509276836185078
0.014588142602753497	3.8503302645191244	-0.9626149455206642
0.014723125024327202	3.852617997567346	-0.9745081097017417
0.014859356422870082	3.854953919369493	-0.9866125169824266
0.014996848355023748	3.8573391610626544	-0.9989336922953301
0.015135612484362095	3.859774885058933	-1.0114773523925902
0.015275660582380739	3.862262286101471	-1.0242494139309664
0.015417004529495607	3.864802592363377	-1.0372560019553019
0.015559656316050758	3.8673970665920097	-1.0505034588029276
0.01570362804333554	3.8700470073012916	-1.0639983534533537
0.015848931924611148	3.872753750013294	-1.077747491348157
0.015995580286146702	3.8755186685527026	-1.0917579247088567
0.016143585568264878	3.8783431763961103	-1.106036963381421
0.016292960326397238	3.8812287280787707	-1.1205921862382648
0.01644371723214933	3.8841768206623426	-1.135431453170861
0.016595869074375623	3.887188995265846	-1.1505629177078234
0.01674942876026439	3.8902668386641124	-1.1659950402962829
0.016904409316432657	3.8934119849556934	-1.181736602285995
0.017060823890031253	3.896626117305594	-1.1977967206596916
0.017218685749860088	3.8999109697652727	-1.2141848635546564
0.017378008287493772	3.9032683291744217	-1.2309108666247226
0.01753880501841763	3.906700037149141	-1.247984950294892
0.01770108958317423	3.910207992160468	-1.2654177379643639
0.017864875748520526	3.913794151708695	-1.283220275218047
0.018030177408595707	3.9174605345980322	-1.3014040501104682
0.018197008586099853	3.921209223317502	-1.319981014591046
0.018365383433483484	3.9250423665331438	-1.3389636071441164
0.018535316234148135	3.9289621816987483	-1.3583647767233378
0.018706821403658026	3.9329709577904346	-1.3781980080648828
0.018879913490962956	3.937071058172362	-1.3984773484708206
0.019054607179632494	3.9412649236012163	-1.419217436160812
0.019230917289101597	3.9455550753768116	-1.4404335302974456
0.019408858775927792	3.9499441186469895	-1.4621415427984394
0.01958844673505991	3.9544347458759876	-1.4843580720581602
0.01976969640111862	3.9590297404849735	-1.5071004387094797
0.01995262314968881	3.9637319806753495	-1.5303867235681021
0.020137242498623895	3.9685444434445865	-1.5542358079118175
0.02032357010936223	3.9734702088063396	-1.5786674162597683
0.020511621788255666	3.9785124642265766	-1.603702161829709
0.020701413487910436	3.983674509288352	-1.6293615948654658
0.02089296130854041	3.988959760598367	-1.6556682540424354
0.02108628149933291	3.9943717569510406	-1.6826457211764798
0.021281390459827135	3.999914164762977	-1.7103186794785037
0.021478304741305354	4.005590783796824	-1.7387129756196273
0.02167704104819696	4.011405553189942	-1.7678556858916423
0.02187761623949554	4.017362557806847	-1.7977751867727183
0.022080047330189013	4.023466034936386	-1.8285012302353907
0.022284351492703053	4.0297203813522335	-1.8600650241604146
0.022490546058357826	4.036130160761175	-1.8924993182545629
0.022698648518838235	4.042700111662232	-1.925838495903352
0.022908676527677748	4.049435155642178	-1.960118672428298
0.023120647901755963	4.056340406133947	-1.9953778002597204
0.023334580622810044	4.063421177667557	-2.031655781582913
0.023550492838960112	4.070682995644125	-2.0689945890653574
0.023768402866248782	4.078131606664756	-2.1074383953277414
0.02398832919019492	4.085772989450433	-2.1470337118844083
0.0242102904673618	4.093613366388865	-2.187829538344381
0.02443430552693974	4.101659215748181	-2.229877522740092
0.024660393372343412	4.109917284598321	-2.273232133931532
0.02488857318282393	4.1183946024860445	-2.317950847126692
0.025118864315095822	4.127098495908958	-2.364094343656621
0.025351286304979098	4.136036603638927	-2.411726726256747
0.02558585886905648	4.145216892947651	-2.4609157512280624
0.025822601906345985	4.154647676789335	-2.5117330789886267
0.026061535499988978	4.164337631999409	-2.564254544676515
0.026302679918953843	4.174295818570302	-2.618560450634114
0.026546055619755416	4.184531700068678	-2.674735882789637
0.026791683248190343	4.195055165261214	-2.7328710531596
0.027039583641088463	4.2058765510184015	-2.793061670926938
0.027289777828080432	4.217006666568992	-2.8554093448071436
0.02754228703338169	4.2284568191784375	-2.9200220197011726
0.02779713267759291	4.24023884132688	-2.987014450953979
0.02805433637951716	4.252365119463538	-3.0565087198962817
0.028313919957993816	4.26484862441191	-3.1286347947438533
0.028575905433749497	4.277702943501192	-3.2035311413785155
0.028840315031266085	4.290942314494292	-3.281345389031961
0.02910717118066608	4.304581661378176	-3.3622350564548658
0.029376496519615335	4.3186366320740435	-3.44636834477984
0.029648313895243455	4.333123638113136	-3.5339250039895322
0.02992264636608192	4.348059896310027	-3.6250972806914916
0.030199517204020192	4.363463472440749	-3.720090955782428
0.03047894989627986	4.379353326908988	-3.8191264815812103
0.03076096814740711	4.395749362345505	-3.9224402291232963
0.031045595881283587	4.412672473039595	-4.030285857561159
0.03133285724315589	4.430144596042816	-4.142935819022977
0.031622776601683826	4.448188763708314	-4.260683013858899
0.03191537855100765	4.466829157335062	-4.383842612978262
0.03221068791283438	4.486091161464783	-4.512754065967244
0.03250872973854347	4.506001418228456	-4.647783315905956
0.03280952931131194	4.526587880950514	-4.789325244296007
0.03311311214825915	4.54787986598072	-4.937806372296853
0.03341950400261146	4.569908101429728	-5.093687847577075
0.03372873086588692	4.592704771113454	-5.257468749538148
0.034040818970100126	4.616303551554737	-5.429689749499097
0.0343557947899875	4.6407396393162115	-5.6109371666432315
0.0346736850452532	4.666049765228019	-5.801847465154438
0.034994516702835765	4.69227219119007	-6.003112242992257
0.035318316979195734	4.719446684125738	-6.215483768155177
0.03564511334262446	4.747614460298758	-6.439781124012987
0.03597493351557427	4.776818091505487	-6.676897031240373
0.03630780547701017	4.807101362544195	-6.927805419901899
0.03664375746478335	4.838509066744915	-7.193569831062881
0.03698281797802665	4.871086723096028	-7.475352732549066
0.037325015779572084	4.904880194478665	-7.774425837582126
0.037670379898390914	4.939935181542521	-8.092181517168116
0.038018939632056145	4.976296560608827	-8.430145396156657
0.0383707245492279	5.014007526415558	-8.78999021718966
0.038725764492161745	5.053108491224915	-9.173551044063641
0.03908408957924023	5.093635680460634	-9.582841853224808
0.03944573020752787	5.135619351252298	-10.020073524918496
0.039810717055349755	5.179081543650837	-10.487673188129207
0.04017908108489402	5.224033254482961	-10.98830478806088
0.040550853544838415	5.270470900564421	-11.524890621089005
0.040926065973001115	5.318371911241176	-12.100633406087091
0.041304750199016166	5.367689260349253	-12.719038214909462
0.04168693834703357	5.418344715759475	-13.383933245638472
0.04207266283844444	5.4702205530096855	-14.099487961370244
0.04246195639463132	5.52314945231542	-14.870226500170855
0.042854852039743985	5.576902282611487	-15.701033448446799
0.04325138310350091	5.631173483604753	-16.59714801781936
0.04365158322401663	5.685563804551625	-17.564141335559285
0.044055486350655364	5.739560272139686	-18.60786992699367
0.04446312674691091	5.792513475007936	-19.734396547261547
0.04487453899331325	5.8436126156583015	-20.949867391048695
0.04528975799036211	5.891859347677662	-22.260332573531375
0.04570881896148754	5.936042245145347	-23.671495022169996
0.04613175745603798	5.974714884226115	-25.188372203607905
0.04655860935229591	6.006181948305616	-26.81485643081489
0.04698941086052156	6.0284993907266475	-28.55316421342189
0.04742419852602448	6.039496225284115	-30.403174841065184
0.04786300923226385	6.03682644505095	-32.36167463100239
0.04830588020397728	6.0180591095666705	-34.42154670996913
0.04875284901033865	5.980811833679753	-36.570975603474345
0.04920395356814511	5.922926939272802	-38.79276689367931
0.04965923214503363	5.842680259821733	-41.063906529125184
0.05011872336272725	5.73900122835384	-43.35549071926949
0.05058246620031143	5.6116723744002135	-45.63313464892444
0.051050499997540646	5.461470947456084	-47.85791127426251
0.05152286445817567	5.290219044553642	-49.987786597734335
0.05199959965335162	5.100722765105669	-51.979425042800685
0.052480746024977286	4.896602734166727	-53.79016630310295
0.05296634438916581	4.68204118205011	-55.37994862806167
0.05345643593969719	4.461486956189168	-56.71298279862981
0.05395106225151279	4.239364320633696	-57.75905508690086
0.05445026528424214	4.0198240002535535	-58.49442958265568
0.05495408738576248	3.806559849187059	-58.902400153642034
0.0554625712957911	3.602697740080369	-58.97358801108343
0.05597576014951104	3.4107497319049753	-58.70608446359441
0.05649369748123028	3.232618701752714	-58.10550519311469
0.05701642722807478	3.069636380676079	-57.18496624320132
0.05754399373371572	2.92261958882871	-55.964931139911386
0.05807644175213124	2.791933470311261	-54.472832512334676
0.05861381645140291	2.6775550003248516	-52.74235760926226
0.05915616341754743	2.57913383145067	-50.81231619316171
0.05970352865838372	2.496050064769835	-48.72508045939929
0.06025595860743581	2.427469641911179	-46.524683277773256
0.060813500127871824	2.3723979867768863	-44.25475343309212
0.061376200516479455	2.3297317547520255	-41.95652213302507
0.06194410750767818	2.29830762921588	-39.667132943373254
0.06251726927756862	2.2769464997932647	-37.418428288664344
0.06309573444801936	2.2644912937621267	-35.23629137684837
0.06367955209079162	2.259837182755427	-33.14052422049051
0.064268771731702	2.26195364237443	-31.14516716350338
0.06486344335482389	2.2698986416914386	-29.259126163538145
0.06546361740672754	2.282825878829472	-27.486969782772803
0.06606934480075964	2.299986359771907	-25.829778005280097
0.06668067692136226	2.3207257401122328	-24.28595679208679
0.06729766562843183	2.3444787733107244	-22.851965204619223
0.0679203632617185	2.3707620132955065	-21.522929663353032
0.0685488226452662	2.3991656747543786	-20.293140024042522
0.0691830970918937	2.429345311510338	-19.1564348121301
0.06982324040771719	2.4610137606967726	-18.106489602496026
0.07046930689671474	2.4939336298159502	-17.137024947934247
0.07112135136533296	2.527910475940311	-16.241950043549977
0.07177942912713622	2.562786736221839	-15.41545668220652
0.07244359600749906	2.5984364091775762	-14.652075831891946
0.0731139083483418	2.6347604494732355	-13.946706851022949
0.07379042301291015	2.6716828186139887	-13.294627222234077
0.07447319739059896	2.70914712484951	-12.691488848322583
0.07516228940182061	2.74711378377127	-12.133305445216381
0.07585775750291844	2.78555763369019	-11.61643436771166
0.07655966069112569	2.8244659449743	-11.137555274253929
0.07726805850957029	2.863836768802082	-10.693647330859807
0.07798301105232593	2.903677577418345	-10.281966126720157
0.07870457896950993	2.944004154470018	-9.900021085847834
0.07943282347242822	2.9848397000730897	-9.545553877640197
0.08016780633876798	3.0262141207872006	-9.216518128158658
0.0809095899178383	3.0681634796107153	-8.91106059271734
0.0816582371358593	3.110729585472896	-8.627503853222628
0.0824138115013003	3.1539597055364155	-8.364330538647948
0.08317637711026717	3.1979063869949744	-8.120169025107836
0.08394599865193982	3.242627378028936	-7.8937805465933835
0.08472274141405972	3.2881856402357763	-7.68404763367937
0.08550667128846841	3.334649447253826	-7.489963791886156
0.0862978547766971	3.3820925665161186	-7.310624331343874
0.08709635899560814	3.430594523173982	-7.145218263163787
0.08790225168308852	3.480240947285907	-6.993021184231828
0.08871560120379617	3.531124007447829	-6.853389080168165
0.08953647655495947	3.583342936220872	-6.725752985418384
0.09036494737223023	3.637004655080076	-6.609614449580493
0.09120108393559107	3.6922245092610537	-6.504541770042425
0.09204495717531722	3.7491271259419023	-6.4101669629026725
0.09289663867799372	3.807847412818289	-6.326183457247472
0.09375620069258811	3.8685317184999684	-6.252344512634251
0.09462371613657934	3.931339181533938	-6.188462376818677
0.09549925860214364	3.996443301573542	-6.134408221435816
0.0963829023623971	4.064033774720589	-6.090112919095987
0.09727472237769656	4.134318645983858	-6.055568758508188
0.09817479430199849	4.207526845978824	-6.030832238280504
0.09908319448927681	4.283911197635177	-6.016028140205644
0.10000000000000005	4.363752003476656	-6.011355167175055
0.10092528860766849	4.447361357407809	-6.017093551882411
0.10185913880541175	4.535088370385831	-6.033615219989329
0.10280162981264741	4.627325561967805	-6.061397357255164
0.10375284158180131	4.724516756989934	-6.101040636280069
0.10471285480509002	4.827166949629417	-6.153293991414817
0.1056817509213659	4.93585477221244	-6.219088836177657
0.10665961212302584	5.051248457571308	-6.299587247680995
0.10764652136298355	5.174126546751094	-6.3962513376983585
0.10864256236170661	5.305405117896119	-6.510945575779171
0.10964781961431856	5.446174061032282	-6.64609165142356
0.1106623783977667	5.59774596175159	-6.804909184603995
0.11168632477805618	5.76172248964698	-6.991800106131483
0.1127197456175511	5.94008455599092	-7.212978968343928
0.11376272858234315	6.135312748941553	-7.477532653154953
0.11481536214968835	6.350539692963618	-7.799240348485971
0.11587773561551268	6.5897135799425355	-8.199741690972044
0.11694993910198717	6.8576753533337165	-8.714033639848608
0.11803206356517304	7.159818628980537	-9.399616595528066
0.11912420080273756	7.5003674176536155	-10.349632353719707
0.12022644346174137	7.876945118522376	-11.70285127888852
0.1213388850464978	8.26811057324165	-13.615945183337425
0.12246161992650495	8.61887166358266	-16.117324476084544
0.12359474334445113	8.860890262178657	-18.85060016610678
0.12473835142429439	8.993984308532966	-21.146484242332953
0.1258925411794168	9.110434278337156	-22.671224887590697
0.12705741052085426	9.297165665608489	-23.683597943249943
0.12823305826560225	9.580690648308025	-24.606528682443876
0.1294195841449987	9.951856770540472	-25.723419037847894
0.13061708881318423	10.393269136549764	-27.173302183121084
0.1318256738556408	10.88802138366209	-29.019117628677847
0.13304544179780922	11.419190049503296	-31.290587148539753
0.13427649611378642	11.967090712451624	-33.998551573986255
0.13551894123510363	12.506964029053279	-37.132681772876204
0.13677288255958495	13.008485533889997	-40.65088690685519
0.13803842646028852	13.438406302931933	-44.46676480211186
0.13931568029453034	13.767116808399864	-48.44233102852533
0.14060475241299142	13.978117912498469	-52.39387770783064
0.14190575216890927	14.076862376158498	-56.115415707867506
0.1432187899273544	14.094522111000522	-59.416109913932495
0.1445439770745928	14.08478430736606	-62.160492056484465
0.1458814260275349	14.11615858449716	-64.29962274920739
0.14723125024327194	14.264661094910052	-65.88810223776962
0.14859356422870074	14.610654843043367	-67.08981222786785
0.1499684835502374	15.24098333897481	-68.17983424327039
0.15135612484362088	16.25527000693191	-69.55208823344788
0.15275660582380732	17.772279764909936	-71.74470117212056
0.154170045294956	19.92204830210359	-75.49537405213079
0.1555965631605075	22.77375142877942	-81.81397258466433
0.15703628043335532	26.06430573234337	-91.91842456862932
0.15848931924611143	28.642917298614904	-106.4794692642401
0.15995580286146696	28.637195648861436	-123.81338867138209
0.1614358556826487	25.751662516727706	-139.88033494653828
0.1629296032639723	21.787481664880474	-152.0318229253102
0.16443717232149324	18.169620825755857	-160.358830823494
0.16595869074375613	15.277580952097397	-165.93680259837805
0.16749428760264382	13.041061488995187	-169.7135183176804
0.1690440931643265	11.306068356124998	-172.32529571198367
0.17060823890031243	9.939413248088679	-174.17270408084298
0.17218685749860077	8.842966051990693	-175.50724596704865
0.17378008287493762	7.947285440226729	-176.4895984569036
0.1753880501841762	7.203373187434462	-177.22479722715
0.1770108958317422	6.5762797691920705	-177.78312547674162
0.17864875748520517	6.040679745587845	-178.21265255309726
0.180301774085957	5.577904002194958	-178.54691609447534
0.18197008586099844	5.173954500934476	-178.80973829068515
0.18365383433483473	4.818164576886364	-179.01831494758514
0.18535316234148125	4.502282571415781	-179.18523973240613
0.18706821403658017	4.219835385783044	-179.319857175503
0.18879913490962946	3.965679490037775	-179.42918354016055
0.19054607179632482	3.735679295526251	-179.51854401491778
0.19230917289101596	3.526473365556014	-179.59202030885058
0.19408858775927793	3.3353021057964316	-179.65276942326366
0.19588446735059908	3.159879103277621	-179.70325355914187
0.1976969640111862	2.9982938784297177	-179.74540786707726
0.19952623149688808	2.8489375371980867	-179.78076416018382
0.20137242498623895	2.7104453210792805	-179.81054305714707
0.2032357010936223	2.581651769313557	-179.8357232441517
0.20511621788255666	2.4615553961020282	-179.85709398387078
0.20701413487910436	2.349290619137551	-179.8752952419501
0.2089296130854041	2.24410526705074	-179.8908485802168
0.2108628149933291	2.1453424176439335	-179.90418110787093
0.21281390459827135	2.0524256264678904	-179.915644172808
0.21478304741305343	1.964846830689605	-179.92552803853934
0.21677041048196952	1.8821563799055285	-179.93407347622428
0.2187761623949553	1.8039547699758434	-179.9414809707471
0.22080047330189004	1.729885749622238	-179.9479180701205
0.22284351492703042	1.6596305406259286	-179.95352528171287
0.22490546058357816	1.5929029668438517	-179.9584208248606
0.22698648518838224	1.5294453291671775	-179.96270447878743
0.22908676527677735	1.4690248960672376	-179.96646071128856
0.23120647901755953	1.4114309047809857	-179.9697612329202
0.23334580622810033	1.3564719881642822	-179.97266709024066
0.23550492838960102	1.3039739580438048	-179.97523038761958
0.23768402866248772	1.253777888471886	-179.97749570851843
0.2398832919019491	1.2057384523486598	-179.97950129265698
0.2421029046736179	1.1597224729678457	-179.9812800141431
0.24434305526939726	1.1156076585846915	-179.98286019673705
0.246603933723434	1.0732814934192647	-179.98426629538508
0.24888573182823917	1.032640262846577	-179.9855194675816
0.25118864315095807	0.9935881940814824	-179.98663805367897
0.2535128630497908	0.956036696595036	-179.98763798171396
0.25585858869056466	0.9199036889201991	-179.98853310947322
0.2582260190634597	0.8851130005149385	-179.9893355142258
0.26061535499988964	0.8515938390254686	-179.9900557386976
0.2630267991895383	0.8192803146931749	-179.99070300035982
0.26546055619755404	0.7881110148243436	-179.9912853698795
0.2679168324819033	0.7580286222319179	-179.9918099235832
0.2703958364108845	0.7289795723949472	-179.99228287396608
0.2728977782808042	0.7009137447904512	-179.99270968160863
0.27542287033381674	0.6737841844552307	-179.99309515130844
0.277971326775929	0.6475468503491457	-179.9934435147792
0.2805433637951715	0.6221603875309311	-179.99375850188827
0.28313919957993805	0.5975859205345048	-179.9940434020912
0.2857590543374948	0.5737868656577806	-179.99430111745647
0.2884031503126607	0.5507287601553236	-179.99453420845563
0.29107171180666064	0.5283791065674966	-179.99474493350746
0.2937649651961532	0.506707230627903	-179.99493528310882
0.2964831389524344	0.48568415137234516	-179.99510700925163
0.29922646366081906	0.46528246223057107	-179.9952616507109
0.30199517204020176	0.44547622201977277	-179.99540055468984
0.30478949896279844	0.42624085487919544	-179.99552489522026
0.307609681474071	0.40755305829067184	-179.99563568863806
0.3104559588128357	0.38939071842235273	-179.9957338063811
0.3133285724315587	0.37173283211430347	-179.99581998528606
0.3162277660168381	0.35455943489621006	-179.9958948354924
0.31915378551007634	0.3378515344907005	-179.99595884598725
0.3221068791283436	0.321591049311643	-179.9960123877433
0.32508729738543457	0.30576075151627974	-179.99605571430766
0.3280952931131192	0.2903442142139229	-179.99608895958232
0.3311311214825913	0.27532576247295537	-179.99611213238776
0.33419504002611444	0.2606904278025261	-179.99612510720587
0.3372873086588691	0.24642390581629292	-179.9961276102303
0.34040818970100106	0.2325125168130939	-179.9961191994818
0.34355794789987465	0.21894316903412164	-179.9960992372145
0.34673685045253166	0.20570332437818434	-179.99606685207337
0.3499451670283573	0.19278096637644507	-179.99602088731825
0.353183169791957	0.18016457024570967	-179.9959598297069
0.35645113342624424	0.16784307485528052	-179.99588171095488
0.3597493351557423	0.1558058564566729	-179.99578396946018
0.36307805477010135	0.1440427040384168	-179.9956632531006
0.36643757464783333	0.13254379617971182	-179.9955151324068
0.3698281797802663	0.1212996792871923	-179.99533367354144
0.3732501577957206	0.11030124710850053	-179.99511078491284
0.37670379898390893	0.09953972142486317	-179.9948351847607
0.38018939632056126	0.08900663383258486	-179.99449070669152
0.38370724549227886	0.07869380853033035	-179.9940533896263
0.3872576449216173	0.06859334603537669	-179.99348619777268
0.3908408957924021	0.05869760775776274	-179.99272876650744
0.39445730207527846	0.04899920136658422	-179.99167569075414
0.3981071705534973	0.039490966887892893	-179.9901250043011
0.40179081084894	0.03016596347997017	-179.9876349378993
0.40550853544838394	0.021017456845746567	-179.98301808465516
0.40926065973001097	0.012038907323086684	-179.97162072210892
0.41304750199016144	0.0032239606591305463	-179.89851941852487
0.4168693834703355	0.005433582608599618	-0.05768030995197248
0.4207266283844442	0.013939725264242486	-0.021545345678207848
0.424619563946313	0.022300350905069304	-0.01291035474603542
0.4285485203974396	0.03052118985925622	-0.009045553686858806
0.43251383103500884	0.03860784172224436	-0.006859446498710528
0.4365158322401661	0.04656578374699806	-0.005457126679777854
0.44055486350655343	0.05440037975576716	-0.004483646085062123
0.4446312674691088	0.06211688889606048	-0.003770160298686049
0.4487453899331323	0.0697204742212493	-0.0032260999373565887
0.4528975799036209	0.07721621111879222	-0.0027985271671263348
0.4570881896148752	0.0846090956153953	-0.002454433775775137
0.46131757456037953	0.09190405258986575	-0.00217217209954597
0.4655860935229591	0.09910594392500692	-0.0019369569188592355
0.4698941086052156	0.10621957663045736	-0.0017383475306452791
0.4742419852602448	0.1132497109690679	-0.0015687625198429085
0.47863009232263853	0.1202010686203328	-0.00142256471602034
0.48305880203977286	0.12707834091556633	-0.00129547632210945
0.4875284901033865	0.1338861971809851	-0.0011841931160877187
0.4920395356814511	0.14062929322663306	-0.0010861229241409406
0.49659232145033627	0.1473122800212058	-0.0009992040497339217
0.5011872336272725	0.15393981259533884	-0.0009217765290178064
0.5058246620031143	0.16051655921884722	-0.0008524891179258897
0.5105049999754064	0.16704721090078842	-0.0007902309600747807
0.5152286445817567	0.17353649126514967	-0.0007340806261014784
0.5199959965335162	0.1799891668594578	-0.0006832675889525638
0.5248074602497729	0.18641005795879045	-0.0006371427394371699
0.5296634438916581	0.19280404993359623	-0.0005951555652929164
0.5345643593969719	0.19917610525652404	-0.0005568363037301336
0.5395106225151278	0.20553127623124245	-0.0005217818481802965
0.5445026528424215	0.2118747185351209	-0.0004896445179512804
0.5495408738576248	0.21821170567784293	-0.000460123031579989
0.5546257129579107	0.2245476444896983	-0.0004329551913828752
0.5597576014951101	0.23088809176667752	-0.00040791190812611966
0.5649369748123025	0.23723877221487305	-0.00038479228423263635
0.5701642722807475	0.24360559785435207	-0.0003634195405057995
0.5754399373371569	0.24999468906301886	-0.00034363762113687944
0.580764417521312	0.2564123974644459	-0.0003253083491005903
0.5861381645140288	0.2628653308907935	-0.00030830903206949267
0.591561634175474	0.2693603806833513	-0.00029253044004216237
0.5970352865838369	0.2759047516297308	-0.000277875091774401
0.6025595860743578	0.28250599487917194	-0.00026425579919873846
0.6081350012787179	0.28917204422695136	-0.000251594428349851
0.6137620051647943	0.2959112562167804	-0.00023982084264369545
0.6194410750767815	0.30273245457796955	-0.00022887200022988596
0.6251726927756859	0.30964497959397674	-0.0002186911819277982
0.6309573444801934	0.3166587430930875	-0.00020922733022532192
0.6367955209079159	0.3237842898633456	-0.00020043448314174627
0.6426877173170198	0.33103286642598906	-0.00019227128955753823
0.6486344335482385	0.3384164982589818	-0.00018470059498615596
0.654636174067275	0.3459480767502001	-0.00017768908877987096
0.6606934480075961	0.3536414573852084	-0.00017120700548465487
0.6668067692136223	0.36151157094583836	-0.00016522787454297766
0.6729766562843178	0.3695745498235471	-0.0001597283138372166
0.6792036326171846	0.3778478719492216	-0.00015468786371585042
0.6854882264526617	0.38635052532566494	-0.00015008885919247519
0.6918309709189366	0.39510319674212063	-0.0001459163389950646
0.6982324040771715	0.4041284889795347	-0.0001421579911106276
0.7046930689671471	0.4134511717166027	-0.00013880413546068644
0.7112135136533292	0.4230984724662592	-0.00013584774540166894
0.7177942912713619	0.43310041527057325	-0.00013328451092364717
0.7244359600749902	0.4434902166383305	-0.00013111294778321887
0.7311390834834176	0.45430475042884044	-0.00012933455842902705
0.7379042301291011	0.4655850962074536	-0.00012795405256025045
0.7447319739059892	0.4773771892105417	-0.0001269796376286666
0.7516228940182057	0.48973259471430935	-0.0001264233927259952
0.758577575029184	0.502709435649512	-0.000126301743323641
0.7655966069112565	0.5163735102208293	-0.00012663605957200638
0.7726805850957026	0.5307996467401674	-0.00012745340776620503
0.7798301105232589	0.5460733568022091	-0.000128787493769649
0.7870457896950989	0.5622928666467687	-0.0001306798495460118
0.7943282347242817	0.5795716319766595	-0.00013318133076385363
0.8016780633876793	0.5980414764148362	-0.0001363540165736685
0.8090958991783825	0.6178565422984375	-0.0001402736348735373
0.8165823713585927	0.6391983107727615	-0.00014503268181462447
0.8241381150130026	0.6622820455251656	-0.0001507444692533907
0.8317637711026713	0.6873651554699616	-0.0001575484280948567
0.8394599865193977	0.7147581790836796	-0.0001656171343883983
0.8472274141405968	0.7448394035894873	-0.00017516573341180367
0.8550667128846836	0.7780746060984643	-0.00018646475555836995
0.8629785477669706	0.8150441426312535	-0.00019985781526019944
0.870963589956081	0.8564807901048013	-0.00021578647914178374
0.8790225168308847	0.9033236781867828	-0.0002348258935170112
0.8871560120379608	0.9567969069654105	-0.00025773696332724626
0.8953647655495938	1.0185271295916865	-0.0002855447177783788
0.9036494737223014	1.0907246704864237	-0.0003196594622462048
0.9120108393559097	1.1764722122803186	-0.00036207049410166847
0.9204495717531712	1.2802037973476952	-0.0004156683843936281
0.9289663867799363	1.408538620349178	-0.0004848072119134177
0.9375620069258802	1.5718194315662557	-0.0005763437677260286
0.946237161365793	1.7871642052254986	-0.0007017018233523584
0.9549925860214359	2.085108389996431	-0.000881369797123565
0.9638290236239705	2.525969113442824	-0.0011559893871319505
0.9727472237769651	3.2478895374121137	-0.0016189265028364796
0.9817479430199844	4.652202714194274	-0.00254197199691363
0.9908319448927676	8.600584089887814	-0.0051872963130498205
1.	92.00520942877645	-0.06172276337207834
1.0092528860766845	9.757824407022076	-179.99265470781373
1.0185913880541169	4.437587323643486	-179.99620683629018
1.0280162981264735	2.778524716167019	-179.99712960821657
1.0375284158180127	1.9702072495569491	-179.99766274473293
1.0471285480508996	1.4842713283378195	-179.9980328234698
1.0568175092136585	1.15998873093626	-179.99818019201274
1.066596121230258	0.9263804194216779	-179.99824278580806
1.076465213629835	0.7486651305669728	-179.99824381312538
1.0864256236170655	0.6076746607706016	-179.99818872902193
1.096478196143185	0.4919434107685367	-179.9980720069585
1.1066237839776665	0.3941631480284359	-179.99787568100498
1.1168632477805611	0.3094251670098801	-179.99756075908397
1.1271974561755105	0.23427793285286688	-179.99704221602047
1.1376272858234309	0.1661884320564516	-179.9961079355369
1.1481536214968828	0.10321643808326356	-179.99406049692556
1.1587773561551262	0.043806531317007194	-179.98654374386675
1.1694993910198712	0.013352819209362491	-0.043038080695034696
1.1803206356517297	0.06943194686466597	-0.0081790877963007
1.191242008027375	0.1255424608026093	-0.004530863013272891
1.2022644346174132	0.18281196599552496	-0.0031597479870727895
1.2133888504649775	0.24246194432190443	-0.002454198488485575
1.224616199265049	0.3059004059987917	-0.0020344760715134604
1.2359474334445106	0.3748450454421484	-0.001765158821694316
1.2473835142429432	0.45150151714796644	-0.0015865558908767794
1.2589254117941675	0.5388394311904041	-0.0014690746208385116
1.270574105208542	0.6410454305843655	-0.001397446561188797
1.2823305826560218	0.764311585286538	-0.0013645609453132271
1.2941958414499863	0.9182987025542525	-0.0013692498181342794
1.3061708881318417	1.1190701051966632	-0.0014164742756073094
1.3182567385564075	1.3955765192841474	-0.0015203597322186579
1.3304544179780915	1.8059856595740118	-0.0017135110018937812
1.3427649611378643	2.487214017835597	-0.0020764776167933887
1.3551894123510364	3.856818047440901	-0.0028588956842004283
1.3677288255958495	8.089282455402559	-0.0053665821479170865
1.3803842646028852	158.4195715047574	-179.90526622325447
1.3931568029453034	7.597579871958846	-179.99587851234372
1.4060475241299142	3.949503274919112	-179.99804515687535
1.4190575216890926	2.689851931873753	-179.99877885426443
1.432187899273544	2.0494425265976246	-179.99914251621087
1.4454397707459279	1.6605495634380047	-179.999356864523
1.4588142602753489	1.3985784008452427	-179.99949654966966
1.4723125024327193	1.209620783368999	-179.99959377733177
1.4859356422870074	1.0665485189517372	-179.9996646882659
1.499684835502374	0.9542178565296365	-179.9997182447708
1.5135612484362087	0.8635074260727149	-179.99975980951427
1.5275660582380732	0.7885935703947732	-179.99979277962825
1.54170045294956	0.7255823558841733	-179.99981940613793
1.555965631605075	0.6717705209216269	-179.99984123593296
1.5703628043335531	0.6252220070418129	-179.9998593644867
1.584893192461114	0.5845132900972395	-179.99987458745133
1.5995580286146696	0.5485738930498345	-179.9998874953066
1.6143585568264869	0.5165830048405323	-179.9998985344941
1.629296032639723	0.48790044863959176	-179.99990804807388
1.6443717232149324	0.4620193793459759	-179.99991630345585
1.6595869074375613	0.43853312551716594	-179.9999235117404
1.6749428760264382	0.41711147334847815	-179.9999298414742
1.690440931643265	0.397483396259734	-179.9999354286066
1.7060823890031243	0.3794242735045052	-179.9999403838101
1.7218685749860079	0.3627462919517288	-179.99994479793875
1.7378008287493762	0.34729114213943185	-179.9999487461512
1.753880501841762	0.33292439260931916	-179.99995229106108
1.770108958317422	0.3195311086478328	-179.9999554851702
1.7864875748520517	0.30701240525083434	-179.9999583727665
1.803017740859568	0.29528270950628754	-179.9999609914175
1.8197008586099825	0.2842675674015474	-179.99996337315545
1.8365383433483455	0.2739018725418681	-179.99996554542543
1.8535316234148105	0.2641284248216718	-179.9999675318488
1.8706821403657996	0.25489674932781436	-179.99996935284238
1.8879913490962925	0.24616212211658495	-179.99997102612394
1.9054607179632463	0.23788476166947517	-179.99997256712683
1.9230917289101574	0.23002915396131546	-179.99997398934232
1.9408858775927773	0.22256348598707495	-179.99997530460382
1.958844673505989	0.2154591678725847	-179.99997652332368
1.97696964011186	0.2086904277578731	-179.99997765469155
1.9952623149688788	0.20223396679306782	-179.9999787068413
2.0137242498623875	0.19606866404798806	-179.99997968699216
2.032357010936221	0.19017532307164742	-179.99998060156827
2.0511621788255647	0.18453645336902552	-179.9999814563005
2.0701413487910414	0.17913608128127162	-179.9999822563135
2.0892961308540388	0.17395958573124914	-179.9999830062003
2.108628149933289	0.16899355508174876	-179.99998371008647
2.1281390459827114	0.16422566198918936	-179.99998437168557
2.147830474130533	0.15964455365236463	-179.99998499434685
2.167704104819694	0.15523975527795064	-179.99998558109706
2.1877616239495516	0.1510015849309429	-179.99998613467656
2.208004733018899	0.14692107822373535	-179.99998665757082
2.228435149270303	0.1429899215338882	-179.9999871520381
2.2490546058357803	0.13920039263699382	-179.99998762013365
2.2698648518838214	0.13554530780484164	-179.99998806373102
2.2908676527677723	0.13201797455619269	-179.99998848454075
2.312064790175594	0.12861214936265727	-179.9999888841269
2.333458062281002	0.12532199970926453	-179.9999892639218
2.355049283896009	0.12214206999141354	-179.9999896252389
2.376840286624876	0.11906725079955394	-179.99998996928434
2.39883291901949	0.116092751202204	-179.99999029716724
2.4210290467361775	0.11321407368849531	-179.99999060990876
2.4434305526939712	0.11042699147470902	-179.99999090845026
2.4660393372343385	0.10772752791641156	-179.99999119366072
2.48885731828239	0.10511193779974758	-179.999991466343
2.5118864315095797	0.1025766903130095	-179.9999917272402
2.535128630497907	0.100118453523433	-179.9999919770403
2.5585858869056453	0.09773408020481981	-179.9999922163815
2.582260190634596	0.09542059487953505	-179.99999244585598
2.6061535499988953	0.09317518195404374	-179.9999926660142
2.6302679918953813	0.09099517484078372	-179.9999928773681
2.654605561975539	0.08887804597108902	-179.99999308039443
2.6791683248190314	0.08682139761432107	-179.9999932755375
2.703958364108843	0.0848229534275284	-179.99999346321175
2.7289777828080406	0.0828805506680219	-179.99999364380432
2.7542287033381663	0.08099213300835613	-179.9999938176769
2.7797132677592886	0.07915574389947798	-179.999993985168
2.805433637951713	0.07736952043335324	-179.99999414659445
2.831391995799379	0.0756316876612945	-179.9999943022532
2.8575905433749464	0.07394055332857476	-179.99999445242278
2.8840315031266055	0.07229450298978489	-179.99999459736463
2.910717118066605	0.0706919954728468	-179.9999947373243
2.9376496519615305	0.06913155866266588	-179.9999948725327
2.9648313895243423	0.0676117855781567	-179.9999950032071
2.992264636608189	0.06613133071882929	-179.99999512955208
3.019951720402016	0.06468890665932472	-179.99999525176037
3.047894989627983	0.06328328087225969	-179.9999953700138
3.076096814740708	0.061913272761511984	-179.99999548448392
3.1045595881283554	0.06057775088967053	-179.9999955953327
3.1332857243155856	0.05927563038480753	-179.99999570271328
3.162277660168379	0.05800587051302378	-179.99999580677041
3.1915378551007616	0.056767472404382444	-179.99999590764114
3.2210687912834346	0.055559476920903954	-179.99999600545516
3.250872973854344	0.05438096265624525	-179.9999961003354
3.2809529311311905	0.053231044057552926	-179.99999619239847
3.311311214825911	0.05210886966076127	-179.9999962817549
3.3419504002611427	0.05101362043131922	-179.9999963685097
3.372873086588689	0.049944508202974344	-179.9999964527625
3.404081897010009	0.04890077420783153	-179.9999965346082
3.4355794789987466	0.04788168769143861	-179.9999966141368
3.4673685045253166	0.046886544607139244	-179.99999669143418
3.499451670283573	0.045914666384378806	-179.99999676658192
3.53183169791957	0.04496539876605572	-179.99999683965788
3.5645113342624426	0.044038110710382196	-179.99999691073614
3.5974933515574232	0.043132193353059185	-179.99999697988747
3.630780547701014	0.04224705902588127	-179.99999704717928
3.664375746478333	0.04138214032817357	-179.99999711267603
3.6982817978026628	0.04053688924772406	-179.99999717643922
3.732501577957206	0.03971077632811649	-179.99999723852767
3.767037989839089	0.03890328987958885	-179.99999729899758
3.801893963205613	0.03811393523074753	-179.99999735790269
3.8370724549227884	0.037342234018652984	-179.99999741529453
3.8725764492161727	0.03658772351496638	-179.99999747122234
3.908408957924021	0.03584995598600551	-179.99999752573333
3.944573020752785	0.035128498084704925	-179.99999757887278
3.981071705534973	0.03442293027261106	-179.999997630684
4.0179081084894	0.03373284627016814	-179.9999976812086
4.055085354483839	0.03305785253366687	-179.99999773048657
4.09260659730011	0.0323975677573347	-179.99999777855624
4.130475019901614	0.03175162239914638	-179.9999978254544
4.168693834703355	0.031119658229024467	-179.99999787121638
4.207266283844442	0.03050132789818608	-179.9999979158763
4.24619563946313	0.02989629452847057	-179.99999795946678
4.285485203974396	0.029304231320556	-179.99999800201934
4.325138310350088	0.02872482118004167	-179.9999980435642
4.365158322401661	0.02815775636043658	-179.99999808413054
4.405548635065534	0.027602738122152998	-179.99999812374648
4.446312674691089	0.027059476406659316	-179.999998162439
4.487453899331323	0.026527689524998	-179.9999982002342
4.528975799036209	0.026007103859921134	-179.99999823715717
4.570881896148752	0.025497453580941985	-179.99999827323225
4.613175745603791	0.02499848037164122	-179.9999983084828
4.655860935229586	0.024509933168605787	-179.99999834293135
4.698941086052151	0.0240315679114152	-179.99999837659973
4.742419852602444	0.02356314730312257	-179.99999840950898
4.7863009232263805	0.023104440580710296	-179.99999844167945
4.830588020397723	0.022655223295029787	-179.9999984731308
4.875284901033861	0.022215277099762103	-179.999998503882
4.920395356814506	0.02178438954896244	-179.9999985339515
4.965923214503357	0.021362353902775598	-179.99999856335694
5.01187233627272	0.020948968940932695	-179.99999859211562
5.058246620031137	0.02054403878366033	-179.99999862024413
5.105049999754059	0.020147372719653698	-179.99999864775862
5.152286445817562	0.019758785040783988	-179.99999867467466
5.1999599653351565	0.019378094883228104	-179.99999870100734
5.248074602497723	0.01900512607472508	-179.99999872677134
5.296634438916575	0.018639706987679753	-179.99999875198083
5.345643593969713	0.01828167039784822	-179.9999987766496
5.395106225151273	0.01793085334835411	-179.9999988007909
5.445026528424209	0.017587097018797324	-179.99999882441776
5.495408738576242	0.017250246599229146	-179.99999884754268
5.5462571295791046	0.016920151168779388	-179.99999887017782
5.597576014951099	0.01659666357873198	-179.99999889233504
5.649369748123022	0.016279640339855617	-179.99999891402575
5.701642722807472	0.015968941513805856	-179.99999893526117
5.754399373371567	0.015664430608424193	-179.99999895605205
5.807644175213118	0.015365974476768154	-179.99999897640893
5.861381645140285	0.015073443219714652	-179.99999899634201
5.9156163417547365	0.014786710091986692	-179.9999990158612
5.9703528658383656	0.01450565141146031	-179.99999903497618
6.025595860743575	0.014230146471616217	-179.99999905369629
6.081350012787176	0.013960077457006398	-179.99999907203062
6.137620051647939	0.013695329361612489	-179.99999908998814
6.194410750767812	0.013435789909978598	-179.99999910757737
6.251726927756856	0.013181349481006382	-179.99999912480678
6.30957344480193	0.012931901034305832	-179.99999914168444
6.367955209079155	0.012687340038999887	-179.9999991582184
6.426877173170194	0.012447564404885786	-179.99999917441636
6.486344335482381	0.012212474415860479	-179.99999919028582
6.546361740672747	0.011981972665521699	-179.99999920583417
6.6069344800759575	0.011755963994860159	-179.9999992210685
6.668067692136219	0.011534355431962233	-179.9999992359958
6.729766562843175	0.011317056133646124	-179.99999925062286
6.792036326171843	0.011103977328957768	-179.99999926495624
6.854882264526613	0.01089503226445615	-179.99999927900245
6.918309709189362	0.010690136151220718	-179.9999992927677
6.9823240407717115	0.010489206113516428	-179.99999930625816
7.046930689671467	0.010292161139054987	-179.99999931947974
7.112135136533288	0.0100989220307932	-179.99999933243825
7.177942912713615	0.009909411360212094	-179.99999934513943
7.244359600749899	0.009723553422022779	-179.99999935758876
7.311390834834173	0.009541274190247384	-179.99999936979165
7.379042301291007	0.009362501275625323	-179.99999938175336
7.447319739059888	0.009187163884297666	-179.99999939347902
7.516228940182053	0.009015192777723936	-179.99999940497364
7.585775750291836	0.008846520233787764	-179.9999994162421
7.655966069112561	0.008681080009049557	-179.99999942728925
7.726805850957022	0.008518807302106095	-179.99999943811966
7.798301105232586	0.00835963871801852	-179.99999944873792
7.870457896950985	0.00820351223377181	-179.99999945914846
7.943282347242813	0.008050367164730286	-179.99999946935563
8.01678063387679	0.007900144132055125	-179.99999947936362
8.090958991783822	0.00775278503105117	-179.99999948917664
8.165823713585922	0.007608233000411719	-179.99999949879873
8.241381150130021	0.007466432392331021	-179.99999950823377
8.317637711026709	0.007327328743455658	-179.99999951748572
8.394599865193973	0.007190868746646829	-179.9999995265582
8.472274141405963	0.007057000223526807	-179.99999953545506
8.550667128846833	0.006925672097783904	-179.99999954417976
8.629785477669701	0.006796834369211061	-179.99999955273591
8.709635899560805	0.0066704380884543175	-179.99999956112694
8.790225168308842	0.006546435332448269	-179.9999995693562
8.871560120379607	0.0064247791805163955	-179.99999957742693
8.953647655495937	0.006305423691115068	-179.99999958534238
9.036494737223014	0.006188323879200827	-179.9999995931057
9.120108393559097	0.006073435694201187	-179.99999960071997
9.204495717531712	0.005960715998570064	-179.99999960818818
9.289663867799362	0.005850122546909561	-179.99999961551327
9.375620069258803	0.00574161396564048	-179.9999996226981
9.462371613657929	0.005635149733204666	-179.99999962974553
9.549925860214358	0.005530690160782773	-179.99999963665823
9.638290236239705	0.005428196373511737	-179.99999964343897
9.727472237769652	0.0053276302921867625	-179.99999965009033
9.817479430199844	0.005228954615433126	-179.9999996566149
9.908319448927676	0.005132132802333699	-179.99999966301522
10.	0.005037129055498532	-179.99999966929374
10.092528860766844	0.004943908304563338	-179.99999967545284
10.18591388054117	0.004852436190104165	-179.99999968149496
10.280162981264736	0.004762679047955997	-179.9999996874223
10.375284158180126	0.004674603893923424	-179.99999969323724
10.471285480508996	0.004588178408871974	-179.99999969894196
10.568175092136585	0.004503370924189015	-179.99999970453857
10.665961212302578	0.004420150407603581	-179.99999971002924
10.76465213629835	0.004338486449354809	-179.99999971541604
10.864256236170656	0.004258349248699004	-179.999999720701
10.964781961431852	0.004179709600745689	-179.9999997258861
11.066237839776663	0.004102538883613361	-179.99999973097334
11.168632477805613	0.0040268090458959105	-179.9999997359646
11.271974561755105	0.003952492594431005	-179.9999997408617
11.37627285823431	0.0038795625823620076	-179.99999974566657
11.481536214968829	0.003807992597485298	-179.99999975038094
11.587773561551263	0.0037377567508750697	-179.99999975500654
11.694993910198711	0.00366882966577801	-179.99999975954515
11.803206356517286	0.0036011864667704627	-179.99999976399846
11.912420080273739	0.0035348027691708686	-179.99999976836807
12.022644346174118	0.0034696546687007046	-179.99999977265563
12.133888504649763	0.0034057187313869986	-179.99999977686272
12.246161992650476	0.0033429719837001427	-179.99999978099086
12.359474334445094	0.0032813919029205437	-179.99999978504164
12.47383514242942	0.0032209564077281317	-179.99999978901644
12.589254117941662	0.003161643849008753	-179.99999979291687
12.705741052085406	0.0031034330008717376	-179.99999979674425
12.823305826560205	0.0030463030518731184	-179.99999980049998
12.941958414499851	0.002990233596439089	-179.99999980418548
13.061708881318404	0.0029352046264845026	-179.99999980780208
13.182567385564061	0.0028811965232213525	-179.9999998113511
13.304544179780901	0.0028281900491523245	-179.99999981483384
13.427649611378628	0.0027761663402446736	-179.99999981825152
13.551894123510351	0.002725106898279792	-179.99999982160546
13.67728825595848	0.0026749935833740037	-179.9999998248968
13.803842646028839	0.002625808606666237	-179.99999982812676
13.931568029453022	0.002577534523168354	-179.99999983129655
14.060475241299129	0.0025301542247740338	-179.99999983440728
14.190575216890911	0.0024836509334222566	-179.99999983746002
14.321878992735424	0.0024380081944115	-179.99999984045598
14.454397707459265	0.0023932098698609245	-179.99999984339613
14.588142602753473	0.002349240132314887	-179.9999998462816
14.723125024327178	0.0023060834584872603	-179.9999998491134
14.859356422870059	0.002263724623142116	-179.9999998518926
14.996848355023726	0.002222148693107432	-179.9999998546201
15.135612484362072	0.00218134102141858	-179.99999985729693
15.275660582380716	0.002141287241588446	-179.99999985992403
15.417004529495584	0.0021019732620011153	-179.99999986250242
15.559656316050734	0.0020633852604261364	-179.9999998650329
15.703628043335515	0.002025509678650481	-179.99999986751644
15.848931924611126	0.0019883332172253667	-179.99999986995388
15.995580286146678	0.0019518428303252223	-179.99999987234617
16.143585568264854	0.0019160257207161127	-179.99999987469408
16.292960326397214	0.0018808693348310458	-179.9999998769985
16.443717232149307	0.0018463613579496278	-179.9999998792602
16.595869074375596	0.001812489709479631	-179.99999988148002
16.749428760264365	0.0017792425383380663	-179.99999988365875
16.90440931643263	0.0017466082184294542	-179.9999998857971
17.060823890031227	0.0017145753442190184	-179.99999988789594
17.21868574986006	0.0016831327263986228	-179.9999998899559
17.378008287493746	0.001652269387643275	-179.99999989197775
17.5388050184176	0.0016219745584561498	-179.99999989396224
17.701089583174202	0.0015922376731000625	-179.99999989591
17.864875748520497	0.0015630483656134471	-179.9999998978218
18.03017740859568	0.0015343964659088863	-179.99999989969825
18.197008586099827	0.0015062719959523293	-179.99999990154004
18.365383433483455	0.0014786651660211678	-179.99999990334777
18.535316234148105	0.0014515663710393818	-179.99999990512217
18.706821403657997	0.0014249661869880277	-179.99999990686376
18.879913490962927	0.0013988553673893692	-179.99999990857324
19.054607179632463	0.0013732248398630076	-179.99999991025115
19.230917289101576	0.0013480657027523974	-179.9999999118981
19.408858775927772	0.0013233692218201935	-179.9999999135147
19.58844673505989	0.0012991268270108813	-179.99999991510143
19.769696401118598	0.0012753301092792266	-179.9999999166589
19.952623149688787	0.0012519708174830678	-179.99999991818768
20.137242498623873	0.0012290408553390548	-179.99999991968826
20.32357010936221	0.001206532278439938	-179.99999992116122
20.511621788255646	0.0011844372913320722	-179.999999922607
20.701413487910415	0.0011627482446518115	-179.99999992402616
20.892961308540386	0.001141457632319521	-179.99999992541916
21.086281499332888	0.0011205580887899498	-179.99999992678653
21.28139045982711	0.0011000423863577484	-179.9999999281287
21.47830474130533	0.0010799034325169325	-179.99999992944618
21.67704104819694	0.001060134267373143	-179.9999999307394
21.87761623949552	0.0010407280611075564	-179.9999999320088
22.080047330188993	0.0010216781114913455	-179.99999993325483
22.28435149270303	0.001002977841449602	-179.99999993447798
22.490546058357804	0.0009846207966736815	-179.99999993567857
22.698648518838212	0.0009666006432809194	-179.9999999368571
22.908676527677724	0.0009489111655207282	-179.99999993801396
23.12064790175594	0.000931546263526089	-179.99999993914955
23.33458062281002	0.000914499951109477	-179.99999994026427
23.55049283896009	0.0008977663536022831	-179.99999994135845
23.76840286624876	0.0008813397057368192	-179.99999994243257
23.9883291901949	0.000865214349570017	-179.9999999434869
24.210290467361776	0.000849384732447937	-179.9999999445219
24.434305526939713	0.0008338454050102423	-179.99999994553787
24.660393372343385	0.0008185910192338053	-179.99999994653516
24.888573182823905	0.0008036163265146285	-179.99999994751414
25.118864315095795	0.0007889161757872836	-179.9999999484751
25.351286304979073	0.0007744855116810946	-179.99999994941848
25.58585886905645	0.0007603193727123051	-179.99999995034446
25.82260190634596	0.0007464128895114817	-179.9999999512535
26.06153549998895	0.000732761283085436	-179.9999999521458
26.302679918953814	0.0007193598631129471	-179.99999995302176
26.54605561975539	0.0007062040262735978	-179.99999995388163
26.791683248190314	0.0006932892546090405	-179.9999999547257
27.039583641088434	0.0006806111139160363	-179.9999999555543
27.289777828080403	0.0006681652521706115	-179.99999995636767
27.542287033381662	0.000655947397982703	-179.99999995716615
27.797132677592884	0.0006439533590806724	-179.99999995794997
28.05433637951713	0.0006321790208250791	-179.99999995871937
28.31391995799379	0.000620620344751122	-179.9999999594747
28.575905433749465	0.0006092733671391699	-179.99999996021617
28.84031503126606	0.0005981341976128134	-179.99999996094402
29.10717118066605	0.0005871990177638819	-179.99999996165857
29.376496519615305	0.000576464079803884	-179.99999996235996
29.648313895243422	0.0005659257052413415	-179.99999996304854
29.92264636608189	0.0005555802835844942	-179.99999996372446
30.19951720402016	0.0005454242710688721	-179.99999996438802
30.4789498962798	0.0005354541894092318	-179.9999999650394
30.76096814740705	0.0005256666245753726	-179.99999996567882
31.045595881283525	0.0005160582255913643	-179.99999996630655
31.332857243155825	0.0005066257033577035	-179.99999996692276
31.62277660168376	0.000497365829495958	-179.99999996752769
31.91537855100758	0.0004882754352154444	-179.99999996812153
32.21068791283432	0.0004793514102015069	-179.9999999687045
32.50872973854341	0.0004705907015249639	-179.99999996927676
32.80952931131187	0.0004619903125723104	-179.99999996983854
33.11311214825908	0.0004535473019962594	-179.99999997039006
33.41950400261139	0.00044525878268622976	-179.99999997093147
33.72873086588685	0.0004371219207583767	-179.99999997146296
34.040818970100055	0.0004291339345647926	-179.9999999719847
34.35579478998743	0.00042129209372148975	-179.99999997249688
34.67368504525313	0.0004135937181548069	-179.9999999729997
34.994516702835696	0.00040603617716587087	-179.99999997349332
35.318316979195664	0.00039861688851276366	-179.99999997397788
35.64511334262439	0.0003913333175100489	-179.99999997445354
35.9749335155742	0.00038418297614531606	-179.99999997492057
36.3078054770101	0.00037716342221241376	-179.99999997537898
36.64375746478329	0.0003702722584610437	-179.99999997582904
36.98281797802659	0.0003635071317624011	-179.99999997627086
37.32501577957203	0.0003568657322905443	-179.99999997670457
37.670379898390856	0.0003503457927191928	-179.99999997713036
38.01893963205609	0.000343945087433652	-179.99999997754833
38.370724549227845	0.0003376614317575715	-179.99999997795868
38.72576449216169	0.0003314926811942508	-179.99999997836153
39.08408957924017	0.00032543673068221094	-179.99999997875696
39.44573020752781	0.0003194915138647553	-179.99999997914517
39.81071705534969	0.0003136550023732508	-179.9999999795263
40.17908108489396	0.00030792520512386436	-179.99999997990045
40.55085354483835	0.0003023001676274954	-179.99999998026775
40.92606597300105	0.00029677797131265045	-179.99999998062833
41.304750199016105	0.00029135673286101156	-179.99999998098232
41.68693834703351	0.00028603460355545367	-179.9999999813298
42.07266283844438	0.000280809768640272	-179.99999998167098
42.46195639463126	0.0002756804466933868	-179.99999998200587
42.85485203974392	0.00027064488901029415	-179.99999998233466
43.251383103500835	0.0002657013789995384	-179.9999999826574
43.65158322401656	0.00026084823158948684	-179.9999999829743
44.0554863506553	0.0002560837926461896	-179.99999998328536
44.46312674691084	0.00025140643840211276	-179.99999998359075
44.87453899331318	0.000246814574895538	-179.99999998389055
45.28975799036204	0.00024230663742042517	-179.99999998418485
45.708818961487474	0.00023788108998653847	-179.9999999844738
46.13175745603791	0.00023353642478964002	-179.99999998475744
46.55860935229586	0.00022927116169156085	-179.99999998503588
46.98941086052151	0.00022508384770995881	-179.99999998530927
47.42419852602443	0.00022097305651758368	-179.99999998557763
47.8630092322638	0.0002169373879508646	-179.9999999858411
48.30588020397723	0.00021297546752764468	-179.99999998609977
48.7528490103386	0.00020908594597389036	-179.99999998635366
49.20395356814506	0.00020526749875920464	-179.99999998660294
49.65923214503358	0.00020151882564097608	-179.99999998684766
50.118723362727195	0.00019783865021700322	-179.9999999870879
50.58246620031137	0.0001942257194864305	-179.99999998732375
51.0504999975406	0.0001906788034188428	-179.9999999875553
51.52286445817562	0.00018719669453135987	-179.99999998778262
51.99959965335157	0.00018377820747358375	-179.99999998800578
52.48074602497723	0.0001804221786202483	-179.99999998822486
52.966344389165755	0.0001771274656714271	-179.99999998843992
53.45643593969714	0.00017389294726015663	-179.99999998865107
53.95106225151273	0.0001707175225673349	-179.99999998885835
54.450265284242086	0.00016760011094375983	-179.99999998906185
54.95408738576243	0.00016453965153917123	-179.9999999892616
55.462571295791044	0.00016153510293816643	-179.99999998945773
55.97576014951099	0.00015858544280285877	-179.99999998965026
56.49369748123023	0.00015568966752215423	-179.9999999898393
57.01642722807472	0.00015284679186751998	-179.99999999002486
57.543993733715666	0.00015005584865512421	-179.99999999020704
58.07644175213118	0.00014731588841422768	-179.9999999903859
58.61381645140285	0.00014462597906170959	-179.99999999056146
59.15616341754737	0.00014198520558261234	-179.9999999907338
59.70352865838366	0.00013939266971659372	-179.99999999090306
60.255958607435744	0.0001368474896501748	-179.9999999910692
60.81350012787176	0.00013434879971467516	-179.99999999123227
61.37620051647939	0.00013189575008973038	-179.99999999139237
61.94410750767812	0.0001294875065122855	-179.99999999154957
62.51726927756855	0.0001271232499909633	-179.9999999917039
63.0957344480193	0.0001248021765257074	-179.9999999918554
63.67955209079155	0.00012252349683260038	-179.99999999200412
64.26877173170195	0.00012028643607376127	-179.99999999215012
64.86344335482381	0.0001180902335922279	-179.99999999229345
65.46361740672747	0.00011593414265172964	-179.9999999924342
66.06934480075958	0.00011381743018126153	-179.99999999257236
66.68067692136219	0.00011173937652436866	-179.99999999270798
67.29766562843174	0.00010969927519305352	-179.99999999284114
67.92036326171844	0.0001076964326262204	-179.99999999297185
68.54882264526613	0.00010573016795257285	-179.99999999310018
69.18309709189363	0.0001037998127578796	-179.99999999322617
69.82324040771712	0.00010190471085653037	-179.99999999334986
70.46930689671467	0.00010004421806729913	-179.99999999347128
71.12135136533288	0.00009821770199323814	-179.9999999935905
71.77942912713615	0.00009642454180562606	-179.99999999370752
72.44359600749898	0.00009466412803189394	-179.99999999382243
73.11390834834172	0.0000929358623474556	-179.9999999939352
73.79042301291008	0.00009123915737137064	-179.99999999404594
74.47319739059888	0.0000895734364657676	-179.99999999415468
75.16228940182053	0.00008793813353895862	-179.9999999942614
75.85775750291836	0.00008633269285217666	-179.99999999436616
76.55966069112561	0.00008475656882986816	-179.99999999446905
77.26805850957021	0.00008320922587347512	-179.99999999457
77.98301105232578	0.0000816901381786425	-179.99999999466917
78.70457896950977	0.00008019878955578591	-179.99999999476648
79.43282347242805	0.00007873467325396032	-179.99999999486204
80.16780633876782	0.00007729729178796517	-179.99999999495586
80.90958991783813	0.00007588615676862826	-179.99999999504792
81.65823713585914	0.00007450078873620892	-179.99999999513835
82.41381150130013	0.00007314071699686286	-179.9999999952271
83.176377110267	0.00007180547946211168	-179.99999999531425
83.94599865193965	0.00007049462249126197	-179.9999999953998
84.72274141405954	0.00006920770073671928	-179.9999999954838
85.50667128846823	0.0000679442769921432	-179.99999999556624
86.29785477669692	0.00006670392204339147	-179.9999999956472
87.09635899560797	0.00006548621452220128	-179.99999999572665
87.90225168308834	0.00006429074076255727	-179.99999999580467
88.71560120379598	0.00006311709465969673	-179.99999999588127
89.53647655495928	0.000061964877531703	-179.99999999595647
90.36494737223005	0.000060833697983639716	-179.99999999603028
91.20108393559087	0.00005972317177417865	-179.99999999610276
92.04495717531702	0.000058632921684675356	-179.9999999961739
92.89663867799354	0.00005756257739064705	-179.99999999624376
93.75620069258792	0.00005651177533560924	-179.99999999631234
94.6237161365792	0.00005548015860722664	-179.99999999637964
95.4992586021435	0.00005446737681573634	-179.99999999644575
96.38290236239695	0.000053473085974600954	-179.99999999651064
97.2747223776964	0.00005249694838335123	-179.99999999657433
98.17479430199833	0.00005153863251257679	-179.9999999966369
99.08319448927665	0.00005059781289102649	-179.99999999669825
99.9999999999999	0.000049674169994778764	-179.99999999675853