0.01000000000000001	2.5999302685706246e-7	-0.029239887493085117
0.010092528860766855	2.648521084117254e-7	-0.02956668564619927
0.01018591388054118	2.698024935180155e-7	-0.02989992976411395
0.010280162981264745	2.7484591656258585e-7	-0.030239754010975547
0.010375284158180138	2.799841456011158e-7	-0.030586295614810372
0.010471285480509006	2.852189830386358e-7	-0.030939694936846708
0.010568175092136596	2.9055226632841514e-7	-0.03130009556248334
0.01066596121230259	2.9598586868013144e-7	-0.0316676443814727
0.010764652136298361	3.015216997918555e-7	-0.03204249166882287
0.010864256236170667	3.071617065870609e-7	-0.032424791192142824
0.010964781961431863	3.129078739811356e-7	-0.03281470028475471
0.011066237839776675	3.187622256575742e-7	-0.03321237994800244
0.011168632477805623	3.247268248540014e-7	-0.033617994964327956
0.011271974561755117	3.3080377518426557e-7	-0.03403171397310379
0.011376272858234322	3.3699522146235006e-7	-0.034453709590576205
0.01148153621496884	3.433033505506276e-7	-0.03488415852441051
0.011587773561551273	3.4973039223051863e-7	-0.03532324166631756
0.011694993910198724	3.5627862008600453e-7	-0.035771144229265014
0.01180320635651731	3.629503524184719e-7	-0.03622805584536835
0.011912420080273762	3.697479531614363e-7	-0.03669417070690352
0.012022644346174144	3.7667383284331175e-7	-0.03716968768023757
0.012133888504649786	3.83730449548012e-7	-0.037654810444374485
0.012246161992650502	3.909203099167591e-7	-0.038149747626353814
0.01235947433444512	3.9824597015551636e-7	-0.03865471293354421
0.012473835142429446	4.05710037083196e-7	-0.03916992531095105
0.012589254117941687	4.133151691861575e-7	-0.03969560907727416
0.012705741052085433	4.2106407771574983e-7	-0.0402319940924251
0.012823305826560232	4.2895952779604165e-7	-0.04077931590495628
0.01294195841449987	4.370043395645006e-7	-0.04133781593092703
0.013061708881318424	4.4520138934662637e-7	-0.041907741607020765
0.013182567385564082	4.5355361084008627e-7	-0.042489346591661606
0.01330454417978092	4.620639963431991e-7	-0.04308289092456268
0.013427649611378649	4.707355980098456e-7	-0.043688641229658626
0.01355189412351037	4.795715291253722e-7	-0.04430687090571965
0.013677288255958502	4.88574965426713e-7	-0.04493786033616505
0.013803842646028859	4.977491464436235e-7	-0.0455818970912388
0.013931568029453043	5.070973768758075e-7	-0.04623927615080805
0.01406047524129915	5.166230280081572e-7	-0.04691030012839751
0.014190575216890933	5.263295391546471e-7	-0.047595279504850936
0.014321878992735446	5.36220419139743e-7	-0.04829453287358961
0.014454397707459286	5.462992478169534e-7	-0.04900838718466723
0.014588142602753497	5.565696776254461e-7	-0.049737178011093376
0.014723125024327202	5.670354351820876e-7	-0.05048124982125775
0.014859356422870082	5.777003229255051e-7	-0.05124095625030537
0.014996848355023748	5.885682207811553e-7	-0.05201666039861397
0.015135612484362095	5.996430878858521e-7	-0.05280873512730813
0.015275660582380739	6.109289643571408e-7	-0.053617563375358446
0.015417004529495607	6.224299730803239e-7	-0.05444353848113447
0.015559656316050758	6.341503215860657e-7	-0.05528706452376339
0.01570362804333554	6.460943039420361e-7	-0.05614855666592205
0.015848931924611148	6.582663027036396e-7	-0.05702844152606489
0.015995580286146702	6.706707909201982e-7	-0.05792715754742679
0.016143585568264878	6.833123341920894e-7	-0.058845155399000634
0.016292960326397238	6.961955927738244e-7	-0.059782898377127594
0.01644371723214933	7.09325323747787e-7	-0.06074086283155926
0.016595869074375623	7.227063832492923e-7	-0.06171953860740958
0.01674942876026439	7.363437287399417e-7	-0.06271942950152772
0.016904409316432657	7.502424213650432e-7	-0.06374105374435164
0.017060823890031253	7.644076283627675e-7	-0.0647849444887441
0.017218685749860088	7.788446255314386e-7	-0.06585165033469448
0.017378008287493772	7.935587997831904e-7	-0.06694173586029598
0.01753880501841763	8.085556517495061e-7	-0.06805578218830927
0.01770108958317423	8.238407984868065e-7	-0.06919438756375576
0.017864875748520526	8.394199762151396e-7	-0.0703581679665732
0.018030177408595707	8.55299043186659e-7	-0.07154775774097615
0.018197008586099853	8.714839825803744e-7	-0.07276381025562173
0.018365383433483484	8.879809055363041e-7	-0.07400699859792578
0.018535316234148135	9.047960542304992e-7	-0.07527801628510963
0.018706821403658026	9.219358050644142e-7	-0.07657757801283845
0.018879913490962956	9.394066719406222e-7	-0.07790642044348188
0.019054607179632494	9.5721530963628e-7	-0.07926530301169195
0.019230917289101597	9.753685172861075e-7	-0.0806550087836058
0.019408858775927792	9.93873241937284e-7	-0.08207634534143446
0.01958844673505991	1.0127365822516984e-6	-0.08353014571315746
0.01976969640111862	1.0319657923016822e-6	-0.08501726934111001
0.01995262314968881	1.0515682854838505e-6	-0.08653860309668325
0.020137242498623895	1.0715516385336923e-6	-0.08809506234166689
0.02032357010936223	1.09192359572122e-6	-0.08968759203278977
0.020511621788255666	1.11269207310317e-6	-0.09131716788294213
0.020701413487910436	1.1338651629660704e-6	-0.0929847975744739
0.02089296130854041	1.1554511383922612e-6	-0.09469152202632634
0.02108628149933291	1.1774584579592228e-6	-0.09643841672570316
0.021281390459827135	1.199895770623027e-6	-0.09822659311700178
0.021478304741305354	1.222771920717151e-6	-0.10005720006240748
0.02167704104819696	1.2460959531518241e-6	-0.10193142536633269
0.02187761623949554	1.2698771187745923e-6	-0.10385049738040987
0.022080047330189013	1.2941248799145181e-6	-0.10581568668053933
0.022284351492703053	1.3188489160883432e-6	-0.10782830782708015
0.022490546058357826	1.344059129925064e-6	-0.1098897212180535
0.022698648518838235	1.3697656533098642e-6	-0.11200133502312395
0.022908676527677748	1.3959788536963101e-6	-0.11416460722323797
0.023120647901755963	1.422709340666543e-6	-0.11638104774861682
0.023334580622810044	1.4499679727275674e-6	-0.11865222072970143
0.023550492838960112	1.4777658643316739e-6	-0.12097974685451142
0.023768402866248782	1.5061143931609501e-6	-0.12336530585644638
0.02398832919019492	1.535025207680304e-6	-0.12581063912619433
0.0242102904673618	1.5645102349453488e-6	-0.12831755245993048
0.02443430552693974	1.594581688720709e-6	-0.13088791895290014
0.024660393372343412	1.6252520779075825e-6	-0.13352368204890847
0.02488857318282393	1.6565342152548621e-6	-0.13622685874572765
0.025118864315095822	1.6884412264391244e-6	-0.13899954298257486
0.025351286304979098	1.7209865594616895e-6	-0.14184390920050674
0.02558585886905648	1.75418399445322e-6	-0.14476221610857698
0.025822601906345985	1.7880476538194839e-6	-0.1477568106469563
0.026061535499988978	1.8225920128063287e-6	-0.15083013217807095
0.026302679918953843	1.8578319105088444e-6	-0.15398471690699228
0.026546055619755416	1.8937825612990684e-6	-0.15722320255447322
0.026791683248190343	1.9304595667248993e-6	-0.1605483332939114
0.027039583641088463	1.967878927916922e-6	-0.16396296497092702
0.027289777828080432	2.006057058526099e-6	-0.16747007062649566
0.02754228703338169	2.0450107981608184e-6	-0.171072746341033
0.02779713267759291	2.0847574264511927e-6	-0.17477421741896895
0.02805433637951716	2.1253146776792162e-6	-0.17857784494610823
0.028313919957993816	2.166700756121492e-6	-0.18248713273200376
0.028575905433749497	2.2089343519659673e-6	-0.18650573467575135
0.028840315031266085	2.252034658049295e-6	-0.1906374625762854
0.02910717118066608	2.2960213872820386e-6	-0.19488629442359945
0.029376496519615335	2.3409147908841368e-6	-0.199256383202315
0.029648313895243455	2.386735677532058e-6	-0.20375206624284084
0.02992264636608192	2.4335054333036916e-6	-0.2083778751651867
0.030199517204020192	2.4812460426606607e-6	-0.21313854645003483
0.03047894989627986	2.529980110406083e-6	-0.21803903269105696
0.03076096814740711	2.5797308847007693e-6	-0.2230845145727335
0.031045595881283587	2.6305222812470777e-6	-0.2282804136328002
0.03133285724315589	2.6823789086807613e-6	-0.23363240586271147
0.031622776601683826	2.7353260952163917e-6	-0.23914643621738002
0.03191537855100765	2.7893899167025577e-6	-0.24482873409468972
0.03221068791283438	2.844597226129988e-6	-0.2506858298675391
0.03250872973854347	2.900975684663009e-6	-0.2567245725489892
0.03280952931131194	2.9585537943650244e-6	-0.2629521486756201
0.03311311214825915	3.017360932665454e-6	-0.26937610251290905
0.03341950400261146	3.0774273887898144e-6	-0.2760043576839686
0.03372873086588692	3.13878440207294e-6	-0.2828452403399898
0.034040818970100126	3.2014642026081567e-6	-0.28990750399847626
0.0343557947899875	3.2655000540541723e-6	-0.2972003561885433
0.0346736850452532	3.3309262990466914e-6	-0.30473348705248243
0.034994516702835765	3.397778407232066e-6	-0.31251710007372424
0.035318316979195734	3.466093026119823e-6	-0.32056194510965164
0.03564511334262446	3.535908035088552e-6	-0.3288793539300634
0.03597493351557427	3.6072626026567735e-6	-0.3374812784830176
0.03630780547701017	3.68019724727938e-6	-0.3463803321255033
0.03664375746478335	3.754753902109164e-6	-0.35558983408912426
0.03698281797802665	3.830975983684454e-6	-0.3651238574693951
0.037325015779572084	3.908908465346182e-6	-0.37499728106425667
0.037670379898390914	3.988597955283084e-6	-0.38522584541752686
0.038018939632056145	4.070092779847105e-6	-0.3958262134627064
0.0383707245492279	4.153443072628636e-6	-0.4068160362002608
0.038725764492161745	4.238700869548151e-6	-0.4182140238951094
0.03908408957924023	4.325920210655844e-6	-0.43004002332856806
0.03944573020752787	4.415157249218598e-6	-0.44231510170163646
0.039810717055349755	4.506470368548655e-6	-0.4550616378486062
0.04017908108489402	4.599920307559322e-6	-0.468303421503466
0.040550853544838415	4.69557029557572e-6	-0.482065761434311
0.040926065973001115	4.793486197342925e-6	-0.4963756033695767
0.041304750199016166	4.893736669251718e-6	-0.5112616587369699
0.04168693834703357	4.996393327662954e-6	-0.526754545364037
0.04207266283844444	5.101530930832496e-6	-0.5428869414291573
0.04246195639463132	5.209227575142267e-6	-0.5596937541052661
0.042854852039743985	5.3195649077764155e-6	-0.5772123045190247
0.04325138310350091	5.432628357004141e-6	-0.5954825308594291
0.04365158322401663	5.548507381946891e-6	-0.6145472116910377
0.044055486350655364	5.667295744067746e-6	-0.6344522118082444
0.04446312674691091	5.789091802213453e-6	-0.6552467532627889
0.04487453899331325	5.913998834297985e-6	-0.6769837145532861
0.04528975799036211	6.042125387933148e-6	-0.6997199613706647
0.04570881896148754	6.173585663735855e-6	-0.7235167127592447
0.04613175745603798	6.30849993440891e-6	-0.748439947090627
0.04655860935229591	6.446995004189098e-6	-0.7745608528746061
0.04698941086052156	6.589204712887893e-6	-0.8019563301513284
0.04742419852602448	6.735270490182803e-6	-0.830709549055988
0.04786300923226385	6.885341965775434e-6	-0.8609105731208704
0.04830588020397728	7.039577642427375e-6	-0.8926570560308705
0.04875284901033865	7.198145639624815e-6	-0.9260550218866895
0.04920395356814511	7.361224516785018e-6	-0.9612197406040758
0.04965923214503363	7.529004186234858e-6	-0.9982767119328644
0.05011872336272725	7.701686927268783e-6	-1.0373627737601405
0.05058246620031143	7.87948851566632e-6	-1.0786273529546857
0.051050499997540646	8.062639483193243e-6	-1.1222338800754614
0.05152286445817567	8.251386525750735e-6	-1.168361392919543
0.05199959965335162	8.445994080856158e-6	-1.2172063582506225
0.052480746024977286	8.646746098764693e-6	-1.268984746263591
0.05296634438916581	8.85394803527754e-6	-1.323934398620917
0.05345643593969719	9.067929099778908e-6	-1.3823177384606369
0.05395106225151279	9.289044796708154e-6	-1.44442487991717
0.05445026528424214	9.517679806313098e-6	-1.5105772058127203
0.05495408738576248	9.754251258354497e-6	-1.5811314957108022
0.0554625712957911	9.999212462088984e-6	-1.6564847030794494
0.05597576014951104	0.000010253057167634772	-1.7370795006595545
0.05649369748123028	0.000010516324448542154	-1.8234107382163012
0.05701642722807478	0.00001078960431179281	-1.9160329879403488
0.05754399373371572	0.000011073544163317123	-2.0155693914352155
0.05807644175213124	0.000011368856282127329	-2.122722070587148
0.05861381645140291	0.000011676326487516614	-2.238284425360552
0.05915616341754743	0.000011996824222679245	-2.3631557182635214
0.05970352865838372	0.000012331314324755756	-2.4983584425731853
0.06025595860743581	0.000012680870809279295	-2.645059095649298
0.060813500127871824	0.00001304669307010718	-2.804593138063827
0.061376200516479455	0.000013430124982416128	-2.978495125043095
0.06194410750767818	0.000013832677507885615	-3.1685352638567728
0.06251726927756862	0.000014256055535462375	-3.3767639998105596
0.06309573444801936	0.000014702189856008076	-3.6055666923049743
0.06367955209079162	0.000015173275374726298	-3.8577310494882657
0.064268771731702	0.000015671816906835454	-4.136530798444764
0.06486344335482389	0.000016200684194641624	-4.445830151369616
0.06546361740672754	0.000016763178117195616	-4.790215089725094
0.06606934480075964	0.000017363110422283448	-5.175159471717889
0.06668067692136226	0.000018004899660806057	-5.607236674883249
0.06729766562843183	0.000018693686234995578	-6.094391195677557
0.0679203632617185	0.00001943546940195135	-6.646289729709076
0.0685488226452662	0.000020237268279147256	-7.274778275675298
0.0691830970918937	0.00002110730659799742	-7.994481430599958
0.06982324040771719	0.000022055215574689574	-8.82359310363081
0.07046930689671474	0.000023092237795992172	-9.784925196335918
0.07112135136533296	0.000024231391614189918	-10.907302706067988
0.07177942912713622	0.0000254875089750107	-12.227418661530727
0.07244359600749906	0.00002687696854540273	-13.792283381893373
0.0731139083483418	0.00002841677095677368	-15.662398993540386
0.07379042301291015	0.000030122274762780257	-17.91570765684523
0.07447319739059896	0.000032002324141787165	-20.652069937580492
0.07516228940182061	0.000034049545521213765	-23.997238452518417
0.07585775750291844	0.000036222384175805175	-28.103434751004265
0.07655966069112569	0.00003841512120135124	-33.139883488899684
0.07726805850957029	0.00004041672540271916	-39.26082419524793
0.07798301105232593	0.00004187771542852677	-46.53486013775723
0.07870457896950993	0.00004234032852467573	-54.83386143642451
0.07943282347242822	0.00004140055372402633	-63.73334775368165
0.08016780633876798	0.000038961582964553436	-72.53767884431495
0.0809095899178383	0.0000353520139373537	-80.48504472927097
0.0816582371358593	0.00003115269536394357	-86.99567208739207
0.0824138115013003	0.000026907665351498003	-91.77153460359601
0.08317637711026717	0.00002296821377613166	-94.73009221882403
0.08394599865193982	0.00001949879904251521	-95.88485932505138
0.08472274141405972	0.000016546227571263792	-95.25775241417425
0.08550667128846841	0.000014102294025618837	-92.84516278091448
0.0862978547766971	0.00001214176465794695	-88.63635893282125
0.08709635899560814	0.000010639352873048523	-82.68378184750988
0.08790225168308852	9.571980712018788e-6	-75.21295698456031
0.08871560120379617	8.91162453272124e-6	-66.71036484214065
0.08953647655495947	8.615963171695636e-6	-57.88109951816123
0.09036494737223023	8.625902700876698e-6	-49.44300418005182
0.09120108393559107	8.873479242432427e-6	-41.900320832345685
0.09204495717531722	9.29396667091285e-6	-35.46445143708907
0.09289663867799372	9.834138969325232e-6	-30.12181093674516
0.09375620069258811	0.000010454448673805605	-25.743735100679228
0.09462371613657934	0.000011127364330560013	-22.1678433863609
0.09549925860214364	0.000011834492397440183	-19.239761657297578
0.0963829023623971	0.00001256389010454329	-16.828351506023143
0.09727472237769656	0.000013307999260909515	-14.827873436539543
0.09817479430199849	0.000014062188667169561	-13.155089021873517
0.09908319448927681	0.000014823766671146297	-11.74508163261947
0.10000000000000005	0.000015591324123457383	-10.547290453995641
0.10092528860766849	0.000016364299929370925	-9.522212352751735
0.10185913880541175	0.000017142693908500524	-8.638811002914766
0.10280162981264741	0.000017926876613905618	-7.872534430871417
0.10375284158180131	0.00001871746304027069	-7.2038150553481985
0.10471285480509002	0.00001951522862278085	-6.616938320554339
0.1056817509213659	0.00002032105340048584	-6.099188076490333
0.10665961212302584	0.000021135885059757142	-5.640198329643068
0.10764652136298355	0.000021960714717074874	-5.231458735525785
0.10864256236170661	0.000022796561348150787	-4.8659349082654355
0.10964781961431856	0.00002364446211514701	-4.537774863581626
0.1106623783977667	0.000024505466735519577	-4.242080445316712
0.11168632477805618	0.000025380634628386407	-3.9747280911034295
0.1127197456175511	0.000026271033975693542	-3.7322273101634478
0.11376272858234315	0.00002717774210450528	-3.5116081829489776
0.11481536214968835	0.000028101846784188688	-3.310331346982095
0.11587773561551268	0.000029044448157955975	-3.126215521854902
0.11694993910198717	0.000030006661116902397	-2.9573788042054914
0.11803206356517304	0.000030989617987324696	-2.802190842085578
0.11912420080273756	0.00003199447144279671	-2.6592336575996596
0.12022644346174137	0.000033022397584943	-2.527269384833426
0.1213388850464978	0.000034074599158514794	-2.405213568726398
0.12246161992650495	0.00003515230887820459	-2.2921129601515213
0.12359474334445113	0.00003625679286122468	-2.18712696532164
0.12473835142429439	0.000037389354161855507	-2.089512080162064
0.1258925411794168	0.000038551336414663966	-1.9986087746028087
0.12705741052085426	0.00003974412759288636	-1.9138303969122403
0.12823305826560225	0.00004096916389765836	-1.8346537509739702
0.1294195841449987	0.00004222793379009818	-1.7606110649191227
0.13061708881318423	0.00004352198218380871	-1.6912831216228412
0.1318256738556408	0.00004485291481802109	-1.6262933632115961
0.13304544179780922	0.0000462224028299792	-1.5653028151594244
0.13427649611378642	0.00004763218755071791	-1.5080057025161586
0.13551894123510363	0.000049084085546912144	-1.4541256526551831
0.13677288255958495	0.000050579993934077144	-1.4034123967001038
0.13803842646028852	0.00005212189598955159	-1.3556388963041535
0.13931568029453034	0.000053711867094036046	-1.3105988343601356
0.14060475241299142	0.00005535208103409912	-1.268104418015765
0.14190575216890927	0.00005704481669812853	-1.227984450464281
0.1432187899273544	0.000058792465203518965	-1.1900826346879687
0.1445439770745928	0.00006059753749556826	-1.1542560779184192
0.1458814260275349	0.00006246267245850609	-1.1203739702310214
0.14723125024327194	0.00006439064558710793	-1.0883164145952182
0.14859356422870074	0.00006638437827132997	-1.0579733889772134
0.1499684835502374	0.00006844694774340016	-1.0292438238486479
0.15135612484362088	0.00007058159775533123	-1.0020347807891492
0.15275660582380732	0.00007279175004486715	-0.9762607198422761
0.154170045294956	0.00007508101666851132	-0.9518428449635093
0.1555965631605075	0.00007745321327727403	-0.9287085183270729
0.15703628043335532	0.00007991237341892634	-0.9067907354765702
0.15848931924611143	0.00008246276397350764	-0.8860276543522181
0.15995580286146696	0.00008510890180916342	-0.8663621721187186
0.1614358556826487	0.00008785557178992573	-0.8477415444930065
0.1629296032639723	0.00009070784625677909	-0.830117042932623
0.16443717232149324	0.00009367110611845916	-0.8134436456209527
0.16595869074375613	0.00009675106371794097	-0.7976797586831534
0.16749428760264382	0.00009995378763468754	-0.7827869644976826
0.1690440931643265	0.0001032857296283375	-0.7687297943449094
0.17060823890031243	0.00010675375392322452	-0.7554755229612978
0.17218685749860077	0.00011036516907572498	-0.7429939828541817
0.17378008287493762	0.0001141277626925551	-0.7312573964841257
0.1753880501841762	0.00011804983927893459	-0.720240224639978
0.1770108958317422	0.00012214026155914537	-0.7099190295285965
0.17864875748520517	0.00012640849562293622	-0.7002723512701786
0.180301774085957	0.00013086466031583737	-0.6912805966434715
0.18197008586099844	0.00013551958132157382	-0.68292593905856
0.18365383433483473	0.00014038485045871874	-0.67519222885583
0.18535316234148125	0.00014547289076401383	-0.6680649131369947
0.18706821403658017	0.0001507970280153073	-0.6615309644299114
0.18879913490962946	0.0001563715694212211	-0.6555788175765154
0.19054607179632482	0.0001622118903122563	-0.650198314311992
0.19230917289101596	0.00016833452975494872	-0.6453806550749617
0.19408858775927793	0.0001747572961630841	-0.6411183576557543
0.19588446735059908	0.00018149938408818325	-0.6374052223494078
0.1976969640111862	0.00018858150356953037	-0.6342363033395341
0.19952623149688808	0.0001960260235807497	-0.6316078860912945
0.20137242498623895	0.00020385713135039283	-0.6295174705847016
0.2032357010936223	0.00021210100958161992	-0.627963760269196
0.20511621788255666	0.00022078603387149756	-0.6269466566678968
0.20701413487910436	0.00022994299299212094	-0.6264672596105041
0.2089296130854041	0.00023960533508621365	-0.626527873120657
0.2108628149933291	0.00024980944328797065	-0.6271320170342237
0.21281390459827135	0.0002605949448041998	-0.6282844444746642
0.21478304741305343	0.0002720050581807337	-0.6299911653683687
0.21677041048196952	0.0002840869841555951	-0.6322594762365117
0.2187761623949553	0.0002968923464387278	-0.6350979965631189
0.22080047330189004	0.0003104776897755026	-0.638516712105694
0.22284351492703042	0.0003249050438972273	-0.6425270255871143
0.22490546058357816	0.00034024256342012554	-0.6471418152878047
0.22698648518838224	0.0003565652555513636	-0.6523755021499653
0.22908676527677735	0.00037395580951333726	-0.6582441261038171
0.23120647901755953	0.0003925055441597865	-0.6647654324435238
0.23334580622810033	0.00041231549332241564	-0.6719589692106727
0.23550492838960102	0.0004334976520370824	-0.6798461966924376
0.23768402866248772	0.00045617641139622165	-0.6884506103165776
0.2398832919019491	0.00048049021507414526	-0.6977978784229034
0.2421029046736179	0.0005065934774193708	-0.7079159966273503
0.24434305526939726	0.0005346588110589763	-0.718835460762873
0.246603933723434	0.0005648796221632069	-0.7305894607039206
0.24888573182823917	0.0005974731440526265	-0.743214097756218
0.25118864315095807	0.0006326839954900839	-0.7567486287407406
0.2535128630497908	0.000670788369454805	-0.771235740429001
0.25585858869056466	0.0007120989830585024	-0.7867218586260173
0.2582260190634597	0.0007569709502032366	-0.8032574969545465
0.26061535499988964	0.0008058087784579736	-0.8208976513207512
0.2630267991895383	0.0008590747424268927	-0.8397022471581526
0.26546055619755404	0.0009172989514539624	-0.859736647916012
0.2679168324819033	0.0009810915146462105	-0.8810722349428536
0.2703958364108845	0.0010511573176057922	-0.9037870709995647
0.2728977782808042	0.0011283140718119761	-0.9279666622358707
0.27542287033381674	0.0012135144928138721	-0.9537048367388785
0.277971326775929	0.0013078737245044237	-0.9811047619031963
0.2805433637951715	0.0014127034805844648	-1.0102801281891631
0.28313919957993805	0.0015295548574917807	-1.041356533695989
0.2857590543374948	0.0016602724407019916	-1.0744731129599763
0.2884031503126607	0.0018070632596311079	-1.1097844652767934
0.29107171180666064	0.0019725854662477576	-1.1474629537940302
0.2937649651961532	0.002160063506618891	-1.1877014683412228
0.2964831389524344	0.0023734393102009966	-1.2307167750225592
0.29922646366081906	0.0026175730979830342	-1.2767536179515437
0.30199517204020176	0.0028985135434848393	-1.326089799380277
0.30478949896279844	0.0032238664302057293	-1.3790425539130007
0.307609681474071	0.003603305691172367	-1.4359766671082776
0.3104559588128357	0.004049294365246244	-1.497314996946621
0.3133285724315587	0.004578121949384517	-1.5635523883212543
0.3162277660168381	0.005211430673757388	-1.6352745170814773
0.31915378551007634	0.005978519052497067	-1.713184134535298
0.3221068791283436	0.0069199220511510515	-1.79813884971004
0.32508729738543457	0.00809316883643878	-1.8912077042335633
0.3280952931131192	0.009582423785718488	-1.993759956083713
0.3311311214825913	0.011515429650347993	-2.10761246970385
0.33419504002611444	0.014095095623344833	-2.2352916170259287
0.3372873086588691	0.017662905355590452	-2.3805391488932184
0.34040818970100106	0.02283892759743582	-2.549397345859355
0.34355794789987465	0.03087326419099939	-2.7528789260778614
0.34673685045253166	0.044705842088714885	-3.0149191538501605
0.3499451670283573	0.07323956552139929	-3.4042323119458415
0.353183169791957	0.16178233863773883	-4.260698703034239
0.35645113342624424	5.68309521474712	-135.80799931769266
0.3597493351557423	0.1882475584493116	177.8625914026807
0.36307805477010135	0.10565767452898162	176.95806855635567
0.36643757464783333	0.07906243681568527	176.42426678133805
0.3698281797802663	0.06696461842982616	175.94119130910815
0.3732501577957206	0.06100978672532007	175.43081863654933
0.37670379898390893	0.05850317595298752	174.85054279192389
0.38018939632056126	0.05843415590224408	174.15975362237936
0.38370724549227886	0.06051208647516991	173.30568327769936
0.3872576449216173	0.06491178545240389	172.2078990452671
0.3908408957924021	0.07230886397473964	170.72797916706267
0.39445730207527846	0.08419702067995938	168.54775685268817
0.3981071705534973	0.10333088323254601	165.4956177525696
0.40179081084894	0.13800209201767927	159.98325641725785
0.40550853544838394	0.2080461915784727	148.46645319547824
0.40926065973001097	0.35233779555711614	117.28448931055557
0.41304750199016144	0.3409086776809469	59.13602978347865
0.4168693834703355	0.2054125882860746	31.02878047571224
0.4207266283844442	0.14023874409691667	19.327549559852105
0.424619563946313	0.10672563687359557	13.756692055247637
0.4285485203974396	0.08800848645653	10.527360834377966
0.43251383103500884	0.07686823186745087	8.375210275734002
0.4365158322401661	0.0702782550036573	6.793378963294458
0.44055486350655343	0.06689699562475837	5.5300349472761905
0.4446312674691088	0.06623563627139695	4.433590980841551
0.4487453899331323	0.06843848186987382	3.386655552970953
0.4528975799036209	0.07446304896602061	2.2585259161357247
0.4570881896148752	0.08699263068540367	0.8270444014555907
0.46131757456037953	0.11414039836077941	-1.4790340825862818
0.4655860935229591	0.19217842421018777	-7.140075487317003
0.4698941086052156	0.7787923484570467	-58.943626135810014
0.4742419852602448	0.19945944775728683	-160.07908381675645
0.47863009232263853	0.08877733745154635	-169.59685961355112
0.48305880203977286	0.05367590144738371	-172.14642761710087
0.4875284901033865	0.03706292319079954	-173.45507247976883
0.4920395356814511	0.02753672655909305	-174.279332285595
0.49659232145033627	0.02145182575389205	-174.86021382025896
0.5011872336272725	0.01728494712793061	-175.2998346825297
0.5058246620031143	0.014289267396144988	-175.64943077861224
0.5105049999754064	0.01205701746746855	-175.93796574880133
0.5152286445817567	0.010347565817100227	-176.18345658811157
0.5199959965335162	0.009010333261361133	-176.39814335384423
0.5248074602497729	0.007946692507494439	-176.59115326666725
0.5296634438916581	0.007089667260965311	-176.7700611504471
0.5345643593969719	0.006392451180906015	-176.9419650061729
0.5395106225151278	0.005821594864967621	-177.11439806717632
0.5445026528424215	0.005352801495521908	-177.29628722777585
0.5495408738576248	0.004968247633694502	-177.49913807968295
0.5546257129579107	0.004654827478262208	-177.7386334765985
0.5597576014951101	0.004402964903467813	-178.03683307097953
0.5649369748123025	0.00420576025401142	-178.42506290902688
0.5701642722807475	0.004058289327079241	-178.94715066777061
0.5754399373371569	0.0039568847270035875	-179.66137302371746
0.580764417521312	0.0038982791452015237	179.36342391710588
0.5861381645140288	0.0038787909429322818	178.06622036282718
0.591561634175474	0.0038946498063477425	176.43425743774213
0.5970352865838369	0.003945850950219622	174.549099380889
0.6025595860743578	0.004045160334652946	172.5735965501558
0.6081350012787179	0.004229694344130176	170.61842298459146
0.6137620051647943	0.004574846458753811	168.53418326337837
0.6194410750767815	0.005234128679693233	165.65121654957827
0.6251726927756859	0.006597368739487421	159.8641700542457
0.6309573444801934	0.009731515220304144	141.4555849143467
0.6367955209079159	0.008957987043590016	93.75467426363036
0.6426877173170198	0.008187847574029457	74.28951812204316
0.6486344335482385	0.003128254632138829	26.628225800331624
0.654636174067275	0.003463988170009214	-167.81767685237338
0.6606934480075961	0.009731121563798297	12.136656264237825
0.6668067692136223	0.0036766314259824846	7.9296645671078565
0.6729766562843178	0.0023305349493596573	6.095740854155689
0.6792036326171846	0.0016799282362234369	4.898906830728801
0.6854882264526617	0.0012862154349414015	4.041734708372061
0.6918309709189366	0.0010210664040354418	3.4198609233698454
0.6982324040771715	0.000831092581651922	2.983132273047704
0.7046930689671471	0.0006893868373214629	2.6965183099291767
0.7112135136533292	0.0005806140762538838	2.529362595023478
0.7177942912713619	0.0004952712100889433	2.4543068627806006
0.7244359600749902	0.0004271175991832036	2.44829077173154
0.7311390834834176	0.00037188259759932487	2.493033115004727
0.7379042301291011	0.000326552131754901	2.5747006658250777
0.7447319739059892	0.0002889460277643708	2.6831391166889125
0.7516228940182057	0.00025745437311269125	2.8110194504594044
0.758577575029184	0.0002308667976228037	2.953085381996812
0.7655966069112565	0.0002082587179676156	3.105560556692865
0.7726805850957026	0.00018891375140016057	3.265710126573406
0.7798301105232589	0.00017226972346789216	3.4315284830184076
0.7870457896950989	0.0001578804121365592	3.60152208424696
0.7943282347242817	0.00014538799274496023	3.774560957551917
0.8016780633876793	0.00013450288811706133	3.949778778862644
0.8090958991783825	0.00012498882566892587	4.126507705883405
0.8165823713585927	0.00011665159687880267	4.3042475042392025
0.8241381150130026	0.00010933110706209275	4.482324634979354
0.8317637711026713	0.0001028925125799304	4.66109401414061
0.8394599865193977	0.00009722514528368564	4.8398706996911915
0.8472274141405968	0.00009223503079040479	5.0186938648264
0.8550667128846836	0.00008784326285946415	5.197588044582
0.8629785477669706	0.00008398328705984733	5.37667535755137
0.870963589956081	0.0000805989130991685	5.556184994091721
0.8790225168308847	0.00007764272998553536	5.736461054674596
0.8871560120379608	0.00007507483820810597	5.917971488297581
0.8953647655495938	0.0000728618376930166	6.101318629371146
0.9036494737223014	0.00007097602599532454	6.287251741882324
0.9120108393559097	0.00006939477309517279	6.476682133338358
0.9204495717531712	0.00006810004868505177	6.670701620712816
0.9289663867799363	0.00006707808584393288	6.870605403663284
0.9375620069258802	0.00006631917217904701	7.077920745048729
0.946237161365793	0.00006581756650653334	7.294443308509614
0.9549925860214359	0.00006557154659892456	7.522283607010673
0.9638290236239705	0.00006558360224238834	7.763926847387413
0.9727472237769651	0.00006586079887719169	8.022310621963513
0.9817479430199844	0.00006641535198992559	8.300926562133833
0.9908319448927676	0.0000672654735479625	8.603954480620036
1.	0.00006843658292317752	8.936441079957367
1.0092528860766845	0.00006996302222670195	9.304540617004049
1.0185913880541169	0.00007189049054260716	9.715842996225103
1.0280162981264735	0.00007427953220504201	10.179827287385217
1.0375284158180127	0.00007721061573664444	10.708498442778588
1.0471285480508996	0.00008079168821900333	11.31729687642645
1.0568175092136585	0.00008516971500195086	12.026423087348983
1.066596121230258	0.00009054888714120456	12.86280791477347
1.076465213629835	0.00009722049116150445	13.863110958025963
1.0864256236170655	0.00010561426981499399	15.078395343365285
1.096478196143185	0.00011639192869614725	16.581594637214156
1.1066237839776665	0.00013062976276685323	18.479694131398244
1.1168632477805611	0.0001502080431723222	20.93380080728485
1.1271974561755105	0.00017873927728210241	24.19138994808683
1.1376272858234309	0.00022412754577429549	28.630720034532146
1.1481536214968828	0.0003071539749740465	34.77495931452084
1.1587773561551262	0.0004995984637758652	42.96392931128205
1.1694993910198712	0.0011902015649007123	50.75223054765693
1.1803206356517297	0.007602586105841151	34.16531511524028
1.191242008027375	0.005936105261508383	154.82252566903844
1.2022644346174132	0.0011640241246127854	148.86623570291923
1.2133888504649775	0.0005479249752938213	153.13921339324122
1.224616199265049	0.0003469874093295687	157.42694549359575
1.2359474334445106	0.0002531162297063576	160.8106112174444
1.2473835142429432	0.00020012037407792052	163.39829944388296
1.2589254117941675	0.0001666197375747204	165.38653250249794
1.270574105208542	0.00014386744404688116	166.93165618143055
1.2823305826560218	0.00012768705545849953	168.14445699162593
1.2941958414499863	0.00011586032240098635	169.10150276949767
1.3061708881318417	0.00010711994168470094	169.85538045188363
1.3182567385564075	0.0001007099667198464	170.44175381265134
1.3304544179780915	0.00009617699588520341	170.88378331584528
1.3427649611378643	0.00009326729963341132	171.19457649313537
1.3551894123510364	0.00009187991791213102	171.37802520298473
1.3677288255958495	0.00009205695370124168	171.4279714930584
1.3803842646028852	0.00009401001926609156	171.32502856803205
1.3931568029453034	0.00009820053051500134	171.029147817594
1.4060475241299142	0.00010552888304675818	170.4629125456284
1.4190575216890926	0.00011779239612015844	169.4712332212978
1.432187899273544	0.0001389377681079429	167.70957914735996
1.4454397707459279	0.00017925341630310008	164.25732062439673
1.4588142602753489	0.0002744982089487233	155.6878077531441
1.4723125024327193	0.000573138888294344	119.3172248739359
1.4859356422870074	0.0004044181530866855	36.289147384961645
1.499684835502374	0.00017777036686532645	14.603612094843962
1.5135612484362087	0.00010487846917809778	8.398124275752169
1.5275660582380732	0.00007098834867777274	5.5760029961250455
1.54170045294956	0.00005178460658069304	3.9946879867280223
1.555965631605075	0.00003959126100854753	2.999831508722526
1.5703628043335531	0.00003126057990141616	2.3262612474760997
1.584893192461114	0.000025271286689569432	1.8465555985848652
1.5995580286146696	0.00002080093227290599	1.4920666681996928
1.6143585568264869	0.000017367197796099844	1.222641183609782
1.629296032639723	0.00001466923557098333	1.0132912417051965
1.6443717232149324	0.000012510093818982812	0.8476960917609417
1.6595869074375613	0.000010755721491576898	0.7147747260280294
1.6749428760264382	9.311916181372067e-6	0.6067612435304571
1.690440931643265	8.110686341472898e-6	0.5180674209855998
1.7060823890031243	7.10183430871831e-6	0.44458133507906444
1.7218685749860079	6.247572111527895e-6	0.3832190683308754
1.7378008287493762	5.518969944313318e-6	0.33162924332061106
1.753880501841762	4.89355036305708e-6	0.28799304342363385
1.770108958317422	4.353620232345088e-6	0.25088568583431453
1.7864875748520517	3.88509021221299e-6	0.21917848363072362
1.803017740859568	3.4766239168787033e-6	0.19196833902992355
1.8197008586099825	3.1190146039102397e-6	0.16852615788227598
1.8365383433483455	2.8047218059740144e-6	0.14825855636074517
1.8535316234148105	2.527522269271048e-6	0.13067906046867067
1.8706821403657996	2.2822438173517075e-6	0.1153861867551853
1.8879913490962925	2.0645602005066868e-6	0.10204657913092599
1.9054607179632463	1.8708313582127924e-6	0.09038190695029796
1.9230917289101574	1.697977887484673e-6	0.0801585929797825
1.9408858775927773	1.5433815483864415e-6	0.07117969277208891
1.958844673505989	1.404805782392987e-6	0.06327842540007482
1.97696964011186	1.2803317523021149e-6	0.05631298302120975
1.9952623149688788	1.1683065214744498e-6	0.05016233895917112
2.0137242498623875	1.0673008014143825e-6	0.04472284141391728
2.032357010936221	9.760742962561836e-7	0.039905429717244256
2.0511621788255647	8.93547120076827e-7	0.03563334719421641
2.0701413487910414	8.187760997741043e-7	0.031840252639471094
2.0892961308540388	7.509350319790085e-7	0.028468653623636226
2.108628149933289	6.892981581798276e-7	0.025468601062288817
2.1281390459827114	6.33226273127593e-7	0.02279659697334531
2.147830474130533	5.821549987509421e-7	0.020414677040676003
2.167704104819694	5.355848473776251e-7	0.018289637169562504
2.1877616239495516	4.930727700795936e-7	0.016392379165614937
2.208004733018899	4.542249429397377e-7	0.014697355367812985
2.228435149270303	4.18690589376327e-7	0.013182095800643216
2.2490546058357803	3.8615667292642604e-7	0.01182680439349826
2.2698648518838214	3.5634332404562047e-7	0.01061401321062251
2.2908676527677723	3.2899988804033556e-7	0.009528285566997552
2.312064790175594	3.039015003644509e-7	0.008555960471185923
2.333458062281002	2.808461110999346e-7	0.007684932110322171
2.355049283896009	2.596518931989536e-7	0.006904459133644455
2.376840286624876	2.401549795528876e-7	0.006204999345127988
2.39883291901949	2.2220748260654436e-7	0.0055780661191726566
2.4210290467361775	2.056757574018322e-7	0.005016103434558481
2.4434305526939712	1.9043887489136755e-7	0.00451237690389693
2.4660393372343385	1.763872773290162e-7	0.004060878576845443
2.48885731828239	1.6342159169925372e-7	0.0036562436300057143
2.5118864315095797	1.5145158063530805e-7	0.0032936773366308582
2.535128630497907	1.4039521321127316e-7	0.0029688909444600454
2.5585858869056453	1.3017784047204208e-7	0.0026780452880260704
2.582260190634596	1.207314626633184e-7	0.002417701128949625
2.6061535499988953	1.1199407690513973e-7	0.0021847753591872367
2.6302679918953813	1.0390909556829374e-7	0.0019765023222464736
2.654605561975539	9.642482690687537e-8	0.0017903996094333263
2.6791683248190314	8.949401060639911e-8	0.0016242377752287345
2.703958364108843	8.307340185559099e-8	0.0014760134902081722
2.7289777828080406	7.712339836501961e-8	0.001343925713560623
2.7542287033381663	7.160770545765881e-8	0.001226354521862124
2.7797132677592886	6.649303496224222e-8	0.0011218422776857282
2.805433637951713	6.174883416406533e-8	0.0010290768620452348
2.831391995799379	5.734704152185357e-8	0.0009468767295623505
2.8575905433749464	5.326186625323848e-8	0.0008741775753732511
2.8840315031266055	4.94695892343571e-8	0.0008100204289220772
2.910717118066605	4.594838295749088e-8	0.0007535410124110564
2.9376496519615305	4.26781485515835e-8	0.000703960221362659
2.9648313895243423	3.964036809832877e-8	0.00066057560186922
2.992264636608189	3.681797067620599e-8	0.0006227537140124717
3.019951720402016	3.419521074002985e-8	0.0005899232839664865
3.047894989627983	3.175755759748526e-8	0.0005615690586719966
3.076096814740708	2.9491594879540232e-8	0.0005372262869224797
3.1045595881283554	2.7384929021041384e-8	0.0005164757594409904
3.1332857243155856	2.5426105873101712e-8	0.0004989393481620135
3.162277660168379	2.3604534662067225e-8	0.000484275991675444
3.1915378551007616	2.1910418592206043e-8	0.00047217807968962953
3.2210687912834346	2.0334691462365147e-8	0.0004623681945706537
3.250872973854344	1.8868959731585783e-8	0.0004545961726092294
3.2809529311311905	1.7505449526329688e-8	0.00044863645168622036
3.311311214825911	1.6236958133152472e-8	0.00044428567558896497
3.3419504002611427	1.5056809566320652e-8	0.0004413605283530493
3.372873086588689	1.3958813840559004e-8	0.00043969577478645275
3.404081897010009	1.2937229615431331e-8	0.00043914248575861996
3.4355794789987466	1.1986729910368651e-8	0.0004395664290043039
3.4673685045253166	1.1102370618365398e-8	0.0004408466080488823
3.499451670283573	1.0279561572431428e-8	0.0004428739335389668
3.53183169791957	9.51403994220166e-9	0.0004455500126726574
3.5645113342624426	8.801845759054152e-9	0.00044878604366488677
3.5974933515574232	8.139299386916844e-9	0.0004525018032418521
3.630780547701014	7.522980772851677e-9	0.0004566247160058945
3.664375746478333	6.9497103267556215e-9	0.00046108899523218753
3.6982817978026628	6.4165312932406795e-9	0.00046583484516068144
3.732501577957206	5.920693491129491e-9	0.00047080771518633686
3.767037989839089	5.459638307192059e-9	0.00047595759648605347
3.801893963205613	5.030984840833283e-9	0.00048123835151964015
3.8370724549227884	4.632517105577805e-9	0.00048660706649009214
3.8725764492161727	4.262172201458303e-9	0.0004920234161572458
3.908408957924021	3.918029379896053e-9	0.0004974490293207847
3.944573020752785	3.5982999294456064e-9	0.0005028468416901738
3.981071705534973	3.301317816930212e-9	0.0005081804205873304
4.0179081084894	3.025531024075755e-9	0.0005134132427645735
4.055085354483839	2.769493524830928e-9	0.0005185079022485773
4.09260659730011	2.531857853171783e-9	0.0005234252190748021
4.130475019901614	2.3113682153877492e-9	0.0005281232114104557
4.168693834703355	2.1068541046677323e-9	0.0005325558819059026
4.207266283844442	1.917224379287376e-9	0.0005366717527184069
4.24619563946313	1.741461768873504e-9	0.0005404120603686437
4.285485203974396	1.5786177761164438e-9	0.000543708488076352
4.325138310350088	1.4278079439469396e-9	0.0005464802643301178
4.365158322401661	1.2882074606083987e-9	0.0005486303839295992
4.405548635065534	1.159047077262747e-9	0.0005500405982931439
4.446312674691089	1.039609314787481e-9	0.0005505646533363009
4.487453899331323	9.292249382697639e-10	0.0005500189881208283
4.528975799036209	8.27269679393814e-10	0.0005481696800524046
4.570881896148752	7.331611884696338e-10	0.0005447137142534845
4.613175745603791	6.463561992707366e-10	0.0005392514449192998
4.655860935229586	5.663478911529164e-10	0.0005312449764260175
4.698941086052151	4.926634341214214e-10	0.0005199532528434225
4.742419852602444	4.2486170361264737e-10	0.000504327052728449
4.7863009232263805	3.625311527650152e-10	0.00048283164610043343
4.830588020397723	3.0528783088137344e-10	0.00045313139779535347
4.875284901033861	2.5277353763773724e-10	0.00041149220558723816
4.920395356814506	2.04654103377857e-10	0.0003515556130219584
4.965923214503357	1.606177865552892e-10	0.0002615499810371394
5.01187233627272	1.2037378004970668e-10	0.0001169865875643324
5.058246620031137	8.365081869700452e-11	-0.00014283911044573274
5.105049999754059	5.0195880938171105e-11	-0.0007209908746446372
5.152286445817562	1.977297802110866e-11	-0.002971094136747706
5.1999599653351565	7.837975580181072e-12	-179.98982945901798
5.248074602497723	3.284221493052577e-11	-179.9969797649956
5.296634438916575	5.543110893251443e-11	-179.9978845771011
5.345643593969713	7.578307658214871e-11	-179.99823169383993
5.395106225151273	9.406444352777948e-11	-179.99841052160696
5.445026528424209	1.1043024116415825e-10	-179.99851622936396
5.495408738576242	1.2502495268469504e-10	-179.99858349283326
5.5462571295791046	1.3798320965622997e-10	-179.99862796192113
5.597576014951099	1.49430442474346e-10	-179.99865772995454
5.649369748123022	1.594834878220744e-10	-179.99867739860372
5.701642722807472	1.682511560356571e-10	-179.9986897734829
5.754399373371567	1.7583476107786148e-10	-179.99869665892984
5.807644175213118	1.823286156310805e-10	-179.998699264874
5.861381645140285	1.878204936478452e-10	-179.99869843004834
5.9156163417547365	1.9239206253442949e-10	-179.99869475148165
5.9703528658383656	1.9611928699311375e-10	-179.99868866316427
6.025595860743575	1.9907280640921002e-10	-179.99868048572114
6.081350012787176	2.0131828753960585e-10	-179.99867045882425
6.137620051647939	2.0291675413946393e-10	-179.99865876294805
6.194410750767812	2.0392489505210059e-10	-179.9986455343309
6.251726927756856	2.0439535218339374e-10	-179.99863087548445
6.30957344480193	2.0437698968579938e-10	-179.99861486271146
6.367955209079155	2.0391514558735775e-10	-179.99859755156936
6.426877173170194	2.030518670179355e-10	-179.9985789808937
6.486344335482381	2.0182613010740433e-10	-179.99855917579382
6.546361740672747	2.0027404555838874e-10	-179.99853814990203
6.6069344800759575	1.9842905082923382e-10	-179.99851590707226
6.668067692136219	1.9632208980032215e-10	-179.9984924426653
6.729766562843175	1.9398178073882186e-10	-179.9984677445201
6.792036326171843	1.914345733228025e-10	-179.99844179368125
6.854882264526613	1.887048954352159e-10	-179.9984145649363
6.918309709189362	1.8581529039132565e-10	-179.99838602719927
6.9823240407717115	1.8278654521931625e-10	-179.99835614377042
7.046930689671467	1.7963781057307564e-10	-179.99832487249208
7.112135136533288	1.7638671281806148e-10	-179.99829216581657
7.177942912713615	1.730494587956948e-10	-179.9982579707978
7.244359600749899	1.696409337386318e-10	-179.9982222290139
7.311390834834173	1.6617479277839255e-10	-179.9981848764273
7.379042301291007	1.6266354645800233e-10	-179.99814584318563
7.447319739059888	1.5911864063544354e-10	-179.99810505336498
7.516228940182053	1.5555053113855254e-10	-179.9980624246569
7.585775750291836	1.5196875350863074e-10	-179.9980178679971
7.655966069112561	1.48381988148068e-10	-179.99797128713524
7.726805850957022	1.4479812116688816e-10	-179.99792257814198
7.798301105232586	1.4122430120396904e-10	-179.99787162884908
7.870457896950985	1.376669924808479e-10	-179.9978183182182
7.943282347242813	1.3413202432932843e-10	-179.99776251563088
8.01678063387679	1.306246374184559e-10	-179.99770408009297
8.090958991783822	1.2714952689186747e-10	-179.997642859344
8.165823713585922	1.2371088261280705e-10	-179.99757868886118
8.241381150130021	1.2031242670131768e-10	-179.9975113907456
8.317637711026709	1.169574485361486e-10	-179.99744077247647
8.394599865193973	1.136488373826598e-10	-179.99736662551695
8.472274141405963	1.10389112797492e-10	-179.9972887237523
8.550667128846833	1.0718045295089541e-10	-179.9972068217383
8.629785477669701	1.0402472099832608e-10	-179.99712065273397
8.709635899560805	1.0092348962420748e-10	-179.9970299264891
8.790225168308842	9.787806387255203e-11	-179.99693432675133
8.871560120379607	9.48895023714186e-11	-179.99683350845237
8.953647655495937	9.195863705087225e-11	-179.996727094526
9.036494737223014	8.908609144723233e-11	-179.9966146723018
9.120108393559097	8.62722976798474e-11	-179.99649578940935
9.204495717531712	8.351751218042045e-11	-179.9963699491159
9.289663867799362	8.082183024897151e-11	-179.9962366050059
9.375620069258803	7.818519950483123e-11	-179.99609515489462
9.462371613657929	7.560743229557714e-11	-179.99594493384652
9.549925860214358	7.308821712149148e-11	-179.99578520614517
9.638290236239705	7.062712912792043e-11	-179.99561515603003
9.727472237769652	6.822363971276147e-11	-179.9954338769782
9.817479430199844	6.587712529117976e-11	-179.99524035926385
9.908319448927676	6.358687525447036e-11	-179.99503347546946
10.	6.135209915466718e-11	-179.99481196355418
10.092528860766844	5.9171933140981e-11	-179.9945744069937
10.18591388054117	5.7045445668303335e-11	-179.99431921139674
10.280162981264736	5.4971642491737913e-11	-179.9940445768614
10.375284158180126	5.2949470954247077e-11	-179.99374846515673
10.471285480508996	5.0977823566851324e-11	-179.99342856058612
10.568175092136585	4.90555408721559e-11	-179.99308222309645
10.665961212302578	4.718141357201583e-11	-179.99270643181546
10.76465213629835	4.535418388850243e-11	-179.99229771670474
10.864256236170656	4.357254611355281e-11	-179.99185207536325
10.964781961431852	4.183514628613698e-11	-179.9913648711528
11.066237839776663	4.014058091569398e-11	-179.99083070766105
11.168632477805613	3.8487394645943624e-11	-179.99024327296104
11.271974561755105	3.687407672261732e-11	-179.9895951450036
11.37627285823431	3.52990560903988e-11	-179.9888775465587
11.481536214968829	3.376069489603995e-11	-179.98808003405688
11.587773561551263	3.225728011301452e-11	-179.98719009895365
11.694993910198711	3.078701292386399e-11	-179.9861926520662
11.803206356517286	2.934799539361544e-11	-179.98506934949728
11.912420080273739	2.7938213833123086e-11	-179.98379770136742
12.022644346174118	2.655551807341877e-11	-179.9823498785793
12.133888504649763	2.5197595635001345e-11	-179.9806910932644
12.246161992650476	2.3861939456392483e-11	-179.97877736710166
12.359474334445094	2.254580741092617e-11	-179.97655240409816
12.47383514242942	2.1246171240950892e-11	-179.9739431255623
12.589254117941662	1.9959651702192336e-11	-179.97085315917687
12.705741052085406	1.8682435529308613e-11	-179.9671531152099
12.823305826560205	1.7410168140519444e-11	-179.96266566226092
12.941958414499851	1.613781353608535e-11	-179.95714188654304
13.061708881318404	1.485946920250712e-11	-179.9502224350453
13.182567385564061	1.3568118348368006e-11	-179.94137078752874
13.304544179780901	1.2255293371225135e-11	-179.92975243825123
13.427649611378628	1.091061122672433e-11	-179.91400138320225
13.551894123510351	9.521120099626569e-12	-179.8917298571586
13.67728825595848	8.070361651175746e-12	-179.85838078850557
13.803842646028839	6.536993414436664e-12	-179.80410635341465
13.931568029453022	4.8927114426033365e-12	-179.70314325728108
14.060475241299129	3.0990287064422587e-12	-179.46069350122582
14.190575216890911	1.1022731695999145e-12	-178.22464631813267
14.321878992735424	1.177679046031281e-12	-1.9866780044286678
14.454397707459265	3.855559365805335e-12	-0.7445286817785396
14.588142602753473	7.120473006357319e-12	-0.5114446309688215
14.723125024327178	1.1288294288490917e-11	-0.42767319069066284
14.859356422870059	1.693906922085962e-11	-0.40148035395597037
14.996848355023726	2.5265785255510876e-11	-0.41465140200755746
15.135612484362072	3.917618567964584e-11	-0.4762463430612103
15.275660582380716	6.81054868700134e-11	-0.6434855213427841
15.417004529495584	1.6977136821408705e-10	-1.2925614700000088
15.559656316050734	6.522936327527914e-10	-175.88134620326815
15.703628043335515	1.2515172112042424e-10	-179.33083587372155
15.848931924611126	7.263476347886136e-11	-179.66474167314576
15.995580286146678	5.249522196317147e-11	-179.78758740138656
16.143585568264854	4.17208143064837e-11	-179.85006338853853
16.292960326397214	3.493623295255764e-11	-179.88722837620713
16.443717232149307	3.0223269490376824e-11	-179.91151398916773
16.595869074375596	2.672635363570512e-11	-179.9284171057357
16.749428760264365	2.4006099546316263e-11	-179.94073029278294
16.90440931643263	2.181358812625848e-11	-179.95001553813
17.060823890031227	1.9997179146888822e-11	-179.9572107352224
17.21868574986006	1.8459161426898916e-11	-179.96291064478885
17.378008287493746	1.7133689596138204e-11	-179.96750916978047
17.5388050184176	1.5974735194774542e-11	-179.9712765924506
17.701089583174202	1.494912200243486e-11	-179.9744039193255
17.864875748520497	1.4032307072420412e-11	-179.9770295430864
18.03017740859568	1.3205722432686353e-11	-179.97925590489191
18.197008586099827	1.2455042993565247e-11	-179.98116025618023
18.365383433483455	1.1769024797863036e-11	-179.98280180975138
18.535316234148105	1.1138705880766979e-11	-179.9842266107365
18.706821403657997	1.0556844200894907e-11	-179.98547092758426
18.879913490962927	1.0017514434993636e-11	-179.98656365884514
19.054607179632463	9.515813587884509e-12	-179.98752807119473
19.230917289101576	9.047642613397256e-12	-179.98838307418868
19.408858775927772	8.60954207803469e-12	-179.98914416847376
19.58844673505989	8.198566867988158e-12	-179.9898241601783
19.769696401118598	7.81218951682341e-12	-179.99043370546025
19.952623149688787	7.448224794545437e-12	-179.99098173005837
20.137242498623873	7.104770285110919e-12	-179.99147575573807
20.32357010936221	6.780159123168638e-12	-179.99192215661245
20.511621788255646	6.472922074540029e-12	-179.9923263621032
20.701413487910415	6.181756866433802e-12	-179.9926930189085
20.892961308540386	5.9055031933287965e-12	-179.99302612119862
21.086281499332888	5.643122203529852e-12	-179.99332911598052
21.28139045982711	5.393679550769015e-12	-179.99360498890528
21.47830474130533	5.156331303199414e-12	-179.99385633455827
21.67704104819694	4.9303121584233606e-12	-179.99408541435338
21.87761623949552	4.714925531694762e-12	-179.99429420445793
22.080047330188993	4.50953517502877e-12	-179.99448443565203
22.28435149270303	4.313558054754704e-12	-179.9946576266218
22.490546058357804	4.126458269229509e-12	-179.99481511187696
22.698648518838212	3.947741830780137e-12	-179.9949580652432
22.908676527677724	3.776952169265191e-12	-179.99508751969108
23.12064790175594	3.6136662410289053e-12	-179.99520438411648
23.33458062281002	3.4574911480329515e-12	-179.99530945756916
23.55049283896009	3.308061188781903e-12	-179.99540344133507
23.76840286624876	3.165035276210703e-12	-179.9954869492016
23.9883291901949	3.0280946686719715e-12	-179.99556051617526
24.210290467361776	2.896940969082769e-12	-179.99562460587364
24.434305526939713	2.771294354580867e-12	-179.99567961677187
24.660393372343385	2.650892005024374e-12	-179.99572588745247
24.888573182823905	2.535486703600904e-12	-179.99576370097887
25.118864315095795	2.424845586894747e-12	-179.99579328849168
25.351286304979073	2.3187490251524943e-12	-179.9958148321055
25.58585886905645	2.2169896163165463e-12	-179.99582846716862
25.82260190634596	2.119371279763742e-12	-179.99583428393305
26.06153549998895	2.025708437675535e-12	-179.99583232866846
26.302679918953814	1.93582527364203e-12	-179.9958226042427
26.54605561975539	1.8495550595195346e-12	-179.995805070179
26.791683248190314	1.7667395427629558e-12	-179.99577964218918
27.039583641088434	1.6872283874767686e-12	-179.9957461911718
27.289777828080403	1.6108786633002037e-12	-179.9957045416507
27.542287033381662	1.5375543769883347e-12	-179.99565446961827
27.797132677592884	1.4671260421905294e-12	-179.99559569973323
28.05433637951713	1.399470283477803e-12	-179.99552790180633
28.31391995799379	1.3344694711449302e-12	-179.99545068649016
28.575905433749465	1.2720113837228845e-12	-179.99536360006613
28.84031503126606	1.2119888954919904e-12	-179.9952661181968
29.10717118066605	1.15429968659424e-12	-179.9951576384794
29.376496519615305	1.0988459736109192e-12	-179.99503747159872
29.648313895243422	1.0455342587051536e-12	-179.99490483082815
29.92264636608189	9.942750956326478e-13	-179.99475881957036
30.19951720402016	9.44982871101964e-13	-179.99459841655195
30.4789498962798	8.975756001216713e-13	-179.99442245819313
30.76096814740705	8.519747341083737e-13	-179.99422961755175
31.045595881283525	8.081049806496896e-13	-179.99401837908493
31.332857243155825	7.658941339214492e-13	-179.99378700827054
31.62277660168376	7.252729148511449e-13	-179.99353351486582
31.91537855100758	6.861748202008124e-13	-179.9932556082324
32.21068791283432	6.485359798139618e-13	-179.99295064269518
32.50872973854341	6.122950213336576e-13	-179.99261555027888
32.80952931131187	5.773929417535183e-13	-179.99224675732367
33.11311214825908	5.437729852109741e-13	-179.99184008032344
33.41950400261139	5.11380526473274e-13	-179.99139059472483
33.72873086588685	4.801629596020454e-13	-179.99089246816874
34.040818970100055	4.500695913121272e-13	-179.9903387464421
34.35579478998743	4.210515385652207e-13	-179.9897210757654
34.67368504525313	3.930616299590031e-13	-179.98902933822023
34.994516702835696	3.6605431048776775e-13	-179.98825116693524
35.318316979195664	3.3998554926160933e-13	-179.9873712921333
35.64511334262439	3.148127497775755e-13	-179.98637064501972
35.9749335155742	2.9049466233803337e-13	-179.98522510809636
36.3078054770101	2.6699129820856524e-13	-179.98390373778807
36.64375746478329	2.442638450996917e-13	-179.98236617987004
36.98281797802659	2.2227458354335695e-13	-179.9805588151389
37.32501577957203	2.0098680371575386e-13	-179.97840884284668
37.670379898390856	1.8036472223230224e-13	-179.97581488884845
38.01893963205609	1.6037339840761337e-13	-179.97263149883892
38.370724549227845	1.4097864943266343e-13	-179.9686423069071
38.72576449216169	1.2214696387305318e-13	-179.9635108940614
39.08408957924017	1.0384541283838635e-13	-179.95668421387757
39.44573020752781	8.604155812319911e-14	-179.94718493262656
39.81071705534969	6.870335661493419e-14	-179.9331082568012
40.17908108489396	5.179906049092281e-14	-179.91018009023816
40.55085354483835	3.529711431279152e-14	-179.86641181447482
40.92606597300105	1.9166064443665253e-14	-179.75038736596753
41.304750199016105	3.3751130123674185e-15	-178.5600847717584
41.68693834703351	1.21105204960209e-14	-0.4080417568669555
42.07266283844438	2.731909557637486e-14	-0.18416170747969576
42.46195639463126	4.228481568982822e-14	-0.121287068229915
42.85485203974392	5.704079892247869e-14	-0.09176915101496765
43.251383103500835	7.16211095482366e-14	-0.07469533996072077
43.65158322401656	8.606091339669891e-14	-0.06361661370785215
44.0554863506553	1.0039672356126797e-13	-0.05588709660012261
44.46312674691084	1.1466668776113794e-13	-0.05022110350952692
44.87453899331318	1.2891091958745906e-13	-0.04591893018371438
45.28975799036204	1.43171881431138e-13	-0.042567446887015824
45.708818961487474	1.5749482955434579e-13	-0.03990728959730664
46.13175745603791	1.719283344715622e-13	-0.037767685011890845
46.55860935229586	1.8652489310900712e-13	-0.03603187712732506
46.98941086052151	2.0134165341862842e-13	-0.034617616970341554
47.42419852602443	2.1644127756202712e-13	-0.03346558605345255
47.8630092322638	2.318929768792222e-13	-0.03253223842238499
48.30588020397723	2.4777376120490235e-13	-0.03178522256794276
48.7528490103386	2.6416995751254535e-13	-0.03120037276528843
49.20395356814506	2.8117906951793884e-13	-0.03075969119597783
49.65923214503358	2.989120724249206e-13	-0.030449978056097695
50.118723362727195	3.1749626786576425e-13	-0.030261901225072906
50.58246620031137	3.3707886683114936e-13	-0.03018937681394925
51.0504999975406	3.5783152830014663e-13	-0.030229181384346524
51.52286445817562	3.799561663934342e-13	-0.030380749101596764
51.99959965335157	4.03692461534397e-13	-0.030646130272855225
52.48074602497723	4.293276906597852e-13	-0.03103010658613097
52.966344389165755	4.572097589185776e-13	-0.03154047480182902
53.45643593969714	4.877647209573514e-13	-0.03218853404115851
53.95106225151273	5.215207081869095e-13	-0.03298983374721886
54.450265284242086	5.59141173851517e-13	-0.03396528163087252
54.95408738576243	6.014719852277143e-13	-0.035142769399931356
55.462571295791044	6.496095960538944e-13	-0.03655957340389204
55.97576014951099	7.050021982396189e-13	-0.03826595667470946
56.49369748123023	7.69604101003007e-13	-0.04033070088591695
57.01642722807472	8.461191588045355e-13	-0.04284985934832383
57.543993733715666	9.38399550765091e-13	-0.04596112268945274
58.07644175213118	1.0521293481650974e-12	-0.04986846779763944
58.61381645140285	1.1960622090668611e-12	-0.05488681021428387
59.15616341754737	1.3844191320540827e-12	-0.06152852868931053
59.70352865838366	1.641949622200051e-12	-0.07068612061077743
60.255958607435744	2.0158920336811395e-12	-0.0840638658294378
60.81350012787176	2.609030827756879e-12	-0.10537092652684792
61.37620051647939	3.695343709301948e-12	-0.14449530711594127
61.94410750767812	6.330728606080594e-12	-0.23954650804692165
62.51726927756855	2.2088268814093862e-11	-0.8082446389918414
63.0957344480193	1.4813863236582033e-11	-179.4763061039801
63.67955209079155	5.543975508743971e-12	-179.81086735348995
64.26877173170195	3.4088023783374318e-12	-179.88793184598336
64.86344335482381	2.460404699211159e-12	-179.92217967444196
65.46361740672747	1.9246234488282683e-12	-179.94155217717275
66.06934480075958	1.580419072333954e-12	-179.9540273891396
66.68067692136219	1.340746970538095e-12	-179.96274726432537
67.29766562843174	1.1643858343555746e-12	-179.9691999940075
67.92036326171844	1.0292918728079898e-12	-179.97418171735816
68.54882264526613	9.226092999280575e-13	-179.97815707290604
69.18309709189363	8.363361100758122e-13	-179.98141564044846
69.82324040771712	7.652320320051037e-13	-179.98414746023008
70.46930689671467	7.05722866494145e-13	-179.9864825931841
71.12135136533288	6.55288316268894e-13	-179.98851323405685
71.77942912713615	6.121014846193263e-13	-179.99030674503408
72.44359600749898	5.748071172682505e-13	-179.99191368636198
73.11390834834172	5.423800922363443e-13	-179.99337295616374
73.79042301291008	5.140322575646225e-13	-179.99471519204582
74.47319739059888	4.891494434187593e-13	-179.99596509201393
75.16228940182053	4.672478997587832e-13	-179.9971430447086
75.85775750291836	4.4794359340576257e-13	-179.99826630862455
76.55966069112561	4.3093024074755e-13	-179.99934989265202
77.26805850957021	4.1596342558112087e-13	179.9995927617702
77.98301105232578	4.0284906779111643e-13	179.99854922812455
78.70457896950977	3.914350961796627e-13	179.99750762220157
79.43282347242805	3.816055690474957e-13	179.99645617075973
80.16780633876782	3.7327675751319693e-13	179.99538278828663
80.90958991783813	3.6639490846567756e-13	179.99427462971323
81.65823713585914	3.6093557042488245e-13	179.99311758370857
82.41381150130013	3.569045234675054e-13	179.9918956630372
83.176377110267	3.5434053047057653e-13	179.9905902336559
83.94599865193965	3.5332035457218944e-13	179.9891789993785
84.72274141405954	3.5396681680516296e-13	179.98763461793635
85.50667128846823	3.5646118188496906e-13	179.9859227559641
86.29785477669692	3.6106200949829164e-13	179.98399927417844
87.09635899560797	3.6813407846990387e-13	179.98180603007208
87.90225168308834	3.781936502187338e-13	179.9792644143644
88.71560120379598	3.919813772161214e-13	179.97626503241983
89.53647655495928	4.105842259504042e-13	179.97265053239897
90.36494737223005	4.356491460057376e-13	179.96818558888765
91.20108393559087	4.697799928371574e-13	179.9625012157473
92.04495717531702	5.173310044717118e-13	179.95498351411229
92.89663867799354	5.861506365405283e-13	179.94452924287756
93.75620069258792	6.91933965278557e-13	179.92893582558392
94.6237161365792	8.712466419482e-13	179.90307611209363
95.4992586021435	1.2333945515276158e-12	179.85162920094058
96.38290236239695	2.319917000673368e-12	179.69869953443057
97.2747223776964	1.727965394680642e-10	155.02131315786977
98.17479430199833	2.1266462462208156e-12	0.3206189611566323
99.08319448927665	1.0008199709675837e-12	0.162269580570082
99.9999999999999	6.306247292285872e-13	0.10984232226364458