0.01000000000000001	0.38924610568822804	-0.006458645690733999
0.010092528860766855	0.3892517636209189	-0.0064587401031456
0.01018591388054118	0.38925752691256743	-0.006458836282323732
0.010280162981264745	0.3892633975289545	-0.006458934261560133
0.010375284158180138	0.38926937747037904	-0.006459034074790747
0.010471285480509006	0.38927546877780106	-0.006459135756626542
0.010568175092136596	0.3892816735287448	-0.006459239342249795
0.01066596121230259	0.3892879938386537	-0.006459344867650123
0.010764652136298361	0.3892944318654724	-0.0064594523694002
0.010864256236170667	0.38930098980393774	-0.006459561884818699
0.010964781961431863	0.3893076698911369	-0.006459673451925168
0.011066237839776675	0.3893144744088883	-0.006459787109489368
0.011168632477805623	0.3893214056776162	-0.006459902897008236
0.011271974561755117	0.3893284660639612	-0.006460020854758856
0.011376272858234322	0.38933565797823183	-0.00646014102377245
0.01148153621496884	0.3893429838749326	-0.006460263445881954
0.011587773561551273	0.3893504462552199	-0.006460388163733327
0.011694993910198724	0.38935804766675197	-0.00646051522076051
0.01180320635651731	0.3893657907078334	-0.006460644661291307
0.011912420080273762	0.38937367802089384	-0.006460776530487655
0.012022644346174144	0.38938171230090485	-0.006460910874365378
0.012133888504649786	0.3893898962915719	-0.006461047739810101
0.012246161992650502	0.38939823279060937	-0.006461187174739425
0.01235947433444512	0.38940672464558695	-0.006461329227829147
0.012473835142429446	0.38941537476056376	-0.006461473948845588
0.012589254117941687	0.389424186090424	-0.006461621388433073
0.012705741052085433	0.38943316164747926	-0.006461771598264826
0.012823305826560232	0.38944230450197526	-0.006461924630999035
0.01294195841449987	0.3894516177769169	-0.006462080540299227
0.013061708881318424	0.3894611046611571	-0.006462239380964938
0.013182567385564082	0.38947076839821365	-0.006462401208793753
0.01330454417978092	0.3894806122929146	-0.006462566080641086
0.013427649611378649	0.3894906397153873	-0.0064627340545734165
0.01355189412351037	0.3895008540953186	-0.006462905189728078
0.013677288255958502	0.3895112589290563	-0.006463079546411979
0.013803842646028859	0.3895218577792631	-0.006463257186160152
0.013931568029453043	0.38953265427348605	-0.006463438171643545
0.01406047524129915	0.38954365210803826	-0.006463622566825455
0.014190575216890933	0.38955485505123266	-0.006463810436906623
0.014321878992735446	0.3895662669398438	-0.006464001848426165
0.014454397707459286	0.38957789168365103	-0.006464196869183128
0.014588142602753497	0.3895897332656579	-0.006464395568294456
0.014723125024327202	0.38960179574318216	-0.006464598016353804
0.014859356422870082	0.3896140832526007	-0.006464804285237145
0.014996848355023748	0.38962660000622	-0.006465014448349304
0.015135612484362095	0.38963935029469454	-0.006465228580497203
0.015275660582380739	0.3896523384954504	-0.006465446758048359
0.015417004529495607	0.38966556905970245	-0.0064656690588025196
0.015559656316050758	0.38967904652820406	-0.006465895562205888
0.01570362804333554	0.38969277552684517	-0.006466126349232092
0.015848931924611148	0.3897067607681307	-0.0064663615025363705
0.015995580286146702	0.38972100705308	-0.0064666011064256354
0.016143585568264878	0.38973551927537337	-0.006466845246892007
0.016292960326397238	0.38975030241812825	-0.006467094011694128
0.01644371723214933	0.38976536156064523	-0.00646734749031943
0.016595869074375623	0.389780701879715	-0.006467605774149798
0.01674942876026439	0.3897963286456375	-0.006467868956361569
0.016904409316432657	0.38981224723143626	-0.006468137132071072
0.017060823890031253	0.38982846311292507	-0.006468410398310779
0.017218685749860088	0.38984498186649647	-0.006468688854135253
0.017378008287493772	0.3898618091761072	-0.0064689726006223955
0.01753880501841763	0.3898789508312852	-0.006469261740901857
0.01770108958317423	0.3898964127358157	-0.006469556380268594
0.017864875748520526	0.3899142008993326	-0.006469856626203433
0.018030177408595707	0.3899323214517454	-0.0064701625884000386
0.018197008586099853	0.3899507806324534	-0.0064704743788199705
0.018365383433483484	0.3899695848053621	-0.006470792111816351
0.018535316234148135	0.3899887404514355	-0.006471115904093836
0.018706821403658026	0.3900082541762175	-0.006471445874801394
0.018879913490962956	0.3900281327096608	-0.00647178214561451
0.019054607179632494	0.39004838291010896	-0.006472124840814777
0.019230917289101597	0.3900690117685828	-0.006472474087269561
0.019408858775927792	0.39009002640542345	-0.006472830014576439
0.01958844673505991	0.390111434077399	-0.006473192755068956
0.01976969640111862	0.3901332421803932	-0.006473562443929614
0.01995262314968881	0.39015545825217396	-0.0064739392192896955
0.020137242498623895	0.39017808996967474	-0.006474323222213192
0.02032357010936223	0.39020114516260895	-0.006474714596824608
0.020511621788255666	0.3902246318047718	-0.0064751134904318785
0.020701413487910436	0.39024855802359326	-0.0064755200534965226
0.02089296130854041	0.39027293210321296	-0.006475934439856337
0.02108628149933291	0.3902977624825781	-0.006476356806665049
0.021281390459827135	0.3903230577665654	-0.0064767873146058036
0.021478304741305354	0.39034882672066284	-0.0064772261279398835
0.02167704104819696	0.3903750782784333	-0.006477673414555592
0.02187761623949554	0.39040182154489156	-0.006478129346156276
0.022080047330189013	0.3904290658023218	-0.006478594098328503
0.022284351492703053	0.3904568205070628	-0.006479067850630074
0.022490546058357826	0.39048509529573416	-0.006479550786675207
0.022698648518838235	0.39051389999367964	-0.006480043094365935
0.022908676527677748	0.39054324461338347	-0.006480544965911896
0.023120647901755963	0.3905731393576672	-0.0064810565979868465
0.023334580622810044	0.3906035946278668	-0.006481578191834341
0.023550492838960112	0.39063462102353375	-0.006482109953467025
0.023768402866248782	0.39066622934842693	-0.006482652093750175
0.02398832919019492	0.39069843061566556	-0.006483204828603879
0.0242102904673618	0.3907312360483569	-0.006483768379082951
0.02443430552693974	0.3907646570854164	-0.00648434297159118
0.024660393372343412	0.3907987053899798	-0.006484928838081597
0.02488857318282393	0.3908333928467661	-0.00648552621615325
0.025118864315095822	0.39086873157175744	-0.0064861353493043455
0.025351286304979098	0.3909047339132052	-0.006486756487034688
0.02558585886905648	0.3909414124602051	-0.006487389885192727
0.025822601906345985	0.3909787800443797	-0.006488035806037008
0.026061535499988978	0.39101684974524586	-0.006488694518563442
0.026302679918953843	0.3910556348971143	-0.00648936629868112
0.026546055619755416	0.391095149092672	-0.006490051429484274
0.026791683248190343	0.3911354061867835	-0.006490750201454126
0.027039583641088463	0.3911764203038256	-0.0064914629128131
0.027289777828080432	0.3912182058453347	-0.006492189869759231
0.02754228703338169	0.3912607774902548	-0.006492931386809675
0.02779713267759291	0.39130415020473364	-0.006493687786968201
0.02805433637951716	0.3913483392433273	-0.006494459402227819
0.028313919957993816	0.39139336016371207	-0.006495246573885455
0.028575905433749497	0.39143922882185467	-0.006496049652838522
0.028840315031266085	0.39148596138687003	-0.0064968689999856
0.02910717118066608	0.3915335743439893	-0.006497704986738928
0.029376496519615335	0.3915820844972832	-0.006498557995324977
0.029648313895243455	0.39163150898523075	-0.006499428419335915
0.02992264636608192	0.3916818652782268	-0.006500316664180079
0.030199517204020192	0.3917331711915379	-0.006501223147577532
0.03047894989627986	0.39178544489103784	-0.006502148300256867
0.03076096814740711	0.3918387048976161	-0.0065030925662719705
0.031045595881283587	0.39189297009819807	-0.0065040564038821224
0.03133285724315589	0.39194825975245995	-0.006505040286050396
0.031622776601683826	0.39200459349884165	-0.0065060447012878385
0.03191537855100765	0.39206199136288555	-0.006507070154226397
0.03221068791283438	0.3921204737689843	-0.006508117166582886
0.03250872973854347	0.3921800615432639	-0.006509186277980489
0.03280952931131194	0.39224077592524736	-0.006510278046755003
0.03311311214825915	0.3923026385738451	-0.006511393051097023
0.03341950400261146	0.3923656715829677	-0.0065125318900457665
0.03372873086588692	0.3924298974801503	-0.006513695184560483
0.034040818970100126	0.3924953392464256	-0.0065148835787962765
0.0343557947899875	0.3925620203165446	-0.006516097741379217
0.0346736850452532	0.3926299645951003	-0.0065173383668581135
0.034994516702835765	0.392699196465491	-0.006518606177148382
0.035318316979195734	0.3927697407965123	-0.006519901923180419
0.03564511334262446	0.3928416229561268	-0.00652122638668425
0.03597493351557427	0.3929148688233878	-0.006522580382079277
0.03630780547701017	0.3929895047925974	-0.006523964758494581
0.03664375746478335	0.39306555779556746	-0.006525380402035203
0.03698281797802665	0.39314305529883836	-0.006526828238123826
0.037325015779572084	0.39322202532967365	-0.0065283092342314115
0.037670379898390914	0.39330249648008847	-0.006529824402615199
0.038018939632056145	0.3933844979176305	-0.006531374803434417
0.0383707245492279	0.39346805940437096	-0.006532961548111595
0.038725764492161745	0.3935532113052377	-0.006534585803058336
0.03908408957924023	0.39363998460183613	-0.006536248793562767
0.03944573020752787	0.39372841090932603	-0.006537951808304213
0.039810717055349755	0.39381852248435956	-0.00653969620401724
0.04017908108489402	0.39391035224490856	-0.006541483410803893
0.040550853544838415	0.3940039337827444	-0.006543314937893911
0.040926065973001115	0.39409930137665106	-0.006545192379907701
0.041304750199016166	0.39419649001169793	-0.0065471174239008405
0.04168693834703357	0.39429553538775536	-0.006549091856872544
0.04207266283844444	0.3943964739499502	-0.006551117574471554
0.04246195639463132	0.3944993428883791	-0.006553196590070408
0.042854852039743985	0.39460418016412446	-0.006555331045194682
0.04325138310350091	0.3947110245278377	-0.006557523221062498
0.04365158322401663	0.3948199155314979	-0.006559775551012949
0.044055486350655364	0.3949308935556919	-0.006562090635010842
0.04446312674691091	0.39504399981848776	-0.006564471254952645
0.04487453899331325	0.39515927640280557	-0.006566920392474866
0.04528975799036211	0.3952767662697275	-0.006569441248304378
0.04570881896148754	0.39539651328701064	-0.006572037264323285
0.04613175745603798	0.3955185622428644	-0.006574712147947152
0.04655860935229591	0.39564295887172785	-0.006577469899747946
0.04698941086052156	0.3957697498717429	-0.006580314844375482
0.04742419852602448	0.39589898293458453	-0.006583251665509436
0.04786300923226385	0.39603070676444735	-0.006586285445273489
0.04830588020397728	0.39616497110382354	-0.0065894217088427335
0.04875284901033865	0.3963018267551833	-0.00659266647499636
0.04920395356814511	0.39644132561030127	-0.0065960263136215815
0.04965923214503363	0.3965835206791621	-0.006599508411346888
0.05011872336272725	0.396728466105927	-0.006603120645943
0.05058246620031143	0.3968762172109361	-0.006606871672138201
0.051050499997540646	0.3970268305111632	-0.006610771019630405
0.05152286445817567	0.3971803637514986	-0.006614829205913252
0.05199959965335162	0.3973368759352195	-0.006619057866275125
0.052480746024977286	0.3974964273594253	-0.0066234699043558245
0.05296634438916581	0.39765907964166836	-0.006628079666374394
0.05345643593969719	0.3978248957604887	-0.006632903144055397
0.05395106225151279	0.3979939400856747	-0.006637958210992329
0.05445026528424214	0.39816627841614094	-0.0066432648994558235
0.05495408738576248	0.398341978017423	-0.00664884572531229
0.0554625712957911	0.3985211076640108	-0.0066547260706407855
0.05597576014951104	0.39870373767446204	-0.006660934636202482
0.05649369748123028	0.398889939957979	-0.006667503978133209
0.05701642722807478	0.3990797880571287	-0.006674471147387142
0.05754399373371572	0.3992733571935257	-0.006681878454396582
0.05807644175213124	0.39947072431853575	-0.006689774387407575
0.05861381645140291	0.3996719681591146	-0.006698214720170433
0.05915616341754743	0.39987716927301126	-0.006707263854505222
0.05970352865838372	0.4000864101083944	-0.00671699645484291
0.06025595860743581	0.40029977505355957	-0.006727499448517099
0.060813500127871824	0.40051735050958615	-0.006738874486834794
0.061376200516479455	0.4007392249485871	-0.006751240989039526
0.06194410750767818	0.40096548898401324	-0.006764739929619931
0.06251726927756862	0.4011962354534482	-0.006779538578383584
0.06309573444801936	0.401431559485136	-0.006795836470433267
0.06367955209079162	0.40167155859611103	-0.006813872974753789
0.064268771731702	0.4019163327767324	-0.006833936954676255
0.06486344335482389	0.40216598458567465	-0.006856379186168817
0.06546361740672754	0.40242061926563594	-0.006881628438357
0.06606934480075964	0.4026803448364952	-0.006910212452974263
0.06668067692136226	0.40294527222457294	-0.006942785525345691
0.06729766562843183	0.4032155153593451	-0.006980165042478531
0.0679203632617185	0.4034911912905609	-0.007023380252182394
0.0685488226452662	0.40377242025813903	-0.007073737819861546
0.0691830970918937	0.4040593257154598	-0.007132910502314604
0.06982324040771719	0.4043520342597167	-0.007203057654140932
0.07046930689671474	0.4046506753522572	-0.007286989321633506
0.07112135136533296	0.4049553806971994	-0.007388389103768941
0.07177942912713622	0.4052662829763371	-0.00751211356669911
0.07244359600749906	0.40558351345171245	-0.007664584151995304
0.0731139083483418	0.4059071975544439	-0.007854271490414467
0.07379042301291015	0.4062374470152969	-0.00809221775590558
0.07447319739059896	0.4065743461764891	-0.008392394709904752
0.07516228940182061	0.40691792941916494	-0.008771338514870622
0.07585775750291844	0.4072681472160998	-0.009245748265091705
0.07655966069112569	0.40762482534841393	-0.009825468174067455
0.07726805850957029	0.4079876450338058	-0.010498267183033566
0.07798301105232593	0.408356219582681	-0.011205942426523393
0.07870457896950993	0.4087303728997435	-0.011826251293474055
0.07943282347242822	0.40911057671704626	-0.012198036168499002
0.08016780633876798	0.4094981204617438	-0.01220953610853845
0.0809095899178383	0.4098945861920119	-0.011880165328840382
0.0816582371358593	0.4103010491058806	-0.01133903617684012
0.0824138115013003	0.4107178155198898	-0.0107313339866726
0.08317637711026717	0.411144722731779	-0.010154597785808978
0.08394599865193982	0.4115815060489599	-0.009652584796476443
0.08472274141405972	0.41202798467671276	-0.009234527837227995
0.08550667128846841	0.4124841012212497	-0.008893577737954588
0.0862978547766971	0.4129499018265155	-0.008617676449700969
0.08709635899560814	0.41342550581538134	-0.00839455443591048
0.08790225168308852	0.4139110810947592	-0.008213545648659733
0.08871560120379617	0.4144068275305187	-0.008065971651624685
0.08953647655495947	0.4149129665990983	-0.007944980304234949
0.09036494737223023	0.41542973517727555	-0.00784522950232895
0.09120108393559107	0.41595738195699716	-0.007762568781947395
0.09204495717531722	0.4164961654032104	-0.007693768233780684
0.09289663867799372	0.41704635267190315	-0.007636303035405812
0.09375620069258811	0.41760821907347645	-0.007588187567313831
0.09462371613657934	0.41818204788548713	-0.00754784954712524
0.09549925860214364	0.4187681303659859	-0.00751403503609178
0.0963829023623971	0.4193667658928945	-0.007485736754248539
0.09727472237769656	0.41997826217905726	-0.0074621398257228785
0.09817479430199849	0.42060293555013195	-0.007442580520742773
0.09908319448927681	0.42124111124758945	-0.007426514698207443
0.10000000000000005	0.42189312375774396	-0.007413493513568326
0.10092528860766849	0.4225593171777501	-0.007403144594435119
0.10185913880541175	0.4232400455715679	-0.00739515735430467
0.10280162981264741	0.4239356733721932	-0.007389271457832207
0.10375284158180131	0.4246465757784704	-0.007385267701582241
0.10471285480509002	0.4253731391764628	-0.007382960758109555
0.1056817509213659	0.42611576158159253	-0.0073821933669856775
0.10665961212302584	0.4268748530907681	-0.00738283165640456
0.10764652136298355	0.4276508363578684	-0.007384761353940686
0.10864256236170661	0.42844414709323697	-0.007387884700569384
0.10964781961431856	0.42925523457500453	-0.0073921179245045685
0.1106623783977667	0.4300845621924	-0.007397389163183816
0.11168632477805618	0.4309326080051671	-0.007403636745658823
0.1127197456175511	0.43179986533997333	-0.0074108077670411695
0.11376272858234315	0.43268684340122293	-0.007418856900110342
0.11481536214968835	0.4335940679190374	-0.007427745401029664
0.11587773561551268	0.4345220818279606	-0.007437440274540055
0.11694993910198717	0.4354714459719632	-0.007447913570577861
0.11803206356517304	0.4364427398551115	-0.0074591417902119045
0.11912420080273756	0.4374365624187467	-0.0074711053823367695
0.12022644346174137	0.4384535328573877	-0.007483788316412629
0.1213388850464978	0.4394942914924881	-0.007497177719378172
0.12246161992650495	0.4405595006640416	-0.007511263566256418
0.12359474334445113	0.4416498456941252	-0.007526038416763881
0.12473835142429439	0.44276603588259744	-0.007541497190888368
0.1258925411794168	0.44390880556943557	-0.007557636977842197
0.12705741052085426	0.4450789152342244	-0.007574456873612786
0.12823305826560225	0.4462771526761075	-0.007591957843684119
0.1294195841449987	0.44750433424854247	-0.0076101426070245655
0.13061708881318423	0.44876130615665333	-0.007629015539131902
0.1318256738556408	0.45004894583415767	-0.007648582591502681
0.13304544179780922	0.45136816339175523	-0.007668851225998663
0.13427649611378642	0.4527199031515067	-0.007689830362179957
0.13551894123510363	0.454105145269481	-0.007711530336491575
0.13677288255958495	0.45552490744460783	-0.007733962872027655
0.13803842646028852	0.4569802467320103	-0.00775714105809922
0.13931568029453034	0.4584722614610746	-0.0077810793388325165
0.14060475241299142	0.4600020932726871	-0.0078057935101378245
0.14190575216890927	0.46157092927059234	-0.007831300724652147
0.1432187899273544	0.46318000430307077	-0.007857619504005585
0.1445439770745928	0.46483060339556037	-0.007884769758754179
0.1458814260275349	0.46652406431598187	-0.007912772815010075
0.14723125024327194	0.4682617803095225	-0.007941651448217284
0.14859356422870074	0.4700452030150518	-0.007971429924003397
0.1499684835502374	0.4718758455446223	-0.00800213404580545
0.15135612484362088	0.47375528578691734	-0.008033791209814409
0.15275660582380732	0.47568516990196275	-0.008066430467075981
0.154170045294956	0.4776672160640229	-0.008100082593250669
0.1555965631605075	0.479703218450105	-0.008134780166286737
0.15703628043335532	0.48179505147413393	-0.008170557652046091
0.15848931924611143	0.4839446743627454	-0.008207451499253816
0.15995580286146696	0.4861541359811338	-0.008245500243031409
0.1614358556826487	0.48842558003809755	-0.008284744618783101
0.1629296032639723	0.49076125065381315	-0.008325227686565545
0.16443717232149324	0.49316349830395023	-0.008366994966695228
0.16595869074375613	0.49563478622080104	-0.008410094587927566
0.16749428760264382	0.4981776972288953	-0.008454577448587153
0.1690440931643265	0.5007949411247908	-0.00850049739259891
0.17060823890031243	0.5034893625807557	-0.008547911400878613
0.17218685749860077	0.5062639496517725	-0.008596879800051985
0.17378008287493762	0.5091218429589485	-0.008647466490114882
0.1753880501841762	0.5120663455515582	-0.008699739192331092
0.1770108958317422	0.5151009335781666	-0.008753769720035526
0.17864875748520517	0.5182292677889079	-0.008809634274162403
0.180301774085957	0.5214552059918834	-0.008867413766234657
0.18197008586099844	0.5247828165062105	-0.008927194171586548
0.18365383433483473	0.5282163927544531	-0.008989066915959224
0.18535316234148125	0.5317604690763545	-0.00905312929920931
0.18706821403658017	0.5354198379060793	-0.009119484960181947
0.18879913490962946	0.5391995684284379	-0.00918824438710414
0.19054607179632482	0.5431050268973745	-0.009259525478975598
0.19230917289101596	0.5471418987486711	-0.009333454163460998
0.19408858775927793	0.5513162127489138	-0.009410165078420971
0.19588446735059908	0.5556343673429508	-0.009489802323849088
0.1976969640111862	0.5601031594960881	-0.009572520293641735
0.19952623149688808	0.5647298162566703	-0.009658484596152636
0.20137242498623895	0.5695220293821001	-0.009747873075241215
0.2032357010936223	0.5744879933775019	-0.009840876944337723
0.20511621788255666	0.5796364473140375	-0.00993770204791135
0.20701413487910436	0.5849767209008708	-0.01003857026720185
0.2089296130854041	0.5905187853303723	-0.010143721089842968
0.2108628149933291	0.5962733094764865	-0.01025341336520676
0.21281390459827135	0.6022517220706097	-0.010367927270798473
0.21478304741305343	0.6084662807047159	-0.010487566520492375
0.21677041048196952	0.6149301484605423	-0.010612660848270648
0.2187761623949553	0.6216574792182276	-0.010743568807961972
0.22080047330189004	0.6286635128023398	-0.010880680936066024
0.22284351492703042	0.6359646813175982	-0.01102442333290431
0.22490546058357816	0.6435787282118366	-0.0111752617256683
0.22698648518838224	0.6515248419446635	-0.011333706090874243
0.22908676527677735	0.6598238063233146	-0.011500315924583083
0.23120647901755953	0.668498170019436	-0.01167570626720987
0.23334580622810033	0.6775724382126185	-0.011860554609768339
0.23550492838960102	0.6870732897198657	-0.012055608830815447
0.23768402866248772	0.6970298237791897	-0.012261696345729428
0.2398832919019491	0.7074738411742326	-0.012479734682917422
0.2421029046736179	0.7184401655669259	-0.012710743749431814
0.24434305526939726	0.7299670117937566	-0.012955860099792308
0.246603933723434	0.7420964093791915	-0.013216353591653882
0.24888573182823917	0.7548746911834272	-0.013493646895956782
0.25118864315095807	0.7683530592042978	-0.013789338434493844
0.2535128630497908	0.7825882420143406	-0.014105229448596289
0.25585858869056466	0.7976432618325744	-0.014443356074273038
0.2582260190634597	0.8135883329872973	-0.014806027506116096
0.26061535499988964	0.8305019189078533	-0.015195871608794858
0.2630267991895383	0.8484719812752834	-0.015615889682019376
0.26546055619755404	0.8675974633220249	-0.016069522536692776
0.2679168324819033	0.8879900601948659	-0.01656073063170358
0.2703958364108845	0.9097763433990461	-0.0170940917929457
0.2728977782808042	0.9331003247107315	-0.017674921059236605
0.27542287033381674	0.9581265695761002	-0.018309418570169038
0.277971326775929	0.9850440024033138	-0.01900485324306068
0.2805433637951715	1.0140705901578424	-0.019769792490227027
0.28313919957993805	1.0454591502782986	-0.0206143916487078
0.2857590543374948	1.0795046109009878	-0.021550761547542353
0.2884031503126607	1.1165531658387848	-0.022593439305458134
0.29107171180666064	1.157013927342368	-0.023759996913265073
0.2937649651961532	1.2013739099832839	-0.02507183578337809
0.2964831389524344	1.2502175122438937	-0.026555235346763177
0.29922646366081906	1.304252154469163	-0.02824275330363323
0.30199517204020176	1.364342469302671	-0.030175119705902042
0.30478949896279844	1.4315565699223194	-0.03240383563409472
0.307609681474071	1.5072296859001881	-0.03499479499117092
0.3104559588128357	1.5930532814004998	-0.038033421253639364
0.3133285724315587	1.691202414207762	-0.04163209712231359
0.3162277660168381	1.8045219564688266	-0.04594115127567653
0.31915378551007634	1.93680606966788	-0.051165520820766044
0.3221068791283436	2.093230383380784	-0.05759076700412367
0.32508729738543457	2.2810439842184973	-0.06562509353530144
0.3280952931131192	2.510723742864186	-0.0758699783274216
0.3311311214825913	2.797996551897214	-0.08924473325949375
0.33419504002611444	3.167599916791688	-0.10721942375130226
0.3372873086588691	3.6608159000583456	-0.13228357960644382
0.34040818970100106	4.352082787710247	-0.16898317550981468
0.34355794789987465	5.39065199643765	-0.22652734969802943
0.34673685045253166	7.126128685626083	-0.3266565340128809
0.3499451670283573	10.614496187312723	-0.5353857057699207
0.353183169791957	21.222501657724496	-1.1892363022947605
0.35645113342624424	671.4151856235732	-132.50765467029902
0.3597493351557423	19.91798795056096	-178.57649736549862
0.36307805477010135	9.949100625560403	-179.18172110094025
0.36643757464783333	6.578027932385914	-179.36814604242883
0.3698281797802663	4.882231651511758	-179.44310119754374
0.3732501577957206	3.860382147287946	-179.46699844951715
0.37670379898390893	3.1762345329626407	-179.45720090093047
0.38018939632056126	2.6849388636911997	-179.41679018726717
0.38370724549227886	2.3136411736678157	-179.34015600219448
0.3872576449216173	2.0214315776104796	-179.21141758297657
0.3908408957924021	1.783150371495331	-178.99553729075868
0.39445730207527846	1.5818316710055689	-178.60598489108588
0.3981071705534973	1.404998104454881	-177.8967690488517
0.40179081084894	1.2398065347180263	-176.20987498532546
0.40550853544838394	1.0850983440438802	-171.24757299902865
0.40926065973001097	1.1042836589682734	-157.82699988638248
0.41304750199016144	1.3939199210058428	-165.80038697472406
0.4168693834703355	1.2524512378232777	-175.02964968771894
0.4207266283844442	1.1161589318157183	-177.86361859498496
0.424619563946313	1.0148464618527053	-178.8819907544202
0.4285485203974396	0.935594847468305	-179.33662521446675
0.43251383103500884	0.869954874190378	-179.5760661093096
0.4365158322401661	0.813579178398303	-179.71752618121005
0.44055486350655343	0.7639829251133207	-179.80887786987003
0.4446312674691088	0.7195693739355795	-179.87251339908008
0.4487453899331323	0.6791780021282028	-179.9198909494309
0.4528975799036209	0.64181013236955	-179.95665797470645
0.4570881896148752	0.6063170987416232	-179.98232476479154
0.46131757456037953	0.5705693867977709	-179.97365227638733
0.4655860935229591	0.5268567308314331	-179.67644899910553
0.4698941086052156	0.46569652096489433	-163.77578940116652
0.4742419852602448	0.5539259601570878	-178.08449061511897
0.47863009232263853	0.5120868379085535	-179.36521890163863
0.48305880203977286	0.48452532912345303	-179.61905448195748
0.4875284901033865	0.4618667703986034	-179.72284784221915
0.4920395356814511	0.4418024754784149	-179.77802080644358
0.49659232145033627	0.4235100048630853	-179.8116172760224
0.5011872336272725	0.40659165351000637	-179.83370493234403
0.5058246620031143	0.3908133088859838	-179.84882334959775
0.5105049999754064	0.37601744642670076	-179.8592844583291
0.5152286445817567	0.36208791498500803	-179.86635729149515
0.5199959965335162	0.34893351709206316	-179.87076028596465
0.5248074602497729	0.33647945528028894	-179.87288663904
0.5296634438916581	0.32466245196080723	-179.8729123215325
0.5345643593969719	0.31342774463495715	-179.87084559494343
0.5395106225151278	0.30272711518738565	-179.86654266995035
0.5445026528424215	0.29251753404422765	-179.85969964541792
0.5495408738576248	0.28276020522642015	-179.8498242113616
0.5546257129579107	0.27341991193582466	-179.83618817487414
0.5597576014951101	0.2644646384171789	-179.8177642214395
0.5649369748123025	0.2558655033875768	-179.79316253076837
0.5701642722807475	0.2475970682470389	-179.7606173764463
0.5754399373371569	0.23963797862246394	-179.71815143369747
0.580764417521312	0.23197136021603093	-179.66417133645308
0.5861381645140288	0.22458290060188868	-179.5987906364032
0.591561634175474	0.2174523468417798	-179.52560569977803
0.5970352865838369	0.21053538596185398	-179.45178582186216
0.6025595860743578	0.20374432235163648	-179.3828477988084
0.6081350012787179	0.19694518037152298	-179.3122356884182
0.6137620051647943	0.18996245658793642	-179.2099995987113
0.6194410750767815	0.18254292305147274	-178.99817435751618
0.6251726927756859	0.17426379566910694	-178.4173651498519
0.6309573444801934	0.16600205648780095	-176.18322617884084
0.6367955209079159	0.17061429591438623	-175.3752344503645
0.6426877173170198	0.16331675535753035	-176.63318843255917
0.6486344335482385	0.14462584377386825	-179.6093369938861
0.654636174067275	0.07482120037280914	-179.1693797223302
0.6606934480075961	0.28448258635720897	-178.38262076817415
0.6668067692136223	0.1970657583179252	-179.67182694529868
0.6729766562843178	0.17742390481517978	-179.85505794892492
0.6792036326171846	0.16681551791331742	-179.92063634716155
0.6854882264526617	0.1592773571740193	-179.95151435123702
0.6918309709189366	0.1532039215595365	-179.96799235955226
0.6982324040771715	0.14797558984638906	-179.9773975407971
0.7046930689671471	0.1432996054308727	-179.98300814525288
0.7112135136533292	0.1390179403409645	-179.98648528472512
0.7177942912713619	0.13503673214437353	-179.98872827325152
0.7244359600749902	0.1312960292839704	-179.99024041804293
0.7311390834834176	0.12775526761764774	-179.99130876792748
0.7379042301291011	0.12438566981732965	-179.99209957607525
0.7447319739059892	0.12116598892773481	-179.99271077672608
0.7516228940182057	0.11807999167787918	-179.99320123849597
0.758577575029184	0.11511490263050807	-179.99360720048693
0.7655966069112565	0.1122604055977301	-179.99395158264608
0.7726805850957026	0.10950798173113742	-179.99424931571832
0.7798301105232589	0.10685045821587258	-179.99451043327682
0.7870457896950989	0.10428169274420705	-179.99474189376681
0.7943282347242817	0.10179634789184458	-179.99494867318515
0.8016780633876793	0.09938972644937842	-179.99513443283848
0.8090958991783825	0.09705764897639266	-179.9953019350682
0.8165823713585927	0.09479636116605746	-179.9954533008276
0.8241381150130026	0.09260246300489873	-179.99559037435702
0.8317637711026713	0.09047285186537027	-179.99571409325227
0.8394599865193977	0.08840468099472758	-179.99582582219128
0.8472274141405968	0.0863953222526401	-179.99592632978542
0.8550667128846836	0.0844423384967867	-179.9960162741916
0.8629785477669706	0.08254346006257764	-179.99609616211973
0.870963589956081	0.08069656537510252	-179.99616636281363
0.8790225168308847	0.07889966471271724	-179.9962271176151
0.8871560120379608	0.07715088647298722	-179.99627854450193
0.8953647655495938	0.07544846544254104	-179.99632063794385
0.9036494737223014	0.07379073268321992	-179.99635326416814
0.9120108393559097	0.07217610672970112	-179.9963761515862
0.9204495717531712	0.0706030858533474	-179.99638887576347
0.9289663867799363	0.06907024119310946	-179.99639083789032
0.9375620069258802	0.06757621058810014	-179.9963812351807
0.946237161365793	0.06611969296924565	-179.99635902091822
0.9549925860214359	0.0646994431827871	-179.9963228508879
0.9638290236239705	0.06331426712705626	-179.99627101153072
0.9727472237769651	0.061963017082245074	-179.99620132310656
0.9817479430199844	0.06064458710500016	-179.99611100809054
0.9908319448927676	0.059357908336836386	-179.9959965103684
1.	0.058101944039791076	-179.99585324355712
1.0092528860766845	0.05687568410887714	-179.9956752352932
1.0185913880541169	0.05567813871200606	-179.99545461567592
1.0280162981264735	0.05450833054570695	-179.99518086697938
1.0375284158180127	0.053365284929917316	-179.99483969849416
1.0471285480508996	0.05224801652137123	-179.99441131619164
1.0568175092136585	0.051155510659866	-179.99386768435303
1.066596121230258	0.05008669599900289	-179.99316804715696
1.076465213629835	0.04904040254943994	-179.99225132069188
1.0864256236170655	0.04801529436285861	-179.9910225802213
1.096478196143185	0.04700975605409292	-179.98932775848814
1.1066237839776665	0.046021690453757806	-179.98690315355338
1.1168632477805611	0.04504813301787318	-179.98326644214214
1.1271974561755105	0.044084454639902855	-179.97745690782318
1.1376272858234309	0.0431225330928188	-179.9673305667084
1.1481536214968828	0.04214593936455135	-179.94727660349375
1.1587773561551262	0.04111461283722749	-179.89864671843608
1.1694993910198712	0.03990162113565194	-179.73011080277098
1.1803206356517297	0.03790694526110418	-178.84829147821398
1.191242008027375	0.04164996412641081	-179.14891290751333
1.2022644346174132	0.03944082219616793	-179.81191766642874
1.2133888504649775	0.03830712496149818	-179.92331664260863
1.224616199265049	0.037389559637705426	-179.9587111772753
1.2359474334445106	0.03655998267762078	-179.9740880867585
1.2473835142429432	0.03577997509855959	-179.98206758620114
1.2589254117941675	0.035033940441101315	-179.98670546416062
1.270574105208542	0.034314245024200274	-179.98961788461244
1.2823305826560218	0.03361662360706443	-179.9915488031001
1.2941958414499863	0.03293843710944293	-179.99287768058517
1.3061708881318417	0.03227791159916209	-179.9938129900647
1.3182567385564075	0.03163376913566375	-179.99447521692656
1.3304544179780915	0.031005033333445287	-179.99493562194797
1.3427649611378643	0.030390919620308342	-179.99523523880973
1.3551894123510364	0.029790769103670258	-179.9953938998162
1.3677288255958495	0.0292040054987609	-179.99541308995572
1.3803842646028852	0.028630103464798388	-179.99527315046265
1.3931568029453034	0.02806855978435969	-179.9949218948591
1.4060475241299142	0.027518857143600833	-179.99424419810856
1.4190575216890926	0.02698039982981405	-179.99297819016323
1.432187899273544	0.02645236287515854	-179.9904459667723
1.4454397707459279	0.025933251273528506	-179.98443379890065
1.4588142602753489	0.02541951233247628	-179.96407016086542
1.4723125024327193	0.02492332951745101	-179.84145257667353
1.4859356422870074	0.024523873384415668	-179.92390928283112
1.499684835502374	0.02403045244918047	-179.9854970361345
1.5135612484362087	0.02355881610399058	-179.9948795767973
1.5275660582380732	0.02310162601051024	-179.99757316543074
1.54170045294956	0.022655746621029083	-179.99863534149517
1.555965631605075	0.022219959093018368	-179.99913819346196
1.5703628043335531	0.02179362791735652	-179.99940693694526
1.584893192461114	0.021376338823803923	-179.99956398318528
1.5995580286146696	0.020967777680983603	-179.9996625631377
1.6143585568264869	0.020567682499803695	-179.99972834999306
1.629296032639723	0.020175821798658043	-179.99977473026883
1.6443717232149324	0.0197919838189818	-179.99980912230038
1.6595869074375613	0.01941597069085682	-179.9998358431835
1.6749428760264382	0.01904759505058538	-179.9998575083187
1.690440931643265	0.018686677957768703	-179.9998757564689
1.7060823890031243	0.018333047541529233	-179.99989164436673
1.7218685749860079	0.017986538076233353	-179.9999058705856
1.7378008287493762	0.01764698932139428	-179.99991890713375
1.753880501841762	0.017314246030369084	-179.99993107921563
1.770108958317422	0.016988157570673058	-179.99994261488652
1.7864875748520517	0.016668577620557373	-179.99995367670107
1.803017740859568	0.016355363919192362	-179.99996438231116
1.8197008586099825	0.016048378055645324	-179.99997481812355
1.8365383433483455	0.015747485286612028	-179.99998504850885
1.8535316234148105	0.01545255437605698	-179.99999512210576
1.8706821403657996	0.015163457451870296	179.99999492380383
1.8879913490962925	0.014880069876083039	179.99998506021964
1.9054607179632463	0.014602270126068292	179.99997526423738
1.9230917289101574	0.014329939684843638	179.99996551747782
1.9408858775927773	0.014062962938997938	179.9999558049472
1.958844673505989	0.013801227083178616	179.9999461142029
1.97696964011186	0.013544622030200782	179.9999364347372
1.9952623149688788	0.01329304032614488	179.99992675751864
2.0137242498623875	0.013046377069851355	179.9999170746479
2.032357010936221	0.012804529836357626	179.9999073790981
2.0511621788255647	0.012567398603903346	179.999897664517
2.0701413487910414	0.012334885684189965	179.99988792507597
2.0892961308540388	0.012106895655618314	179.9998781553531
2.108628149933289	0.011883335299281202	179.99986835024296
2.1281390459827114	0.011664113537502322	179.99985850488613
2.147830474130533	0.011449141374754569	179.99984861461368
2.167704104819694	0.011238331840807908	179.99983867490346
2.1877616239495516	0.01103159993596514	179.99982868134526
2.208004733018899	0.010828862578257444	179.99981862961306
2.228435149270303	0.010630038552502302	179.99980851544217
2.2490546058357803	0.010435048461128308	179.99979833461126
2.2698648518838214	0.010243814676652467	179.99978808292713
2.2908676527677723	0.010056261295757596	179.99977775621224
2.312064790175594	0.009872314094869201	179.99976735029446
2.333458062281002	0.009691900487182672	179.99975686099796
2.355049283896009	0.009514949481054202	179.99974628413602
2.376840286624876	0.009341391639712551	179.99973561550414
2.39883291901949	0.009171159042232207	179.99972485087457
2.4210290467361775	0.009004185245703459	179.99971398599112
2.4434305526939712	0.008840405248562612	179.99970301656447
2.4660393372343385	0.008679755455034494	179.99969193826814
2.48885731828239	0.008522173640636248	179.99968074673444
2.5118864315095797	0.008367598918708264	179.99966943755103
2.535128630497907	0.00821597170792949	179.99965800625725
2.5585858869056453	0.0080672337007816	179.99964644834094
2.582260190634596	0.007921327832924391	179.99963475923533
2.6061535499988953	0.007778198253456456	179.99962293431574
2.6302679918953813	0.0076377902960183515	179.9996109688967
2.654605561975539	0.007500050450717092	179.99959885822878
2.6791683248190314	0.0073649263368396976	179.99958659749578
2.703958364108843	0.007232366676328961	179.99957418181154
2.7289777828080406	0.007102321267994456	179.999561606217
2.7542287033381663	0.006974740962435382	179.99954886567707
2.7797132677592886	0.006849577637649568	179.9995359550779
2.805433637951713	0.006726784175307351	179.99952286922328
2.831391995799379	0.006606314437668489	179.99950960283178
2.8575905433749464	0.006488123245117035	179.9994961505336
2.8840315031266055	0.006372166354303163	179.99948250686694
2.910717118066605	0.006258400436860156	179.99946866627513
2.9376496519615305	0.006146783058690526	179.99945462310282
2.9648313895243423	0.006037272659794425	179.9994403715926
2.992264636608189	0.005929828534628277	179.9994259058815
3.019951720402016	0.0058244108129739715	179.99941121999723
3.047894989627983	0.005720980441305655	179.9993963078544
3.076096814740708	0.005619499164637165	179.99938116325058
3.1045595881283554	0.005519929508836712	179.9993657798626
3.1332857243155856	0.005422234763392658	179.999350151242
3.162277660168379	0.0053263789646197735	179.9993342708112
3.1915378551007616	0.005232326879289964	179.99931813185893
3.2210687912834346	0.005140043988678253	179.99930172753594
3.250872973854344	0.005049496473007937	179.99928505085015
3.2809529311311905	0.004960651196287053	179.99926809466209
3.311311214825911	0.004873475691522056	179.99925085167993
3.3419504002611427	0.004787938146299457	179.9992333144544
3.372873086588689	0.004704007388725743	179.9992154753735
3.404081897010009	0.004621652873711008	179.9991973266573
3.4355794789987466	0.004540844669593782	179.99917886035215
3.4673685045253166	0.004461553445090888	179.999160068325
3.499451670283573	0.0043837504565669965	179.99914094225747
3.53183169791957	0.0043074075356144895	179.99912147363955
3.5645113342624426	0.004232497076933952	179.9991016537633
3.5974933515574232	0.004158992026509549	179.99908147371633
3.630780547701014	0.004086865870068146	179.99906092437476
3.664375746478333	0.004016092621817107	179.99903999639622
3.6982817978026628	0.0039466468134532326	179.99901868021257
3.732501577957206	0.0038785034834338543	179.99899696602213
3.767037989839089	0.0038116381665050424	179.99897484378187
3.801893963205613	0.0037460268834800534	179.9989523031992
3.8370724549227884	0.0036816461312605075	179.9989293337234
3.8725764492161727	0.0036184728730954785	179.9989059245369
3.908408957924021	0.003556484529071471	179.99888206454605
3.944573020752785	0.003495658966827783	179.9988577423715
3.981071705534973	0.0034359744924926305	179.99883294633852
4.0179081084894	0.003377409841832636	179.99880766446637
4.055085354483839	0.0033199441716124886	179.9987818844579
4.09260659730011	0.003263557051158615	179.99875559368843
4.130475019901614	0.003208228454122189	179.99872877919387
4.168693834703355	0.0031539387504371293	179.99870142765892
4.207266283844442	0.0031006686984679345	179.9986735254044
4.24619563946313	0.0030483994373439894	179.99864505837428
4.285485203974396	0.002997112479475017	179.99861601212197
4.325138310350088	0.0029467897032443317	179.99858637179608
4.365158322401661	0.002897413345876108	179.99855612212576
4.405548635065534	0.0028489659964722335	179.9985252474051
4.446312674691089	0.002801430589215543	179.9984937314771
4.487453899331323	0.002754790396736563	179.9984615577169
4.528975799036209	0.0027090290236391028	179.9984287090141
4.570881896148752	0.0026641304001828927	179.99839516775455
4.613175745603791	0.0026200787761190727	179.99836091580104
4.655860935229586	0.002576858714676624	179.99832593447346
4.698941086052151	0.002534455086696151	179.99829020452762
4.742419852602444	0.0024928530649089994	179.99825370613362
4.7863009232263805	0.002452038118358594	179.99821641885276
4.830588020397723	0.002411996006962073	179.99817832161352
4.875284901033861	0.0023727127762100545	179.9981393926865
4.920395356814506	0.002334174752001801	179.99809960965814
4.965923214503357	0.0022963685356145267	179.99805894940303
5.01187233627272	0.0022592809988045584	179.9980173880551
5.058246620031137	0.002222899279038691	179.9979749009771
5.105049999754059	0.0021872107748545128	179.99793146272913
5.152286445817562	0.002152203141347737	179.99788704703468
5.1999599653351565	0.0021178642857856474	179.99784162674618
5.248074602497723	0.002084182363345647	179.99779517380756
5.296634438916575	0.0020511457729772867	179.99774765921592
5.345643593969713	0.0020187431533878245	179.99769905298055
5.395106225151273	0.0019869633791499254	179.9976493240802
5.445026528424209	0.001955795556931526	179.99759844041787
5.495408738576242	0.0019252290218472411	179.99754636877347
5.5462571295791046	0.0018952533339314562	179.99749307475358
5.597576014951099	0.001865858274732869	179.99743852273895
5.649369748123022	0.0018370338440310892	179.99738267582865
5.701642722807472	0.0018087702566755846	179.9973254957817
5.754399373371567	0.0017810579395478173	179.9972669429549
5.807644175213118	0.001753887528647371	179.9972069762377
5.861381645140285	0.0017272498663035607	179.99714555298291
5.9156163417547365	0.0017011359985137078	179.99708262893387
5.9703528658383656	0.0016755371724101451	179.9970181581471
6.025595860743575	0.0016504448338578897	179.9969520929107
6.081350012787176	0.0016258506251854929	179.99688438365777
6.137620051647939	0.00160174638305179	179.9968149788747
6.194410750767812	0.0015781241364518609	179.9967438250042
6.251726927756856	0.0015549761048655626	179.99667086634196
6.30957344480193	0.0015322946965531357	179.9965960449277
6.367955209079155	0.0015100725070018419	179.9965193004287
6.426877173170194	0.0014883023175291908	179.99644057001657
6.486344335482381	0.001466977094048241	179.99635978823605
6.546361740672747	0.0014460899860010976	179.99627688686547
6.6069344800759575	0.0014256343254679422	179.9961917947682
6.668067692136219	0.0014056036264589152	179.99610443773435
6.729766562843175	0.001385991584397719	179.99601473831206
6.792036326171843	0.0013667920758061861	179.99592261562748
6.854882264526613	0.0013479991582002336	179.99582798519285
6.918309709189362	0.001329607070208926	179.99573075870106
6.9823240407717115	0.0013116102319290187	179.9956308438062
7.046930689671467	0.0012940032455292872	179.99552814388906
7.112135136533288	0.001276780896119949	179.99542255780557
7.177942912713615	0.0012599381529042669	179.99531397961755
7.244359600749899	0.0012434701706311936	179.99520229830387
7.311390834834173	0.0012273722913698746	179.99508739745045
7.379042301291007	0.0012116400466288834	179.99496915491721
7.447319739059888	0.0011962691598457985	179.99484744248008
7.516228940182053	0.0011812555492749716	179.99472212544563
7.585775750291836	0.001166595331304813	179.99459306223613
7.655966069112561	0.0011522848242388989	179.99446010394215
7.726805850957022	0.0011383205525791933	179.99432309383954
7.798301105232586	0.0011246992518537907	179.99418186686825
7.870457896950985	0.0011114178740361943	179.99403624906802
7.943282347242813	0.0010984735936087379	179.99388605696822
8.01678063387679	0.0010858638143282375	179.99373109692638
8.090958991783822	0.0010735861767591456	179.99357116441058
8.165823713585922	0.0010616385666467124	179.99340604322055
8.241381150130021	0.0010500191242113072	179.99323550464047
8.317637711026709	0.001038726254454778	179.99305930651695
8.394599865193973	0.0010277586385806737	179.99287719225427
8.472274141405963	0.0010171152466426023	179.99268888971773
8.550667128846833	0.0010067953515492634	179.99249411003575
8.629785477669701	0.0009967985445709174	179.99229254628926
8.709635899560805	0.0009871247525105235	179.99208387207557
8.790225168308842	0.0009777742567240995	179.9918677399332
8.871560120379607	0.0009687477141992202	179.99164377961097
8.953647655495937	0.0009600461809285575	179.99141159616354
9.036494737223014	0.0009516711378477895	179.99117076785248
9.120108393559097	0.0009436245196445397	179.99092084382946
9.204495717531712	0.0009359087467883303	179.99066134157465
9.289663867799362	0.0009285267611817778	179.99039174405974
9.375620069258803	0.000921482065891862	179.99011149660004
9.462371613657929	0.0009147787694883633	179.98982000335562
9.549925860214358	0.0009084216355966216	179.98951662343464
9.638290236239705	0.0009024161383656251	179.98920066654532
9.727472237769652	0.0008967685246629391	179.98887138813407
9.817479430199844	0.0008914858839385304	179.9885279839378
9.908319448927676	0.0008865762268541117	179.98816958386615
10.	0.000882048573958298	179.98779524511556
10.092528860766844	0.00087791305590696	179.98740394440026
10.18591388054117	0.0008741810269901619	179.98699456916512
10.280162981264736	0.0008708651940419155	179.98656590762118
10.375284158180126	0.0008679797631884072	179.98611663741565
10.471285480508996	0.000865540607349623	179.98564531271296
10.568175092136585	0.0008635654579675739	179.9851503494209
10.665961212302578	0.0008620741251157019	179.9846300082427
10.76465213629835	0.0008610887509796049	179.98408237517353
10.864256236170656	0.0008606341027287344	179.98350533897926
10.964781961431852	0.0008607379120734452	179.982896565099
11.066237839776663	0.0008614312703883289	179.98225346529034
11.168632477805613	0.0008627490902685604	179.98157316218484
11.271974561755105	0.0008647306468854333	179.980852447729
11.37627285823431	0.0008674202156727315	179.98008773424405
11.481536214968829	0.000870867826910064	179.9792749965282
11.587773561551263	0.0008751301629463064	179.97840970302875
11.694993910198711	0.0008802716304969744	179.97748673359763
11.803206356517286	0.0008863656491619287	179.97650028067787
11.912420080273739	0.0008934962087469752	179.97544372989054
12.022644346174118	0.0009017597631150331	179.974309514832
12.133888504649763	0.00091126754852346	179.97308893934016
12.246161992650476	0.0009221484416972978	179.97177195839828
12.359474334445094	0.0009345525100936219	179.9703469059911
12.47383514242942	0.0009486554580980566	179.96880015429994
12.589254117941662	0.0009646642444411929	179.967115683139
12.705741052085406	0.0009828242472324454	179.96527453078625
12.823305826560205	0.0010034284979072944	179.96325408625805
12.941958414499851	0.0010268297162073488	179.96102716691934
13.061708881318404	0.0010534561901625467	179.95856080142116
13.182567385564061	0.0010838330147370841	179.95581460196203
13.304544179780901	0.0011186109243933766	179.9527385545667
13.427649611378628	0.0011586060879408145	179.94926996923763
13.551894123510351	0.0012048560570725184	179.94532919211832
13.67728825595848	0.0012587000735749699	179.94081345085382
13.803842646028839	0.0013218970757916263	179.93558781074773
13.931568029453022	0.0013968038036931308	179.92947152506562
14.060475241299129	0.0014866520226973002	179.92221678903937
14.190575216890911	0.0015959958002223675	179.91347446129143
14.321878992735424	0.0017314643911339972	179.9027363638222
14.454397707459265	0.0019030956527410082	179.8892330909323
14.588142602753473	0.0021268492332016577	179.87174140150586
14.723125024327178	0.0024297279777304123	179.84819171930414
14.859356422870059	0.0028613259834146987	179.81478309639567
14.996848355023726	0.0035236999585842492	179.76369386906316
15.135612484362072	0.0046656771732318855	179.67585377319037
15.275660582380716	0.007094783479144067	179.48937210324257
15.417004529495584	0.01575106429142947	178.82558417825103
15.559656316050734	0.05465913410896401	4.225186906304837
15.703628043335515	0.009578595939575725	0.7662983057004689
15.848931924611126	0.005124413664057061	0.4246295069036975
15.995580286146678	0.003440189949434741	0.2952639073764868
16.143585568264854	0.0025562238802663002	0.22723476889377564
16.292960326397214	0.002012460546743862	0.18528319560662357
16.443717232149307	0.0016447537710422904	0.15682906160372095
16.595869074375596	0.0013799121966053237	0.13626298634457548
16.749428760264365	0.0011803663305231167	0.12070561307288614
16.90440931643263	0.001024848389256093	0.10852692631201372
17.060823890031227	0.0009004159736971606	0.09873495573300041
17.21868574986006	0.000798741602127989	0.09069141136732263
17.378008287493746	0.0007142242525715787	0.0839669553045933
17.5388050184176	0.0006429580737669686	0.07826216551174918
17.701089583174202	0.0005821362760707247	0.07336185112181583
17.864875748520497	0.0005296900381559015	0.06910737891708739
18.03017740859568	0.0004840609971850584	0.06537923740136162
18.197008586099827	0.00044405301642641196	0.062085676542627685
18.365383433483455	0.00040873277043121554	0.0591550887969783
18.535316234148105	0.00037736136709607115	0.05653076873662543
18.706821403657997	0.0003493462612416835	0.054167227778029334
18.879913490962927	0.0003242067656057718	0.05202755098753415
19.054607179632463	0.00030154887539788006	0.05008146765878847
19.230917289101576	0.0002810465985596455	0.048303920473618894
19.408858775927772	0.0002624279113715588	0.0466739891395579
19.58844673505989	0.0002454640555422684	0.04517407011138344
19.769696401118598	0.00022996128465544173	0.04378924402608612
19.952623149688787	0.00021575443005797038	0.042506782575810066
20.137242498623873	0.00020270183485417395	0.04131576022937214
20.32357010936221	0.00019068132824477235	0.040206745683418706
20.511621788255646	0.0001795869992197006	0.03917155457416773
20.701413487910415	0.00016932659036926766	0.038203049713485135
20.892961308540386	0.0001598193770828235	0.03729497852378231
21.086281499332888	0.00015099442985104804	0.03644183983288397
21.28139045982711	0.00014278918130093557	0.03563877402265011
21.47830474130533	0.00013514823739466317	0.034881471889447443
21.67704104819694	0.00012802238560198693	0.03416609859986037
21.87761623949552	0.00012136776299918738	0.03348922990239261
22.080047330188993	0.00011514515500231233	0.03284779835021455
22.28435149270303	0.00010931940141765204	0.032239047747932036
22.490546058357804	0.00010385889113043211	0.031660494390799265
22.698648518838212	0.00009873513037807758	0.03110989394263442
22.908676527677724	0.00009392237240691746	0.030585213017303447
23.12064790175594	0.00008939729856970555	0.03008460470171913
23.33458062281002	0.00008513874272015099	0.029606387396155894
23.55049283896009	0.00008112745220145335	0.029149026458094807
23.76840286624876	0.00007734587988607307	0.02871111822472537
23.9883291901949	0.00007377800266306019	0.02829137606119465
24.210290467361776	0.00007040916253307559	0.02788861814022415
24.434305526939713	0.00006722592709538506	0.02750175670654059
24.660393372343385	0.00006421596672339129	0.027129788618818967
24.888573182823905	0.00006136794614753837	0.026771786994189483
25.118864315095795	0.00005867142851391651	0.02642689380713448
25.351286304979073	0.000056116790277279045	0.026094313316845696
25.58585886905645	0.000053695145529372014	0.025773306215660933
25.82260190634596	0.00005139827856618527	0.025463184406722766
26.06153549998895	0.00004921858366799762	0.025163306332035732
26.302679918953814	0.000047149011209565806	0.024873072783079826
26.54605561975539	0.000045183019339109596	0.024591923135418057
26.791683248190314	0.00004331453056760855	0.02431933195660026
27.039583641088434	0.00004153789269742083	0.02405480594335159
27.289777828080403	0.00003984784359386111	0.02379788114973098
27.542287033381662	0.00003823947936721402	0.023548120472813305
27.797132677592884	0.000036708225587404776	0.023305111366618052
28.05433637951713	0.0000352498112006267	0.023068463758585962
28.31391995799379	0.000033860244857805795	0.022837808145982453
28.575905433749465	0.000032535793399849243	0.022612793852258492
28.84031503126606	0.0000312729622749959	0.02239308742568743
29.10717118066605	0.00003006847768995583	0.022178371164573246
29.376496519615305	0.00002891927031946274	0.021968341755034693
29.648313895243422	0.00002782246041886711	0.021762709008848777
29.92264636608189	0.00002677534420187091	0.021561194690115866
30.19951720402016	0.00002577538136080543	0.021363531420614458
30.4789498962798	0.000024820183620274072	0.021169461654667005
30.76096814740705	0.00002390750422677762	0.02097873671515914
31.045595881283525	0.00002303522828732857	0.02079111588305747
31.332857243155825	0.000022201363879220853	0.0206063655333683
31.62277660168376	0.000021404033861224697	0.020424258310984197
31.91537855100758	0.000020641468323644213	0.020244572340282672
32.21068791283432	0.000019911997621037513	0.020067090462681448
32.50872973854341	0.00001921404593704988	0.019891599496621108
32.80952931131187	0.00001854612533584226	0.01971788951464419
33.11311214825908	0.00001790683025908378	0.019545753132371127
33.41950400261139	0.000017294832431484635	0.01937498480424127
33.72873086588685	0.000016708876141434556	0.01920538012088944
34.040818970100055	0.000016147773866529817	0.019036735102967065
34.35579478998743	0.000015610402216664063	0.018868845486086465
34.67368504525313	0.000015095698169964994	0.018701505991366756
34.994516702835696	0.000014602655579211931	0.01853450957578226
35.318316979195664	0.000014130321928501718	0.018367646656154927
35.64511334262439	0.00001367779532186737	0.01820070430018031
35.9749335155742	0.000013244221687320725	0.018033465377322602
36.3078054770101	0.000012828792181408775	0.017865707661744803
36.64375746478329	0.000012430740780862946	0.017697202878637176
36.98281797802659	0.000012049342049300643	0.017527715684353795
37.32501577957203	0.000011683909068225056	0.017357002569635897
37.670379898390856	0.000011333791522779843	0.017184810673865115
38.01893963205609	0.000010998373933865136	0.0170108764967124
38.370724549227845	0.000010677074029326297	0.016834924491687667
38.72576449216169	0.000010369341248002878	0.016656665523897187
39.08408957924017	0.000010074655371489086	0.01647579517171869
39.44573020752781	9.792525279526172e-6	0.016291991849027916
39.81071705534969	9.522487826041467e-6	0.01610491472096169
40.17908108489396	9.264106833990091e-6	0.01591420138186293
40.55085354483835	9.016972208368798e-6	0.015719465258878455
40.92606597300105	8.780699168086618e-6	0.015520292698492042
41.304750199016105	8.554927598829587e-6	0.01531623968585059
41.68693834703351	8.339321530688916e-6	0.015106828137802697
42.07266283844438	8.133568746186198e-6	0.014891541699768994
42.46195639463126	7.937380526490487e-6	0.01466982096346363
42.85485203974392	7.750491546160578e-6	0.014441058006531155
43.251383103500835	7.572659929764164e-6	0.014204590135647795
43.65158322401656	7.403667487353191e-6	0.01395969269065627
44.0554863506553	7.243320150177166e-6	0.013705570737698663
44.46312674691084	7.091448633408037e-6	0.013441349442576496
44.87453899331318	6.947909359309059e-6	0.013166062869746207
45.28975799036204	6.812585682569854e-6	0.012878640894881471
45.708818961487474	6.68538946992986e-6	0.012577893846417628
46.13175745603791	6.566263099359967e-6	0.0122624943994322
46.55860935229586	6.455181960819378e-6	0.011930956127579856
46.98941086052151	6.35215756210318e-6	0.011581607967444545
47.42419852602443	6.257241371111894e-6	0.011212563653506046
47.8630092322638	6.170529562161087e-6	0.010821684925700624
48.30588020397723	6.092168881691932e-6	0.01040653697414467
48.7528490103386	6.02236391212816e-6	0.009964334137353452
49.20395356814506	5.961386097577691e-6	0.009491873269247919
49.65923214503358	5.909585010093499e-6	0.008985451376247606
50.118723362727195	5.867402492610597e-6	0.008440763011524055
50.58246620031137	5.835390532580174e-6	0.00785277137074369
51.0504999975406	5.8142340257382445e-6	0.007215544871070742
51.52286445817562	5.804780023268193e-6	0.006522047923216487
51.99959965335157	5.808075680785742e-6	0.005763870179150713
52.48074602497723	5.825418042718631e-6	0.004930872057236791
52.966344389165755	5.858420158355557e-6	0.004010714695976338
53.45643593969714	5.909100093297003e-6	0.0029882278457327776
53.95106225151273	5.980002601945578e-6	0.001844546531591064
54.450265284242086	6.0743682996078996e-6	0.0005559113932807006
54.95408738576243	6.1963734159344056e-6	-0.0009080307712774905
55.462571295791044	6.351476990363092e-6	-0.002586687317151216
55.97576014951099	6.546936148752678e-6	-0.004532170380587727
56.49369748123023	6.792592648869643e-6	-0.006814868623051679
57.01642722807472	7.102113246207503e-6	-0.009532232960124648
57.543993733715666	7.495021769611599e-6	-0.01282316927905745
58.07644175213118	8.000182537250058e-6	-0.016892709784331553
58.61381645140285	8.662107709850097e-6	-0.022056683985475667
59.15616341754737	9.553176512163145e-6	-0.028828258697525852
59.70352865838366	0.000010799427661388144	-0.038100606283984165
60.255958607435744	0.000012641511163509008	-0.0515785790748994
60.81350012787176	0.000015603153507378547	-0.07297181793554337
61.37620051647939	0.000021080514515060607	-0.11216871923333482
61.94410750767812	0.000034454551641819923	-0.20727909427920085
62.51726927756855	0.00011470343542289626	-0.776023286874323
63.0957344480193	0.00007340783876873028	-179.44411786165355
63.67955209079155	0.000026216497794621165	-179.77869935831646
64.26877173170195	0.000015382850200655293	-179.85577125428964
64.86344335482381	0.000010595169597185148	-179.8900135914072
65.46361740672747	7.908253117677735e-6	-179.9093675858823
66.06934480075958	6.195688426723969e-6	-179.92181107780195
66.68067692136219	5.013920719521299e-6	-179.93048575060288
67.29766562843174	4.152914291743965e-6	-179.93687944533252
67.92036326171844	3.5003608564137475e-6	-179.94178786599676
68.54882264526613	2.9907710255187967e-6	-179.94567512438522
69.18309709189363	2.5833860736510095e-6	-179.9488301737717
69.82324040771712	2.2515161711187945e-6	-179.95144231806398
70.46930689671467	1.9769562855187497e-6	-179.95364075989036
71.12135136533288	1.7468659541178455e-6	-179.95551669905723
71.77942912713615	1.551931495576188e-6	-179.95713634850668
72.44359600749898	1.3852351506235324e-6	-179.95854894365124
73.11390834834172	1.2415330210414128e-6	-179.9597918565053
73.79042301291008	1.1167792019366553e-6	-179.96089396621383
74.47319739059888	1.0078034456676576e-6	-179.96187794222638
75.16228940182053	9.12087519821008e-7	-179.96276182848737
75.85775750291836	8.276067193905569e-7	-179.96356016617906
76.55966069112561	7.527154163768559e-7	-179.96428480457053
77.26805850957021	6.860630055188739e-7	-179.96494549658365
77.98301105232578	6.265312293552822e-7	-179.96555034293507
78.70457896950977	5.73186798307586e-7	-179.9661061279453
79.43282347242805	5.252451229550688e-7	-179.96661857663833
80.16780633876782	4.820422337541231e-7	-179.96709255384664
80.90958991783813	4.430128112697265e-7	-179.96753222003068
81.65823713585914	4.0767283099181136e-7	-179.96794115440773
82.41381150130013	3.7560573114765546e-7	-179.96832245312174
83.176377110267	3.4645129733017395e-7	-179.9686788081637
83.94599865193965	3.19896661878919e-7	-179.96901257130685
84.72274141405954	2.956689637130643e-7	-179.96932580627472
85.50667128846823	2.7352932249654857e-7	-179.96962033159355
86.29785477669692	2.5326786105527775e-7	-179.9698977560134
87.09635899560797	2.3469956976988585e-7	-179.97015950796
87.90225168308834	2.176608517644103e-7	-179.9704068601584
88.71560120379598	2.0200662201279107e-7	-179.97064095032735
89.53647655495928	1.8760785978827055e-7	-179.97086279865752
90.36494737223005	1.7434953420539162e-7	-179.9710733226412
91.20108393559087	1.6212883842301122e-7	-179.97127334971114
92.04495717531702	1.508536804727547e-7	-179.9714636280564
92.89663867799354	1.4044138845414911e-7	-179.97164483591507
93.75620069258792	1.3081759559602928e-7	-179.9718175895884
94.6237161365792	1.2191527687632188e-7	-179.97198245037697
95.4992586021435	1.1367391386239871e-7	-179.97213993060456
96.38290236239695	1.0603876844416059e-7	-179.9722904988662
97.2747223776964	9.896024938362532e-8	-179.97243458461477
98.17479430199833	9.239335825408531e-8	-179.97257258218454
99.08319448927665	8.629720351025641e-8	-179.97270485432009
99.9999999999999	8.063457321354244e-8	-179.97283173529758