0.01000000000000001	0.00568321729914898	-4.814927544745801
0.010092528860766855	0.00568477513869238	-4.816632564230654
0.01018591388054118	0.005686362878999279	-4.818369916856662
0.010280162981264745	0.005687981112145965	-4.820140239629974
0.010375284158180138	0.005689630442625426	-4.821944182907807
0.010471285480509006	0.005691311487634702	-4.823782410707333
0.010568175092136596	0.005693024877368875	-4.825655601023696
0.01066596121230259	0.005694771255323015	-4.827564446155603
0.010764652136298361	0.005696551278603067	-4.829509653039751
0.010864256236170667	0.005698365618243933	-4.8314919435951005
0.010964781961431863	0.005700214959536661	-4.833512055075642
0.011066237839776675	0.005702100002364939	-4.835570740432742
0.011168632477805623	0.0057040214615503276	-4.837668768688486
0.011271974561755117	0.0057059800672065114	-4.83980692531802
0.011376272858234322	0.005707976565104139	-4.841986012643205
0.01148153621496884	0.005710011717045528	-4.84420685023728
0.011587773561551273	0.005712086301249295	-4.846470275340167
0.011694993910198724	0.005714201112746274	-4.848777143286647
0.01180320635651731	0.005716356963786172	-4.851128327944853
0.011912420080273762	0.00571855468425651	-4.853524722169202
0.012022644346174144	0.0057207951221121085	-4.855967238264684
0.012133888504649786	0.005723079143817769	-4.858456808465336
0.012246161992650502	0.005725407634803489	-4.860994385426133
0.01235947433444512	0.005727781499932781	-4.863580942729203
0.012473835142429446	0.005730201663984127	-4.866217475404996
0.012589254117941687	0.005732669072147097	-4.868905000468032
0.012705741052085433	0.005735184690532623	-4.871644557469388
0.012823305826560232	0.005737749506697978	-4.874437209064807
0.01294195841449987	0.005740364530187862	-4.877284041600054
0.013061708881318424	0.00574303079309143	-4.880186165713421
0.013182567385564082	0.0057457493506156395	-4.88314471695678
0.01330454417978092	0.005748521281676015	-4.886160856434987
0.013427649611378649	0.005751347689505169	-4.889235771465146
0.01355189412351037	0.005754229702280227	-4.892370676255634
0.013677288255958502	0.005757168473768531	-4.895566812606176
0.013803842646028859	0.0057601651839941535	-4.898825450629406
0.013931568029453043	0.005763221039924482	-4.902147889495357
0.01406047524129915	0.005766337276177812	-4.905535458198424
0.014190575216890933	0.005769515155753651	-4.9089895163488695
0.014321878992735446	0.005772755970785984	-4.912511454988921
0.014454397707459286	0.005776061043319495	-4.916102697436396
0.014588142602753497	0.005779431726110937	-4.919764700152898
0.014723125024327202	0.005782869403456782	-4.9234989536412135
0.014859356422870082	0.005786375492046415	-4.927306983372097
0.014996848355023748	0.005789951441842942	-4.931190350740406
0.015135612484362095	0.005793598736993907	-4.935150654052694
0.015275660582380739	0.005797318896769865	-4.939189529547899
0.015417004529495607	0.005801113476535421	-4.943308652450804
0.015559656316050758	0.0058049840687519885	-4.947509738061533
0.01570362804333554	0.0058089323040128715	-4.95179454288127
0.015848931924611148	0.005812959852114968	-4.956164865774994
0.015995580286146702	0.005817068423164771	-4.96062254917544
0.016143585568264878	0.0058212597687228515	-4.965169480326929
0.016292960326397238	0.005825535682986926	-4.969807592571668
0.01644371723214933	0.005829898004015857	-4.974538866681484
0.016595869074375623	0.005834348614996088	-4.979365332234956
0.01674942876026439	0.0058388894455509675	-4.984289069043532
0.016904409316432657	0.005843522473097414	-4.989312208626868
0.017060823890031253	0.0058482497242491075	-4.994436935741167
0.017218685749860088	0.005853073276269887	-4.999665489961799
0.017378008287493772	0.005857995258578988	-5.005000167322622
0.01753880501841763	0.005863017854309756	-5.01044332201473
0.01770108958317423	0.005868143301925371	-5.01599736814602
0.017864875748520526	0.005873373896892963	-5.021664781566209
0.018030177408595707	0.005878711993418024	-5.027448101758937
0.018197008586099853	0.005884160006244458	-5.033349933803264
0.018365383433483484	0.005889720412519672	-5.039372950408096
0.018535316234148135	0.005895395753730162	-5.045519894024511
0.018706821403658026	0.0059011886377092785	-5.051793579036606
0.018879913490962956	0.005907101740720913	-5.058196894035497
0.019054607179632494	0.0059131378096228225	-5.064732804181556
0.019230917289101597	0.005919299664112567	-5.071404353656479
0.019408858775927792	0.005925590199059621	-5.078214668211798
0.01958844673505991	0.005932012386928854	-5.0851669578156145
0.01976969640111862	0.005938569280297871	-5.092264519404437
0.01995262314968881	0.005945264014474388	-5.099510739743777
0.020137242498623895	0.00595209981021626	-5.106909098402773
0.02032357010936223	0.0059590799765608105	-5.114463170848409
0.020511621788255666	0.005966207913768219	-5.122176631664693
0.020701413487910436	0.005973487116382417	-5.130053257903347
0.02089296130854041	0.0059809211764183965	-5.138096932571925
0.02108628149933291	0.005988513786680096	-5.1463116482653515
0.021281390459827135	0.005996268744214668	-5.154701510949757
0.021478304741305354	0.006004189953910705	-5.163270743903865
0.02167704104819696	0.006012281432248876	-5.172023691827735
0.02187761623949554	0.006020547311208869	-5.180964825125027
0.022080047330189013	0.006028991842344332	-5.190098744370108
0.022284351492703053	0.006037619401031643	-5.199430184967122
0.022490546058357826	0.0060464344909026205	-5.208964022011893
0.022698648518838235	0.006055441748469893	-5.218705275366135
0.022908676527677748	0.0060646459479554065	-5.228659114957402
0.023120647901755963	0.00607405200633176	-5.238830866312166
0.023334580622810044	0.006083664988589012	-5.249226016339643
0.023550492838960112	0.006093490113236127	-5.259850219374074
0.023768402866248782	0.00610353275805325	-5.270709303494093
0.02398832919019492	0.006113798466103738	-5.281809277130617
0.0242102904673618	0.0061242929520244765	-5.293156335980554
0.02443430552693974	0.006135022108605594	-5.304756870242526
0.024660393372343412	0.006145992013678044	-5.31661747219249
0.02488857318282393	0.006157208937324935	-5.328744944117414
0.025118864315095822	0.006168679349434424	-5.341146306627566
0.025351286304979098	0.006180409927613264	-5.353828807369503
0.02558585886905648	0.006192407565483032	-5.366799930159494
0.025822601906345985	0.00620467938137709	-5.380067404565126
0.026061535499988978	0.006217232727465013	-5.3936392159594115
0.026302679918953843	0.006230075199327315	-5.407523616072593
0.026546055619755416	0.006243214646007088	-5.421729134074684
0.026791683248190343	0.006256659180565487	-5.436264588217018
0.027039583641088463	0.0062704171911726805	-5.451139098068374
0.027289777828080432	0.0062844973527653395	-5.466362097378394
0.02754228703338169	0.006298908639304628	-5.481943347609986
0.02779713267759291	0.0063136603366706606	-5.497892952178122
0.02805433637951716	0.006328762056233933	-5.514221371440923
0.028313919957993816	0.00634422374914397	-5.530939438488377
0.028575905433749497	0.006360055721381115	-5.5480583757789725
0.028840315031266085	0.006376268649618454	-5.56558981267916
0.02910717118066608	0.0063928735979451	-5.5835458039607495
0.029376496519615335	0.006409882035507743	-5.601938849320012
0.029648313895243455	0.006427305855127684	-5.620781913983839
0.02992264636608192	0.006445157392958012	-5.6400884504750115
0.030199517204020192	0.00646344944924882	-5.659872421612301
0.03047894989627986	0.006482195310295168	-5.680148324828513
0.03076096814740711	0.006501408771645391	-5.700931217895501
0.031045595881283587	0.006521104162655443	-5.722236746151514
0.03133285724315589	0.006541296372483867	-5.744081171334313
0.031622776601683826	0.0065620008776217	-5.766481402131925
0.03191537855100765	0.0065832337710698755	-5.789455026570316
0.03221068791283438	0.00660501179327469	-5.813020346370414
0.03250872973854347	0.00662735236495113	-5.8371964134117205
0.03280952931131194	0.006650273621926048	-5.862003068458768
0.03311311214825915	0.006673794452148754	-5.887460982312403
0.03341950400261146	0.006697934535029473	-5.913591699566438
0.03372873086588692	0.006722714383274549	-5.940417685163694
0.034040818970100126	0.0067481553874085875	-5.967962373961798
0.0343557947899875	0.00677427986318466	-5.9962502235381185
0.0346736850452532	0.006801111102103426	-6.0253067704836125
0.034994516702835765	0.006828673425282852	-6.055158690455765
0.035318316979195734	0.006856992240938004	-6.085833862288743
0.03564511334262446	0.006886094105758011	-6.117361436480547
0.03597493351557427	0.006916006790488725	-6.149771908412344
0.03630780547701017	0.00694675935006508	-6.183097196682003
0.03664375746478335	0.006978382198659632	-6.2173707269760845
0.03698281797802665	0.007010907190057607	-6.252627521939312
0.037325015779572084	0.007044367703801228	-6.288904297547707
0.037670379898390914	0.00707879873759314	-6.326239566540656
0.038018939632056145	0.007114237006492962	-6.36467374952066
0.0383707245492279	0.0071507210494977675	-6.404249294391775
0.038725764492161745	0.0071882913441515366	-6.4450108048726875
0.03908408957924023	0.007226990429899175	-6.487005178901227
0.03944573020752787	0.007266863040970201	-6.530281757823402
0.039810717055349755	0.007307956249658551	-6.574892487362622
0.04017908108489402	0.007350319620961357	-6.620892091463375
0.040550853544838415	0.007394005379633709	-6.668338260224771
0.040926065973001115	0.0074390685908382855	-6.717291853273533
0.041304750199016166	0.007485567355691494	-6.767817120070217
0.04168693834703357	0.0075335630231590945	-6.819981938814497
0.04207266283844444	0.007583120419907366	-6.8738580758034535
0.04246195639463132	0.007634308099909593	-6.92952146730858
0.042854852039743985	0.00768719861580918	-6.987052526282126
0.04325138310350091	0.007741868814273141	-7.046536476474076
0.04365158322401663	0.007798400157844463	-7.108063716853924
0.044055486350655364	0.007856879076092121	-7.171730219584736
0.04446312674691091	0.007917397349209505	-7.237637965200422
0.04487453899331325	0.007980052527598045	-7.3058954190920415
0.04528975799036211	0.00804494839141929	-7.376618053944269
0.04570881896148754	0.008112195454610976	-7.449928923354389
0.04613175745603798	0.008181911518441725	-7.525959292567126
0.04655860935229591	0.008254222280356457	-7.604849333047055
0.04698941086052156	0.0083292620046259	-7.686748888533009
0.04742419852602448	0.008407174262213556	-7.771818321278624
0.04786300923226385	0.008488112748288226	-7.860229448404069
0.04830588020397728	0.008572242187008989	-7.952166579726056
0.04875284901033865	0.00865973933457995	-8.047827670069559
0.04920395356814511	0.008750794093179843	-8.147425601026692
0.04965923214503363	0.00884561075024025	-8.25118960937134
0.05011872336272725	0.008944409359728348	-8.359366882011708
0.05058246620031143	0.009047427284652599	-8.472224340474373
0.051050499997540646	0.00915492092301641	-8.5900506416158
0.05152286445817567	0.009267167642981066	-8.713158425603057
0.05199959965335162	0.009384467957193795	-8.841886847395328
0.052480746024977286	0.00950714797118088	-8.976604434113952
0.05296634438916581	0.009635562146601488	-9.117712318050922
0.05345643593969719	0.009770096427175596	-9.265647903894008
0.05395106225151279	0.00991117178347661	-9.420889039347239
0.05445026528424214	0.01005924824285034	-9.583958771153519
0.05495408738576248	0.010214829482818308	-9.755430784031317
0.0554625712957911	0.010378468080925561	-9.935935638936678
0.05597576014951104	0.010550771531700538	-10.126167950121921
0.05649369748123028	0.0107324091628942	-10.326894668764306
0.05701642722807478	0.010924120109406984	-10.538964675805534
0.05754399373371572	0.01112672253544668	-10.763319929794605
0.05807644175213124	0.01134112433492824	-11.001008469206957
0.05861381645140291	0.011568335588827864	-11.25319963578356
0.05915616341754743	0.011809483118482596	-11.52120196970136
0.05970352865838372	0.012065827548725407	-11.80648433380381
0.06025595860743581	0.012338783388147596	-12.110700959252688
0.060813500127871824	0.012629942750631142	-12.435721277538155
0.061376200516479455	0.012941103488985448	-12.783665625507275
0.06194410750767818	0.013274302696144245	-13.156948196624828
0.06251726927756862	0.013631856762301473	-13.558328984418347
0.06309573444801936	0.014016409470611568	-13.990976951973805
0.06367955209079162	0.014430989985900297	-14.458547304257063
0.064268771731702	0.014879083059973264	-14.965276592855169
0.06486344335482389	0.015364714366479246	-15.516100521429507
0.06546361740672754	0.015892554612684115	-16.11680085072974
0.06606934480075964	0.016468046976788917	-16.774189872037674
0.06668067692136226	0.017097563496507522	-17.496343733822044
0.06729766562843183	0.01778859726035778	-18.292899755504585
0.0679203632617185	0.0185499985165757	-19.17543814147939
0.0685488226452662	0.019392263822454854	-20.157975755973485
0.0691830970918937	0.02032788743338967	-21.25760953850888
0.06982324040771719	0.021371781812109088	-22.495360582548656
0.07046930689671474	0.022541766355626148	-23.897287721916435
0.07112135136533296	0.02385910387644916	-25.495962038516698
0.07177942912713622	0.02534902021713944	-27.33241953269014
0.07244359600749906	0.027041047962887137	-29.458731447450116
0.0731139083483418	0.028968840300839585	-31.941329748289768
0.07379042301291015	0.031168711385299436	-34.86514489572298
0.07447319739059896	0.03367541375580111	-38.338323904449
0.07516228940182061	0.036512343921023545	-42.49650929719347
0.07585775750291844	0.03967140650300846	-47.50380775060577
0.07655966069112569	0.04307614756627756	-53.54383064545231
0.07726805850957029	0.04652506515570684	-60.78836493085816
0.07798301105232593	0.049631894459334115	-69.32758527916265
0.07870457896950993	0.0518269944130555	-79.06009360290457
0.07943282347242822	0.05251942047690949	-89.59480172196118
0.08016780633876798	0.051412204254020356	-100.2780992708645
0.0809095899178383	0.048715699597061554	-110.40142909828667
0.0816582371358593	0.04501542300534674	-119.45280328060468
0.0824138115013003	0.04094049299244807	-127.22055890788248
0.08317637711026717	0.03694128633628136	-133.73155236688197
0.08394599865193982	0.033256678078288984	-139.13539229813475
0.08472274141405972	0.02997445035089963	-143.6164877896591
0.08550667128846841	0.02709880824128117	-147.34887459454757
0.0862978547766971	0.024596216164496885	-150.48001286689424
0.08709635899560814	0.02242053643175289	-153.1288092728348
0.08790225168308852	0.02052501486850184	-155.38905567042625
0.08871560120379617	0.018867203098720847	-157.33416405725038
0.08953647655495947	0.017410452591225447	-159.02159713996977
0.09036494737223023	0.016123890158799507	-160.4965268631097
0.09120108393559107	0.014981806926946202	-161.79469719313616
0.09204495717531722	0.013962888923079302	-162.94461041132698
0.09289663867799372	0.013049471288023482	-163.9691805111629
0.09375620069258811	0.012226882727714238	-164.8869811412986
0.09462371613657934	0.011482895278315967	-165.71318982831434
0.09549925860214364	0.010807273208705772	-166.460305950713
0.0963829023623971	0.010191407572775731	-167.13870016754782
0.09727472237769656	0.00962802172505102	-167.75703787343014
0.09817479430199849	0.00911093435767453	-168.32260800765286
0.09908319448927681	0.008634868635159502	-168.84158030529386
0.10000000000000005	0.008195298075417499	-169.31920807220564
0.10092528860766849	0.007788321674039894	-169.75998919006483
0.10185913880541175	0.007410562315957316	-170.16779486159794
0.10280162981264741	0.007059083771146617	-170.5459732615299
0.10375284158180131	0.006731322566744785	-170.8974335295108
0.10471285480509002	0.006425031811622638	-171.22471425795942
0.1056817509213659	0.006138234663241993	-171.53003966927537
0.10665961212302584	0.005869185606479651	-171.81536595621878
0.10764652136298355	0.0056163380893450585	-172.08241971379644
0.10864256236170661	0.005378317354431919	-172.33272997542971
0.10964781961431856	0.0051538975357513835	-172.56765504747662
0.1106623783977667	0.004941982272400061	-172.78840509023658
0.11168632477805618	0.004741588234243197	-172.99606120257303
0.1127197456175511	0.004551831068849268	-173.19159161809048
0.11376272858234315	0.0043719133697791915	-173.37586550355738
0.11481536214968835	0.004201114339021224	-173.54966475762964
0.11587773561551268	0.004038780874749922	-173.71369413432336
0.11694993910198717	0.0038843198626681073	-173.8685899568917
0.11803206356517304	0.0037371914873222875	-174.0149276405668
0.11912420080273756	0.003596903410773747	-174.15322820454583
0.12022644346174137	0.0034630056913052235	-174.28396392272592
0.1213388850464978	0.003335086335567981	-174.40756323754692
0.12246161992650495	0.0032127673946119005	-174.5244150407051
0.12359474334445113	0.003095701528310769	-174.6348724075888
0.12473835142429439	0.002983568974338737	-174.73925585828331
0.1258925411794168	0.0028760748675377675	-174.83785620639074
0.12705741052085426	0.00277294686358699	-174.93093704720792
0.12823305826560225	0.0026739330276380376	-175.01873692867278
0.1294195841449987	0.0025787999542505008	-175.10147124162293
0.13061708881318423	0.00248733108972955	-175.17933386006175
0.1318256738556408	0.0023993252319965785	-175.25249855712147
0.13304544179780922	0.0023145951865386595	-175.32112021808967
0.13427649611378642	0.002232966559871553	-175.38533586805872
0.13551894123510363	0.00215427667442506	-175.44526552841225
0.13677288255958495	0.0020783735908588125	-175.50101291332052
0.13803842646028852	0.0020051152256218494	-175.55266597463864
0.13931568029453034	0.0019343685531139155	-175.60029730098424
0.14060475241299142	0.0018660088831372774	-175.64396437425316
0.14190575216890927	0.0017999192054736779	-175.68370968434027
0.1432187899273544	0.0017359895944113308	-175.71956070029196
0.1445439770745928	0.0016741166669075117	-175.75152969347016
0.1458814260275349	0.0016142030888124474	-175.77961340543513
0.14723125024327194	0.001556157124234622	-175.80379255012403
0.14859356422870074	0.0014998922236845844	-175.82403113632103
0.1499684835502374	0.0014453266471358267	-175.84027559235648
0.15135612484362088	0.0013923831185659028	-175.85245367016717
0.15275660582380732	0.0013409885089262705	-175.86047310020794
0.154170045294956	0.001291073544817491	-175.86421996188537
0.1555965631605075	0.0012425725404437123	-175.8635567259509
0.15703628043335532	0.001195423150677642	-175.85831991518785
0.15848931924611143	0.0011495661432997485	-175.8483173172746
0.15995580286146696	0.0011049451886774927	-175.8333246681959
0.1614358556826487	0.0010615066653360938	-175.8130817051579
0.1629296032639723	0.00101919948003443	-175.78728746342682
0.16443717232149324	0.0009779749011122948	-175.755594660344
0.16595869074375613	0.0009377864040061652	-175.71760296979386
0.16749428760264382	0.0008985895279636413	-175.672850938876
0.1690440931643265	0.00086034174310085	-175.62080623143643
0.17060823890031243	0.0008230023270670003	-175.56085379517555
0.17218685749860077	0.0007865322506941206	-175.49228143268994
0.17378008287493762	0.0007508940721298541	-175.41426210148404
0.1753880501841762	0.0007160518390871933	-175.32583205868073
0.1770108958317422	0.0006819709989885411	-175.22586368105618
0.17864875748520517	0.0006486183169670193	-175.11303139858154
0.180301774085957	0.000615961801913796	-174.9857686329037
0.18197008586099844	0.0005839706410564411	-174.84221286080827
0.18365383433483473	0.0005526151439651192	-174.68013481954046
0.18535316234148125	0.0005218666974495006	-174.49684626952663
0.18706821403658017	0.0004916977336426458	-174.28907836837064
0.18879913490962946	0.00046208171479313244	-174.05281916540966
0.19054607179632482	0.0004329931401569331	-173.78309330398494
0.19230917289101596	0.00040440758329623474	-173.4736585490921
0.19408858775927793	0.00037630177274758196	-173.1165802200813
0.19588446735059908	0.0003486537366843549	-172.7016224097778
0.1976969640111862	0.0003214430451603871	-172.21535742494842
0.19952623149688808	0.00029465120621325973	-171.63982967873187
0.20137242498623895	0.00026826231332357847	-170.95049260438225
0.2032357010936223	0.00024226411981000405	-170.11291610113443
0.20511621788255666	0.00021664987104581162	-169.07732722513788
0.20701413487910436	0.00019142155202798154	-167.7691457185002
0.2089296130854041	0.00016659594136521057	-166.07169351873836
0.2108628149933291	0.0001422166417686095	-163.79259143213406
0.21281390459827135	0.00011837998068217814	-160.59353563313374
0.21478304741305343	0.00009529659757259417	-155.83104212873118
0.21677041048196952	0.00007345629267816318	-148.16688144712987
0.2187761623949553	0.00005412211308968442	-134.6325443691634
0.22080047330189004	0.00004072603370792612	-109.75882477710684
0.22284351492703042	0.00003957152706325871	-74.78557986516608
0.22490546058357816	0.00005135959811050431	-47.860218339800454
0.22698648518838224	0.00006975649493307612	-33.03283701186114
0.22908676527677735	0.00009081345775066513	-24.743578408830764
0.23120647901755953	0.00011306216226605909	-19.66044526288449
0.23334580622810033	0.00013594546594345865	-16.28084753370836
0.23550492838960102	0.00015923057706428446	-13.891586807664659
0.23768402866248772	0.00018281564721805873	-12.122484332832071
0.2398832919019491	0.00020665894094945954	-10.765285188079533
0.2421029046736179	0.0002307496070538482	-9.694786342215982
0.24434305526939726	0.00025509435269009	-8.831532781809221
0.246603933723434	0.0002797108822893319	-8.12281538542493
0.24888573182823917	0.00030462448705229723	-7.532358037158042
0.25118864315095807	0.00032986622033962	-7.03441191956758
0.2535128630497908	0.0003554719288373688	-6.610215757107118
0.25585858869056466	0.00038148177736328244	-6.245789692318366
0.2582260190634597	0.00040794007891828356	-5.930513229464955
0.26061535499988964	0.0004348953287189981	-5.656181328552656
0.2630267991895383	0.00046240038715187503	-5.416361587339459
0.26546055619755404	0.0004905127825325726	-5.20594645298821
0.2679168324819033	0.0005192951200119291	-5.020834979017797
0.2703958364108845	0.0005488155930041641	-4.857702588520538
0.2728977782808042	0.000579148600641499	-4.713831851021717
0.27542287033381674	0.0006103754805543025	-4.586986349073216
0.277971326775929	0.00064258537158872	-4.475315499397676
0.2805433637951715	0.0006758762266101266	-4.377281968387843
0.28313919957993805	0.0007103560017612924	-4.291605833278331
0.2857590543374948	0.0007461440561010085	-4.2172213422655895
0.2884031503126607	0.0007833728049497937	-4.153243301877
0.29107171180666064	0.0008221896824846869	-4.098940945829048
0.2937649651961532	0.000862759485230292	-4.053717732667416
0.2964831389524344	0.0009052671898303052	-4.017095956249176
0.29922646366081906	0.0009499213683736314	-3.988705386593952
0.30199517204020176	0.0009969583665435883	-3.968275427152193
0.30478949896279844	0.0010466474701891983	-3.9556305089763146
0.307609681474071	0.0010992973746618338	-3.9506886717443175
0.3104559588128357	0.0011552644056855908	-3.9534635389506088
0.3133285724315587	0.0012149631502646984	-3.964070227197878
0.3162277660168381	0.0012788804951328725	-3.9827362138711964
0.31915378551007634	0.0013475946400487136	-4.009818962800122
0.3221068791283436	0.0014218016539037871	-4.045833445836117
0.32508729738543457	0.0015023539896971958	-4.091495164115738
0.3280952931131192	0.0015903189880325012	-4.147789118941327
0.3311311214825913	0.0016870729491496258	-4.216085387346502
0.33419504002611444	0.001794463409683201	-4.298345218854089
0.3372873086588691	0.0019151145930967086	-4.397519862655192
0.34040818970100106	0.002053069134398642	-4.518408729951102
0.34355794789987465	0.0022153430891263368	-4.66978436866236
0.34673685045253166	0.0024165116758321993	-4.870796118895406
0.3499451670283573	0.0026969769220000508	-5.177149500700959
0.353183169791957	0.0032523806751740096	-5.874531650384224
0.35645113342624424	0.022315972079251848	-136.2613744350403
0.3597493351557423	0.0021981690006086297	-4.425331943387304
0.36307805477010135	0.00281818639315036	-5.0306350477126935
0.36643757464783333	0.003244213183344847	-5.4573825115302075
0.3698281797802663	0.003665089478797319	-5.871597567958621
0.3732501577957206	0.004132891622679357	-6.326807194466916
0.37670379898390893	0.004682501904343983	-6.85804571271675
0.38018939632056126	0.005352561437256921	-7.502746260783491
0.38370724549227886	0.006196717790542912	-8.31207773600591
0.3872576449216173	0.007298243373973537	-9.365628645112992
0.3908408957924021	0.008797745226660667	-10.801803833829903
0.39445730207527846	0.010954161521944828	-12.94666750301866
0.3981071705534973	0.014221945072780053	-15.938977647388763
0.40179081084894	0.01992778663437656	-21.400137310117227
0.40550853544838394	0.031269680666672295	-32.866144502609075
0.40926065973001097	0.05473058429825412	-63.99620908819227
0.41304750199016144	0.05437402518938144	-122.09711091549504
0.4168693834703355	0.033416633569941324	-150.16524848196403
0.4207266283844442	0.023141761982716256	-161.77031738621534
0.424619563946313	0.017770237530690146	-167.2625349909868
0.4285485203974396	0.014704399939960224	-170.41213814589733
0.43251383103500884	0.012817478048545565	-172.47830824634187
0.4365158322401661	0.011631492020069658	-173.96582662929222
0.44055486350655343	0.010928455205987663	-175.12466398767032
0.4446312674691088	0.010618802902689378	-176.10424892329533
0.4487453899331323	0.010702452769851307	-177.01927766184195
0.4528975799036209	0.011285363927639108	-177.996977931165
0.4570881896148752	0.012688451340459296	-179.25491586444696
0.46131757456037953	0.015898994211387213	178.64190457952958
0.4655860935229591	0.025344675841798926	173.22202607734997
0.4698941086052156	0.09628376137737125	121.71300825713057
0.4742419852602448	0.0228692286033076	21.02266383516328
0.47863009232263853	0.009308857791446872	11.843577020455637
0.48305880203977286	0.005060032529389714	9.870741017418998
0.4875284901033865	0.0030758843198310567	9.335247664053842
0.4920395356814511	0.001956556267330119	9.596817960270265
0.49659232145033627	0.0012552137657079274	10.642313132090152
0.5011872336272725	0.0007857901555919874	12.878673325341232
0.5058246620031143	0.0004582208192489281	17.65111480522707
0.5105049999754064	0.0002275723719840266	30.311847723526082
0.5152286445817567	0.00009982858753635291	80.470400787547
0.5199959965335162	0.00014935470193875957	144.27735432129583
0.5248074602497729	0.00024219948840575867	160.80919355972426
0.5296634438916581	0.00032277794927194274	166.60464010803236
0.5345643593969719	0.00038942549916869086	169.3237410801967
0.5395106225151278	0.0004446559135130141	170.75835256625592
0.5445026528424215	0.0004909780044074875	171.51418946516796
0.5495408738576248	0.0005304618594800597	171.84068315431608
0.5546257129579107	0.000564750567271396	171.8483032677903
0.5597576014951101	0.0005951171909841379	171.58133802128287
0.5649369748123025	0.0006224915894847953	171.04681887631418
0.5701642722807475	0.0006474332722033008	170.22906860591533
0.5754399373371569	0.0006700413702804955	169.10267931859065
0.580764417521312	0.0006898332704080567	167.65398225478052
0.5861381645140288	0.0007057539541997125	165.92059911612048
0.591561634175474	0.0007167292867534657	164.04683979340163
0.5970352865838369	0.000723256316660341	162.30992178638886
0.6025595860743578	0.0007296337718400667	161.0198411595043
0.6081350012787179	0.000744986308469921	160.26240302525127
0.6137620051647943	0.0007827968073601774	159.6576643542679
0.6194410750767815	0.0008642901562196638	158.21765180111422
0.6251726927756859	0.0010390628361753205	153.5498853179914
0.6309573444801934	0.001434528655208919	135.52307792894996
0.6367955209079159	0.0011748994111773748	85.87777282086748
0.6426877173170198	0.0008338919376672808	67.90145967650739
0.6486344335482385	0.0002235977445851619	22.60459685926458
0.654636174067275	0.0002599315020373468	-171.05294111843867
0.6606934480075961	0.00027322407387774124	9.355313831943871
0.6668067692136223	0.000052498513332126126	-174.58627216519952
0.6729766562843178	0.00014435214874787306	-176.15453735100195
0.6792036326171846	0.00019514029575153942	-177.12347610587503
0.6854882264526617	0.00022850373951818523	-177.77934712745613
0.6918309709189366	0.0002522441697083766	-178.23462393286766
0.6982324040771715	0.0002699913612201995	-178.54801194244283
0.7046930689671471	0.0002837541754162982	-178.75831333691173
0.7112135136533292	0.0002947555849130051	-178.89451496212513
0.7177942912713619	0.0003037829215476115	-178.97863647117822
0.7244359600749902	0.00031136335385727686	-179.02691377553396
0.7311390834834176	0.00031786221728032207	-179.0508763960356
0.7379042301291011	0.000323541377871393	-179.0584602757069
0.7447319739059892	0.00032859487836933314	-179.05500785395895
0.7516228940182057	0.00033317114570870584	-179.04406291442044
0.758577575029184	0.00033738711815389886	-179.02795272781773
0.7655966069112565	0.0003413374572120853	-179.00819312816913
0.7726805850957026	0.00034510072661481816	-178.98576180158466
0.7798301105232589	0.0003487436651924381	-178.96127941858285
0.7870457896950989	0.0003523242361689779	-178.93512855562588
0.7943282347242817	0.00035589387355585317	-178.90753140799572
0.8016780633876793	0.0003594991906518906	-178.87860041028634
0.8090958991783825	0.0003631833210126282	-178.84837086633217
0.8165823713585927	0.00036698699144382637	-178.8168190897885
0.8241381150130026	0.00037094999768538524	-178.78395688580704
0.8317637711026713	0.0003751097830348391	-178.74952692536402
0.8394599865193977	0.0003795060171582425	-178.7135366689152
0.8472274141405968	0.00038417792137155656	-178.67580774368392
0.8550667128846836	0.000389166394440501	-178.63616598275055
0.8629785477669706	0.0003945144879023595	-178.59441295545346
0.870963589956081	0.0004002681364289171	-178.55032306159558
0.8790225168308847	0.0004064769602546592	-178.50364041466344
0.8871560120379608	0.0004131951631307038	-178.45407478340368
0.8953647655495938	0.0004204825581565241	-178.40129641315033
0.9036494737223014	0.00042840576093177313	-178.3449295447994
0.9120108393559097	0.0004370395987997533	-178.28454437899651
0.9204495717531712	0.0004464687976831595	-178.21964713692597
0.9289663867799363	0.0004567900253986507	-178.1496677451643
0.9375620069258802	0.00046811439414969915	-178.0739445091241
0.946237161365793	0.0004805705577119551	-177.99170492025792
0.9549925860214359	0.0004943085844481031	-177.90204144093525
0.9638290236239705	0.000509504851413479	-177.80388069010698
0.9727472237769651	0.0005263682960873077	-177.69594385579833
0.9817479430199844	0.0005451484940322815	-177.57669530009514
0.9908319448927676	0.0005661462240365538	-177.444275062403
1.	0.0005897274706810807	-177.29640909025923
1.0092528860766845	0.0006163422530078673	-177.130288180199
1.0185913880541169	0.0006465503498076662	-176.94240220529574
1.0280162981264735	0.0006810570772134925	-176.72830923607603
1.0375284158180127	0.000720764047981878	-176.4823078662777
1.0471285480508996	0.0007668428294315707	-176.1969622550665
1.0568175092136585	0.0008208446244000267	-175.8623971649174
1.066596121230258	0.0008848685399400759	-175.46522315221034
1.076465213629835	0.0009618289220734302	-174.98684701408482
1.0864256236170655	0.001055898102612014	-174.4007211884534
1.096478196143185	0.0011732774793174186	-173.66768125893637
1.1066237839776665	0.0013236266001538113	-172.72766504964252
1.1168632477805611	0.0015229294150583602	-171.48419352980105
1.1271974561755105	0.0017998703034664448	-169.7734787485118
1.1376272858234309	0.0022121716241863413	-167.2990399152564
1.1481536214968828	0.002897871040618086	-163.48855540659565
1.1587773561551262	0.00429470376556509	-157.23159903675875
1.1694993910198712	0.008706869817093121	-147.50804367899784
1.1803206356517297	0.04904143347182005	-152.39768758996453
1.191242008027375	0.041698642946407634	-18.72774609198956
1.2022644346174132	0.009603159630436744	-20.458720401779946
1.2133888504649775	0.005045302847276159	-16.52010622809761
1.224616199265049	0.0034177106905346716	-13.547209584664838
1.2359474334445106	0.002602988699105898	-11.485973742755986
1.2473835142429432	0.002119610554171044	-10.02817382867506
1.2589254117941675	0.001803075814132105	-8.968765156664487
1.270574105208542	0.001582687468175788	-8.183182916170368
1.2823305826560218	0.0014232825975611847	-7.594959639574167
1.2941958414499863	0.0013055735661078186	-7.156161807272486
1.3061708881318417	0.001218282351744947	-6.83651780730127
1.3182567385564075	0.001154599143821028	-6.617434249618069
1.3304544179780915	0.001110463690297729	-6.488800210470691
1.3427649611378643	0.0010837185313422914	-6.447549706287933
1.3551894123510364	0.001073751117914669	-6.497591059394416
1.3677288255958495	0.0010814935081959604	-6.651203927597392
1.3803842646028852	0.0011098118342097259	-6.932627775545864
1.3931568029453034	0.0011645224881622217	-7.3857916025430645
1.4060475241299142	0.0012567146195288658	-8.09123246707468
1.4190575216890926	0.0014083261870331397	-9.206541202449278
1.432187899273544	0.0016673597950328243	-11.07818312082819
1.4454397707459279	0.0021587884870976812	-14.627975433879397
1.4588142602753489	0.0033168581758794865	-23.28151586955348
1.4723125024327193	0.00694796995920696	-59.70516688736067
1.4859356422870074	0.004922007939988836	-142.830394799697
1.499684835502374	0.002169579327324161	-164.5951864597416
1.5135612484362087	0.0012836137770402465	-170.8620165342056
1.5275660582380732	0.0008712715629286966	-173.7389808010478
1.54170045294956	0.0006373276155885053	-175.3701648211884
1.555965631605075	0.0004885779322474824	-176.41057651627835
1.5703628043335531	0.00038679682371703356	-177.12586230034134
1.584893192461114	0.0003135062119428767	-177.64383704829137
1.5995580286146696	0.00025871337952929974	-178.0334888169934
1.6143585568264869	0.00021655601017710478	-178.3352695477973
1.629296032639723	0.0001833758372874236	-178.57443123511095
1.6443717232149324	0.00015677671281674337	-178.76752916289607
1.6595869074375613	0.00013512679442376482	-178.925853304211
1.6749428760264382	0.00011727858669034077	-179.0573562605568
1.690440931643265	0.00010240329090796852	-179.1677934783604
1.7060823890031243	0.0000898885503011599	-179.2614270032706
1.7218685749860079	0.00007927302523971005	-179.3414758137525
1.7378008287493762	0.00007020322678597064	-179.41041304531564
1.753880501841762	0.00006240426731015259	-179.47016749179707
1.770108958317422	0.00005565957402178657	-179.52226345417867
1.7864875748520517	0.000049796526717967204	-179.56791983007105
1.803017740859568	0.00004467610231409159	-179.6081216265645
1.8197008586099825	0.00004018528541045348	-179.64367242718362
1.8365383433483455	0.0000362314237636071	-179.67523345945736
1.8535316234148105	0.000032737974136554646	-179.70335307721848
1.8706821403657996	0.000029641257140328158	-179.72848928172309
1.8879913490962925	0.00002688795437047853	-179.7510271172992
1.9054607179632463	0.00002443315849894793	-179.77129224539428
1.9230917289101574	0.00002223884002485825	-179.78956163612443
1.9408858775927773	0.000020272631313091737	-179.80607206242703
1.958844673505989	0.00001850685461502113	-179.82102690255417
1.97696964011186	0.00001691773940332663	-179.83460162834166
1.9952623149688788	0.000015484787838905065	-179.84694826380692
2.0137242498623875	0.000014190257054847804	-179.85819903063683
2.032357010936221	0.000013018734236312774	-179.86846934683885
2.0511621788255647	0.000011956785918944961	-179.87786030727202
2.0701413487910414	0.000010992667028277025	-179.88646074647068
2.0892961308540388	0.000010116078296250494	-179.8943489626657
2.108628149933289	9.317963074613743e-6	-179.90159416542627
2.1281390459827114	8.590336403330106e-6	-179.90825769662666
2.147830474130533	7.926140619981913e-6	-179.91439406455513
2.167704104819694	7.319122912548601e-6	-179.92005182324303
2.1877616239495516	6.763731096304748e-6	-179.92527432299985
2.208004733018899	6.255024590796676e-6	-179.93010035331164
2.228435149270303	5.788598126219901e-6	-179.9345646954133
2.2490546058357803	5.360516151339822e-6	-179.93869859876435
2.2698648518838214	4.967256271269564e-6	-179.94253019317713
2.2908676527677723	4.6056603312894845e-6	-179.94608484633684
2.312064790175594	4.2728919966359985e-6	-179.94938547482298
2.333458062281002	3.966399868823474e-6	-179.9524528154076
2.355049283896009	3.683885335196379e-6	-179.95530566231312
2.376840286624876	3.423274476799539e-6	-179.9579610752133
2.39883291901949	3.182693465642798e-6	-179.96043456201593
2.4210290467361775	2.9604469702530795e-6	-179.96274023985018
2.4434305526939712	2.7549991614258993e-6	-179.96489097716582
2.4660393372343385	2.5649569710115526e-6	-179.96689851942403
2.48885731828239	2.389055307566327e-6	-179.96877360049828
2.5118864315095797	2.226143975520614e-6	-179.97052604160143
2.535128630497907	2.075176080580539e-6	-179.97216483930032
2.5585858869056453	1.935197734543307e-6	-179.97369824396233
2.582260190634596	1.8053388985114556e-6	-179.9751338297957
2.6061535499988953	1.6848052254072566e-6	-179.9764785574892
2.6302679918953813	1.5728707813524553e-6	-179.97773883032383
2.654605561975539	1.4688715414114232e-6	-179.97892054451566
2.6791683248190314	1.3721995688307901e-6	-179.98002913445092
2.703958364108843	1.2822977986046892e-6	-179.98106961339116
2.7289777828080406	1.1986553562501709e-6	-179.982046610154
2.7542287033381663	1.1208033513412343e-6	-179.98296440221264
2.7797132677592886	1.04831109283095e-6	-179.98382694560334
2.805433637951713	9.807826796636998e-7	-179.98463790198323
2.831391995799379	9.178539257913456e-7	-179.98540066314112
2.8575905433749464	8.591895835811918e-7	-179.98611837322727
2.8840315031266055	8.04480833845855e-7	-179.98679394893827
2.910717118066605	7.5344301442328e-7	-179.98743009786622
2.9376496519615305	7.058135624651626e-7	-179.98802933519715
2.9648313895243423	6.613501484180553e-7	-179.9885939989239
2.992264636608189	6.198289821576083e-7	-179.98912626371984
3.019951720402016	5.810432739102427e-7	-179.9896281536044
3.047894989627983	5.448018345073583e-7	-179.9901015535165
3.076096814740708	5.109278011996914e-7	-179.9905482199009
3.1045595881283554	4.79257476743113e-7	-179.99096979040002
3.1332857243155856	4.4963927077716506e-7	-179.99136779273542
3.162277660168379	4.219327336762553e-7	-179.9917436528534
3.1915378551007616	3.960076740792286e-7	-179.99209870240256
3.2210687912834346	3.7174335221279517e-7	-179.9924341856035
3.250872973854344	3.490277419318112e-7	-179.99275126556546
3.2809529311311905	3.2775685511748775e-7	-179.99305103009883
3.311311214825911	3.07834122713581e-7	-179.99333449706828
3.3419504002611427	2.8916982725014354e-7	-179.9936026193261
3.372873086588689	2.7168058221248235e-7	-179.99385628926234
3.404081897010009	2.5528885406683866e-7	-179.9940963430042
3.4355794789987466	2.3992252316013e-7	-179.9943235642951
3.4673685045253166	2.255144800743823e-7	-179.99453868807936
3.499451670283573	2.1200225434209412e-7	-179.9947424038178
3.53183169791957	1.993276727208134e-7	-179.99493535855626
3.5645113342624426	1.874365444874955e-7	-179.99511815976706
3.5974933515574232	1.7627837144899896e-7	-179.99529137798197
3.630780547701014	1.6580608057717584e-7	-179.99545554923355
3.664375746478333	1.559757773680879e-7	-179.99561117732014
3.6982817978026628	1.4674651819710513e-7	-179.9957587359083
3.732501577957206	1.3808010009702947e-7	-179.99589867048556
3.767037989839089	1.2994086652674353e-7	-179.99603140017504
3.801893963205613	1.222955278247064e-7	-179.9961573194232
3.8370724549227884	1.1511299515639323e-7	-179.99627679956927
3.8725764492161727	1.0836422686864649e-7	-179.99639019030653
3.908408957924021	1.0202208625806655e-7	-179.99649782104322
3.944573020752785	9.606120984592518e-8	-179.99660000217003
3.981071705534973	9.045788532957791e-8	-179.9966970262422
4.0179081084894	8.518993845071201e-8	-179.99678916908158
4.055085354483839	8.023662808473447e-8	-179.9968766908051
4.09260659730011	7.557854891378348e-8	-179.99695983678464
4.130475019901614	7.119754109880499e-8	-179.99703883854366
4.168693834703355	6.707660641437026e-8	-179.99711391459476
4.207266283844442	6.319983035388963e-8	-179.99718527122246
4.24619563946313	5.9552309752978315e-8	-179.99725310321548
4.285485203974396	5.61200855153367e-8	-179.99731759455136
4.325138310350088	5.289008005894636e-8	-179.9973789190374
4.365158322401661	4.985003913093603e-8	-179.99743724091064
4.405548635065534	4.698847766741468e-8	-179.99749271539977
4.446312674691089	4.429462940013577e-8	-179.99754548925156
4.487453899331323	4.175839993527317e-8	-179.99759570122424
4.528975799036209	3.9370323051025935e-8	-179.99764348255025
4.570881896148752	3.7121519980438905e-8	-179.9976889573699
4.613175745603791	3.500366146384772e-8	-179.99773224313873
4.655860935229586	3.3008932371908635e-8	-179.99777345100944
4.698941086052151	3.1129998715366044e-8	-179.9978126861906
4.742419852602444	2.9359976871662603e-8	-179.99785004828362
4.7863009232263805	2.769240487133137e-8	-179.99788563159916
4.830588020397723	2.6121215598902403e-8	-179.99791952545468
4.875284901033861	2.464071177391296e-8	-179.99795181445398
4.920395356814506	2.3245542587601405e-8	-179.99798257875017
4.965923214503357	2.193068188006735e-8	-179.9980118942929
5.01187233627272	2.0691407751161117e-8	-179.99803983306103
5.058246620031137	1.9523283506180665e-8	-179.99806646328182
5.105049999754059	1.8422139844665198e-8	-179.99809184963678
5.152286445817562	1.7384058207225155e-8	-179.99811605345607
5.1999599653351565	1.6405355201490008e-8	-179.99813913290117
5.248074602497723	1.5482568033924707e-8	-179.99816114313725
5.296634438916575	1.4612440879506683e-8	-179.9981821364955
5.345643593969713	1.3791912126095736e-8	-179.99820216262611
5.395106225151273	1.3018102434808707e-8	-179.99822126864265
5.445026528424209	1.2288303561851988e-8	-179.9982394992581
5.495408738576242	1.1599967891098224e-8	-179.99825689691318
5.5462571295791046	1.0950698630242497e-8	-179.9982735018976
5.597576014951099	1.0338240626659323e-8	-179.99828935246418
5.649369748123022	9.760471762126986e-9	-179.9983044849369
5.701642722807472	9.21539488840744e-9	-179.99831893381278
5.754399373371567	8.701130268286688e-9	-179.9983327318579
5.807644175213118	8.215908489106861e-9	-179.99834591019848
5.861381645140285	7.758063818073234e-9	-179.99835849840676
5.9156163417547365	7.326027970708451e-9	-179.99837052458187
5.9703528658383656	6.918324265766874e-9	-179.9983820154268
6.025595860743575	6.533562141723682e-9	-179.99839299632077
6.081350012787176	6.1704320116272316e-9	-179.9984034913877
6.137620051647939	5.827700434659173e-9	-179.99841352356114
6.194410750767812	5.504205584193186e-9	-179.9984231146456
6.251726927756856	5.198852993487798e-9	-179.99843228537435
6.30957344480193	4.91061156140032e-9	-179.99844105546467
6.367955209079155	4.63850980167266e-9	-179.99844944366936
6.426877173170194	4.381632320423675e-9	-179.99845746782623
6.486344335482381	4.139116507491179e-9	-179.99846514490451
6.546361740672747	3.910149428206478e-9	-179.99847249104894
6.6069344800759575	3.693964903059388e-9	-179.9984795216215
6.668067692136219	3.4898407635272016e-9	-179.99848625124096
6.729766562843175	3.297096273101169e-9	-179.9984926938203
6.792036326171843	3.115089703252748e-9	-179.99849886260225
6.854882264526613	2.9432160547426654e-9	-179.99850477019282
6.918309709189362	2.780904915292321e-9	-179.9985104285933
6.9823240407717115	2.6276184452121463e-9	-179.99851584923033
7.046930689671467	2.4828494831183312e-9	-179.99852104298463
7.112135136533288	2.346119764370295e-9	-179.9985260202181
7.177942912713615	2.216978245329239e-9	-179.99853079079958
7.244359600749899	2.094999526974845e-9	-179.99853536412928
7.311390834834173	1.9797823718254598e-9	-179.99853974916203
7.379042301291007	1.8709483084883036e-9	-179.9985439544291
7.447319739059888	1.7681403185227624e-9	-179.99854798805907
7.516228940182053	1.6710216006327909e-9	-179.99855185779785
7.585775750291836	1.5792744075159781e-9	-179.99855557102717
7.655966069112561	1.4925989509880731e-9	-179.99855913478248
7.726805850957022	1.4107123712741878e-9	-179.99856255576998
7.798301105232586	1.3333477666127003e-9	-179.9985658403826
7.870457896950985	1.26025327955646e-9	-179.99856899471536
7.943282347242813	1.1911912365789583e-9	-179.99857202457957
8.01678063387679	1.1259373378021529e-9	-179.998574935517
8.090958991783822	1.064279893858204e-9	-179.9985777328126
8.165823713585922	1.006019107080531e-9	-179.99858042150709
8.241381150130021	9.509663943911937e-10	-179.99858300640872
8.317637711026709	8.989437494123371e-10	-179.99858549210452
8.394599865193973	8.497831414799322e-10	-179.9985878829708
8.472274141405963	8.03325949379247e-10	-179.9985901831835
8.550667128846833	7.594224277537156e-10	-179.9985923967276
8.629785477669701	7.179312042628184e-10	-179.99859452740637
8.709635899560805	6.787188056808592e-10	-179.99859657885003
8.790225168308842	6.416592112375376e-10	-179.99859855452414
8.871560120379607	6.066334316034185e-10	-179.99860045773718
8.953647655495937	5.735291120193227e-10	-179.9986022916484
9.036494737223014	5.422401581586074e-10	-179.99860405927458
9.120108393559097	5.126663833957489e-10	-179.99860576349693
9.204495717531712	4.847131762338296e-10	-179.99860740706768
9.289663867799362	4.5829118671792724e-10	-179.9986089926159
9.375620069258803	4.3331603073116e-10	-179.99861052265356
9.462371613657929	4.0970801113571836e-10	-179.99861199958102
9.549925860214358	3.873918547827045e-10	-179.99861342569213
9.638290236239705	3.6629646447243257e-10	-179.99861480317955
9.727472237769652	3.4635468500108137e-10	-179.99861613413927
9.817479430199844	3.275030824805953e-10	-179.99861742057527
9.908319448927676	3.09681736166629e-10	-179.9986186644039
10.	2.928340420743328e-10	-179.99861986745776
10.092528860766844	2.76906527704071e-10	-179.99862103149
10.18591388054117	2.6184867723891846e-10	-179.9986221581777
10.280162981264736	2.476127666131351e-10	-179.99862324912573
10.375284158180126	2.34153707885953e-10	-179.99862430586987
10.471285480508996	2.2142890238802107e-10	-179.9986253298802
10.568175092136585	2.0939810213890658e-10	-179.9986263225642
10.665961212302578	1.980232790632533e-10	-179.99862728526958
10.76465213629835	1.8726850156065335e-10	-179.99862821928716
10.864256236170656	1.7709981801012063e-10	-179.9986291258534
10.964781961431852	1.6748514681434836e-10	-179.99863000615315
11.066237839776663	1.5839417261179957e-10	-179.99863086132194
11.168632477805613	1.4979824830617693e-10	-179.99863169244827
11.271974561755105	1.4167030258306392e-10	-179.9986325005759
11.37627285823431	1.3398475260256888e-10	-179.99863328670585
11.481536214968829	1.2671742157473626e-10	-179.99863405179855
11.587773561551263	1.198454609413506e-10	-179.99863479677563
11.694993910198711	1.1334727690365335e-10	-179.9986355225218
11.803206356517286	1.0720246105043318e-10	-179.9986362298866
11.912420080273739	1.0139172485503381e-10	-179.99863691968616
12.022644346174118	9.589683782308735e-11	-179.99863759270463
12.133888504649763	9.070056908523872e-11	-179.99863824969586
12.246161992650476	8.578663224091499e-11	-179.99863889138493
12.359474334445094	8.113963327023658e-11	-179.99863951846945
12.47383514242942	7.674502134161764e-11	-179.99864013162107
12.589254117941662	7.258904235241267e-11	-179.99864073148674
12.705741052085406	6.865869504922854e-11	-179.99864131869026
12.823305826560205	6.494168958324154e-11	-179.9986418938333
12.941958414499851	6.142640836407033e-11	-179.9986424574971
13.061708881318404	5.8101869083502446e-11	-179.99864301024374
13.182567385564061	5.495768978766673e-11	-179.99864355261752
13.304544179780901	5.198405588311971e-11	-179.9986440851469
13.427649611378628	4.917168896879912e-11	-179.99864460834652
13.551894123510351	4.651181739190512e-11	-179.9986451227195
13.67728825595848	4.3996148431536005e-11	-179.99864562876078
13.803842646028839	4.161684201934025e-11	-179.99864612696194
13.931568029453022	3.9366485911579875e-11	-179.99864661781817
14.060475241299129	3.723807223185374e-11	-179.99864710183917
14.190575216890911	3.522497530833392e-11	-179.9986475795684
14.321878992735424	3.3320930733770436e-11	-179.99864805161687
14.454397707459265	3.152001558080778e-11	-179.99864851872883
14.588142602753473	2.981662970953608e-11	-179.99864898191848
14.723125024327178	2.8205478109244883e-11	-179.99864944278346
14.859356422870059	2.6681554223906396e-11	-179.99864990431698
14.996848355023726	2.5240124228202053e-11	-179.99865037338884
15.135612484362072	2.3876712283582667e-11	-179.99865087040234
15.275660582380716	2.25870871676797e-11	-179.99865148551666
15.417004529495584	2.136725518765546e-11	-179.9986531851345
15.559656316050734	2.0213283312862764e-11	-179.9986717014068
15.703628043335515	1.9121931347543305e-11	-179.99865308729787
15.848931924611126	1.8089543709157707e-11	-179.99865307005734
15.995580286146678	1.7112986062651142e-11	-179.99865339162992
16.143585568264854	1.618923568932724e-11	-179.99865377292656
16.292960326397214	1.5315431699187083e-11	-179.99865417175977
16.443717232149307	1.4488868177352104e-11	-179.9986545769996
16.595869074375596	1.370698606339266e-11	-179.99865498482305
16.749428760264365	1.2967365234126888e-11	-179.99865539373613
16.90440931643263	1.2267716962389418e-11	-179.9986558031437
17.060823890031227	1.16058767706221e-11	-179.9986562128466
17.21868574986006	1.0979797668808407e-11	-179.998656622838
17.378008287493746	1.038754375945651e-11	-179.99865703321137
17.5388050184176	9.827284190952555e-12	-179.99865744411574
17.701089583174202	9.297287440786073e-12	-179.9986578557322
17.864875748520497	8.795915910827873e-12	-179.9986582682611
18.03017740859568	8.321620817673506e-12	-179.9986586819147
18.197008586099827	7.87293736193246e-12	-179.9986590969128
18.365383433483455	7.448480161197999e-12	-179.99865951348028
18.535316234148105	7.046938932256358e-12	-179.9986599318453
18.706821403657997	6.667074408881265e-12	-179.99866035223857
18.879913490962927	6.3077144823069e-12	-179.99866077489267
19.054607179632463	5.967750552181154e-12	-179.99866120004177
19.230917289101576	5.646134076471262e-12	-179.99866162792156
19.408858775927772	5.3418733094281004e-12	-179.99866205876918
19.58844673505989	5.054030217314367e-12	-179.99866249282329
19.769696401118598	4.781717562168648e-12	-179.99866293032414
19.952623149688787	4.524096144411917e-12	-179.99866337151386
20.137242498623873	4.280372195609063e-12	-179.99866381663648
20.32357010936221	4.049794913175244e-12	-179.99866426593823
20.511621788255646	3.831654129268306e-12	-179.99866471966772
20.701413487910415	3.625278106534625e-12	-179.99866517807624
20.892961308540386	3.4300314537786185e-12	-179.99866564141792
21.086281499332888	3.2453131550064067e-12	-179.99866610995005
21.28139045982711	3.0705547056536906e-12	-179.9986665839333
21.47830474130533	2.9052183501474638e-12	-179.998667063632
21.67704104819694	2.74879541527205e-12	-179.99866754931446
21.87761623949552	2.600804734113062e-12	-179.99866804125318
22.080047330188993	2.4607911556393223e-12	-179.99866853972526
22.28435149270303	2.328324135253415e-12	-179.99866904501258
22.490546058357804	2.202996401897356e-12	-179.99866955740222
22.698648518838212	2.0844226975413305e-12	-179.9986700771867
22.908676527677724	1.9722385851119034e-12	-179.9986706046643
23.12064790175594	1.866099321131931e-12	-179.99867114013952
23.33458062281002	1.7656787895481066e-12	-179.99867168392333
23.55049283896009	1.6706684934149718e-12	-179.9986722363335
23.76840286624876	1.580776601286143e-12	-179.9986727976951
23.9883291901949	1.4957270453357636e-12	-179.99867336834075
24.210290467361776	1.4152586683956476e-12	-179.99867394861113
24.434305526939713	1.3391244172474316e-12	-179.99867453885537
24.660393372343385	1.267090579654263e-12	-179.99867513943138
24.888573182823905	1.198936062753844e-12	-179.99867575070644
25.118864315095795	1.1344517105644515e-12	-179.99867637305758
25.351286304979073	1.0734396584781933e-12	-179.99867700687207
25.58585886905645	1.0157127227317008e-12	-179.99867765254794
25.82260190634596	9.610938229540339e-13	-179.9986783104945
26.06153549998895	9.094154359951695e-13	-179.99867898113294
26.302679918953814	8.605190793363329e-13	-179.9986796648967
26.54605561975539	8.14254822476022e-13	-179.9986803622323
26.791683248190314	7.704808247729937e-13	-179.99868107359987
27.039583641088434	7.290628983102836e-13	-179.99868179947373
27.289777828080403	6.898740944224017e-13	-179.9986825403431
27.542287033381662	6.527943126018414e-13	-179.998683296713
27.797132677592884	6.177099305708628e-13	-179.99868406910466
28.05433637951713	5.845134543705656e-13	-179.99868485805652
28.31391995799379	5.531031873817279e-13	-179.998685664125
28.575905433749465	5.233829172509127e-13	-179.99868648788535
28.84031503126606	4.952616197511416e-13	-179.99868732993252
29.10717118066605	4.686531786592416e-13	-179.9986881908822
29.376496519615305	4.4347612078180835e-13	-179.99868907137173
29.648313895243422	4.1965336530894043e-13	-179.99868997206107
29.92264636608189	3.971119867194695e-13	-179.99869089363415
30.19951720402016	3.757829905035847e-13	-179.99869183679976
30.4789498962798	3.556011010086181e-13	-179.9986928022929
30.76096814740705	3.3650456075143776e-13	-179.9986937908761
31.045595881283525	3.1843494057658117e-13	-179.9986948033407
31.332857243155825	3.0133696007288297e-13	-179.9986958405083
31.62277660168376	2.851583176933075e-13	-179.9986969032323
31.91537855100758	2.6984953005275556e-13	-179.99869799239946
32.21068791283432	2.5536377990715507e-13	-179.9986991089316
32.50872973854341	2.4165677234405276e-13	-179.99870025378743
32.80952931131187	2.286865987404212e-13	-179.99870142796433
33.11311214825908	2.1641360806748102e-13	-179.9987026325005
33.41950400261139	2.0480028514511165e-13	-179.99870386847695
33.72873086588685	1.9381113546997388e-13	-179.9987051370198
34.040818970100055	1.8341257626183817e-13	-179.99870643930262
34.35579478998743	1.7357283339187242e-13	-179.99870777654905
34.67368504525313	1.642618438748654e-13	-179.99870915003532
34.994516702835696	1.554511636245895e-13	-179.99871056109322
35.318316979195664	1.471138801877967e-13	-179.99871201111313
35.64511334262439	1.3922453018775187e-13	-179.99871350154714
35.9749335155742	1.3175902122277841e-13	-179.99871503391253
36.3078054770101	1.2469455797907428e-13	-179.99871660979545
36.64375746478329	1.1800957233008055e-13	-179.99871823085465
36.98281797802659	1.1168365720702617e-13	-179.9987198988258
37.32501577957203	1.056975040369103e-13	-179.9987216155258
37.670379898390856	1.0003284355522516e-13	-179.99872338285746
38.01893963205609	9.467238981113779e-14	-179.99872520281454
38.370724549227845	8.959978719271744e-14	-179.99872707748713
38.72576449216169	8.479956030911697e-14	-179.99872900906738
39.08408957924017	8.025706657544305e-14	-179.9987309998556
39.44573020752781	7.595845135438758e-14	-179.99873305226697
39.81071705534969	7.189060551658902e-14	-179.99873516883832
40.17908108489396	6.804112528915176e-14	-179.99873735223588
40.55085354483835	6.439827426881318e-14	-179.99873960526327
40.92606597300105	6.095094748292431e-14	-179.9987419308702
41.304750199016105	5.768863738772441e-14	-179.99874433216195
41.68693834703351	5.460140169936507e-14	-179.99874681240902
42.07266283844438	5.167983295878545e-14	-179.9987493750584
42.46195639463126	4.891502973689e-14	-179.99875202374477
42.85485203974392	4.6298569391528954e-14	-179.99875476230332
43.251383103500835	4.3822482292566407e-14	-179.99875759478311
43.65158322401656	4.147922743584294e-14	-179.99876052546165
44.0554863506553	3.926166937111667e-14	-179.99876355886067
44.46312674691084	3.716305637311295e-14	-179.99876669976317
44.87453899331318	3.517699978864141e-14	-179.99876995323189
45.28975799036204	3.3297454496358474e-14	-179.99877332462904
45.708818961487474	3.1518700419179236e-14	-179.99877681963827
46.13175745603791	2.983532503258042e-14	-179.99878044428792
46.55860935229586	2.824220681510251e-14	-179.99878420497663
46.98941086052151	2.6734499590256553e-14	-179.99878810850097
47.42419852602443	2.5307617711783797e-14	-179.99879216208583
47.8630092322638	2.395722204681028e-14	-179.99879637341715
48.30588020397723	2.2679206713891066e-14	-179.99880075067787
48.7528490103386	2.1469686535262737e-14	-179.99880530258713
49.20395356814506	2.032498516481531e-14	-179.99881003844322
49.65923214503358	1.924162385537446e-14	-179.99881496817042
50.118723362727195	1.8216310830849364e-14	-179.9988201023708
50.58246620031137	1.724593123065974e-14	-179.99882545238145
51.0504999975406	1.632753759561663e-14	-179.99883103034205
51.52286445817562	1.5458340866091865e-14	-179.99883684930367
51.99959965335157	1.4635701864783285e-14	-179.9988429232949
52.48074602497723	1.3857123238532817e-14	-179.99884926653763
52.966344389165755	1.3120241833296083e-14	-179.9988558959129
53.45643593969714	1.2422821480221085e-14	-179.99886282849351
53.95106225151273	1.1762746170112e-14	-179.99887008285071
54.450265284242086	1.1138013595324655e-14	-179.9988776790331
54.95408738576243	1.0546729039499468e-14	-179.99888563868086
55.462571295791044	9.987099596373086e-15	-179.99889398517604
55.97576014951099	9.457428699977938e-15	-179.9989027438126
56.49369748123023	8.956110949496975e-15	-179.99891194198747
57.01642722807472	8.481627212947267e-15	-179.99892160941388
57.543993733715666	8.032539994725922e-15	-179.99893177836123
58.07644175213118	7.60748905286756e-15	-179.99894248392445
58.61381645140285	7.205187252637372e-15	-179.99895376432826
59.15616341754737	6.824416643828316e-15	-179.99896566127185
59.70352865838366	6.464024749858795e-15	-179.99897822032463
60.255958607435744	6.122921057536251e-15	-179.99899149139213
60.81350012787176	5.800073697385308e-15	-179.99900552931177
61.37620051647939	5.4945063069826694e-15	-179.9990203948663
61.94410750767812	5.205295084789403e-15	-179.99903615877935
62.51726927756855	4.931566381589105e-15	-179.99905301815195
63.0957344480193	4.672490416206199e-15	-179.99907069943956
63.67955209079155	4.427288748819955e-15	-179.99908954081306
64.26877173170195	4.195218831719703e-15	-179.99910966626447
64.86344335482381	3.975580487909732e-15	-179.9991311370303
65.46361740672747	3.767711129084356e-15	-179.9991540715105
66.06934480075958	3.570983940517663e-15	-179.9991786047354
66.68067692136219	3.3848060037940204e-15	-179.999204888287
67.29766562843174	3.2086165117063786e-15	-179.99923309233273
67.92036326171844	3.0418850814316247e-15	-179.9992634083131
68.54882264526613	2.8841101632321897e-15	-179.9992960521789
69.18309709189363	2.7348175409545455e-15	-179.99933126824277
69.82324040771712	2.5935589207207977e-15	-179.99936933376634
70.46930689671467	2.4599106045880447e-15	-179.9994105644407
71.12135136533288	2.33347224643203e-15	-179.99945532096348
71.77942912713615	2.213865687873214e-15	-179.9995040169694
72.44359600749898	2.100733872717287e-15	-179.99955712864258
73.11390834834172	1.993739839156339e-15	-179.99961520643032
73.79042301291008	1.892565789913665e-15	-179.99967888940125
74.47319739059888	1.7969122416733517e-15	-179.99974892295342
75.16228940182053	1.7064972565990202e-15	-179.99982618079653
75.85775750291836	1.6210557606305349e-15	-179.99991169243202
76.55966069112561	1.5403389557192054e-15	179.99999332223896
77.26805850957021	1.4641138364600014e-15	179.9998874089815
77.98301105232578	1.3921628260509856e-15	179.99976882297614
78.70457896950977	1.3242835526699161e-15	179.99963545613474
79.43282347242805	1.2602887959761578e-15	179.99948474224777
80.16780633876782	1.2000066456961608e-15	179.9993135318706
80.90958991783813	1.1432809319521852e-15	179.99911792536608
81.65823713585914	1.0899720130166002e-15	179.9988930472741
82.41381150130013	1.0399580451423259e-15	179.99863273714084
83.176377110267	9.93136918646765e-16	179.99832911939095
83.94599865193965	9.494291373554873e-16	179.99797199479937
84.72274141405954	9.087820670971624e-16	179.9975479633922
85.50667128846823	8.71176222908023e-16	179.9970391336875
86.29785477669692	8.366346772607943e-16	179.9964211782527
87.09635899560797	8.052373934215831e-16	179.99566032586586
87.90225168308834	7.771435996941015e-16	179.99470856549968
88.71560120379598	7.526278110175379e-16	179.99349572619133
89.53647655495928	7.321400825076906e-16	179.9919158495767
90.36494737223005	7.16411649817252e-16	179.9898025690409
91.20108393559087	7.066512491548745e-16	179.98688191553174
92.04495717531702	7.049376843475201e-16	179.9826749607029
92.89663867799354	7.150827242992274e-16	179.97627717993794
93.75620069258792	7.447849876323532e-16	179.96579149335886
94.6237161365792	8.120754069024582e-16	179.94658629864648
95.4992586021435	9.709875356331574e-16	179.90420181058232
96.38290236239695	1.4894709948051318e-15	179.76438315276144
97.2747223776964	8.581100210848892e-14	155.1077178180816
98.17479430199833	7.466338836354691e-16	0.4448125033037574
99.08319448927665	2.0578827383530387e-16	0.37749823665369103
99.9999999999999	3.804573535291018e-17	0.8535858779287417