0.01000000000000001	0.006648811160600025	-4.116327478690613
0.010092528860766855	0.0066504316206678835	-4.117948212921824
0.01018591388054118	0.006652083175338914	-4.11959976028699
0.010280162981264745	0.006653766440010077	-4.1212827296520285
0.010375284158180138	0.006655482042972277	-4.122997742699065
0.010471285480509006	0.0066572306257080575	-4.124745434225035
0.010568175092136596	0.006659012843196795	-4.126526452448587
0.01066596121230259	0.006660829364227748	-4.128341459324701
0.010764652136298361	0.006662680871722043	-4.13019113086817
0.010864256236170667	0.006664568063062838	-4.132076157486055
0.010964781961431863	0.006666491650434525	-4.133997244318751
0.011066237839776675	0.006668452361171236	-4.1359551115906505
0.011168632477805623	0.006670450938114831	-4.1379504949710695
0.011271974561755117	0.006672488139982386	-4.139984145944013
0.011376272858234322	0.006674564741744021	-4.142056832189227
0.01148153621496884	0.006676681535011363	-4.144169337973797
0.011587773561551273	0.006678839328436192	-4.146322464554163
0.011694993910198724	0.006681038948120953	-4.148517030590464
0.01180320635651731	0.006683281238039939	-4.150753872571457
0.011912420080273762	0.006685567060473266	-4.1530338452532085
0.012022644346174144	0.006687897296452294	-4.155357822108722
0.012133888504649786	0.0066902728462181265	-4.157726695791654
0.012246161992650502	0.006692694629693334	-4.160141378613047
0.01235947433444512	0.006695163586966915	-4.162602803032223
0.012473835142429446	0.006697680678793543	-4.165111922161794
0.012589254117941687	0.006700246887106885	-4.167669710287723
0.012705741052085433	0.006702863215548646	-4.170277163404941
0.012823305826560232	0.006705530690012367	-4.172935299768548
0.01294195841449987	0.006708250359203622	-4.175645160462079
0.013061708881318424	0.006711023295217138	-4.178407809982258
0.013182567385564082	0.006713850594130397	-4.181224336842082
0.01330454417978092	0.006716733376615516	-4.184095854191765
0.013427649611378649	0.0067196727885696595	-4.187023500458918
0.01355189412351037	0.006722670001764226	-4.190008440008664
0.013677288255958502	0.00672572621451393	-4.193051863823605
0.013803842646028859	0.006728842652366542	-4.19615499020549
0.013931568029453043	0.0067320205688138944	-4.199319065498905
0.01406047524129915	0.006735261246024469	-4.202545364837112
0.014190575216890933	0.0067385659955994095	-4.205835192911984
0.014321878992735446	0.0067419361593517085	-4.209189884768416
0.014454397707459286	0.006745373110110729	-4.212610806624487
0.014588142602753497	0.006748878252551021	-4.2160993567170735
0.014723125024327202	0.006752453024048645	-4.219656966175772
0.014859356422870082	0.006756098895564712	-4.223285099925046
0.014996848355023748	0.0067598173725567905	-4.226985257615624
0.015135612484362095	0.006763609995920818	-4.230758974587145
0.015275660582380739	0.006767478342963238	-4.234607822862134
0.015417004529495607	0.0067714240284046795	-4.238533412173648
0.015559656316050758	0.006775448705418019	-4.24253739102716
0.01570362804333554	0.006779554066699509	-4.246621447798145
0.015848931924611148	0.006783741845576534	-4.250787311867082
0.015995580286146702	0.006788013817152565	-4.255036754793465
0.016143585568264878	0.0067923717994908175	-4.259371591529871
0.016292960326397238	0.006796817654837648	-4.263793681677849
0.01644371723214933	0.006801353290888851	-4.268304930787992
0.016595869074375623	0.006805980662099035	-4.2729072917051925
0.01674942876026439	0.0068107017710361695	-4.277602765961403
0.016904409316432657	0.006815518669784021	-4.282393405217638
0.017060823890031253	0.006820433461393422	-4.287281312757441
0.017218685749860088	0.006825448301384899	-4.292268645034169
0.017378008287493772	0.006830565399305005	-4.297357613273941
0.01753880501841763	0.0068357870203380015	-4.302550485136974
0.01770108958317423	0.006841115486975864	-4.307849586439303
0.017864875748520526	0.006846553180748693	-4.313257302938692
0.018030177408595707	0.006852102544018572	-4.318776082185884
0.018197008586099853	0.006857766081838994	-4.324408435445753
0.018365383433483484	0.00686354636388301	-4.330156939689252
0.018535316234148135	0.006869446026443731	-4.336024239662314
0.018706821403658026	0.006875467774509299	-4.342013050032292
0.018879913490962956	0.006881614383915858	-4.34812615761659
0.019054607179632494	0.006887888703583242	-4.3543664236979644
0.019230917289101597	0.006894293657835408	-4.360736786428834
0.019408858775927792	0.006900832248810332	-4.367240263330211
0.01958844673505991	0.006907507558963434	-4.3738799538883155
0.01976969640111862	0.00691432275366859	-4.380659042254217
0.01995262314968881	0.006921281083921765	-4.387580800051393
0.020137242498623895	0.006928385889150739	-4.394648589295609
0.02032357010936223	0.006935640600137968	-4.4018658654328116
0.020511621788255666	0.006943048742059859	-4.409236180501215
0.020701413487910436	0.00695061393764897	-4.416763186422111
0.02089296130854041	0.006958339910485526	-4.424450638427317
0.02108628149933291	0.0069662304884231295	-4.432302398628676
0.021281390459827135	0.006974289607156589	-4.440322439737066
0.021478304741305354	0.006982521313937036	-4.44851484893801
0.02167704104819696	0.006990929771444405	-4.4568838319327035
0.02187761623949554	0.006999519261821405	-4.465433717150452
0.022080047330189013	0.007008294190880564	-4.474168960144017
0.022284351492703053	0.007017259092490378	-4.483094148175046
0.022490546058357826	0.007026418633151192	-4.49221400500017
0.022698648518838235	0.00703577761676967	-4.501533395867341
0.022908676527677748	0.007045340989643078	-4.511057332735219
0.023120647901755963	0.007055113845662063	-4.520790979724244
0.023334580622810044	0.0070651014317469375	-4.530739658815083
0.023550492838960112	0.007075309153525043	-4.540908855803817
0.023768402866248782	0.007085742581266831	-4.551304226531388
0.02398832919019492	0.007096407456090251	-4.561931603398578
0.0242102904673618	0.007107309696450886	-4.572797002184865
0.02443430552693974	0.007118455404931335	-4.583906629185676
0.024660393372343412	0.007129850875347669	-4.595266888686825
0.02488857318282393	0.0071415026001890045	-4.606884390794354
0.025118864315095822	0.007153417278409544	-4.618765959639442
0.025351286304979098	0.007165601823592715	-4.630918641980388
0.02558585886905648	0.007178063372508113	-4.643349716223001
0.025822601906345985	0.007190809294083073	-4.656066701884123
0.026061535499988978	0.007203847198814186	-4.66907736952449
0.026302679918953843	0.007217184948642019	-4.6823897511762596
0.026546055619755416	0.00723083066731782	-4.696012151296656
0.026791683248190343	0.007244792751289425	-4.709953158276693
0.027039583641088463	0.007259079881138948	-4.724221656540008
0.027289777828080432	0.007273701033603238	-4.738826839265473
0.02754228703338169	0.007288665494213797	-4.753778221773462
0.02779713267759291	0.007303982870592136	-4.76908565561406
0.02805433637951716	0.007319663106442197	-4.784759343402841
0.028313919957993816	0.007335716496282043	-4.8008098544488815
0.028575905433749497	0.007352153700960637	-4.8172481412261545
0.028840315031266085	0.007368985764010229	-4.8340855567412655
0.02910717118066608	0.007386224128885286	-4.851333872854063
0.029376496519615335	0.007403880657146714	-4.869005299614258
0.029648313895243455	0.007421967647651426	-4.88711250567848
0.02992264636608192	0.007440497856812576	-4.905668639880367
0.030199517204020192	0.007459484520001186	-4.924687354028599
0.03047894989627986	0.007478941374165097	-4.9441828270164985
0.03076096814740711	0.007498882681746138	-4.964169790330939
0.031045595881283587	0.00751932325598362	-4.9846635550559695
0.03133285724315589	0.007540278487699823	-5.005680040475387
0.031622776601683826	0.007561764373667342	-5.027235804383587
0.03191537855100765	0.007583797546670984	-5.049348075226322
0.03221068791283438	0.007606395307381595	-5.07203478620029
0.03250872973854347	0.007629575658170977	-5.095314611452095
0.03280952931131194	0.007653357339007905	-5.1192070045291
0.03311311214825915	0.0076777598655844515	-5.143732239245711
0.03341950400261146	0.007702803569838209	-5.168911453144927
0.03372873086588692	0.007728509643044818	-5.1947666937479955
0.034040818970100126	0.007754900181675989	-5.221320967802772
0.0343557947899875	0.007781998236229216	-5.248598293759751
0.0346736850452532	0.007809827863258164	-5.276623757724076
0.034994516702835765	0.007838414180849839	-5.305423573154835
0.035318316979195734	0.007867783427817807	-5.335025144607187
0.03564511334262446	0.007897963026904799	-5.365457135838516
0.03597493351557427	0.00792898165231417	-5.396749542630802
0.03630780547701017	0.007960869301920371	-5.428933770714016
0.03664375746478335	0.007993657374539977	-5.462042719209936
0.03698281797802665	0.008027378752680808	-5.496110870058357
0.037325015779572084	0.008062067891227665	-5.531174383928598
0.037670379898390914	0.008097760912565916	-5.56727120317236
0.038018939632056145	0.008134495708693543	-5.604441162424848
0.0383707245492279	0.008172312050928325	-5.6427261075247195
0.038725764492161745	0.008211251707872954	-5.682170023488058
0.03908408957924023	0.008251358572374627	-5.72281917235133
0.03944573020752787	0.008292678798284518	-5.764722241776906
0.039810717055349755	0.008335260947909776	-5.807930505413547
0.04017908108489402	0.008379156151145147	-5.852497996107317
0.040550853544838415	0.008424418277372196	-5.898481693175546
0.040926065973001115	0.008471104121337033	-5.945941725092425
0.041304750199016166	0.008519273604344237	-5.994941589078624
0.04168693834703357	0.008568989992257943	-6.045548389260777
0.04207266283844444	0.008620320131963986	-6.0978330952500395
0.04246195639463132	0.008673334708137387	-6.151870823207531
0.042854852039743985	0.008728108522374073	-6.207741141703187
0.04325138310350091	0.00878472079698095	-6.265528404947481
0.04365158322401663	0.008843255505998017	-6.325322116290562
0.044055486350655364	0.008903801736330283	-6.387217325231328
0.04446312674691091	0.008966454082222535	-6.451315061587034
0.04487453899331325	0.009031313076708306	-6.517722810927349
0.04528975799036211	0.009098485664124533	-6.5865550359095595
0.04570881896148754	0.009168085718304332	-6.657933748747299
0.04613175745603798	0.009240234611659263	-6.73198914074099
0.04655860935229591	0.009315061841051844	-6.808860275591558
0.04698941086052156	0.009392705717145773	-6.888695854136244
0.04742419852602448	0.009473314124839273	-6.97165505920864
0.04786300923226385	0.00955704536342786	-7.057908490545601
0.04830588020397728	0.009644069076375963	-7.147639201101517
0.04875284901033865	0.009734567281972693	-7.241043847774099
0.04920395356814511	0.009828735517805795	-7.338333971497823
0.04965923214503363	0.009926784113890808	-7.4397374239138125
0.05011872336272725	0.010028939611537098	-7.545499960490288
0.05058246620031143	0.010135446347649799	-7.655887023085055
0.051050499997540646	0.010246568227250395	-7.771185738638574
0.05152286445817567	0.010362590710616336	-7.891707165034623
0.05199959965335162	0.010483823045732607	-8.017788820354827
0.052480746024977286	0.010610600781811128	-8.149797537906794
0.05296634438916581	0.010743288605660655	-8.288132696770596
0.05345643593969719	0.010882283549871315	-8.433229886433692
0.05395106225151279	0.011028018630341582	-8.585565074685999
0.05445026528424214	0.011180966980973914	-8.74565936077143
0.05495408738576248	0.011341646565719567	-8.914084411302882
0.0554625712957911	0.01151062556308082	-9.091468695337918
0.05597576014951104	0.011688528536251519	-9.278504658080228
0.05649369748123028	0.011876043524032279	-9.475957000967297
0.05701642722807478	0.012073930214432314	-9.68467227077235
0.05754399373371572	0.012283029395640377	-9.905590003504415
0.05807644175213124	0.01250427391929337	-10.139755722561722
0.05861381645140291	0.012738701460585493	-10.388336157670368
0.05915616341754743	0.012987469421148609	-10.652637135403557
0.05970352865838372	0.013251872396855956	-10.934124698492461
0.06025595860743581	0.013533362727679507	-11.234450146273657
0.060813500127871824	0.0138335747654646	-11.555479861189628
0.061376200516479455	0.014154353644393197	-11.899331007981967
0.06194410750767818	0.014497789526119619	-12.268414478769007
0.06251726927756862	0.014866258527457911	-12.665486829935466
0.06309573444801936	0.015262471836060623	-13.093713444674307
0.06367955209079162	0.015689534894868018	-13.55674579792798
0.064268771731702	0.016151019008649473	-14.05881655329284
0.06486344335482389	0.016651048317961478	-14.604857360145203
0.06546361740672754	0.01719440582084164	-15.20064574980252
0.06606934480075964	0.01778666302004883	-15.852989599551655
0.06668067692136226	0.01843433883828579	-16.56996044928004
0.06729766562843183	0.01914509464064144	-17.361190804568942
0.0679203632617185	0.019927973407502183	-18.23825583933771
0.0685488226452662	0.020793691993664192	-19.215167158575646
0.0691830970918937	0.021754995268466484	-20.309016200863255
0.06982324040771719	0.022827078209871492	-21.54081830320057
0.07046930689671474	0.024028073500990607	-22.936626272665134
0.07112135136533296	0.02537958125822141	-24.52900487834969
0.07177942912713622	0.02690717088171898	-26.358983504832466
0.07244359600749906	0.028640686097120206	-28.478626458337054
0.0731139083483418	0.030613981253155204	-30.954358427171798
0.07379042301291015	0.03286331313514193	-33.87110223350595
0.07447319739059896	0.03542284358415009	-37.33699687025356
0.07516228940182061	0.038314355972635154	-41.487676430989765
0.07585775750291844	0.041526299324719636	-46.48723873013796
0.07655966069112569	0.04497569417869245	-52.51928582551058
0.07726805850957029	0.04845002669851634	-59.75559485278712
0.07798301105232593	0.05154701616290927	-68.28633014830366
0.07870457896950993	0.05367881921545636	-78.01008273146618
0.07943282347242822	0.05424236727582728	-88.53575293457757
0.08016780633876798	0.05294477603276913	-99.20971826985271
0.0809095899178383	0.0500183363051013	-109.32340878533064
0.0816582371358593	0.04607751371521418	-118.36482303128753
0.0824138115013003	0.04177446351893452	-126.12228379514151
0.08317637711026717	0.03757173930013652	-132.6226323290809
0.08394599865193982	0.033711616334064276	-138.01546124702253
0.08472274141405972	0.03028041554760924	-142.48516265301092
0.08550667128846841	0.027278947355091846	-146.20575428775928
0.0862978547766971	0.024669924601096866	-149.32467718721003
0.08709635899560814	0.022403775303074715	-151.9608177092338
0.08790225168308852	0.020430837291629842	-154.2079461214553
0.08871560120379617	0.01870628665794073	-156.1394514482632
0.08953647655495947	0.017191564955099974	-157.81277193030795
0.09036494737223023	0.015854271755671185	-159.27305343271362
0.09120108393559107	0.014667476523130121	-160.5560120969006
0.09204495717531722	0.013608884546873872	-161.69012048818306
0.09289663867799372	0.012660039390375763	-162.6982608333707
0.09375620069258811	0.011805626800587268	-163.5989727877284
0.09462371613657934	0.011032893023529932	-164.40739746355933
0.09549925860214364	0.01033116937926954	-165.1359951896838
0.0963829023623971	0.009691487974610313	-165.79509470268286
0.09727472237769656	0.009106272578410233	-166.39331633879962
0.09817479430199849	0.008569090226330468	-166.93790055095016
0.09908319448927681	0.008074451378019463	-167.43496483494866
0.10000000000000005	0.007617648705379192	-167.88970614252574
0.10092528860766849	0.007194626578131104	-168.30656148232558
0.10185913880541175	0.006801874964551842	-168.68933621323308
0.10280162981264741	0.006436342796063932	-169.04130718889903
0.10375284158180131	0.006095366898683969	-169.36530618195755
0.10471285480509002	0.005776613422043309	-169.66378773183197
0.1056817509213659	0.00547802934363503	-169.93888460001835
0.10665961212302584	0.005197802130904517	-170.19245329426107
0.10764652136298355	0.004934326038144169	-170.4261115754055
0.10864256236170661	0.004686173823668687	-170.64126944253252
0.10964781961431856	0.004452072914787835	-170.83915477012863
0.1106623783977667	0.004230885238581937	-171.02083452128562
0.11168632477805618	0.004021590086967063	-171.18723226529696
0.1127197456175511	0.003823269503870753	-171.33914257315487
0.11376272858234315	0.0036350957773608654	-171.47724274027567
0.11481536214968835	0.003456320695537235	-171.60210218458732
0.11587773561551268	0.003286266285992583	-171.71418978392603
0.11694993910198717	0.0031243168078165496	-171.81387934472957
0.11803206356517304	0.0029699118049226754	-171.90145333033928
0.11912420080273756	0.00282254006182721	-171.9771049184189
0.12022644346174137	0.002681734329410798	-172.04093839988846
0.1213388850464978	0.002547066709822938	-172.09296787320915
0.12246161992650495	0.002418144607483757	-172.13311412443954
0.12359474334445113	0.0022946071678302937	-172.16119951125108
0.12473835142429439	0.0021761221376439626	-172.17694058318216
0.1258925411794168	0.002062383090944823	-172.17993806451346
0.12705741052085426	0.001953106972937688	-172.1696636918367
0.12823305826560225	0.0018480319216455207	-172.14544322406135
0.1294195841449987	0.0017469153329320894	-172.10643471202877
0.13061708881318423	0.0016495321398049584	-172.05160080485203
0.1318256738556408	0.0015556732813908343	-171.97967344695925
0.13304544179780922	0.0014651443409576049	-171.88910873407858
0.13427649611378642	0.0013777643359773346	-171.77802887406173
0.13551894123510363	0.001293364646662831	-171.64414702715
0.13677288255958495	0.0012117880728624057	-171.48466910652846
0.13803842646028852	0.0011328880129339131	-171.2961641309931
0.13931568029453034	0.0010565277626190747	-171.07439100004802
0.14060475241299142	0.0009825799375890723	-170.8140638920427
0.14190575216890927	0.0009109260311808483	-170.50852966955557
0.1432187899273544	0.0008414561304991083	-170.14931665532575
0.1445439770745928	0.0007740688323487906	-169.7254912854127
0.1458814260275349	0.0007086714305413644	-169.22272084981887
0.14723125024327194	0.0006451804977356301	-168.62187437617703
0.14859356422870074	0.0005835230773489901	-167.89687546813428
0.1499684835502374	0.0005236388737929316	-167.01130131327488
0.15135612484362088	0.00046548416807030225	-165.91279629737338
0.15275660582380732	0.00040903888711907034	-164.5235021263157
0.154170045294956	0.0003543197994782829	-162.7228447274487
0.1555965631605075	0.0003014064596883003	-160.3147758235815
0.15703628043335532	0.0002504958782082137	-156.96130707329064
0.15848931924611143	0.0002020280857989734	-152.0382654589451
0.15995580286146696	0.000157004172741724	-144.30659806012298
0.1614358556826487	0.00011785661807347827	-131.21896754526145
0.1629296032639723	0.00009057325814927027	-108.56361357832203
0.16443717232149324	0.00008536902604126825	-77.12657649598577
0.16595869074375613	0.00010424793535303421	-50.75149545977881
0.16749428760264382	0.0001367187977950453	-34.97773902774989
0.1690440931643265	0.00017473798696197886	-25.83592244498542
0.17060823890031243	0.00021490790388391362	-20.15491945909784
0.17218685749860077	0.0002558553600131671	-16.359438396785862
0.17378008287493762	0.0002969774239357138	-13.671680456372679
0.1753880501841762	0.00033798879620941513	-11.680612070569689
0.1770108958317422	0.0003787494953272789	-10.15293503033585
0.17864875748520517	0.00041919232732068735	-8.947747076810733
0.180301774085957	0.0004592893463360778	-7.9754154834652295
0.18197008586099844	0.0004990350662335792	-7.176405111250036
0.18365383433483473	0.000538437491665899	-6.509715727687279
0.18535316234148125	0.0005775130657025223	-5.9462352667278076
0.18706821403658017	0.0006162836995594834	-5.46474649049747
0.18879913490962946	0.0006547749668165461	-5.049434522004411
0.19054607179632482	0.000693014977986344	-4.688278748250379
0.19230917289101596	0.0007310336680233508	-4.371984809262632
0.19408858775927793	0.0007688623431090843	-4.093256965105856
0.19588446735059908	0.0008065333953308913	-3.8462910372756087
0.1976969640111862	0.0008440801292857698	-3.6264138749499772
0.19952623149688808	0.0008815366654483324	-3.4298223383330444
0.20137242498623895	0.0009189378977507165	-3.2533912337947086
0.2032357010936223	0.0009563194906682279	-3.09452989221543
0.20511621788255666	0.0009937179061133053	-2.951073629777329
0.20701413487910436	0.0010311704537226494	-2.8212005993521454
0.2089296130854041	0.001068715360320561	-2.7033673776959257
0.2108628149933291	0.0011063918558540343	-2.5962585525202155
0.21281390459827135	0.0011442402741638914	-2.4987468924542537
0.21478304741305343	0.001182302167745883	-2.409861603066128
0.21677041048196952	0.0012206204362425965	-2.3287628229759
0.2187761623949553	0.0012592394688878588	-2.2547209803459562
0.22080047330189004	0.0012982053015206262	-2.187099968055034
0.22284351492703042	0.0013375657891404873	-2.1253433436312115
0.22490546058357816	0.0013773707953093194	-2.0689629435281156
0.22698648518838224	0.0014176724000398518	-2.0175294385627405
0.22908676527677735	0.0014585251281513292	-1.9706644609197679
0.23120647901755953	0.0014999862004487078	-1.9280340119747976
0.23334580622810033	0.0015421158104962191	-1.8893429207132368
0.23550492838960102	0.0015849774302159924	-1.8543301693486796
0.23768402866248772	0.0016286381480921134	-1.8227649392292722
0.2398832919019491	0.001673169044370439	-1.7944432587891408
0.2421029046736179	0.0017186456083957964	-1.7691851579535556
0.24434305526939726	0.0017651482040821334	-1.7468322514754366
0.246603933723434	0.0018127625905540645	-1.7272456881714928
0.24888573182823917	0.0018615805062367043	-1.710304414759124
0.25118864315095807	0.0019117003261673472	-1.6959037125741339
0.2535128630497908	0.001963227804103566	-1.683953973356017
0.25585858869056466	0.002016276913230714	-1.674379686874709
0.2582260190634597	0.002070970801958285	-1.6671186187740754
0.26061535499988964	0.002127442884651999	-1.6621211618220224
0.2630267991895383	0.0021858380912937246	-1.6593498480154987
0.26546055619755404	0.002246314305250722	-1.6587790128503834
0.2679168324819033	0.002309044024874702	-1.6603946066826456
0.2703958364108845	0.0023742162929547795	-1.664194151629754
0.2728977782808042	0.0024420389486561793	-1.6701868460373752
0.27542287033381674	0.002512741270309638	-1.6783938223113941
0.277971326775929	0.0025865770952721643	-1.688848568090703
0.2805433637951715	0.002663828526629314	-1.7015975255129
0.28313919957993805	0.0027448103678236256	-1.7167008889990842
0.2857590543374948	0.0028298754684729643	-1.7342336289276723
0.2884031503126607	0.002919421222188097	-1.7542867772858461
0.29107171180666064	0.0030138975366882743	-1.776969022638975
0.2937649651961532	0.003113816708106928	-1.8024086765713707
0.2964831389524344	0.0032197657903723525	-1.830756093745061
0.29922646366081906	0.003332422281243276	-1.8621866552878394
0.30199517204020176	0.0034525742874850487	-1.8969044641994195
0.30478949896279844	0.003581146846233883	-1.9351469579782508
0.307609681474071	0.0037192368738974105	-1.9771907279976275
0.3104559588128357	0.003868160471415873	-2.023358964944553
0.3133285724315587	0.004029518361564605	-2.0740311563689966
0.3162277660168381	0.00420528867059068	-2.129656004532204
0.31915378551007634	0.004397962242075552	-2.190769123389792
0.3221068791283436	0.004610746479340425	-2.2580181425586883
0.32508729738543457	0.004847884169875469	-2.332199885858432
0.3280952931131192	0.005115174551123893	-2.414318423991692
0.3311311214825913	0.005420870458659927	-2.5056817662257154
0.33419504002611444	0.005777323215692315	-2.6080760360522874
0.3372873086588691	0.0062042417796914434	-2.7241105616997885
0.34040818970100106	0.006735820651725234	-2.857986630956288
0.34355794789987465	0.0074385155639817855	-3.017485673001647
0.34673685045253166	0.00846443109073893	-3.220264584932666
0.3499451670283573	0.01026612025594172	-3.5209435518075067
0.353183169791957	0.01512526391930702	-4.219685001153535
0.35645113342624424	0.280421000768536	-135.3675535096161
0.3597493351557423	0.0014675546385525733	-177.33865624411217
0.36307805477010135	0.003295843230487504	-4.669752454177858
0.36643757464783333	0.005334283725101078	-4.494450999460821
0.3698281797802663	0.006765513366239371	-4.76202123033152
0.3732501577957206	0.00804293447003185	-5.160901789637327
0.37670379898390893	0.00934992975490491	-5.668300769259688
0.38018939632056126	0.010807443449316648	-6.304446055591064
0.38370724549227886	0.012536754785210505	-7.1136709739478095
0.3872576449216173	0.014699428785476398	-8.17228320278331
0.3908408957924021	0.017551350494647833	-9.616535432071949
0.39445730207527846	0.021550825697790554	-11.76488568342113
0.3981071705534973	0.02749248634489398	-14.781314162060376
0.40179081084894	0.03768162048208439	-20.26060463922064
0.40550853544838394	0.057595360734378	-31.744609544478077
0.40926065973001097	0.09773249664274411	-62.893366562279
0.41304750199016144	0.09362494814897164	-121.00848060690596
0.4168693834703355	0.055158349300549324	-149.08178602859252
0.4207266283844442	0.0363272823802753	-160.74203302603314
0.424619563946313	0.026267496840081714	-166.27243226226173
0.4285485203974396	0.020217140269533883	-169.45901942011074
0.43251383103500884	0.01612572370868295	-171.56492630626136
0.4365158322401661	0.013091189679892645	-173.09568463559467
0.44055486350655343	0.0106469882386855	-174.30087605062124
0.4446312674691088	0.008503427150808903	-175.32743889140963
0.4487453899331323	0.0064278867791116336	-176.28055373974428
0.4528975799036209	0.004151164169724752	-177.2424551584319
0.4570881896148752	0.001203772310165606	-177.77010769019503
0.46131757456037953	0.0036332987056537317	-1.6331385215559167
0.4655860935229591	0.015615534022894142	-6.930220506715397
0.4698941086052156	0.10469128636725247	-58.58400542278204
0.4742419852602448	0.03817783995443608	-159.55917915046902
0.47863009232263853	0.022377543243802978	-169.03234367608445
0.48305880203977286	0.016979279748318855	-171.47651291192076
0.4875284901033865	0.014239157876420374	-172.67389860421176
0.4920395356814511	0.012543688358087673	-173.3777641815665
0.49659232145033627	0.011373781339595608	-173.82596679841896
0.5011872336272725	0.010509876363519409	-174.1173167127161
0.5058246620031143	0.009842527199752033	-174.2992309754255
0.5105049999754064	0.00931073832633456	-174.39602957284387
0.5152286445817567	0.008877649786313285	-174.41991169310174
0.5199959965335162	0.008519586588179154	-174.37568384357405
0.5248074602497729	0.00822062059192536	-174.26283311780125
0.5296634438916581	0.007969666275517607	-174.0762764402127
0.5345643593969719	0.007758852434918938	-173.80631012249177
0.5395106225151278	0.007582599086627884	-173.43795790927737
0.5445026528424215	0.007437137471110323	-172.94978206073864
0.5495408738576248	0.0073203731957419355	-172.31221372177046
0.5546257129579107	0.007232102441823038	-171.4856328514711
0.5597576014951101	0.007174690953463386	-170.41899817588757
0.5649369748123025	0.007154419906114925	-169.05126625178133
0.5701642722807475	0.0071837126546321906	-167.32087521586777
0.5754399373371569	0.0072840699291938866	-165.19322358996038
0.580764417521312	0.007487995004859141	-162.71717425857824
0.5861381645140288	0.00783471341099408	-160.09957600544206
0.591561634175474	0.008351754728466082	-157.7175123545162
0.5970352865838369	0.009023767075777617	-155.9337350929179
0.6025595860743578	0.009776264280948552	-154.7333124407642
0.6081350012787179	0.010505269685012976	-153.45235089852537
0.6137620051647943	0.011137392664294704	-150.62553278596573
0.6194410750767815	0.01176180673945613	-143.17540750851302
0.6251726927756859	0.013801942514606258	-124.27664144263467
0.6309573444801934	0.029504233045408845	-103.38874512464783
0.6367955209079159	0.0626568047588299	-139.43580330583782
0.6426877173170198	0.08284622962215102	-154.6737530569659
0.6486344335482385	0.11307986614298177	-177.02002966198074
0.654636174067275	0.25123677360146085	177.55675387072927
0.6606934480075961	0.26925218065482887	1.5635018388925168
0.6668067692136223	0.07518857165973392	-0.27191670510684873
0.6729766562843178	0.041087906019347725	-0.5029913221025394
0.6792036326171846	0.02731391473409294	-0.5147971815828372
0.6854882264526617	0.02000068334904202	-0.46924395441811245
0.6918309709189366	0.015521421811001721	-0.4131523746348148
0.6982324040771715	0.012522488551231049	-0.3634676659141237
0.7046930689671471	0.010388116070950006	-0.3254602446322217
0.7112135136533292	0.008799807259424319	-0.2991887775445271
0.7177942912713619	0.007577113635414006	-0.2826650198255126
0.7244359600749902	0.006610536259297309	-0.2734686795764239
0.7311390834834176	0.005829948228975895	-0.26945178185446567
0.7379042301291011	0.005188438745148351	-0.26894718678969487
0.7447319739059892	0.004653481964051996	-0.27075286539042137
0.7516228940182057	0.004201840583371616	-0.2740411712011982
0.758577575029184	0.0038164876089867156	-0.27826062471524887
0.7655966069112565	0.0034846734794920725	-0.28305399891570904
0.7726805850957026	0.003196671138756334	-0.2881970279613554
0.7798301105232589	0.0029449373184613327	-0.293555044577228
0.7870457896950989	0.0027235376302621726	-0.29905325988956005
0.7943282347242817	0.0025277436280956227	-0.30465678416478187
0.8016780633876793	0.002353744787901689	-0.31035738199922314
0.8090958991783825	0.002198438993346597	-0.31616485752082935
0.8165823713585927	0.002059277742298581	-0.32210225536914144
0.8241381150130026	0.0019341493024781897	-0.32818106726717183
0.8317637711026713	0.001821293894286757	-0.3344810945465479
0.8394599865193977	0.001719230436864552	-0.34101065815345377
0.8472274141405968	0.0016267089977172417	-0.34782459282435085
0.8550667128846836	0.0015426675866333668	-0.3549746033269805
0.8629785477669706	0.001466200021203492	-0.3625167413374861
0.870963589956081	0.001396530112641102	-0.37051219245012396
0.8790225168308847	0.0013329909928943221	-0.3790280950113506
0.8871560120379608	0.0012750084823989051	-0.38813857732276025
0.8953647655495938	0.0012220876660440669	-0.39792605493954436
0.9036494737223014	0.001173802047965876	-0.40848283003395086
0.9120108393559097	0.0011297848093242012	-0.4199130519594014
0.9204495717531712	0.001089721811450528	-0.4323351214082983
0.9289663867799363	0.0010533460802534388	-0.4458846502529247
0.9375620069258802	0.001020433584563242	-0.46071812798435663
0.946237161365793	0.0009908001876350507	-0.4770174977889122
0.9549925860214359	0.000964299712980313	-0.49499591679712757
0.9638290236239705	0.000940823128691752	-0.5149050748662608
0.9727472237769651	0.000920298924875765	-0.5370445879035814
0.9817479430199844	0.0009026948449668188	-0.5617741859216349
0.9908319448927676	0.0008880212452657428	-0.5895297151798609
1.	0.0008763365157207971	-0.620844419756041
1.0092528860766845	0.0008677552268387911	-0.6563776453612136
1.0185913880541169	0.000862460018868563	-0.6969541586715315
1.0280162981264735	0.0008607187984964464	-0.7436189415871823
1.0375284158180127	0.0008629096927000845	-0.7977150298408112
1.0471285480508996	0.0008695576779896066	-0.8609964990257388
1.0568175092136585	0.0008813893229041651	-0.9357965295440369
1.066596121230258	0.0008994165637182747	-1.0252844939610029
1.076465213629835	0.0009250687388701884	-1.1338721425003067
1.0864256236170655	0.0009604082381451987	-1.2678800711934102
1.096478196143185	0.00100849821372721	-1.436681331434863
1.1066237839776665	0.001074063235604129	-1.654772446553034
1.1168632477805611	0.0011647552395311527	-1.945780412322305
1.1271974561755105	0.001293784101581937	-2.350887653688411
1.1376272858234309	0.0014859887555446212	-2.9485598069019265
1.1481536214968828	0.0017939752944805115	-3.907930858905109
1.1587773561551262	0.002350504009528617	-5.6656474491411934
1.1694993910198712	0.003596594034038083	-9.694439231608127
1.1803206356517297	0.007792573110290529	-18.51306514173738
1.191242008027375	0.007718003676035653	-164.82076322030272
1.2022644346174132	0.002869959817181535	-171.49320250886393
1.2133888504649775	0.0016668723577029968	-174.19965159146022
1.224616199265049	0.0011296924362254827	-175.5032961748142
1.2359474334445106	0.0008285057552674459	-176.2419764091176
1.2473835142429432	0.0006372488044262939	-176.69773989539385
1.2589254117941675	0.0005058576029260165	-176.98841340551022
1.270574105208542	0.00041055345095721804	-177.17025659689563
1.2823305826560218	0.0003386070748846981	-177.2718580461844
1.2941958414499863	0.00028259028384170176	-177.30719709474243
1.3061708881318417	0.00023787365350218741	-177.28097712233858
1.3182567385564075	0.00020141581237717392	-177.19039931490144
1.3304544179780915	0.00017112717754586893	-177.02462921962598
1.3427649611378643	0.00014551163569219137	-176.7617956643133
1.3551894123510364	0.00012345118573345095	-176.36190354608527
1.3677288255958495	0.00010406641214797778	-175.75105759942136
1.3803842646028852	0.00008661575772418586	-174.7840228342575
1.3931568029453034	0.00007041037231901748	-173.14369020492313
1.4060475241299142	0.000054734298891245455	-170.01618905535537
1.4190575216890926	0.000038851150283550433	-162.70242349844642
1.432187899273544	0.000023448697966820245	-137.96891234013722
1.4454397707459279	0.00002733100031262008	-69.14843872182745
1.4588142602753489	0.00008164969489907919	-45.99387288984146
1.4723125024327193	0.0002685442005790938	-73.15488974078318
1.4859356422870074	0.00025718232503583614	-151.7143682328011
1.499684835502374	0.0001436451279116004	-170.94929683710615
1.5135612484362087	0.00010240811019804397	-175.71695106129863
1.5275660582380732	0.0000810134855536886	-177.58630934992973
1.54170045294956	0.00006744553229622743	-178.49776881598686
1.555965631605075	0.00005780707013804688	-179.0023467690877
1.5703628043335531	0.00005046397731327043	-179.30617180149454
1.584893192461114	0.00004460665355778112	-179.50046021030457
1.5995580286146696	0.00003978419853271153	-179.63047099720058
1.6143585568264869	0.00003572266559810484	-179.72061804181521
1.629296032639723	0.000032244038154614517	-179.78494144919338
1.6443717232149324	0.000029226289476720766	-179.83193581736043
1.6595869074375613	0.000026582078295504947	-179.8669572471012
1.6749428760264382	0.000024246635301126953	-179.8935007681034
1.690440931643265	0.000022170500702531048	-179.91391403523554
1.7060823890031243	0.000020314970592482046	-179.92981360597028
1.7218685749860079	0.000018649129748889554	-179.94233679665237
1.7378008287493762	0.00001714785241664794	-179.95229894496723
1.753880501841762	0.000015790415177824916	-179.96029434343532
1.770108958317422	0.000014559509226294116	-179.96676260512325
1.7864875748520517	0.000013440520645853147	-179.9720332456244
1.803017740859568	0.000012420995072635633	-179.97635621010838
1.8197008586099825	0.000011490232100180465	-179.97992313885354
1.8365383433483455	0.000010638972856838978	-179.98288241296487
1.8535316234148105	9.859155742655778e-6	-179.9853499506518
1.8706821403657996	9.14372287549868e-6	-179.98741705454455
1.8879913490962925	8.486464849312124e-6	-179.9891561831303
1.9054607179632463	7.88189484903098e-6	-179.99062524165808
1.9230917289101574	7.325145552570777e-6	-179.9918708043276
1.9408858775927773	6.811883931517524e-6	-179.99293055640166
1.958844673505989	6.338240264883927e-6	-179.9938351610319
1.97696964011186	5.900748552954323e-6	-179.99460969774466
1.9952623149688788	5.496296159772525e-6	-179.99527477914503
2.0137242498623875	5.1220809902665286e-6	-179.99584742386915
2.032357010936221	4.775574867425829e-6	-179.99634174344956
2.0511621788255647	4.454492048447664e-6	-179.99676948607635
2.0701413487910414	4.156762028995585e-6	-179.99714046955123
2.0892961308540388	3.8805059478431044e-6	-179.99746292788677
2.108628149933289	3.6240160318870283e-6	-179.99774379019647
2.1281390459827114	3.3857376223398312e-6	-179.99798890618948
2.147830474130533	3.1642534031350933e-6	-179.99820322932788
2.167704104819694	2.958269516889164e-6	-179.9983909662419
2.1877616239495516	2.7666033056726394e-6	-179.99855569912103
2.208004733018899	2.588172456023509e-6	-179.99870048636092
2.228435149270303	2.421985362118061e-6	-179.998827945638
2.2490546058357803	2.2671325493728356e-6	-179.99894032272223
2.2698648518838214	2.1227790242001157e-6	-179.99903954866923
2.2908676527677723	1.9881574351296106e-6	-179.99912728750746
2.312064790175594	1.862561946789403e-6	-179.9992049761228
2.333458062281002	1.7453427419011911e-6	-179.99927385771468
2.355049283896009	1.6359010779597204e-6	-179.99933500994
2.376840286624876	1.5336848350126023e-6	-179.99938936865115
2.39883291901949	1.4381844992376398e-6	-179.9994377479702
2.4210290467361775	1.3489295340777442e-6	-179.99948085730693
2.4434305526939712	1.2654850967384185e-6	-179.99951931581973
2.4660393372343385	1.1874490630439536e-6	-179.99955366473236
2.48885731828239	1.1144493281207268e-6	-179.9995843778472
2.5118864315095797	1.04614135424042e-6	-179.99961187053802
2.535128630497907	9.822059405049865e-7	-179.9996365074579
2.5585858869056453	9.223471919652564e-7	-179.99965860915873
2.582260190634596	8.66290668300658e-7	-179.99967845778696
2.6061535499988953	8.137816944019465e-7	-179.99969630199294
2.6302679918953813	7.645838171376997e-7	-179.99971236117042
2.654605561975539	7.184773942865548e-7	-179.9997268291234
2.6791683248190314	6.752583031132705e-7	-179.99973987724283
2.703958364108843	6.347367573849837e-7	-179.99975165726366
2.7289777828080406	5.967362227881253e-7	-179.9997623036603
2.7542287033381663	5.610924217362234e-7	-179.99977193573187
2.7797132677592886	5.276524194714128e-7	-179.99978065941966
2.805433637951713	4.962737841727653e-7	-179.99978856889325
2.831391995799379	4.668238145050849e-7	-179.99979574793682
2.8575905433749464	4.391788286836374e-7	-179.99980227116242
2.8840315031266055	4.1322350970286393e-7	-179.99980820507264
2.910717118066605	3.8885030188872097e-7	-179.99981360899338
2.9376496519615305	3.6595885439200865e-7	-179.99981853589264
2.9648313895243423	3.4445550765017445e-7	-179.99982303310074
2.992264636608189	3.2425281921303923e-7	-179.9998271429442
3.019951720402016	3.0526912565842617e-7	-179.9998309033044
3.047894989627983	2.8742813762100754e-7	-179.99983434811037
3.076096814740708	2.7065856522540674e-7	-179.99983750777383
3.1045595881283554	2.548937714560156e-7	-179.9998404095741
3.1332857243155856	2.4007145121384726e-7	-179.9998430779981
3.162277660168379	2.261333340076503e-7	-179.99984553504186
3.1915378551007616	2.130249084045708e-7	-179.9998478004778
3.2210687912834346	2.0069516652692726e-7	-179.9998498920916
3.250872973854344	1.8909636702778876e-7	-179.9998518258925
3.2809529311311905	1.7818381511066127e-7	-179.99985361630067
3.311311214825911	1.6791565827897997e-7	-179.99985527631333
3.3419504002611427	1.5825269661054917e-7	-179.99985681765276
3.372873086588689	1.4915820645161912e-7	-179.9998582508984
3.404081897010009	1.4059777651592936e-7	-179.99985958560427
3.4355794789987466	1.3253915545665277e-7	-179.99986083040392
3.4673685045253166	1.2495211005447726e-7	-179.9998619931041
3.499451670283573	1.1780829323382274e-7	-179.99986308076845
3.53183169791957	1.1108112118197286e-7	-179.99986409979223
3.5645113342624426	1.0474565890328777e-7	-179.99986505596934
3.5974933515574232	9.877851359316871e-8	-179.99986595455218
3.630780547701014	9.315773526448986e-8	-179.99986680030526
3.664375746478333	8.786272410322898e-8	-179.9998675975534
3.6982817978026628	8.287414407036987e-8	-179.9998683502249
3.732501577957206	7.817384230415181e-8	-179.99986906189014
3.767037989839089	7.374477391069588e-8	-179.99986973579635
3.801893963205613	6.957093176222508e-8	-179.99987037489907
3.8370724549227884	6.563728095074684e-8	-179.99987098188996
3.8725764492161727	6.192969757141226e-8	-179.99987155922216
3.908408957924021	5.843491153400424e-8	-179.99987210913312
3.944573020752785	5.514045312331163e-8	-179.99987263366495
3.981071705534973	5.203460304969375e-8	-179.99987313468287
4.0179081084894	4.910634575007011e-8	-179.999873613892
4.055085354483839	4.6345325717023584e-8	-179.9998740728521
4.09260659730011	4.374180664980335e-8	-179.99987451299128
4.130475019901614	4.128663323587345e-8	-179.99987493561824
4.168693834703355	3.8971195385366233e-8	-179.99987534193315
4.207266283844442	3.6787394753477374e-8	-179.99987573303775
4.24619563946313	3.4727613397544767e-8	-179.99987610994432
4.285485203974396	3.278468442638496e-8	-179.99987647358384
4.325138310350088	3.0951864509475363e-8	-179.9998768248134
4.365158322401661	2.9222808122840263e-8	-179.99987716442286
4.405548635065534	2.759154341707894e-8	-179.9998774931409
4.446312674691089	2.6052449600922374e-8	-179.99987781164052
4.487453899331323	2.4600235741070744e-8	-179.99987812054403
4.528975799036209	2.3229920885887157e-8	-179.99987842042754
4.570881896148752	2.1936815426856834e-8	-179.99987871182515
4.613175745603791	2.071650361758972e-8	-179.99987899523256
4.655860935229586	1.9564827175595195e-8	-179.99987927111047
4.698941086052151	1.8477869897118075e-8	-179.99987953988776
4.742419852602444	1.7451943220019387e-8	-179.99987980196423
4.7863009232263805	1.648357267405311e-8	-179.99988005771314
4.830588020397723	1.5569485161945028e-8	-179.99988030748355
4.875284901033861	1.4706597018450106e-8	-179.99988055160244
4.920395356814506	1.3892002798072001e-8	-179.9998807903767
4.965923214503357	1.3122964745389612e-8	-179.99988102409478
5.01187233627272	1.239690290497147e-8	-179.9998812530284
5.058246620031137	1.1711385830683766e-8	-179.99988147743406
5.105049999754059	1.1064121856828815e-8	-179.99988169755431
5.152286445817562	1.0452950896000868e-8	-179.999881913619
5.1999599653351565	9.87583673082937e-9	-179.9998821258465
5.248074602497723	9.33085976890662e-9	-179.9998823344447
5.296634438916575	8.816210232180817e-9	-179.99988253961192
5.345643593969713	8.330181753943972e-9	-179.999882741538
5.395106225151273	7.871165358269545e-9	-179.99988294040486
5.445026528424209	7.437643798363487e-9	-179.9998831363874
5.495408738576242	7.028186231794336e-9	-179.99988332965438
5.5462571295791046	6.641443211969421e-9	-179.99988352036874
5.597576014951099	6.276141976533358e-9	-179.99988370868843
5.649369748123022	5.9310820145868975e-9	-179.999883894767
5.701642722807472	5.605130895766084e-9	-179.9998840787541
5.754399373371567	5.297220345288583e-9	-179.99988426079588
5.807644175213118	5.00634255007057e-9	-179.99988444103576
5.861381645140285	4.731546681950018e-9	-179.99988461961462
5.9156163417547365	4.4719356249231616e-9	-179.99988479667135
5.9703528658383656	4.226662894115895e-9	-179.99988497234335
6.025595860743575	3.994929734974248e-9	-179.9998851467668
6.081350012787176	3.7759823918709e-9	-179.99988532007714
6.137620051647939	3.5691095359921535e-9	-179.9998854924095
6.194410750767812	3.3736398429945295e-9	-179.99988566389902
6.251726927756856	3.188939711504495e-9	-179.99988583468127
6.30957344480193	3.0144111140827082e-9	-179.9998860048926
6.367955209079155	2.8494895727865794e-9	-179.99988617467056
6.426877173170194	2.6936422519454656e-9	-179.9998863441543
6.486344335482381	2.546366161212563e-9	-179.99988651348482
6.546361740672747	2.4071864623793062e-9	-179.99988668280562
6.6069344800759575	2.27565487383323e-9	-179.99988685226293
6.668067692136219	2.1513481669105147e-9	-179.9998870220062
6.729766562843175	2.0338667487418772e-9	-179.99988719218842
6.792036326171843	1.9228333265158907e-9	-179.99988736296683
6.854882264526613	1.8178916483893533e-9	-179.9998875345032
6.918309709189362	1.7187053165606692e-9	-179.99988770696436
6.9823240407717115	1.6249566682909299e-9	-179.9998878805229
7.046930689671467	1.536345720909593e-9	-179.99988805535742
7.112135136533288	1.4525891770781356e-9	-179.9998882316535
7.177942912713615	1.3734194868072923e-9	-179.99988840960413
7.244359600749899	1.2985839629318268e-9	-179.99988858941046
7.311390834834173	1.2278439469425901e-9	-179.99988877128249
7.379042301291007	1.1609740222592977e-9	-179.99988895543993
7.447319739059888	1.097761272200185e-9	-179.99988914211312
7.516228940182053	1.038004580066651e-9	-179.99988933154387
7.585775750291836	9.815139689133702e-10	-179.99988952398638
7.655966069112561	9.28109978717364e-10	-179.9998897197086
7.726805850957022	8.776230787939617e-10	-179.9998899189932
7.798301105232586	8.298931134338892e-10	-179.999890122139
7.870457896950985	7.847687788544348e-10	-179.99989032946226
7.943282347242813	7.421071296692597e-10	-179.99989054129836
8.01678063387679	7.017731131862902e-10	-179.9998907580035
8.090958991783822	6.636391299417962e-10	-179.99989097995632
8.165823713585922	6.275846189714713e-10	-179.99989120756035
8.241381150130021	5.934956664065653e-10	-179.99989144124598
8.317637711026709	5.612646360651513e-10	-179.999891681473
8.394599865193973	5.307898207857398e-10	-179.99989192873338
8.472274141405963	5.019751133230617e-10	-179.99989218355427
8.550667128846833	4.747296956941266e-10	-179.99989244650138
8.629785477669701	4.4896774592689593e-10	-179.9998927181828
8.709635899560805	4.2460816122438656e-10	-179.99989299925292
8.790225168308842	4.015742966139335e-10	-179.99989329041728
8.871560120379607	3.79793718204865e-10	-179.99989359243762
8.953647655495937	3.5919797022828765e-10	-179.99989390613757
9.036494737223014	3.397223550801154e-10	-179.99989423240928
9.120108393559097	3.213057256331633e-10	-179.99989457222048
9.204495717531712	3.0389028912618845e-10	-179.9998949266227
9.289663867799362	2.8742142197739076e-10	-179.99989529676034
9.375620069258803	2.718474949071635e-10	-179.99989568388116
9.462371613657929	2.57119707790048e-10	-179.99989608934774
9.549925860214358	2.431919336889125e-10	-179.99989651465106
9.638290236239705	2.3002057155557257e-10	-179.9998969614251
9.727472237769652	2.1756440711141868e-10	-179.99989743146446
9.817479430199844	2.0578448144929288e-10	-179.99989792674367
9.908319448927676	1.9464396692392522e-10	-179.99989844943963
10.	1.8410804992280636e-10	-179.99989900195754
10.092528860766844	1.7414382013252205e-10	-179.99989958696028
10.18591388054117	1.647201659373932e-10	-179.99990020740276
10.280162981264736	1.5580767560783466e-10	-179.99990086657155
10.375284158180126	1.4737854395523014e-10	-179.99990156813084
10.471285480508996	1.3940648414840287e-10	-179.99990231617608
10.568175092136585	1.318666444039886e-10	-179.99990311529675
10.665961212302578	1.247355292792785e-10	-179.99990397064988
10.76465213629835	1.1799092531142718e-10	-179.99990488804684
10.864256236170656	1.1161183076137838e-10	-179.99990587405597
10.964781961431852	1.055783892345134e-10	-179.99990693612423
11.066237839776663	9.987182696290896e-11	-179.9999080827227
11.168632477805613	9.447439354625146e-11	-179.99990932352057
11.271974561755105	8.936930595995406e-11	-179.99991066959478
11.37627285823431	8.454069564988499e-11	-179.99991213368378
11.481536214968829	7.997355854340879e-11	-179.99991373049627
11.587773561551263	7.565370781618208e-11	-179.9999154770887
11.694993910198711	7.156772926341222e-11	-179.9999173933303
11.803206356517286	6.770293913309405e-11	-179.9999195024791
11.912420080273739	6.404734428716591e-11	-179.99992183190005
12.022644346174118	6.058960456463007e-11	-179.99992441396776
12.133888504649763	5.7318997228502355e-11	-179.99992728720883
12.246161992650476	5.4225383386151284e-11	-179.9999304977603
12.359474334445094	5.1299176280198265e-11	-179.99993410124813
12.47383514242942	4.853131135490468e-11	-179.99993816522925
12.589254117941662	4.59132180110566e-11	-179.99994277239975
12.705741052085406	4.3436792971130916e-11	-179.9999480248565
12.823305826560205	4.1094375186474326e-11	-179.99995404982658
12.941958414499851	3.887872223011618e-11	-179.9999610074722
13.061708881318404	3.678298813387455e-11	-179.99996910167738
13.182567385564061	3.480070264852748e-11	-179.99997859519237
13.304544179780901	3.292575193420768e-11	-179.99998983127057
13.427649611378628	3.115236073023947e-11	179.9999967348151
13.551894123510351	2.94750761187869e-11	179.99998048886317
13.67728825595848	2.7888753101847535e-11	179.99996058621122
13.803842646028839	2.6388542387774565e-11	179.99993583961913
13.931568029453022	2.496988109249143e-11	179.99990453795274
14.060475241299129	2.3628487624790554e-11	179.99986414217645
14.190575216890911	2.2360363105711624e-11	179.99981075372332
14.321878992735424	2.1161803857191864e-11	179.99973813739464
14.454397707459265	2.0029434204674408e-11	179.99963581491025
14.588142602753473	1.896027979466786e-11	179.99948506237604
14.723125024327178	1.7951929636280774e-11	179.99924969561485
14.859356422870059	1.700291579674276e-11	179.99885215167154
14.996848355023726	1.6113712505822237e-11	179.99810035658598
15.135612484362072	1.5289911941292527e-11	179.99640342161263
15.275660582380716	1.4556125932327843e-11	179.99112440179695
15.417004529495584	1.4076610805689167e-11	179.9544078176501
15.559656316050734	1.0974071961150547e-11	179.2957078434431
15.703628043335515	1.1800286009685737e-11	179.98004046293636
15.848931924611126	1.1297235116312946e-11	179.99412512946444
15.995580286146678	1.0735899628229595e-11	179.99727915214714
16.143585568264854	1.0180888220326931e-11	179.99846640895169
16.292960326397214	9.645937153064085e-12	179.99903792735304
16.443717232149307	9.13488647586289e-12	179.99935614801134
16.595869074375596	8.648596433344283e-12	179.9995513237883
16.749428760264365	8.186811296087197e-12	179.99967959277538
16.90440931643263	7.748807179883333e-12	179.99976837814575
17.060823890031227	7.333656985467826e-12	179.99983236727857
17.21868574986006	6.940351499198754e-12	179.99988000260768
17.378008287493746	6.5678591829996465e-12	179.99991641687632
17.5388050184176	6.215157229272249e-12	179.99994487635846
17.701089583174202	5.881248122087188e-12	179.9999675398484
17.864875748520497	5.5651684542915295e-12	179.9999858805301
18.03017740859568	5.26599341600286e-12	-179.99999906839878
18.197008586099827	4.9828387787826524e-12	-179.99998656495782
18.365383433483455	4.714861394887263e-12	-179.99997606515848
18.535316234148105	4.461258803249435e-12	-179.99996716282655
18.706821403657997	4.221268296700787e-12	-179.99995954973127
18.879913490962927	3.9941656685672705e-12	-179.9999529885511
19.054607179632463	3.779263775794233e-12	-179.99994729416116
19.230917289101576	3.5759110063143676e-12	-179.99994232043855
19.408858775927772	3.3834897074327227e-12	-179.99993795080135
19.58844673505989	3.2014146122225157e-12	-179.9999340913209
19.769696401118598	3.029131288041311e-12	-179.9999306656374
19.952623149688787	2.866114622748617e-12	-179.9999276111588
20.137242498623873	2.711867358484587e-12	-179.99992487618573
20.32357010936221	2.5659186789888843e-12	-179.99992241771324
20.511621788255646	2.427822853785247e-12	-179.99992019973337
20.701413487910415	2.2971579407335725e-12	-179.99991819191195
20.892961308540386	2.1735245471960084e-12	-179.99991636854853
21.086281499332888	2.056544649201767e-12	-179.99991470775217
21.28139045982711	1.945860467409248e-12	-179.99991319078322
21.47830474130533	1.8411333982721128e-12	-179.9999118015242
21.67704104819694	1.742042998562045e-12	-179.99991052605142
21.87761623949552	1.6482860212454837e-12	-179.999909352286
22.080047330188993	1.5595755006265396e-12	-179.99990826970824
22.28435149270303	1.4756398846338837e-12	-179.99990726912196
22.490546058357804	1.3962222121308272e-12	-179.99990634245964
22.698648518838212	1.3210793331548646e-12	-179.99990548262005
22.908676527677724	1.2499811700380185e-12	-179.99990468333255
23.12064790175594	1.182710017416744e-12	-179.9999039390431
23.33458062281002	1.1190598792056665e-12	-179.9999032448182
23.55049283896009	1.0588358406803832e-12	-179.99990259626338
23.76840286624876	1.0018534738882664e-12	-179.99990198945392
23.9883291901949	9.479382746814094e-13	-179.9999014208758
24.210290467361776	8.969251297409733e-13	-179.9999008873752
24.434305526939713	8.48657812036729e-13	-179.9999003861149
24.660393372343385	8.029885032385702e-13	-179.9998999145368
24.888573182823905	7.59777341667886e-13	-179.9998994703296
25.118864315095795	7.188919944457071e-13	-179.99989905140066
25.351286304979073	6.80207252561039e-13	-179.99989865585144
25.58585886905645	6.436046476468791e-13	-179.9998982819563
25.82260190634596	6.089720893128243e-13	-179.9998979281438
26.06153549998895	5.762035219420346e-13	-179.9998975929804
26.302679918953814	5.451985999165124e-13	-179.99989727515594
26.54605561975539	5.158623802883508e-13	-179.99989697347118
26.791683248190314	4.881050319656935e-13	-179.9998966868264
27.039583641088434	4.61841560530905e-13	-179.99989641421175
27.289777828080403	4.369915478547117e-13	-179.99989615469823
27.542287033381662	4.134789057141607e-13	-179.99989590743002
27.797132677592884	3.91231642664052e-13	-179.9998956716175
28.05433637951713	3.7018164345122966e-13	-179.99989544653107
28.31391995799379	3.5026446029882555e-13	-179.9998952314955
28.575905433749465	3.3141911542331466e-13	-179.9998950258851
28.84031503126606	3.135879141811567e-13	-179.99989482911914
29.10717118066605	2.9671626827398016e-13	-179.9998946406579
29.376496519615305	2.8075252847172276e-13	-179.99989445999904
29.648313895243422	2.656478263420642e-13	-179.9998942866742
29.92264636608189	2.513559245018337e-13	-179.99989412024627
30.19951720402016	2.3783307493202186e-13	-179.9998939603065
30.4789498962798	2.250378849225828e-13	-179.99989380647222
30.76096814740705	2.12931190236463e-13	-179.99989365838442
31.045595881283525	2.0147593510435393e-13	-179.9998935157059
31.332857243155825	1.9063705868246308e-13	-179.9998933781194
31.62277660168376	1.803813876254055e-13	-179.9998932453257
31.91537855100758	1.7067753444496697e-13	-179.99989311704223
32.21068791283432	1.6149580134320805e-13	-179.9998929930017
32.50872973854341	1.5280808922511444e-13	-179.9998928729504
32.80952931131187	1.4458781161186083e-13	-179.9998927566474
33.11311214825908	1.3680981319075662e-13	-179.99989264386298
33.41950400261139	1.294502927521438e-13	-179.99989253437778
33.72873086588685	1.2248673027695234e-13	-179.9998924279817
34.040818970100055	1.1589781795134623e-13	-179.99989232447288
34.35579478998743	1.0966339489691728e-13	-179.99989222365681
34.67368504525313	1.0376438541628236e-13	-179.99989212534535
34.994516702835696	9.818274056471311e-14	-179.99989202935598
35.318316979195664	9.290138286862516e-14	-179.9998919355107
35.64511334262439	8.79041540214047e-14	-179.99989184363548
35.9749335155742	8.317576539618064e-14	-179.99989175355927
36.3078054770101	7.870175122379213e-14	-179.99989166511307
36.64375746478329	7.44684242923703e-14	-179.9998915781291
36.98281797802659	7.046283403269699e-14	-179.9998914924401
37.32501577957203	6.667272686081109e-14	-179.99989140787804
37.670379898390856	6.308650865626688e-14	-179.99989132427353
38.01893963205609	5.969320926099317e-14	-179.9998912414544
38.370724549227845	5.6482448889905194e-14	-179.99989115924492
38.72576449216169	5.344440635028297e-14	-179.9998910774644
39.08408957924017	5.056978897248105e-14	-179.9998909959259
39.44573020752781	4.784980415978195e-14	-179.99989091443484
39.81071705534969	4.527613247017435e-14	-179.9998908327873
40.17908108489396	4.2840902147535485e-14	-179.9998907507683
40.55085354483835	4.053666502414342e-14	-179.9998906681497
40.92606597300105	3.835637372065134e-14	-179.99989058468802
41.304750199016105	3.6293360073634874e-14	-179.99989050012172
41.68693834703351	3.434131472458974e-14	-179.99989041416816
42.07266283844438	3.2494267807817274e-14	-179.99989032652033
42.46195639463126	3.074657067800743e-14	-179.99989023684265
42.85485203974392	2.909287862151453e-14	-179.99989014476645
43.251383103500835	2.7528134498338506e-14	-179.99989004988453
43.65158322401656	2.6047553264677486e-14	-179.9998899517446
44.0554863506553	2.464660732861567e-14	-179.99988984984202
44.46312674691084	2.3321012694063812e-14	-179.99988974361054
44.87453899331318	2.2066715850484784e-14	-179.99988963241188
45.28975799036204	2.087988136821985e-14	-179.9998895155227
45.708818961487474	1.975688016139182e-14	-179.99988939211943
46.13175745603791	1.8694278382401788e-14	-179.9998892612593
46.55860935229586	1.7688826913967926e-14	-179.99988912185782
46.98941086052151	1.6737451426477483e-14	-179.9998889726606
47.42419852602443	1.5837242970146348e-14	-179.9998888122092
47.8630092322638	1.4985449073105655e-14	-179.99988863879813
48.30588020397723	1.4179465318067705e-14	-179.99988845042145
48.7528490103386	1.3416827371666312e-14	-179.9998882447053
49.20395356814506	1.2695203441920997e-14	-179.9998880188223
49.65923214503358	1.2012387140542334e-14	-179.99988776938193
50.118723362727195	1.1366290727975337e-14	-179.9998874922886
50.58246620031137	1.0754938720165773e-14	-179.99988718255648
51.0504999975406	1.0176461837023532e-14	-179.9998868340652
51.52286445817562	9.629091273433869e-15	-179.99988643923368
51.99959965335157	9.11115327441029e-15	-179.99988598857914
52.48074602497723	8.621063996553714e-15	-179.99988547011316
52.966344389165755	8.157324638321073e-15	-179.99988486850128
53.45643593969714	7.718516821611087e-15	-179.99988416387527
53.95106225151273	7.303298206672896e-15	-179.99988333012243
54.450265284242086	6.910398321039073e-15	-179.99988233237315
54.95408738576243	6.538614580551179e-15	-179.9998811232246
55.462571295791044	6.186808475627977e-15	-179.99987963692013
55.97576014951099	5.853901886909365e-15	-179.99987778011388
56.49369748123023	5.5388734777374974e-15	-179.99987541672422
57.01642722807472	5.240755079281063e-15	-179.9998723421221
57.543993733715666	4.958627921572396e-15	-179.99986823712416
58.07644175213118	4.691618433589657e-15	-179.9998625814913
58.61381645140285	4.4388930464851885e-15	-179.99985448042807
59.15616341754737	4.199650737972347e-15	-179.99984228759067
59.70352865838366	3.973110199190529e-15	-179.99982269804696
60.255958607435744	3.758482851335807e-15	-179.99978825072023
60.81350012787176	3.554902324565384e-15	-179.99971902262115
61.37620051647939	3.3611831409628017e-15	-179.99954577882858
61.94410750767812	3.1745550207767114e-15	-179.99887502391132
62.51726927756855	2.970518939155593e-15	-179.98736097253754
63.0957344480193	2.884666642130104e-15	-179.99438407348424
63.67955209079155	2.711994953455475e-15	-179.99911186028723
64.26877173170195	2.5623408916396363e-15	-179.9995946622083
64.86344335482381	2.4229528218458796e-15	-179.99973569344414
65.46361740672747	2.291808679789239e-15	-179.99979535681072
66.06934480075958	2.168053602756065e-15	-179.99982605805894
66.68067692136219	2.0511313917977426e-15	-179.99984391075682
67.29766562843174	1.940600899735544e-15	-179.99985520039715
67.92036326171844	1.8360798021866716e-15	-179.99986279034076
68.54882264526613	1.7372228956413289e-15	-179.9998681367571
69.18309709189363	1.6437121540141547e-15	-179.99987204383862
69.82324040771712	1.555251477566318e-15	-179.99987498517763
70.46930689671467	1.4715635533085323e-15	-179.99987725442054
71.12135136533288	1.3923877628258299e-15	-179.99987904150345
71.77942912713615	1.3174786552527793e-15	-179.99988047370056
72.44359600749898	1.246604749311603e-15	-179.99988163889407
73.11390834834172	1.1795475410907146e-15	-179.99988259935137
73.79042301291008	1.1161006493961704e-15	-179.99988340019078
74.47319739059888	1.0560690590256386e-15	-179.99988407475354
75.16228940182053	9.992684377827814e-16	-179.99988464811005
75.85775750291836	9.455245118013765e-16	-179.9998851394058
76.55966069112561	8.94672488890601e-16	-179.99988556346602
77.26805850957021	8.465565227407692e-16	-179.99988593191512
77.98301105232578	8.010292127938947e-16	-179.9998862539718
78.70457896950977	7.579511358568107e-16	-179.9998865370228
79.43282347242805	7.171904063848825e-16	-179.99988678704307
80.16780633876782	6.786222629490082e-16	-179.9998870089077
80.90958991783813	6.421286788129098e-16	-179.99988720662625
81.65823713585914	6.075979948497646e-16	-179.9998873835208
82.41381150130013	5.749245732540026e-16	-179.9998875423627
83.176377110267	5.44008470679249e-16	-179.99988768547868
83.94599865193965	5.147551295723074e-16	-179.9998878148336
84.72274141405954	4.870750865861173e-16	-179.9998879320962
85.50667128846823	4.608836970486983e-16	-179.99988803869064
86.29785477669692	4.361008745451182e-16	-179.9998881358388
87.09635899560797	4.126508447386619e-16	-179.9998882245933
87.90225168308834	3.9046191261825113e-16	-179.99988830586517
88.71560120379598	3.694662424132671e-16	-179.99988838044595
89.53647655495928	3.4959964946568672e-16	-179.999888449026
90.36494737223005	3.308014033936828e-16	-179.99988851220962
91.20108393559087	3.130140419213407e-16	-179.99988857052765
92.04495717531702	2.961831947863965e-16	-179.99988862444786
92.89663867799354	2.802574171723851e-16	-179.9998886743836
93.75620069258792	2.651880321435807e-16	-179.99988872070136
94.6237161365792	2.509289815909019e-16	-179.99988876372672
95.4992586021435	2.374366852246938e-16	-179.999888803749
96.38290236239695	2.246699071750783e-16	-179.99988884101882
97.2747223776964	2.1258962897591932e-16	-179.9998887700651
98.17479430199833	2.0115893430947536e-16	-179.9998889082656
99.08319448927665	1.9034288767517127e-16	-179.99988893863886
99.9999999999999	1.801084359682932e-16	-179.99988896705796