0.01000000000000001	3.4311816647621747	-0.6706704678565958
0.010092528860766855	3.4321907877676012	-0.6776949202555943
0.01018591388054118	3.433219795758402	-0.6848132966378399
0.010280162981264745	3.434269102716812	-0.6920273710592567
0.010375284158180138	3.435339132108219	-0.69933896419581
0.010471285480509006	3.4364303171320643	-0.7067499448752199
0.010568175092136596	3.4375431009803905	-0.7142622316674794
0.01066596121230259	3.4386779371051985	-0.7218777945367482
0.010764652136298361	3.4398352894932884	-0.7295986565571412
0.010864256236170667	3.4410156329510944	-0.7374268956956469
0.010964781961431863	3.4422194533979655	-0.7453646466646742
0.011066237839776675	3.443447248169152	-0.753414102847726
0.011168632477805623	3.444699526328797	-0.7615775183012752
0.011271974561755117	3.445976808993206	-0.7698572098364167
0.011376272858234322	3.447279629664674	-0.7782555591838328
0.01148153621496884	3.4486085345764828	-0.7867750152458912
0.011587773561551273	3.4499640830498346	-0.7954180964400802
0.011694993910198724	3.451346847861919	-0.8041873931376212
0.01180320635651731	3.4527574156274907	-0.813085570202103
0.011912420080273762	3.4541963871927357	-0.8221153696325492
0.012022644346174144	3.455664378043035	-0.8312796133159903
0.012133888504649786	3.457162018724597	-0.840581205894605
0.012246161992650502	3.45868995528101	-0.8500231377530356
0.01235947433444512	3.4602488497047914	-0.8596084881314928
0.012473835142429446	3.4618393804048644	-0.8693404283707815
0.012589254117941687	3.4634622426910324	-0.8792222252958132
0.012705741052085433	3.4651181492750416	-0.8892572447439769
0.012823305826560232	3.466807830790132	-0.899448955245886
0.01294195841449987	3.4685320363292957	-0.9098009318658753
0.013061708881318424	3.4702915340029583	-0.9203168602100917
0.013182567385564082	3.472087111517121	-0.9310005406106999
0.01330454417978092	3.4739195767728295	-0.9418558924950908
0.013427649611378649	3.4757897584879376	-0.9528869589493555
0.01355189412351037	3.4776985068421298	-0.9640979114860324
0.013677288255958502	3.479646694145783	-0.9754930550264737
0.013803842646028859	3.4816352155346766	-0.9870768331091736
0.013931568029453043	3.483664989690933	-0.998853833335514
0.01406047524129915	3.4857369595915695	-1.0108287930655595
0.014190575216890933	3.4878520932857433	-1.0230066053768707
0.014321878992735446	3.4900113847029535	-1.035392325300657
0.014454397707459286	3.4922158544917994	-1.0479911763494827
0.014588142602753497	3.494466550892807	-1.060808557352813
0.014723125024327202	3.496764550645174	-1.073850049616584
0.014859356422870082	3.4991109599299715	-1.0871214244246095
0.014996848355023748	3.501506915351575	-1.1006286509007275
0.015135612484362095	3.503953584958232	-1.1143779042511743
0.015275660582380739	3.5064521693048856	-1.1283755744087902
0.015417004529495607	3.5090039025592614	-1.1426282751012011
0.015559656316050758	3.511610053653658	-1.157142853366886
0.01570362804333554	3.5142719274851926	-1.171926399544922
0.015848931924611148	3.5169908661657114	-1.1869862577647934
0.015995580286146702	3.5197682503250443	-1.2023300369656928
0.016143585568264878	3.522605500469554	-1.2179656224756306
0.016292960326397238	3.5255040783986527	-1.233901188183024
0.01644371723214933	3.5284654886828477	-1.2501452093357992
0.016595869074375623	3.5314912802055836	-1.266706476004896
0.01674942876026439	3.534583047773183	-1.2835941072521542
0.016904409316432657	3.5377424337948935	-1.3008175660443024
0.017060823890031253	3.5409711300384865	-1.318386674959015
0.017218685749860088	3.544270879463839	-1.336311632730592
0.017378008287493772	3.547643478139125	-1.3546030316872253
0.01753880501841763	3.5510907772442333	-1.3732718761349854
0.01770108958317423	3.554614685165477	-1.392329601747432
0.017864875748520526	3.5582171696870626	-1.4117880960242626
0.018030177408595707	3.561900260283966	-1.43165971988645
0.018197008586099853	3.565666050522175	-1.451957330480625
0.018365383433483484	3.5695167005714445	-1.472694305270116
0.018535316234148135	3.573454439837899	-1.493884567496592
0.018706821403658026	3.577481569721881	-1.5155426131013001
0.018879913490962956	3.581600466508445	-1.5376835392022103
0.019054607179632494	3.5858135843982475	-1.5603230742304466
0.019230917289101597	3.5901234586863184	-1.5834776098369292
0.019408858775927792	3.5945327090970065	-1.6071642346884558
0.01958844673505991	3.599044043284448	-1.6314007702820987
0.01976969640111862	3.6036602605074077	-1.6562058089157996
0.01995262314968881	3.6083842554892485	-1.6815987539646686
0.020137242498623895	3.6132190224730416	-1.707599862623331
0.02032357010936223	3.6181676594837273	-1.7342302912878687
0.020511621788255666	3.623233372809315	-1.7615121437644168
0.020701413487910436	3.6284194817140056	-1.7894685225063622
0.02089296130854041	3.633729423396665	-1.8181235830984621
0.02108628149933291	3.639166758210658	-1.8475025922244634
0.021281390459827135	3.6447351751582806	-1.877631989372625
0.021478304741305354	3.650438497679161	-1.9085394525570345
0.02167704104819696	3.656280689748422	-1.9402539683534439
0.02187761623949554	3.6622658623040643	-1.9728059065746204
0.022080047330189013	3.6683982800249617	-2.0062270999385445
0.022284351492703053	3.6746823684786585	-2.0405509291105015
0.022490546058357826	3.681122721663991	-2.075812413536082
0.022698648518838235	3.6877241099722577	-2.1120483085164623
0.022908676527677748	3.6944914885932407	-2.1492972090175946
0.023120647901755963	3.7014300063933567	-2.187599660748141
0.023334580622810044	3.7085450152964863	-2.226998279089732
0.023550492838960112	3.715842080199028	-2.2675378765150964
0.023768402866248782	3.7233269894520795	-2.309265599186982
0.02398832919019492	3.73100576594811	-2.352231073496225
0.0242102904673618	3.73888467884941	-2.3964865633655466
0.02443430552693974	3.7469702559997744	-2.4420871392246846
0.024660393372343412	3.755269297061946	-2.489090859646322
0.02488857318282393	3.7637888874286207	-2.537558966729101
0.025118864315095822	3.7725364129545826	-2.5875560964153346
0.025351286304979098	3.7815195755626436	-2.6391505050487716
0.02558585886905648	3.790746409778886	-2.6924143136044223
0.025822601906345985	3.800225300255079	-2.7474237711646072
0.026061535499988978	3.8099650003406	-2.804259539371724
0.026302679918953843	3.819974651768611	-2.8630069997634204
0.026546055619755416	3.830263805525169	-2.9237565860887473
0.026791683248190343	3.8408424439731097	-2.9866041439193873
0.027039583641088463	3.851721004305599	-3.0516513201095155
0.027289777828080432	3.862910403408085	-3.119005984924833
0.02754228703338169	3.874422064208919	-3.188782689958006
0.02779713267759291	3.8862679436020113	-3.261103165279254
0.02805433637951716	3.898460562027316	-3.3360968596421956
0.028313919957993816	3.9110130347936254	-3.4139015279756366
0.028575905433749497	3.923939105230649	-3.4946638708574684
0.028840315031266085	3.937253179753828	-3.578540231180753
0.02910717118066608	3.9509703649226746	-3.665697353802617
0.029376496519615335	3.965106506567212	-3.7563132146136566
0.029648313895243455	3.9796782310480134	-3.8505779261918947
0.02992264636608192	3.9947029887041396	-3.948694728021751
0.030199517204020192	4.010199099522258	-4.050881070168591
0.03047894989627986	4.026185801039846	-4.157369800328557
0.03076096814740711	4.042683298461998	-4.26841046532297
0.031045595881283587	4.059712816930122	-4.384270739398719
0.03133285724315589	4.077296655828526	-4.505237993148986
0.031622776601683826	4.095458244945118	-4.631621018495945
0.03191537855100765	4.11422220221687	-4.763751927007729
0.03221068791283438	4.1336143926790765	-4.901988240870967
0.03250872973854347	4.153661988098147	-5.046715198140674
0.03280952931131194	4.174393526592473	-5.198348296460373
0.03311311214825915	4.195838971323977	-5.35733610232167
0.03341950400261146	4.2180297670677325	-5.524163356140089
0.03372873086588692	4.240998893118583	-5.699354406987431
0.034040818970100126	4.264780910563339	-5.883477014777719
0.0343557947899875	4.2894120014037105	-6.077146562057838
0.0346736850452532	4.314929996341563	-6.281030722339623
0.034994516702835765	4.3413743871977335	-6.495854637110153
0.035318316979195734	4.368786318884159	-6.7224066592584695
0.03564511334262446	4.3972085545447195	-6.961544726614036
0.03597493351557427	4.426685405852362	-7.214203435497051
0.03630780547701017	4.457262618424138	-7.481401890483778
0.03664375746478335	4.4889871997972195	-7.764252412733559
0.03698281797802665	4.521907174278388	-8.063970194830492
0.037325015779572084	4.556071245090765	-8.381883994597157
0.037670379898390914	4.591528339422627	-8.719447962934114
0.038018939632056145	4.62832700601778	-9.078254700276728
0.0383707245492279	4.66651462758466	-9.46004963111224
0.038725764492161745	4.706136401240088	-9.866746773912974
0.03908408957924023	4.747234029108589	-10.300445961702648
0.03944573020752787	4.7898440476822675	-10.763451531999474
0.039810717055349755	4.83399570821255	-11.258292448273766
0.04017908108489402	4.87970830086965	-11.787743730497862
0.040550853544838415	4.926987792363777	-12.354848949408018
0.040926065973001115	4.975822620061009	-12.96294336393736
0.041304750199016166	5.026178455629667	-13.615677036000228
0.04168693834703357	5.077991718859792	-14.317036918391363
0.04207266283844444	5.131161589608864	-15.071366451320094
0.04246195639463132	5.185540236732993	-15.883380586263936
0.042854852039743985	5.240920964065722	-16.758173342287638
0.04325138310350091	5.2970239758266615	-17.701213946977088
0.04365158322401663	5.35347950396815	-18.718326282231754
0.044055486350655364	5.40980814249416	-19.815644720151276
0.04446312674691091	5.465398433201565	-20.99953750772124
0.04487453899331325	5.519482089123811	-22.2764867217555
0.04528975799036211	5.571107781385232	-23.652911667451317
0.04570881896148754	5.619115210307166	-25.13492082181655
0.04613175745603798	5.66211227707002	-26.72797668136139
0.04655860935229591	5.698459567772853	-28.43645915700603
0.04698941086052156	5.726267961330991	-30.263117825004908
0.04742419852602448	5.743416715906888	-32.20841299806344
0.04786300923226385	5.747600380514505	-34.269761724973286
0.04830588020397728	5.7364125607455545	-36.44072813493263
0.04875284901033865	5.707472004933141	-38.71022677218675
0.04920395356814511	5.658590846428582	-41.06183832734087
0.04965923214503363	5.5879759569048275	-43.47336120220422
0.05011872336272725	5.494443340522236	-45.916728329507684
0.05058246620031143	5.377615121811203	-48.358395528558546
0.051050499997540646	5.238063049896956	-50.76025019377082
0.05152286445817567	5.0773654741072765	-53.08100370250701
0.05199959965335162	4.898057963276784	-55.27793764468793
0.052480746024977286	4.70347859786176	-57.30880140168837
0.05296634438916581	4.497531149371202	-59.133632277315755
0.05345643593969719	4.284405427059749	-60.71629954764996
0.05395106225151279	4.06829899030416	-62.02565000970747
0.05445026528424214	3.8531778271999495	-63.036228812413235
0.05495408738576248	3.64259937103103	-63.72863593396477
0.0554625712957911	3.439605060355224	-64.08963401267633
0.05597576014951104	3.246676346662914	-64.11213900136094
0.05649369748123028	3.065740037181365	-63.795204621350294
0.05701642722807478	2.898206197330157	-63.14406477087336
0.05754399373371572	2.7450231650487065	-62.17023693439218
0.05807644175213124	2.6067377802694103	-60.89162650528633
0.05861381645140291	2.483553198621319	-59.33251951298644
0.05915616341754743	2.375380623014544	-57.52332310157183
0.05970352865838372	2.2818843830522693	-55.49992179526867
0.06025595860743581	2.202521768940012	-53.30256971567288
0.060813500127871824	2.1365798468690853	-50.97432884128781
0.061376200516479455	2.0832112865226016	-48.55916993365433
0.06194410750767818	2.0414703228214055	-46.09994343224468
0.06251726927756862	2.010348777061599	-43.636471053971384
0.06309573444801936	1.9888110147326072	-41.2039893443874
0.06367955209079162	1.9758261366262955	-38.83210189626298
0.064268771731702	1.970395693629504	-36.54429451418982
0.06486344335482389	1.9715756810528742	-34.35797011631877
0.06546361740672754	1.9784922773969202	-32.284892128404245
0.06606934480075964	1.9903515049695033	-30.331895615967333
0.06668067692136226	2.0064435371436615	-28.501729568583865
0.06729766562843183	2.026142690298764	-26.793919312060247
0.0679203632617185	2.048904230798911	-25.205571962243482
0.0685488226452662	2.0742590570080432	-23.732080475033744
0.0691830970918937	2.101807152386888	-22.367707978322912
0.06982324040771719	2.131210506685792	-21.106052164248847
0.07046930689671474	2.1621860079994026	-19.940400300705445
0.07112135136533296	2.194498640758602	-18.863990587859202
0.07177942912713622	2.2279551917953175	-17.870196966138458
0.07244359600749906	2.2623985681427836	-16.952653615229515
0.0731139083483418	2.2977027616392687	-16.105333390210284
0.07379042301291015	2.3337684505869314	-15.322592051697606
0.07447319739059896	2.3705192016732144	-14.599187788523933
0.07516228940182061	2.4078982209277005	-13.930283420305946
0.07585775750291844	2.4458655965752025	-13.311436887222635
0.07655966069112569	2.4843959762020864	-12.738584193435917
0.07726805850957029	2.523476623501339	-12.208017838563267
0.07798301105232593	2.5631058045063786	-11.716362902553287
0.07870457896950993	2.603291458682675	-11.260552294639627
0.07943282347242822	2.644050115900667	-10.83780219187991
0.08016780633876798	2.6854060257959484	-10.445588338643033
0.0809095899178383	2.7273904711347776	-10.081623623775295
0.0816582371358593	2.7700412414580673	-9.743837172049929
0.0824138115013003	2.8134022474551075	-9.430355061486281
0.08317637711026717	2.8575232602414906	-9.139482693418772
0.08394599865193982	2.9024597630328604	-8.86968878668859
0.08472274141405972	2.9482729056740355	-8.619590932745819
0.08550667128846841	2.9950295551686956	-8.38794262870718
0.0862978547766971	3.0428024378259897	-8.173621696086416
0.08709635899560814	3.0916703709664355	-7.975619990807363
0.08790225168308852	3.141718584381746	-7.793034312965407
0.08871560120379617	3.19303913399708	-7.62505843104933
0.08953647655495947	3.2457314125178884	-7.470976143915491
0.09036494737223023	3.299902764349579	-7.330155314066798
0.09120108393559107	3.35566921485881	-7.202042817378848
0.09204495717531722	3.4131563272256185	-7.086160367249129
0.09289663867799372	3.4725002038734103	-6.982101185375401
0.09375620069258811	3.5338486539531773	-6.8895275073966875
0.09462371613657934	3.5973625538616676	-6.808168930152667
0.09549925860214364	3.663217434627451	-6.737821629406579
0.0963829023623971	3.731605338668745	-6.678348504153082
0.09727472237769656	3.8027369995380838	-6.629680338488783
0.09817479430199849	3.876844412692564	-6.591818118059599
0.09908319448927681	3.9541838842799444	-6.564836700744273
0.10000000000000005	4.035039670135354	-6.548890128846012
0.10092528860766849	4.119728351098589	-6.544218995631536
0.10185913880541175	4.208604136952432	-6.551160463164292
0.10280162981264741	4.30206535493759	-6.570161804100213
0.10375284158180131	4.40056246755142	-6.601798761507182
0.10471285480509002	4.504608089487121	-6.646800677697595
0.1056817509213659	4.614789651872156	-6.7060853874436335
0.10665961212302584	4.731785618215249	-6.780808564212355
0.10764652136298355	4.85638652686968	-6.87243500813334
0.10864256236170661	4.989522670458411	-6.982844087648907
0.10964781961431856	5.132300990141352	-7.114489673421454
0.1106623783977667	5.2860548310483475	-7.270649157895379
0.11168632477805618	5.452411587740342	-7.455821609038204
0.1127197456175511	5.633384719720597	-7.676381232600455
0.11376272858234315	5.8314969970203085	-7.94167654939503
0.11481536214968835	6.04993719148973	-8.265918451302655
0.11587773561551268	6.292730340275156	-8.671466327727437
0.11694993910198717	6.564825229556244	-9.194527076022311
0.11803206356517304	6.8717689140883556	-9.894630905881545
0.11912420080273756	7.217999975757324	-10.868231680278049
0.12022644346174137	7.601412902446335	-12.259046569929183
0.1213388850464978	8.000794359392618	-14.229484614477432
0.12246161992650495	8.36099231629952	-16.809934694399054
0.12359474334445113	8.61262894630051	-19.63348840232232
0.12473835142429439	8.754038841617067	-22.00684184848577
0.1258925411794168	8.877277042396157	-23.578083583873564
0.12705741052085426	9.070546677563687	-24.608930039963372
0.12823305826560225	9.36170001191113	-25.53629254569804
0.1294195841449987	9.742324226924502	-26.655125464539235
0.13061708881318423	10.195361441678774	-28.11050293966059
0.1318256738556408	10.70409585935111	-29.96775873836336
0.13304544179780922	11.251749342598002	-32.25727654339094
0.13427649611378642	11.818730141439385	-34.989851381246034
0.13551894123510363	12.380251655139357	-38.154814498403674
0.13677288255958495	12.905743515766748	-41.70954430389057
0.13803842646028852	13.361395807390787	-45.566865774164675
0.13931568029453034	13.716683562501242	-49.58764349164155
0.14060475241299142	13.953918916693407	-53.58645242328706
0.14190575216890927	14.077321549672089	-57.35481265517352
0.1432187899273544	14.117111112790992	-60.69845523745935
0.1445439770745928	14.126612389928502	-63.47750327147847
0.1458814260275349	14.174762587117318	-65.63787766881336
0.14723125024327194	14.338877096780287	-67.2289525301204
0.14859356422870074	14.701515423358503	-68.41034583444768
0.1499684835502374	15.352669403163516	-69.45505127053138
0.15135612484362088	16.39622540559977	-70.75797243772315
0.15275660582380732	17.956650826559013	-72.86137617720028
0.154170045294956	20.171491492248634	-76.5093874930951
0.1555965631605075	23.118659130211338	-82.7191094208629
0.15703628043335532	26.53949626591612	-92.7150787612393
0.15848931924611143	29.265414182009515	-107.17308992538209
0.15995580286146696	29.369926191763597	-124.41264110699822
0.1614358556826487	26.517210681714374	-140.39545273502375
0.1629296032639723	22.530439509290396	-152.47337388919283
0.16443717232149324	18.872002406918504	-160.73692139497226
0.16595869074375613	15.940072538706856	-166.2606424673679
0.16749428760264382	13.669589688860178	-169.9912391696544
0.1690440931643265	11.90685433270361	-172.56392905918955
0.17060823890031243	10.517698771434786	-174.37824748588264
0.17218685749860077	9.402898972121513	-175.68477077670022
0.17378008287493762	8.492094811144534	-176.64337065100355
0.1753880501841762	7.73557571366587	-177.35839566726017
0.1770108958317422	7.097853241775896	-177.89954984238318
0.17864875748520517	6.5531957216278105	-178.31441797217394
0.180301774085957	6.08262619237242	-178.63613406994799
0.18197008586099844	5.67191117169764	-178.8881848276426
0.18365383433483473	5.3102019712985316	-179.08748733878488
0.18535316234148125	4.989104618778345	-179.24640360464363
0.18706821403658017	4.702033504718163	-179.3740853350307
0.18879913490962946	4.443755192979802	-179.47738799775155
0.19054607179632482	4.2100615182315195	-179.56150238284113
0.19230917289101596	3.997531893719555	-179.63039757529037
0.19408858775927793	3.803358084561753	-179.687135939576
0.19588446735059908	3.6252133441290644	-179.7340999273761
0.1976969640111862	3.461153486262276	-179.7731572900583
0.19952623149688808	3.3095412438335368	-179.80578271249544
0.20137242498623895	3.1689878133998466	-179.83314824996762
0.2032357010936223	3.038307229045064	-179.85619118726567
0.20511621788255666	2.916480416206557	-179.87566539165744
0.20701413487910436	2.80262662330801	-179.89218048438127
0.2089296130854041	2.695980530125484	-179.90623194287733
0.2108628149933291	2.5958737631985045	-179.91822439507456
0.21281390459827135	2.5017198614917473	-179.92848976365053
0.21478304741305343	2.4130019647581564	-179.93730148609572
0.21677041048196952	2.329262666630365	-179.94488572415986
0.2187761623949553	2.250095601044534	-179.95143024865274
0.22080047330189004	2.175138425899504	-179.95709151831775
0.22284351492703042	2.1040669401929493	-179.96200034764658
0.22490546058357816	2.0365901262132984	-179.96626646612853
0.22698648518838224	1.9724459510115617	-179.9699822020546
0.22908676527677735	1.911397794473502	-179.97322547155778
0.23120647901755953	1.8532313971702945	-179.9760622136877
0.23334580622810033	1.7977522414971074	-179.978548381805
0.23550492838960102	1.7447832956930196	-179.98073157810498
0.23768402866248772	1.6941630631334972	-179.98265239992358
0.2398832919019491	1.6457438895264656	-179.98434555236258
0.2421029046736179	1.5993904888796757	-179.9858407707439
0.24434305526939726	1.5549786557663927	-179.98716358774743
0.246603933723434	1.512394136826326	-179.9883359732642
0.24888573182823917	1.4715316388547783	-179.9893768695936
0.25118864315095807	1.4322939544532767	-179.99030264031862
0.2535128630497908	1.3945911891962197	-179.99112744776554
0.25585858869056466	1.358340076732749	-179.99186357120732
0.2582260190634597	1.3234633702893257	-179.9925216757614
0.26061535499988964	1.2898893007432302	-179.99311104015143
0.2630267991895383	1.2575510928631946	-179.99363975005875
0.26546055619755404	1.2263865325100396	-179.99411486261718
0.2679168324819033	1.196337578598101	-179.99454254665056
0.2703958364108845	1.1673500144696765	-179.9949282024708
0.2728977782808042	1.1393731340565318	-179.99527656441478
0.27542287033381674	1.1123594588161467	-179.99559178877246
0.277971326775929	1.0862644819535896	-179.99587752932499
0.2805433637951715	1.0610464368873842	-179.99613700235219
0.28313919957993805	1.0366660873013696	-179.9963730426738
0.2857590543374948	1.0130865364544617	-179.99658815204046
0.2884031503126607	0.9902730537045635	-179.99678454098498
0.29107171180666064	0.9681929164485444	-179.99696416507527
0.2937649651961532	0.9468152658931281	-179.99712875636354
0.2964831389524344	0.9261109752562322	-179.9972798507088
0.29922646366081906	0.906052529159211	-179.9974188115481
0.30199517204020176	0.8866139131106571	-179.9975468506056
0.30478949896279844	0.8677705121049888	-179.99766504595885
0.307609681474071	0.8494990174664641	-179.99777435781976
0.3104559588128357	0.8317773411633894	-179.9978756423365
0.3133285724315587	0.8145845369002288	-179.99796966367987
0.3162277660168381	0.7979007273682045	-179.9980571046396
0.31915378551007634	0.781707037099458	-179.9981385759252
0.3221068791283436	0.7659855304267423	-179.9982146243393
0.32508729738543457	0.7507191541010909	-179.99828573996777
0.3280952931131192	0.7358916841646231	-179.99835236251167
0.3311311214825913	0.7214876767154612	-179.99841488686977
0.33419504002611444	0.707492422237084	-179.99847366806506
0.3372873086588691	0.6938919031960655	-179.99852902559672
0.34040818970100106	0.6806727546402751	-179.99858124728843
0.34355794789987465	0.6678222275548745	-179.99863059269433
0.34673685045253166	0.6553281547559712	-179.99867729611708
0.3499451670283573	0.6431789191220962	-179.9987215692833
0.353183169791957	0.6313634239818237	-179.9987636037189
0.35645113342624424	0.6198710654922354	-179.9988035728587
0.3597493351557423	0.6086917068576597	-179.99884163392213
0.36307805477010135	0.5978156542514532	-179.99887792958265
0.36643757464783333	0.5872336343155651	-179.9989125894542
0.3698281797802663	0.5769367731235188	-179.99894573141614
0.3732501577957206	0.5669165765023106	-179.9989774627954
0.37670379898390893	0.557164911617625	-179.9990078814214
0.38018939632056126	0.5476739897349309	-179.99903707656887
0.38370724549227886	0.5384363500763826	-179.9990651298008
0.3872576449216173	0.5294448447002174	-179.99909211572268
0.3908408957924021	0.5206926243354608	-179.99911810265758
0.39445730207527846	0.5121731251104183	-179.99914315325148
0.3981071705534973	0.5038800561185582	-179.99916732501597
0.40179081084894	0.49580738777015126	-179.9991906708151
0.40550853544838394	0.4879493408823715	-179.99921323930263
0.40926065973001097	0.48030037646460627	-179.999235075315
0.41304750199016144	0.4728551861594235	-179.99925622022477
0.4168693834703355	0.46560868330310823	-179.99927671225845
0.4207266283844442	0.4585559945728848	-179.99929658678286
0.424619563946313	0.4516924521909385	-179.99931587656343
0.4285485203974396	0.4450135866581674	-179.99933461199686
0.43251383103500884	0.4385151199932301	-179.9993528213214
0.4365158322401661	0.432192959454977	-179.99937053080717
0.44055486350655343	0.4260431917287151	-179.9993877649283
0.4446312674691088	0.42006207755905045	-179.99940454651906
0.4487453899331323	0.41424604681424626	-179.9994208969164
0.4528975799036209	0.4085916939691604	-179.99943683608953
0.4570881896148752	0.4030957739959151	-179.999452382759
0.46131757456037953	0.39775519865349795	-179.99946755450637
0.4655860935229591	0.39256703316954705	-179.99948236787623
0.4698941086052156	0.38752849330960426	-179.9994968384709
0.4742419852602448	0.38263694283120847	-179.99951098104034
0.47863009232263853	0.377889891322306	-179.99952480956728
0.48305880203977286	0.3732849924256547	-179.99953833734833
0.4875284901033865	0.36882004245316047	-179.99955157707265
0.4920395356814511	0.3644929793964791	-179.99956454089693
0.49659232145033627	0.36030188234275295	-179.9995772405175
0.5011872336272725	0.35624497130704413	-179.99958968723865
0.5058246620031143	0.35232060749595057	-179.99960189203537
0.5105049999754064	0.348527294020035	-179.99961386560975
0.5152286445817567	0.34486367707614357	-179.9996256184388
0.5199959965335162	0.34132854762446846	-179.99963716081177
0.5248074602497729	0.33792084358937535	-179.99964850285554
0.5296634438916581	0.3346396526176344	-179.99965965454808
0.5345643593969719	0.331484215432847	-179.9996706257192
0.5395106225151278	0.3284539298306098	-179.99968142604166
0.5445026528424215	0.3255483553654282	-179.99969206501464
0.5495408738576248	0.3227672187876815	-179.99970255194398
0.5546257129579107	0.3201104202971869	-179.99971289592392
0.5597576014951101	0.31757804068928663	-179.9997231058238
0.5649369748123025	0.31517034948004913	-179.99973319028416
0.5701642722807475	0.3128878141093768	-179.99974315772363
0.5754399373371569	0.3107311103347895	-179.99975301635794
0.580764417521312	0.3087011339447239	-179.99976277423013
0.5861381645140288	0.30679901393869996	-179.99977243925062
0.591561634175474	0.305026127343099	-179.99978201924455
0.5970352865838369	0.3033841158560904	-179.99979152200447
0.6025595860743578	0.30187490454404325	-179.99980095534568
0.6081350012787179	0.30050072284532386	-179.99981032716263
0.6137620051647943	0.29926412817659903	-179.9998196454854
0.6194410750767815	0.2981680324827386	-179.99982891853546
0.6251726927756859	0.2972157321254529	-179.99983815478092
0.6309573444801934	0.2964109415695385	-179.99984736299157
0.6367955209079159	0.29575783140100975	-179.99985655229437
0.6426877173170198	0.29526107130089063	-179.99986573223092
0.6486344335482385	0.2949258787050439	-179.99987491281772
0.654636174067275	0.29475807400781595	-179.9998841046108
0.6606934480075961	0.29476414332010437	-179.99989331877603
0.6668067692136223	0.29495130997649155	-179.99990256716706
0.6729766562843178	0.29532761620854264	-179.99991186241226
0.6792036326171846	0.295902016671427	-179.9999212180132
0.6854882264526617	0.2966844858402161	-179.99993064845626
0.6918309709189366	0.29768614169534846	-179.99994016934042
0.6982324040771715	0.29891938861270806	-179.99994979752432
0.7046930689671471	0.30039808298695014	-179.99995955129583
0.7112135136533292	0.30213772587869603	-179.99996945056887
0.7177942912713619	0.3041556879282809	-179.99997951711248
0.7244359600749902	0.30647147297501387	-179.99998977481877
0.7311390834834176	0.30910702833304887	179.99999974998238
0.7379042301291011	0.3120871115984198	179.99998902815187
0.7447319739059892	0.31543972632472106	179.99997802730155
0.7516228940182057	0.31919664208082266	179.99996671126934
0.758577575029184	0.32339401852980804	179.999955039491
0.7655966069112565	0.3280731585704779	179.99994296624286
0.7726805850957026	0.33328142271559663	179.9999304397241
0.7798301105232589	0.3390733463832144	179.99991740093654
0.7870457896950989	0.34551201455685804	179.99990378230814
0.7943282347242817	0.3526707656328883	179.99988950598927
0.8016780633876793	0.3606353201208221	179.99987448172598
0.8090958991783825	0.36950646300242446	179.99985860418292
0.8165823713585927	0.37940345519305263	179.99984174954153
0.8241381150130026	0.3904684160814705	179.9998237711335
0.8317637711026713	0.40287201545088985	179.9998044937734
0.8394599865193977	0.41682095480413117	179.99978370631484
0.8472274141405968	0.4325679303103805	179.99976115174232
0.8550667128846836	0.4504250934755399	179.99973651379182
0.8629785477669706	0.47078253058924124	179.99970939859023
0.870963589956081	0.49413408793771724	179.99967930900587
0.8790225168308847	0.5211141901700551	179.99964560809158
0.8871560120379608	0.5525515268092613	179.99960746579293
0.8953647655495938	0.5895493665143381	179.99956377924062
0.9036494737223014	0.6336092932320835	179.99951304996782
0.9120108393559097	0.6868284617954297	179.999453188198
0.9204495717531712	0.7522269322937781	179.99938118809644
0.9289663867799363	0.8343175090734135	179.99929256246043
0.9375620069258802	0.9401572011573548	179.99918029963482
0.946237161365793	1.0814330564154835	179.99903279428324
0.9549925860214359	1.279002315482733	179.99882934326422
0.9638290236239705	1.5740779798571825	179.9985290483735
0.9727472237769651	2.0610693190239573	179.99803823341165
0.9817479430199844	3.014287137734836	179.99708472549494
0.9908319448927676	5.70625776923995	179.99440586958053
1.	62.71033185862501	179.93783314617212
1.0092528860766845	6.857399482476222	0.006859161039681748
1.0185913880541169	3.2286386687196416	0.0032572114134424082
1.0280162981264735	2.103088758697594	0.0022275851131135843
1.0375284158180127	1.5583090880057002	0.0016374251653410328
1.0471285480508996	1.2354467486015563	0.0012445283531682112
1.0568175092136585	1.0233733325657968	0.0010189898960868934
1.066596121230258	0.8738015958415797	0.0008586460076059217
1.076465213629835	0.7630426103619989	0.0007370527527414105
1.0864256236170655	0.6780750011722517	0.0006406987956420014
1.096478196143185	0.6111510377585779	0.0005616689971972463
1.1066237839776665	0.5573780855985685	0.0004949623950580776
1.1168632477805611	0.5135208745616916	0.0004372373659586176
1.1271974561755105	0.4773616259843233	0.0003861541743832589
1.1376272858234309	0.4473371420182801	0.00034000346434541793
1.1481536214968828	0.4223229327436997	0.0002974832400641777
1.1587773561551262	0.4014999402446139	0.00025755737796420307
1.1694993910198712	0.3842700576526923	0.00021936049909058715
1.1803206356517297	0.3702019348552916	0.00018212938422886262
1.191242008027375	0.35899667077988423	0.0001451488002672977
1.2022644346174132	0.3504675890756784	0.00010770335628343713
1.2133888504649775	0.34453116652847315	0.00006902842699401311
1.224616199265049	0.34120830729962465	0.00002825282019028841
1.2359474334445106	0.34063720362446437	-0.000015676451032184644
1.2473835142429432	0.3431016905080543	-0.00006410221505254667
1.2589254117941675	0.3490833806959026	-0.00011882369608676657
1.270574105208542	0.3593541699402765	-0.0001823693310775194
1.2823305826560218	0.37514306814482096	-0.0002584709868199911
1.2941958414499863	0.39845091555901796	-0.0003529436994631946
1.3061708881318417	0.4326858566508795	-0.0004754490677425583
1.3182567385564075	0.4840721571441524	-0.0006433927377956792
1.3304544179780915	0.5652017708045259	-0.0008917383063395697
1.3427649611378643	0.7058113549858948	-0.0013027750239201067
1.3551894123510364	0.9967143157350035	-0.002127450290641022
1.3677288255958495	1.911053130508661	-0.004672588193618492
1.3803842646028852	34.32901293825121	-179.90460566136022
1.3931568029453034	1.5147089836292205	-179.99524798612612
1.4060475241299142	0.7264012829677058	-179.99744176992706
1.4190575216890926	0.4575174796526613	-179.99820011609506
1.432187899273544	0.3230927157742271	-179.998586269334
1.4454397707459279	0.24312919937598312	-179.99882122722926
1.4588142602753489	0.19053434450337828	-179.99897987060254
1.4723125024327193	0.15359559776292636	-179.99909459906036
1.4859356422870074	0.1264262624796905	-179.99918171779692
1.499684835502374	0.10574603701625647	-179.99925032947124
1.5135612484362087	0.08958378798332142	-179.99930591729546
1.5275660582380732	0.07668478622793419	-179.99935198251632
1.54170045294956	0.06621314920799971	-179.99939086655928
1.555965631605075	0.05759112960405061	-179.99942419519277
1.5703628043335531	0.05040706368016687	-179.99945313303292
1.584893192461114	0.0443600401160137	-179.99947853660152
1.5995580286146696	0.039225270938629875	-179.99950105018132
1.6143585568264869	0.03483166275380278	-179.99952116795194
1.629296032639723	0.03104685500263832	-179.99953927548142
1.6443717232149324	0.02776697999183572	-179.99955567815906
1.6595869074375613	0.024909495028929786	-179.9995706211268
1.6749428760264382	0.022408064115314513	-179.99958430353558
1.690440931643265	0.02020883777421641	-179.99959688892818
1.7060823890031243	0.018267705785958276	-179.99960851292332
1.7218685749860079	0.016548239134757572	-179.9996192889868
1.7378008287493762	0.015020128140681613	-179.9996293128234
1.753880501841762	0.013657983084435374	-179.99963866576013
1.770108958317422	0.01244040321729148	-179.99964741738106
1.7864875748520517	0.011349246925770025	-179.9996556276009
1.803017740859568	0.010369054365942924	-179.99966334831188
1.8197008586099825	0.009486586868990968	-179.9996706247033
1.8365383433483455	0.008690456638695932	-179.99967749632728
1.8535316234148105	0.007970826888972351	-179.99968399796643
1.8706821403657996	0.007319167389910534	-179.99969016034467
1.8879913490962925	0.006728053935136799	-179.99969601071388
1.9054607179632463	0.006191002875938789	-179.99970157334062
1.9230917289101574	0.005702333841665999	-179.99970686991276
1.9408858775927773	0.005257055259335259	-179.99971191988075
1.958844673505989	0.00485076842461611	-179.99971674074553
1.97696964011186	0.0044795867522623425	-179.9997213483027
1.9952623149688788	0.004140067512454234	-179.9997257568504
2.0137242498623875	0.0038291538886157804	-179.99972997936754
2.032357010936221	0.0035441256076497486	-179.99973402766634
2.0511621788255647	0.0032825567216669565	-179.99973791252438
2.0701413487910414	0.003042279381030667	-179.99974164379864
2.0892961308540388	0.002821352646894154	-179.99974523052472
2.108628149933289	0.0026180355587908954	-179.99974868100327
2.1281390459827114	0.0024307638079825193	-179.99975200287548
2.147830474130533	0.002258129476913576	-179.99975520318955
2.167704104819694	0.0020988633944859646	-179.99975828845902
2.1877616239495516	0.001951819730020055	-179.99976126471415
2.208004733018899	0.0018159625089051177	-179.99976413754757
2.228435149270303	0.0016903537825742276	-179.99976691215474
2.2490546058357803	0.0015741432265590294	-179.9997695933697
2.2698648518838214	0.0014665589745736052	-179.9997721856974
2.2908676527677723	0.0013668995251102467	-179.999774693342
2.312064790175594	0.001274526580921241	-179.9997771202328
2.333458062281002	0.001188858701829743	-179.9997794700471
2.355049283896009	0.0011093656682234676	-179.9997817462308
2.376840286624876	0.0010355634668773772	-179.99978395201728
2.39883291901949	0.0009670098228655907	-179.99978609044408
2.4210290467361775	0.0009033002116193067	-179.99978816436808
2.4434305526939712	0.0008440642939624907	-179.99979017647948
2.4660393372343385	0.0007889627244547441	-179.99979212931407
2.48885731828239	0.00073768428979293	-179.9997940252649
2.5118864315095797	0.0006899433395373508	-179.99979586659236
2.535128630497907	0.0006454774761739009	-179.9997976554339
2.5585858869056453	0.0006040454756168963	-179.99979939381242
2.582260190634596	0.000565425412795648	-179.99980108364443
2.6061535499988953	0.0005294129700328454	-179.999802726747
2.6302679918953813	0.0004958199085832274	-179.99980432484475
2.654605561975539	0.00046447268601480053	-179.9998058795756
2.6791683248190314	0.00043521120413099576	-179.9998073924966
2.703958364108843	0.0004078876738921227	-179.99980886508908
2.7289777828080406	0.00038236558533372275	-179.99981029876332
2.7542287033381663	0.00035851877182781276	-179.99981169486313
2.7797132677592886	0.0003362305592162662	-179.99981305466963
2.805433637951713	0.0003153929913856645	-179.99981437940534
2.831391995799379	0.00029590612476856134	-179.99981567023744
2.8575905433749464	0.00027767738506345485	-179.9998169282811
2.8840315031266055	0.00026062098017864515	-179.9998181546025
2.910717118066605	0.0002446573640356562	-179.99981935022154
2.9376496519615305	0.00022971274642618976	-179.99982051611445
2.9648313895243423	0.00021571864461174034	-179.9998216532164
2.992264636608189	0.0002026114727946737	-179.99982276242338
3.019951720402016	0.0001903321659805275	-179.9998238445947
3.047894989627983	0.00017882583509936552	-179.99982490055464
3.076096814740708	0.0001680414505642802	-179.9998259310945
3.1045595881283554	0.00015793155172206107	-179.99982693697422
3.1332857243155856	0.0001484519798984695	-179.99982791892396
3.162277660168379	0.00013956163296191778	-179.99982887764565
3.1915378551007616	0.0001312222395275628	-179.99982981381442
3.2210687912834346	0.00012339815110156807	-179.9998307280799
3.250872973854344	0.00011605615062477398	-179.99983162106744
3.2809529311311905	0.00010916527601833907	-179.99983249337933
3.311311214825911	0.00010269665746278564	-179.99983334559587
3.3419504002611427	0.00009662336725791871	-179.99983417827636
3.372873086588689	0.00009092028121563249	-179.99983499196017
3.404081897010009	0.0000855639506319245	-179.9998357871676
3.4355794789987466	0.0000805324839695755	-179.99983656440077
3.4673685045253166	0.00007580543745988032	-179.99983732414438
3.499451670283573	0.00007136371390139473	-179.9998380668666
3.53183169791957	0.00006718946899664433	-179.99983879301965
3.5645113342624426	0.0000632660246247953	-179.99983950304065
3.5974933515574232	0.00005957778850002726	-179.99984019735209
3.630780547701014	0.00005611017971228917	-179.99984087636267
3.664375746478333	0.00005284955968975475	-179.99984154046766
3.6982817978026628	0.00004978316816104144	-179.99984219004958
3.732501577957206	0.000046899063730500274	-179.99984282547877
3.767037989839089	0.00004418606871195911	-179.99984344711376
3.801893963205613	0.0000416337178955253	-179.99984405530185
3.8370724549227884	0.00003923221094868165	-179.99984465037952
3.8725764492161727	0.00003697236817720796	-179.99984523267278
3.908408957924021	0.00003484558939363151	-179.99984580249782
3.944573020752785	0.00003284381566116494	-179.99984636016103
3.981071705534973	0.00003095949369959975	-179.99984690595974
4.0179081084894	0.000029185542756553283	-179.99984744018232
4.055085354483839	0.000027515323762959435	-179.9998479631087
4.09260659730011	0.000025942610605878512	-179.99984847501037
4.130475019901614	0.000024461563364700185	-179.99984897615107
4.168693834703355	0.000023066703368727837	-179.99984946678694
4.207266283844442	0.000021752889945064684	-179.99984994716667
4.24619563946313	0.000020515298735752626	-179.99985041753192
4.285485203974396	0.000019349401472327744	-179.99985087811748
4.325138310350088	0.00001825094710442166	-179.99985132915154
4.365158322401661	0.00001721594418681917	-179.99985177085597
4.405548635065534	0.000016240644436540387	-179.9998522034465
4.446312674691089	0.000015321527378102202	-179.99985262713287
4.487453899331323	0.000014455286001179577	-179.99985304211916
4.528975799036209	0.000013638813360471916	-179.9998534486039
4.570881896148752	0.000012869190052731048	-179.99985384678018
4.613175745603791	0.000012143672510652605	-179.99985423683611
4.655860935229586	0.000011459682057713034	-179.99985461895466
4.698941086052151	0.000010814794672077378	-179.999854993314
4.742419852602444	0.00001020673141143258	-179.99985536008754
4.7863009232263805	9.633349454050496e-6	-179.99985571944433
4.830588020397723	9.092633714569507e-6	-179.99985607154895
4.875284901033861	8.582688995929285e-6	-179.99985641656167
4.920395356814506	8.101732641617115e-6	-179.99985675463876
4.965923214503357	7.648087654904712e-6	-179.99985708593246
5.01187233627272	7.220176254087885e-6	-179.99985741059112
5.058246620031137	6.81651383490158e-6	-179.99985772875945
5.105049999754059	6.435703313284258e-6	-179.9998580405784
5.152286445817562	6.076429823520501e-6	-179.9998583461855
5.1999599653351565	5.737455748510058e-6	-179.99985864571488
5.248074602497723	5.417616060505973e-6	-179.9998589392973
5.296634438916575	5.115813952144256e-6	-179.9998592270603
5.345643593969713	4.831016738959967e-6	-179.99985950912838
5.395106225151273	4.562252015859619e-6	-179.999859785623
5.445026528424209	4.3086040512032e-6	-179.9998600566626
5.495408738576242	4.069210403248977e-6	-179.99986032236288
5.5462571295791046	3.843258744736031e-6	-179.9998605828367
5.597576014951099	3.6299838823295515e-6	-179.99986083819428
5.649369748123022	3.4286649585372e-6	-179.99986108854313
5.701642722807472	3.238622824526573e-6	-179.99986133398838
5.754399373371567	3.059217573038441e-6	-179.99986157463252
5.807644175213118	2.8898462213018564e-6	-179.99986181057577
5.861381645140285	2.7299405345199336e-6	-179.99986204191595
5.9156163417547365	2.5789649811119626e-6	-179.99986226874856
5.9703528658383656	2.4364148114722866e-6	-179.99986249116702
6.025595860743575	2.3018142525419844e-6	-179.99986270926254
6.081350012787176	2.1747148109884695e-6	-179.99986292312417
6.137620051647939	2.0546936782535315e-6	-179.99986313283907
6.194410750767812	1.9413522311644004e-6	-179.99986333849225
6.251726927756856	1.8343146222070657e-6	-179.99986354016693
6.30957344480193	1.7332264539389524e-6	-179.9998637379444
6.367955209079155	1.6377535323704488e-6	-179.99986393190412
6.426877173170194	1.5475806944738816e-6	-179.99986412212377
6.486344335482381	1.4624107052857342e-6	-179.99986430867926
6.546361740672747	1.3819632203548967e-6	-179.9998644916449
6.6069344800759575	1.3059738095577318e-6	-179.99986467109326
6.668067692136219	1.2341930385512314e-6	-179.99986484709538
6.729766562843175	1.1663856043695864e-6	-179.99986501972072
6.792036326171843	1.1023295218882939e-6	-179.99986518903717
6.854882264526613	1.041815358084509e-6	-179.99986535511113
6.918309709189362	9.846455112136625e-7	-179.9998655180076
6.9823240407717115	9.306335322012937e-7	-179.99986567779018
7.046930689671467	8.796034857165163e-7	-179.99986583452107
7.112135136533288	8.313893485501186e-7	-179.9998659882611
7.177942912713615	7.858344430670266e-7	-179.99986613906978
7.244359600749899	7.427909036400368e-7	-179.9998662870054
7.311390834834173	7.021191741002899e-7	-179.99986643212495
7.379042301291007	6.636875343602767e-7	-179.99986657448426
7.447319739059888	6.273716544779412e-7	-179.99986671413788
7.516228940182053	5.930541745360114e-7	-179.99986685113927
7.585775750291836	5.606243088096559e-7	-179.9998669855408
7.655966069112561	5.299774727882982e-7	-179.99986711739362
7.726805850957022	5.010149317043418e-7	-179.99986724674784
7.798301105232586	4.7364346930303216e-7	-179.9998673736526
7.870457896950985	4.4777507566409186e-7	-179.99986749815585
7.943282347242813	4.233266529574117e-7	-179.9998676203047
8.01678063387679	4.002197380822745e-7	-179.99986774014522
8.090958991783822	3.783802412026226e-7	-179.99986785772245
8.165823713585922	3.5773819925004837e-7	-179.9998679730806
8.241381150130021	3.3822754352163774e-7	-179.9998680862629
8.317637711026709	3.197858805519373e-7	-179.99986819731168
8.394599865193973	3.023542854871547e-7	-179.99986830626844
8.472274141405963	2.858771072356223e-7	-179.99986841317383
8.550667128846833	2.703017847116486e-7	-179.9998685180676
8.629785477669701	2.5557867353032624e-7	-179.99986862098874
8.709635899560805	2.416608825488787e-7	-179.99986872197542
8.790225168308842	2.2850411968583233e-7	-179.99986882106504
8.871560120379607	2.1606654648280808e-7	-179.99986891829423
8.953647655495937	2.0430864090525553e-7	-179.9998690136989
9.036494737223014	1.9319306790804093e-7	-179.99986910731425
9.120108393559097	1.8268455731962723e-7	-179.99986919917464
9.204495717531712	1.7274978862472643e-7	-179.9998692893139
9.289663867799362	1.6335728224989393e-7	-179.99986937776504
9.375620069258803	1.5447729697962532e-7	-179.9998694645605
9.462371613657929	1.4608173315226003e-7	-179.99986954973204
9.549925860214358	1.3814404130540671e-7	-179.9998696333108
9.638290236239705	1.3063913595983296e-7	-179.9998697153272
9.727472237769652	1.2354331424882152e-7	-179.9998697958112
9.817479430199844	1.1683417911699501e-7	-179.99986987479207
9.908319448927676	1.1049056682860178e-7	-179.99986995229847
10.	1.0449247854029767e-7	-179.99987002835854
10.092528860766844	9.882101570761384e-8	-179.99987010299992
10.18591388054117	9.345831910762064e-8	-179.99987017624957
10.280162981264736	8.838751127283275e-8	-179.99987024813396
10.375284158180126	8.359264214320157e-8	-179.99987031867914
10.471285480508996	7.90586377541448e-8	-179.9998703879105
10.568175092136585	7.477125178901954e-8	-179.99987045585297
10.665961212302578	7.071701983428822e-8	-179.99987052253107
10.76465213629835	6.68832161848951e-8	-179.99987058796873
10.864256236170656	6.325781305609901e-8	-179.9998706521895
10.964781961431852	5.982944206622306e-8	-179.99987071521636
11.066237839776663	5.658735786252894e-8	-179.99987077707198
11.168632477805613	5.352140376970752e-8	-179.99987083777842
11.271974561755105	5.062197934734879e-8	-179.99987089735748
11.37627285823431	4.7880009749221807e-8	-179.99987095583037
11.481536214968829	4.528691678329228e-8	-179.99987101321807
11.587773561551263	4.283459157714476e-8	-179.99987106954097
11.694993910198711	4.0515368758891394e-8	-179.99987112481918
11.803206356517286	3.832200206874448e-8	-179.9998711790724
11.912420080273739	3.624764132123722e-8	-179.99987123231986
12.022644346174118	3.428581064260861e-8	-179.99987128458054
12.133888504649763	3.24303879121287e-8	-179.999871335873
12.246161992650476	3.067558534017553e-8	-179.99987138621537
12.359474334445094	2.9015931119657702e-8	-179.99987143562564
12.47383514242942	2.7446252090959504e-8	-179.9998714841212
12.589254117941662	2.596165736395272e-8	-179.99987153171926
12.705741052085406	2.455752284379921e-8	-179.99987157843663
12.823305826560205	2.3229476610266134e-8	-179.99987162428982
12.941958414499851	2.1973385103100597e-8	-179.9998716692951
13.061708881318404	2.0785340068677004e-8	-179.99987171346822
13.182567385564061	1.9661646225643182e-8	-179.9998717568249
13.304544179780901	1.8598809609662726e-8	-179.99987179938032
13.427649611378628	1.7593526559586725e-8	-179.99987184114948
13.551894123510351	1.6642673309497396e-8	-179.99987188214712
13.67728825595848	1.5743296153055713e-8	-179.99987192238763
13.803842646028839	1.4892602148462403e-8	-179.99987196188516
13.931568029453022	1.4087950334112228e-8	-179.9998720006536
14.060475241299129	1.3326843426692222e-8	-179.9998720387065
14.190575216890911	1.260691997505093e-8	-179.99987207605727
14.321878992735424	1.1925946944653148e-8	-179.99987211271898
14.454397707459265	1.128181270883814e-8	-179.99987214870447
14.588142602753473	1.0672520424423704e-8	-179.99987218402637
14.723125024327178	1.0096181770448503e-8	-179.999872218697
14.859356422870059	9.551011030024669e-9	-179.9998722527285
14.996848355023726	9.035319496385894e-9	-179.99987228613278
15.135612484362072	8.547510185267218e-9	-179.9998723189215
15.275660582380716	8.086072836744402e-9	-179.99987235110612
15.417004529495584	7.649579190597238e-9	-179.99987238269784
15.559656316050734	7.2366785201445055e-9	-179.99987241370775
15.703628043335515	6.846093410333242e-9	-179.9998724441466
15.848931924611126	6.47661576665191e-9	-179.99987247402498
15.995580286146678	6.127103042181226e-9	-179.99987250335337
16.143585568264854	5.796474670798119e-9	-179.99987253214192
16.292960326397214	5.483708695211279e-9	-179.9998725604007
16.443717232149307	5.187838579132627e-9	-179.99987258813945
16.595869074375596	4.907950193480005e-9	-179.9998726153679
16.749428760264365	4.64317896706445e-9	-179.99987264209548
16.90440931643263	4.3927071927423795e-9	-179.99987266833148
17.060823890031227	4.155761480510636e-9	-179.999872694085
17.21868574986006	3.931610349492494e-9	-179.99987271936502
17.378008287493746	3.7195619512062296e-9	-179.99987274418024
17.5388050184176	3.5189619169275223e-9	-179.9998727685393
17.701089583174202	3.329191322352419e-9	-179.99987279245065
17.864875748520497	3.149664763141937e-9	-179.99987281592254
18.03017740859568	2.9798285352823145e-9	-179.99987283896314
18.197008586099827	2.8191589145287637e-9	-179.99987286158046
18.365383433483455	2.6671605295156334e-9	-179.99987288378225
18.535316234148105	2.5233648234136448e-9	-179.9998729055762
18.706821403657997	2.3873285992961126e-9	-179.9998729269699
18.879913490962927	2.258632644641718e-9	-179.99987294797074
19.054607179632463	2.136880430652447e-9	-179.99987296858592
19.230917289101576	2.02169688230241e-9	-179.99987298882263
19.408858775927772	1.9127272152573077e-9	-179.9998730086878
19.58844673505989	1.8096358360159624e-9	-179.99987302818835
19.769696401118598	1.712105301825388e-9	-179.99987304733096
19.952623149688787	1.6198353371097341e-9	-179.99987306612226
20.137242498623873	1.5325419033321138e-9	-179.99987308456872
20.32357010936221	1.4499563193769191e-9	-179.99987310267673
20.511621788255646	1.3718244296997498e-9	-179.9998731204525
20.701413487910415	1.29790581764263e-9	-179.99987313790217
20.892961308540386	1.227973061454659e-9	-179.99987315503174
21.086281499332888	1.1618110306926465e-9	-179.99987317184713
21.28139045982711	1.0992162208035067e-9	-179.99987318835412
21.47830474130533	1.039996123810278e-9	-179.9998732045584
21.67704104819694	9.839686331372071e-10	-179.99987322046553
21.87761623949552	9.3096148071663e-10	-179.99987323608102
22.080047330188993	8.808117046217969e-10	-179.99987325141018
22.28435149270303	8.33365145565651e-10	-179.99987326645834
22.490546058357804	7.884759706961821e-10	-179.99987328123063
22.698648518838212	7.460062232045583e-10	-179.9998732957322
22.908676527677724	7.058253963432072e-10	-179.99987330996794
23.12064790175594	6.678100305275368e-10	-179.99987332394278
23.33458062281002	6.318433322672319e-10	-179.99987333766157
23.55049283896009	5.978148137414733e-10	-179.9998733511289
23.76840286624876	5.65619951897003e-10	-179.99987336434955
23.9883291901949	5.351598660090539e-10	-179.99987337732796
24.210290467361776	5.063410127028562e-10	-179.99987339006861
24.434305526939713	4.790748974880515e-10	-179.99987340257584
24.660393372343385	4.5327780190992057e-10	-179.99987341485397
24.888573182823905	4.2887052547008385e-10	-179.99987342690721
25.118864315095795	4.0577814151546747e-10	-179.9998734387397
25.351286304979073	3.8392976633790583e-10	-179.9998734503555
25.58585886905645	3.632583407679541e-10	-179.99987346175857
25.82260190634596	3.4370042358545156e-10	-179.99987347295283
26.06153549998895	3.2519599610620845e-10	-179.9998734839421
26.302679918953814	3.076882773390012e-10	-179.99987349473017
26.54605561975539	2.911235491400044e-10	-179.99987350532072
26.791683248190314	2.7545099082289125e-10	-179.9998735157174
27.039583641088434	2.60622522712293e-10	-179.99987352592376
27.289777828080403	2.4659265815610454e-10	-179.99987353594327
27.542287033381662	2.3331836353846273e-10	-179.99987354577937
27.797132677592884	2.2075892586008277e-10	-179.99987355543544
28.05433637951713	2.0887582747616536e-10	-179.9998735649148
28.31391995799379	1.9763262760433086e-10	-179.99987357422063
28.575905433749465	1.8699485023606705e-10	-179.99987358335616
28.84031503126606	1.7692987810506023e-10	-179.99987359232455
29.10717118066605	1.6740685238458812e-10	-179.9998736011288
29.376496519615305	1.5839657780392825e-10	-179.99987360977195
29.648313895243422	1.49871432890555e-10	-179.99987361825694
29.92264636608189	1.4180528506079629e-10	-179.99987362658672
30.19951720402016	1.3417341029665233e-10	-179.99987363476407
30.4789498962798	1.2695241716070336e-10	-179.9998736427918
30.76096814740705	1.2012017491447014e-10	-179.99987365067273
31.045595881283525	1.136557455183202e-10	-179.99987365840943
31.332857243155825	1.0753931930301252e-10	-179.99987366600465
31.62277660168376	1.0175215411437127e-10	-179.9998736734609
31.91537855100758	9.627651774331228e-11	-179.99987368078078
32.21068791283432	9.109563346362732e-11	-179.9998736879668
32.50872973854341	8.61936285095401e-11	-179.9998736950214
32.80952931131187	8.155548533415117e-11	-179.9998737019469
33.11311214825908	7.7166995498484e-11	-179.99987370874584
33.41950400261139	7.301471604898563e-11	-179.9998737154204
33.72873086588685	6.908592824902186e-11	-179.9998737219729
34.040818970100055	6.536859853719251e-11	-179.99987372840556
34.35579478998743	6.18513415921646e-11	-179.9998737347206
34.67368504525313	5.852338539023794e-11	-179.99987374092018
34.994516702835696	5.5374538148008656e-11	-179.99987374700643
35.318316979195664	5.239515704831991e-11	-179.99987375298136
35.64511334262439	4.957611865319612e-11	-179.99987375884706
35.9749335155742	4.690879091266402e-11	-179.99987376460552
36.3078054770101	4.43850066832914e-11	-179.9998737702587
36.64375746478329	4.199703867493156e-11	-179.99987377580854
36.98281797802659	3.9737575748571195e-11	-179.9998737812569
37.32501577957203	3.759970049234363e-11	-179.9998737866057
37.670379898390856	3.5576868006715495e-11	-179.9998737918567
38.01893963205609	3.3662885833581686e-11	-179.99987379701173
38.370724549227845	3.185189496753077e-11	-179.9998738020725
38.72576449216169	3.0138351890879837e-11	-179.99987380704076
39.08408957924017	2.851701157723288e-11	-179.99987381191823
39.44573020752781	2.6982911411301336e-11	-179.99987381670658
39.81071705534969	2.553135597554924e-11	-179.99987382140736
40.17908108489396	2.4157902656895626e-11	-179.99987382602228
40.55085354483835	2.2858348029232904e-11	-179.99987383055281
40.92606597300105	2.1628714969909517e-11	-179.99987383500056
41.304750199016105	2.046524047058502e-11	-179.999873839367
41.68693834703351	1.9364364105004052e-11	-179.9998738436537
42.07266283844438	1.832271711825751e-11	-179.999873847862
42.46195639463126	1.733711210401295e-11	-179.99987385199344
42.85485203974392	1.6404533238004974e-11	-179.9998738560494
43.251383103500835	1.5522127037788536e-11	-179.9998738600312
43.65158322401656	1.468719362037746e-11	-179.99987386394022
44.0554863506553	1.3897178430921779e-11	-179.99987386777786
44.46312674691084	1.3149664417026566e-11	-179.99987387154536
44.87453899331318	1.2442364624685634e-11	-179.99987387524405
45.28975799036204	1.1773115193100038e-11	-179.99987387887512
45.708818961487474	1.113986872687773e-11	-179.99987388243986
46.13175745603791	1.0540688025270991e-11	-179.99987388593948
46.55860935229586	9.973740149205861e-12	-179.99987388937515
46.98941086052151	9.43729080789612e-12	-179.99987389274807
47.42419852602443	8.92969904781664e-12	-179.99987389605934
47.8630092322638	8.449412227739937e-12	-179.99987389931013
48.30588020397723	7.994961264418709e-12	-179.99987390250152
48.7528490103386	7.564956134329106e-12	-179.99987390563462
49.20395356814506	7.158081617675642e-12	-179.99987390871047
49.65923214503358	6.7730932716029405e-12	-179.99987391173016
50.118723362727195	6.408813620263786e-12	-179.99987391469463
50.58246620031137	6.064128550058512e-12	-179.999873917605
51.0504999975406	5.7379838989912666e-12	-179.99987392046216
51.52286445817562	5.429382229684303e-12	-179.99987392326716
51.99959965335157	5.137379776155626e-12	-179.9998739260209
52.48074602497723	4.861083554998727e-12	-179.99987392872438
52.966344389165755	4.5996486321076275e-12	-179.99987393137846
53.45643593969714	4.352275536568134e-12	-179.99987393398405
53.95106225151273	4.118207813787665e-12	-179.99987393654203
54.450265284242086	3.89672971036352e-12	-179.99987393905334
54.95408738576243	3.687163983593497e-12	-179.99987394151873
55.462571295791044	3.488869828915437e-12	-179.9998739439391
55.97576014951099	3.301240918923882e-12	-179.99987394631526
56.49369748123023	3.123703547954566e-12	-179.99987394864806
57.01642722807472	2.955714876551061e-12	-179.9998739509382
57.543993733715666	2.7967612704344576e-12	-179.99987395318655
58.07644175213118	2.6463567288867757e-12	-179.99987395539384
58.61381645140285	2.5040413977329418e-12	-179.99987395756077
59.15616341754737	2.3693801623657276e-12	-179.99987395968816
59.70352865838366	2.2419613165034373e-12	-179.9998739617767
60.255958607435744	2.1213953026023174e-12	-179.99987396382707
60.81350012787176	2.007313520065437e-12	-179.99987396584
61.37620051647939	1.8993671975976036e-12	-179.9998739678162
61.94410750767812	1.7972263262524818e-12	-179.9998739697563
62.51726927756855	1.7005786499042222e-12	-179.99987397166095
63.0957344480193	1.6091287100518678e-12	-179.9998739735308
63.67955209079155	1.5225969420313528e-12	-179.99987397536657
64.26877173170195	1.4407188198674593e-12	-179.99987397716876
64.86344335482381	1.3632440471471981e-12	-179.99987397893804
65.46361740672747	1.2899357914370403e-12	-179.99987398067503
66.06934480075958	1.2205699598999612e-12	-179.9998739823803
66.68067692136219	1.154934513894407e-12	-179.99987398405443
67.29766562843174	1.0928288204567673e-12	-179.999873985698
67.92036326171844	1.0340630386819677e-12	-179.99987398731153
68.54882264526613	9.78457539123692e-13	-179.9998739888956
69.18309709189363	9.258423544368445e-13	-179.99987399045077
69.82324040771712	8.760566595806967e-13	-179.99987399197752
70.46930689671467	8.289482799915589e-13	-179.9998739934764
71.12135136533288	7.843732262196086e-13	-179.9998739949479
71.77942912713615	7.421952536054994e-13	-179.99987399639255
72.44359600749898	7.022854456490883e-13	-179.9998739978108
73.11390834834172	6.645218197951493e-13	-179.99987399920317
73.79042301291008	6.287889544296519e-13	-179.99987400057012
74.47319739059888	5.949776359450489e-13	-179.99987400191208
75.16228940182053	5.629845247945527e-13	-179.99987400322956
75.85775750291836	5.327118395134777e-13	-179.99987400452298
76.55966069112561	5.040670577407455e-13	-179.9998740057928
77.26805850957021	4.769626333257087e-13	-179.9998740070394
77.98301105232578	4.513157286547022e-13	-179.99987400826328
78.70457896950977	4.270479613782813e-13	-179.99987400946478
79.43282347242805	4.040851647642831e-13	-179.99987401064436
80.16780633876782	3.823571609434365e-13	-179.99987401180238
80.90958991783813	3.617975463538213e-13	-179.9998740129393
81.65823713585914	3.42343488727755e-13	-179.99987401405542
82.41381150130013	3.2393553500004075e-13	-179.9998740151512
83.176377110267	3.0651742954991985e-13	-179.99987401622695
83.94599865193965	2.9003594222072225e-13	-179.99987401728305
84.72274141405954	2.7444070559111696e-13	-179.99987401831987
85.50667128846823	2.5968406100017663e-13	-179.9998740193378
86.29785477669692	2.457209128552802e-13	-179.99987402033707
87.09635899560797	2.3250859077719717e-13	-179.99987402131816
87.90225168308834	2.2000671916070392e-13	-179.99987402228132
88.71560120379598	2.0817709375175636e-13	-179.99987402322688
89.53647655495928	1.9698356486372774e-13	-179.9998740241552
90.36494737223005	1.8639192687552185e-13	-179.99987402506656
91.20108393559087	1.7636981367360463e-13	-179.9998740259613
92.04495717531702	1.6688659971817265e-13	-179.9998740268397
92.89663867799354	1.5791330643089194e-13	-179.99987402770202
93.75620069258792	1.4942251361792164e-13	-179.99987402854865
94.6237161365792	1.4138827565733278e-13	-179.9998740293798
95.4992586021435	1.3378604219462168e-13	-179.9998740301958
96.38290236239695	1.265925831037965e-13	-179.99987403099686
97.2747223776964	1.1978591748457394e-13	-179.99987403178332
98.17479430199833	1.1334524647856142e-13	-179.99987403255543
99.08319448927665	1.0725088969898793e-13	-179.99987403331343
99.9999999999999	1.0148422507959973e-13	-179.9998740340576