0.01000000000000001	0.0019022795193924986	-1.7411015800796683
0.010092528860766855	0.0019023463737485806	-1.7426962317497696
0.01018591388054118	0.0019024144810887472	-1.7443062565546474
0.010280162981264745	0.001902483864920721	-1.7459318098071017
0.010375284158180138	0.0019025545491851619	-1.74757304853622
0.010471285480509006	0.001902626558288939	-1.749230131531944
0.010568175092136596	0.0019026999170895149	-1.7509032193455978
0.01066596121230259	0.0019027746509248855	-1.752592474332476
0.010764652136298361	0.0019028507855959748	-1.7542980606551404
0.010864256236170667	0.0019029283474038107	-1.7560201443255392
0.010964781961431863	0.0019030073631328608	-1.757758893213847
0.011066237839776675	0.001903087860102668	-1.7595144771068576
0.011168632477805623	0.0019031698660963124	-1.7612870676612387
0.011271974561755117	0.0019032534094909992	-1.7630768385381317
0.011376272858234322	0.0019033385191463124	-1.7648839653198503
0.01148153621496884	0.0019034252244802628	-1.7667086255966462
0.011587773561551273	0.0019035135554859553	-1.7685509989975696
0.011694993910198724	0.0019036035426964054	-1.770411267178711
0.01180320635651731	0.0019036952172582552	-1.7722896139056867
0.011912420080273762	0.0019037886108762244	-1.7741862250255
0.012022644346174144	0.001903883755865055	-1.7761012885284317
0.012133888504649786	0.0019039806851587871	-1.778034994578052
0.012246161992650502	0.0019040794323123297	-1.7799875355327757
0.01235947433444512	0.0019041800315114216	-1.7819591059717905
0.012473835142429446	0.001904282517600765	-1.7839499027421362
0.012589254117941687	0.0019043869260793966	-1.7859601249771202
0.012705741052085433	0.0019044932931189702	-1.7879899741297178
0.012823305826560232	0.0019046016555793342	-1.7900396540104662
0.01294195841449987	0.0019047120510271023	-1.792109370823943
0.013061708881318424	0.001904824517737336	-1.794199333195082
0.013182567385564082	0.001904939094707707	-1.7963097522017093
0.01330454417978092	0.001905055821689184	-1.7984408414241382
0.013427649611378649	0.0019051747391837534	-1.8005928169693672
0.01355189412351037	0.0019052958884579077	-1.8027658975035015
0.013677288255958502	0.0019054193115685275	-1.8049603043010218
0.013803842646028859	0.0019055450513956241	-1.8071762612985294
0.013931568029453043	0.0019056731515871565	-1.8094139950663144
0.01406047524129915	0.001905803656680702	-1.8116737349509888
0.014190575216890933	0.0019059366120119945	-1.8139557130078172
0.014321878992735446	0.0019060720638216268	-1.8162601641327225
0.014454397707459286	0.0019062100592104568	-1.8185873260426537
0.014588142602753497	0.00190635064618208	-1.8209374393443127
0.014723125024327202	0.0019064938736706788	-1.8233107475833856
0.014859356422870082	0.001906639791532072	-1.8257074972690372
0.014996848355023748	0.0019067884505691848	-1.8281279379202344
0.015135612484362095	0.0019069399025890119	-1.8305723221497419
0.015275660582380739	0.0019070942003517187	-1.833040905647374
0.015417004529495607	0.0019072513976671427	-1.8355339472963863
0.015559656316050758	0.0019074115493363656	-1.83805170914995
0.01570362804333554	0.0019075747112481446	-1.840594456554954
0.015848931924611148	0.0019077409403321225	-1.843162458134315
0.015995580286146702	0.0019079102946465468	-1.8457559859051096
0.016143585568264878	0.001908082833318476	-1.848375315251711
0.016292960326397238	0.0019082586166572157	-1.8510207250687356
0.01644371723214933	0.0019084377061162295	-1.8536924977561402
0.016595869074375623	0.0019086201643249052	-1.8563909192838273
0.01674942876026439	0.0019088060551159909	-1.8591162792543012
0.016904409316432657	0.0019089954435577176	-1.8618688709644378
0.017060823890031253	0.0019091883959859346	-1.8646489914779718
0.017218685749860088	0.0019093849800057487	-1.8674569416576328
0.017378008287493772	0.0019095852645206394	-1.8702930262359285
0.01753880501841763	0.001909789319777445	-1.8731575538928524
0.01770108958317423	0.0019099972173646127	-1.8760508372933276
0.017864875748520526	0.0019102090302740833	-1.8789731931881588
0.018030177408595707	0.0019104248329193203	-1.8819249424697173
0.018197008586099853	0.0019106447011128876	-1.8849064101935866
0.018365383433483484	0.0019108687121836307	-1.8879179257322873
0.018535316234148135	0.0019110969449364359	-1.890959822780134
0.018706821403658026	0.0019113294797104003	-1.894032439451046
0.018879913490962956	0.0019115663984179535	-1.8971361183648903
0.019054607179632494	0.0019118077845441063	-1.900271206689365
0.019230917289101597	0.001912053723215137	-1.903438056254842
0.019408858775927792	0.0019123043012117928	-1.9066370236137744
0.01958844673505991	0.0019125596069998546	-1.909868470117636
0.01976969640111862	0.0019128197307808834	-1.9131327620205987
0.01995262314968881	0.0019130847645111484	-1.916430270541237
0.020137242498623895	0.0019133548019532232	-1.919761371973337
0.02032357010936223	0.001913629938698484	-1.923126447750987
0.020511621788255666	0.0019139102722033608	-1.926525884547085
0.020701413487910436	0.0019141959018491865	-1.9299600743800758
0.02089296130854041	0.0019144869289561695	-1.9334294146882303
0.02108628149933291	0.001914783456841403	-1.9369343084402855
0.021281390459827135	0.0019150855908430335	-1.9404751642235147
0.021478304741305354	0.0019153934383808605	-1.9440523963551646
0.02167704104819696	0.0019157071089865813	-1.9476664249830533
0.02187761623949554	0.001916026714367514	-1.951317676204235
0.022080047330189013	0.0019163523684036744	-1.9550065821266178
0.022284351492703053	0.001916684187246922	-1.9587335810385536
0.022490546058357826	0.0019170222893422895	-1.96249911748955
0.022698648518838235	0.0019173667954895807	-1.9663036424241909
0.022908676527677748	0.001917717828858177	-1.9701476132660058
0.023120647901755963	0.0019180755150844191	-1.9740314940847197
0.023334580622810044	0.00191843998229759	-1.9779557556989613
0.023550492838960112	0.0019188113611614875	-1.9819208757881184
0.023768402866248782	0.0019191897849697487	-1.9859273390688923
0.02398832919019492	0.001919575389643954	-1.9899756373661701
0.0242102904673618	0.001919968313836095	-1.9940662698036808
0.02443430552693974	0.0019203686989623615	-1.9981997429127374
0.024660393372343412	0.0019207766892831869	-2.0023765708015
0.02488857318282393	0.0019211924319280128	-2.006597275265112
0.025118864315095822	0.0019216160769949815	-2.010862385972558
0.025351286304979098	0.00192204777759611	-2.0151724406053293
0.02558585886905648	0.0019224876899112554	-2.0195279850027963
0.025822601906345985	0.0019229359732957074	-2.023929573365535
0.026061535499988978	0.0019233927902906226	-2.028377768364613
0.026302679918953843	0.0019238583067307416	-2.032873141348442
0.026546055619755416	0.001924332691822284	-2.037416272525924
0.026791683248190343	0.0019248161181801662	-2.0420077511074193
0.027039583641088463	0.0019253087619225924	-2.0466481755065558
0.027289777828080432	0.0019258108027736542	-2.0513381535581368
0.02754228703338169	0.0019263224240780728	-2.0560783026438014
0.02779713267759291	0.001926843812957915	-2.0608692499664873
0.02805433637951716	0.001927375160331382	-2.0657116326894247
0.028313919957993816	0.0019279166610328788	-2.0706060981802294
0.028575905433749497	0.0019284685138883197	-2.0755533042124874
0.028840315031266085	0.0019290309217983167	-2.0805539191777638
0.02910717118066608	0.0019296040918355417	-2.0856086223176162
0.029376496519615335	0.0019301882353609464	-2.090718103977233
0.029648313895243455	0.0019307835680636104	-2.095883065786106
0.02992264636608192	0.0019313903101176133	-2.1011042209559245
0.030199517204020192	0.0019320086862404736	-2.106382294493223
0.03047894989627986	0.001932638925810806	-2.1117180234647583
0.03076096814740711	0.0019332812629941538	-2.1171121572838447
0.031045595881283587	0.0019339359368086653	-2.122565457932377
0.03133285724315589	0.0019346031912870763	-2.1280787002936075
0.031622776601683826	0.0019352832755425932	-2.1336526723850033
0.03191537855100765	0.001935976443917279	-2.1392881756801008
0.03221068791283438	0.0019366829560932101	-2.144986025404332
0.03250872973854347	0.0019374030772117581	-2.15074705083419
0.03280952931131194	0.0019381370780043523	-2.156572095618582
0.03311311214825915	0.001938885234943928	-2.162462018133145
0.03341950400261146	0.001939647830307096	-2.168417691726806
0.03372873086588692	0.0019404251524123978	-2.1744400051886283
0.034040818970100126	0.0019412174956922072	-2.180529863012712
0.0343557947899875	0.0019420251608410417	-2.1866881857769664
0.0346736850452532	0.0019428484550047928	-2.1929159105554175
0.034994516702835765	0.0019436876918828474	-2.199213991246965
0.035318316979195734	0.00194454319192548	-2.205583399018082
0.03564511334262446	0.001945415282479894	-2.2120251226920176
0.03597493351557427	0.0019463042979436342	-2.2185401691524684
0.03630780547701017	0.0019472105799486288	-2.225129563789145
0.03664375746478335	0.0019481344775442821	-2.231794350953251
0.03698281797802665	0.001949076347371472	-2.238535594400797
0.037325015779572084	0.0019500365538262278	-2.245354377744968
0.037670379898390914	0.0019510154692733155	-2.2522518049598936
0.038018939632056145	0.0019520134742513262	-2.2592290008904024
0.0383707245492279	0.001953030957654606	-2.2662871117446675
0.038725764492161745	0.0019540683169313724	-2.273427305606538
0.03908408957924023	0.001955125958322262	-2.280650773013754
0.03944573020752787	0.0019562042970848754	-2.2879587275184976
0.039810717055349755	0.001957303757695574	-2.295352406238814
0.04017908108489402	0.0019584247740755973	-2.3028330704463866
0.040550853544838415	0.001959567789876813	-2.3104020062338
0.040926065973001115	0.0019607332586732557	-2.3180605250747157
0.041304750199016166	0.001961921644265298	-2.325809964544939
0.04168693834703357	0.0019631334208956987	-2.3336516889288954
0.04207266283844444	0.001964369073570021	-2.3415870899798312
0.04246195639463132	0.00196562909827425	-2.3496175875599468
0.042854852039743985	0.001966914002326124	-2.357744630450301
0.04325138310350091	0.001968224304616433	-2.365969697054038
0.04365158322401663	0.001969560535965378	-2.374294296232787
0.044055486350655364	0.001970923239378611	-2.3827199680580047
0.04446312674691091	0.0019723129704193655	-2.3912482846920495
0.04487453899331325	0.0019737302975215004	-2.399880851236574
0.04528975799036211	0.0019751758023470777	-2.4086193066303343
0.04570881896148754	0.0019766500801101953	-2.4174653245324356
0.04613175745603798	0.0019781537399941643	-2.4264206143342126
0.04655860935229591	0.0019796874054948503	-2.435486922098817
0.04698941086052156	0.0019812517148474875	-2.444666031610499
0.04742419852602448	0.001982847321365699	-2.453959765350969
0.04786300923226385	0.0019844748939220635	-2.4633699856558016
0.04830588020397728	0.0019861351173675068	-2.4728985958178025
0.04875284901033865	0.0019878286929586523	-2.4825475412226927
0.04920395356814511	0.001989556338828321	-2.4923188105629266
0.04965923214503363	0.0019913187904661484	-2.5022144370724253
0.05011872336272725	0.0019931168012219213	-2.5122364998278637
0.05058246620031143	0.0019949511427659558	-2.5223871250071555
0.051050499997540646	0.0019968226056881018	-2.5326684873569905
0.05152286445817567	0.0019987319999919	-2.543082811544963
0.05199959965335162	0.0020006801556530706	-2.553632373622297
0.052480746024977286	0.0020026679232779425	-2.564319502641131
0.05296634438916581	0.002004696174586711	-2.5751465820749866
0.05345643593969719	0.0020067658031634595	-2.586116051612059
0.05395106225151279	0.0020088777249982234	-2.5972304087130302
0.05445026528424214	0.0020110328792313577	-2.608492210447819
0.05495408738576248	0.002013232228820031	-2.6199040752895075
0.0554625712957911	0.0020154767612584243	-2.6314686849825644
0.05597576014951104	0.0020177674893423745	-2.6431887865284147
0.05649369748123028	0.0020201054518917713	-2.6550671941440047
0.05701642722807478	0.0020224917146283725	-2.6671067914490894
0.05754399373371572	0.002024927370949788	-2.6793105335798812
0.05807644175213124	0.0020274135428185753	-2.6916814494786268
0.05861381645140291	0.002029951381651163	-2.70422264423244
0.05915616341754743	0.002032542069254627	-2.7169373015195415
0.05970352865838372	0.0020351868187825036	-2.7298286861283567
0.06025595860743581	0.002037886875746192	-2.742900146594573
0.060813500127871824	0.002040643519039784	-2.7561551179114487
0.061376200516479455	0.0020434580620637944	-2.7695971244230213
0.06194410750767818	0.0020463318538087093	-2.7832297827222523
0.06251726927756862	0.0020492662800152485	-2.7970568047031876
0.06309573444801936	0.0020522627644397958	-2.8110820008195323
0.06367955209079162	0.002055322770082904	-2.8253092833522246
0.064268771731702	0.002058447800508134	-2.8397426698736776
0.06486344335482389	0.0020616394012045593	-2.8543862868220073
0.06546361740672754	0.0020648991610415827	-2.869244373293728
0.06606934480075964	0.0020682287137110777	-2.8843212848753677
0.06668067692136226	0.002071629739329139	-2.89962149778158
0.06729766562843183	0.002075103965946507	-2.9151496129478907
0.0679203632617185	0.0020786531713314553	-2.930910360576606
0.0685488226452662	0.002082279184669528	-2.9469086046679416
0.0691830970918937	0.0020859838883823135	-2.9631493477971906
0.06982324040771719	0.0020897692200193283	-2.979637736104652
0.07046930689671474	0.0020936371742714295	-2.9963790645375723
0.07112135136533296	0.002097589805033172	-3.0133787822877403
0.07177942912713622	0.0021016292275188118	-3.0306424984018165
0.07244359600749906	0.002105757620600168	-3.048175987820961
0.0731139083483418	0.0021099772290692166	-3.065985197447087
0.07379042301291015	0.0021142903661900106	-3.0840762527358048
0.07447319739059896	0.0021186994162136156	-3.1024554643809013
0.07516228940182061	0.002123206837058888	-3.121129335361224
0.07585775750291844	0.0021278151631778626	-3.140104568421634
0.07655966069112569	0.002132527008486076	-3.159388073780355
0.07726805850957029	0.0021373450694212597	-3.178986977198475
0.07798301105232593	0.0021422721281533605	-3.1989086284387174
0.07870457896950993	0.0021473110560692467	-3.219160610281246
0.07943282347242822	0.00215246481716712	-3.2397507476360574
0.08016780633876798	0.00215773647190505	-3.2606871174805683
0.0809095899178383	0.002163129181007514	-3.281978058957987
0.0816582371358593	0.002168646209555042	-3.3036321841266205
0.0824138115013003	0.0021742909313514328	-3.3256583893117573
0.08317637711026717	0.0021800668333083447	-3.348065866772944
0.08394599865193982	0.0021859775202446316	-3.3708641172118954
0.08472274141405972	0.0021920267198524395	-3.3940629628043073
0.08550667128846841	0.0021982182878661563	-3.417672560831434
0.0862978547766971	0.0022045562135966936	-3.4417034181531845
0.08709635899560814	0.0022110446256844054	-3.4661664063238247
0.08790225168308852	0.002217687798176631	-3.4910727775446366
0.08871560120379617	0.0022244901569276844	-3.516434181447852
0.08953647655495947	0.002231456286300909	-3.542262682719218
0.09036494737223023	0.0022385909363337748	-3.5685707798267683
0.09120108393559107	0.0022458990301614584	-3.5953714245603576
0.09204495717531722	0.002253385671945138	-3.6226780427806946
0.09289663867799372	0.002261056155190427	-3.650504556261208
0.09375620069258811	0.0022689159715459923	-3.678865405756923
0.09462371613657934	0.0022769708200704153	-3.7077755753125206
0.09549925860214364	0.002285226617114428	-3.7372506181264042
0.0963829023623971	0.0022936895066188344	-3.7673066836222686
0.09727472237769656	0.0023023658711558734	-3.7979605463331714
0.09817479430199849	0.0023112623435305128	-3.8292296363385634
0.09908319448927681	0.0023203858191041924	-3.8611320715414092
0.10000000000000005	0.0023297434688114645	-3.893686691829328
0.10092528860766849	0.0023393427530192627	-3.926913095336666
0.10185913880541175	0.00234919143617171	-3.9608316768770657
0.10280162981264741	0.002359297602408509	-3.9954636687917193
0.10375284158180131	0.002369669672019854	-4.030831184167268
0.10471285480509002	0.0023803164191153778	-4.066957263019269
0.1056817509213659	0.0023912469902151396	-4.103865921109025
0.10665961212302584	0.0024024709241863163	-4.141582202108634
0.10764652136298355	0.0024139981734275138	-4.180132233094483
0.10864256236170661	0.0024258391263501486	-4.219543283511576
0.10964781961431856	0.0024380046314835245	-4.259843828257451
0.1106623783977667	0.0024505060230737763	-4.301063614803991
0.11168632477805618	0.002463355148479186	-4.343233734953307
0.1127197456175511	0.0024765643974047256	-4.386386701460281
0.11376272858234315	0.002490146733170261	-4.430556529939097
0.11481536214968835	0.002504115726162673	-4.475778826547885
0.11587773561551268	0.0025184855896076873	-4.5220908817631615
0.11694993910198717	0.0025332712179992082	-4.5695317710608
0.11803206356517304	0.0025484882281282557	-4.618142462567516
0.11912420080273756	0.0025641530033785856	-4.6679659330637255
0.12022644346174137	0.002580282740993784	-4.719047292084012
0.1213388850464978	0.0025968955031291318	-4.7714339157330485
0.12246161992650495	0.002614010271656756	-4.825175590496651
0.12359474334445113	0.0026316470072631193	-4.880324668256615
0.12473835142429439	0.002649826712952694	-4.936936233117418
0.1258925411794168	0.0026685715028490656	-4.9950682818710455
0.12705741052085426	0.0026879046762365564	-5.05478191856252
0.12823305826560225	0.0027078507976517102	-5.1161415648929385
0.1294195841449987	0.002728435783657735	-5.179215188222566
0.13061708881318423	0.0027496869966314673	-5.244074548208057
0.1318256738556408	0.002771633346586942	-5.310795464602544
0.13304544179780922	0.0027943054015727212	-5.37945810780687
0.13427649611378642	0.0028177355077526316	-5.450147314963999
0.13551894123510363	0.002841957919896535	-5.5229529337458985
0.13677288255958495	0.0028670089435285017	-5.597970197018077
0.13803842646028852	0.002892927089924595	-5.675300131616292
0.13931568029453034	0.0029197532452861505	-5.755050004842509
0.14060475241299142	0.002947530855641652	-5.837333812783059
0.14190575216890927	0.002976306129232964	-5.92227281520404
0.1432187899273544	0.0030061282583145684	-6.009996122245568
0.1445439770745928	0.0030370496624182518	-6.100641338481526
0.1458814260275349	0.0030691262558353613	-6.194355271732324
0.14723125024327194	0.003102417741900989	-6.291294713617022
0.14859356422870074	0.0031369879373724326	-6.391627300907992
0.1499684835502374	0.003172905130400211	-6.495532467170487
0.15135612484362088	0.0032102424764330994	-6.603202496426182
0.15275660582380732	0.0032490784363682734	-6.714843690934379
0.154170045294956	0.0032894972630644684	-6.830677669333845
0.1555965631605075	0.0033315895412955	-6.950942809917624
0.15703628043335532	0.0033754527893988255	-7.075895860949862
0.15848931924611143	0.003421192129855768	-7.205813738773366
0.15995580286146696	0.0034689210387411776	-7.340995540865388
0.1614358556826487	0.0035187621847754917	-7.481764803987314
0.1629296032639723	0.0035708483706239653	-7.628472042652373
0.16443717232149324	0.003625323591020614	-7.781497609078539
0.16595869074375613	0.0036823442250238305	-7.941254923257848
0.16749428760264382	0.0037420803824556727	-8.108194129958589
0.1690440931643265	0.0038047174275004487	-8.282806248514367
0.17060823890031243	0.0038704577077733216	-8.46562789589691
0.17218685749860077	0.003939522520873871	-8.657246675659248
0.17378008287493762	0.004012154356672815	-8.858307343911843
0.1753880501841762	0.00408861946183166	-9.069518887157978
0.1770108958317422	0.0041692107796123925	-9.291662669075924
0.17864875748520517	0.004254251330681643	-9.525601840251994
0.180301774085957	0.004344098111994471	-9.77229224166322
0.18197008586099844	0.004439146607334521	-10.032795084226779
0.18365383433483473	0.004539836021309831	-10.308291746049784
0.18535316234148125	0.004646655373658574	-10.600101109027388
0.18706821403658017	0.004760150618203566	-10.909699949490108
0.18879913490962946	0.004880932988313056	-11.238747022677591
0.19054607179632482	0.005009688813972417	-11.58911163210661
0.19230917289101596	0.005147191112986663	-11.962907675918071
0.19408858775927793	0.005294313326260545	-12.36253441130929
0.19588446735059908	0.005452045654846839	-12.79072550699167
0.1976969640111862	0.005621514564292771	-13.250608376825634
0.19952623149688808	0.005804006155013476	-13.7457763378373
0.20137242498623895	0.006000994265401472	-14.280376863359082
0.2032357010936223	0.0062141743790243955	-14.859220157643959
0.20511621788255666	0.006445504656068328	-15.487913545902078
0.20701413487910436	0.0066972557077334275	-16.173028870823416
0.2089296130854041	0.006972071067156423	-16.922312341696664
0.2108628149933291	0.007273040676940492	-17.744949337409142
0.21281390459827135	0.007603790031568943	-18.651900733542096
0.21478304741305343	0.007968587777567943	-19.656332805979723
0.21677041048196952	0.008372474298889303	-20.774170037850634
0.2187761623949553	0.008821412554837985	-22.024809671700734
0.22080047330189004	0.009322459102648293	-23.432048895522335
0.22284351492703042	0.0098839456826428	-25.025289807236042
0.22490546058357816	0.010515645830017973	-26.84110175076895
0.22698648518838224	0.011228868818296898	-28.925229002478158
0.22908676527677735	0.01203636015966785	-31.33511783391601
0.23120647901755953	0.012951767924739566	-34.14296227100298
0.23334580622810033	0.013988215731145172	-37.43904724955981
0.23550492838960102	0.015155155336114794	-41.33462647274713
0.23768402866248772	0.016452147466921255	-45.96239302301958
0.2398832919019491	0.017857780611114038	-51.47035231765191
0.2421029046736179	0.01931261239888196	-58.0015073998399
0.24434305526939726	0.020699395177046484	-65.64923104033832
0.246603933723434	0.02183501978266397	-74.3840549705378
0.24888573182823917	0.02250144336610985	-83.97415295497437
0.25118864315095807	0.02253051156851753	-93.96350806499733
0.2535128630497908	0.021898200687965892	-103.77047841666862
0.25585858869056466	0.020741699999673895	-112.87272694579727
0.2582260190634597	0.01928039099497972	-120.94989332240687
0.26061535499988964	0.017718123044031926	-127.90349484556306
0.2630267991895383	0.016194150241774227	-133.79003594563417
0.26546055619755404	0.014782756881826235	-138.7405113586443
0.2679168324819033	0.013512754292921108	-142.90452689169445
0.2703958364108845	0.012387010872155704	-146.42191129575804
0.2728977782808042	0.011395863001878895	-149.4122834676388
0.27542287033381674	0.010524831946255628	-151.97366946259555
0.277971326775929	0.009758574932364827	-154.18478688060975
0.2805433637951715	0.009082689114642717	-156.10834662402132
0.28313919957993805	0.008484394552542894	-157.79425794811416
0.2857590543374948	0.007952672731404839	-159.28236079753836
0.2884031503126607	0.007478163347395301	-160.6046248937746
0.29107171180666064	0.007052970598856246	-161.78687156252175
0.2937649651961532	0.006670450687091569	-162.85010501145155
0.2964831389524344	0.006325011918104702	-163.81153713963107
0.29922646366081906	0.00601193903567393	-164.68537671469178
0.30199517204020176	0.005727244150341733	-165.4834390296155
0.30478949896279844	0.005467542603868793	-166.21561917391065
0.307609681474071	0.005229950635863291	-166.8902615881888
0.3104559588128357	0.0050120014350248845	-167.51445049401852
0.3133285724315587	0.004811576388755036	-168.09423968040025
0.3162277660168381	0.00462684875954355	-168.63483556579493
0.31915378551007634	0.0044562374658081005	-169.14074405040338
0.3221068791283436	0.004298369059715745	-169.6158891441711
0.32508729738543457	0.004152046354825154	-170.0637094651867
0.3280952931131192	0.004016222454602905	-170.4872372933811
0.3311311214825913	0.0038899791792269068	-170.88916379820833
0.33419504002611444	0.0037725090839365112	-171.27189326077277
0.3372873086588691	0.0036631004217896677	-171.6375884981882
0.34040818970100106	0.0035611245292097274	-171.98820923731574
0.34355794789987465	0.0034660252141692385	-172.32554482769055
0.34673685045253166	0.0033773098073997415	-172.65124241118437
0.3499451670283573	0.0032945416015617815	-172.9668314565611
0.353183169791957	0.003217333455459201	-173.2737454049955
0.35645113342624424	0.0031453423818159744	-173.57334104982436
0.3597493351557423	0.0030782649716612864	-173.8669161794228
0.36307805477010135	0.0030158335355307156	-174.15572594352952
0.36643757464783333	0.0029578128649326296	-174.44099835297078
0.3698281797802663	0.00290399753633505	-174.72394929055116
0.3732501577957206	0.0028542096958883217	-175.0057973941464
0.37670379898390893	0.0028082972770184602	-175.2877791688721
0.38018939632056126	0.0027661326149281615	-175.5711646974248
0.38370724549227886	0.0027276114330284664	-175.85727434275213
0.3872576449216173	0.0026926521863266497	-176.14749688061568
0.3908408957924021	0.002661195756884198	-176.44330955947618
0.39445730207527846	0.0026332055060848936	-176.74630067133504
0.3981071705534973	0.002608667699162896	-177.05819532791418
0.40179081084894	0.00258759232865642	-177.3808852864596
0.40550853544838394	0.0025700143764745154	-177.71646386220442
0.40926065973001097	0.002555995569122084	-178.0672672196616
0.41304750199016144	0.0025456266983901184	-178.43592366651743
0.4168693834703355	0.0025390306009821294	-178.82541301046226
0.4207266283844442	0.0025363659163222642	-179.2391386154831
0.424619563946313	0.002537831772909008	-179.68101555708927
0.4285485203974396	0.0025436735912008476	179.8444207050874
0.43251383103500884	0.0025541902358900206	179.3318793534802
0.4365158322401661	0.0025697428023788373	178.77514531002893
0.44055486350655343	0.002590765379781044	178.16686627520417
0.4446312674691088	0.002617778189763633	177.49828216859223
0.4487453899331323	0.002651403543720911	176.75887876144807
0.4528975799036209	0.002692385060085417	175.93594089220377
0.4570881896148752	0.002741610477805281	175.01397190084933
0.46131757456037953	0.002800138067583359	173.97393403065084
0.4655860935229591	0.002869225834103385	172.7922486933757
0.4698941086052156	0.0029503609378305757	171.4394751263412
0.4742419852602448	0.0030452831017695383	169.87856180078757
0.47863009232263853	0.0031559883845371514	168.06254149413732
0.48305880203977286	0.00328468514060554	165.93153274694777
0.4875284901033865	0.0034336459557887025	163.40895656596442
0.4920395356814511	0.0036048473497185558	160.397073492843
0.49659232145033627	0.003799199220758198	156.77250994900567
0.5011872336272725	0.004015033844111688	152.38381843511775
0.5058246620031143	0.004245409018662883	147.05603977567424
0.5105049999754064	0.004473962918938957	140.61228962308277
0.5152286445817567	0.004670301416893125	132.92757586791058
0.5199959965335162	0.0047891637260206515	124.02462909338387
0.5248074602497729	0.004781143883132621	114.18385800237375
0.5296634438916581	0.0046175060359717295	103.97292549278824
0.5345643593969719	0.00431218198217034	94.10240681905056
0.5395106225151278	0.003916387327329043	85.1714851752875
0.5445026528424215	0.003490014633188651	77.50080219926299
0.5495408738576248	0.0030778088443415507	71.14251070373327
0.5546257129579107	0.00270357212482071	65.98634340847582
0.5597576014951101	0.002375390704317368	61.860239608627445
0.5649369748123025	0.0020926018644928015	58.589545419998366
0.5701642722807475	0.001850725527149227	56.021919698692564
0.5754399373371569	0.0016441727513394296	54.033430579213594
0.580764417521312	0.0014675021955409102	52.52664914751757
0.5861381645140288	0.0013159009015539364	51.4262492729991
0.591561634175474	0.001185298503783258	50.674431701692995
0.5970352865838369	0.0010723274262449533	50.226956208127326
0.6025595860743578	0.0009742300530494807	50.04992443980163
0.6081350012787179	0.0008887572290961636	50.11722550417334
0.6137620051647943	0.0008140755189162714	50.408495886912945
0.6194410750767815	0.0007486885171823965	50.907448105918704
0.6251726927756859	0.0006913723989379973	51.60044505682427
0.6309573444801934	0.0006411240072757016	52.47522350656391
0.6367955209079159	0.0005971192914453298	53.51969645145763
0.6426877173170198	0.0005586799937517367	54.72079028132064
0.6486344335482385	0.0005252467661090937	56.06330033205827
0.654636174067275	0.000496357219111366	57.52877831178808
0.6606934480075961	0.00047162770763802756	59.09449629979003
0.6668067692136223	0.00045073791767999367	60.73256086251918
0.6729766562843178	0.000433417532717101	62.40927072017377
0.6792036326171846	0.0004194344177886109	64.08481416483785
0.6854882264526617	0.0004085838531864296	65.71338145298418
0.6918309709189366	0.0004006783616071126	67.24372220493177
0.6982324040771715	0.000395537590995771	68.62011804276635
0.7046930689671471	0.0003929775459292805	69.78368645521792
0.7112135136533292	0.00039279824328177274	70.67390884985596
0.7177942912713619	0.0003947686980377449	71.23030551648408
0.7244359600749902	0.0003986081993165822	71.3942699924246
0.7311390834834176	0.0004039634074529533	71.11121075276402
0.7379042301291011	0.0004103823181577588	70.33328950356955
0.7447319739059892	0.00041728908849735527	69.02312347621692
0.7516228940182057	0.00042396831292265604	67.15873150907223
0.758577575029184	0.0004295726981817347	64.739626376148
0.7655966069112565	0.00043317107970156923	61.79320941352604
0.7726805850957026	0.00043384862021840026	58.37962748733839
0.7798301105232589	0.0004308525514772579	54.59250421581296
0.7870457896950989	0.000423747801615003	50.55327502660945
0.7943282347242817	0.0004125244615742046	46.398783389504125
0.8016780633876793	0.0003976063726703861	42.26473134674673
0.8090958991783825	0.0003797520125352902	38.26971199708032
0.8165823713585927	0.0003598888780551687	34.504286843067966
0.8241381150130026	0.00033894520834680324	31.027108659814886
0.8317637711026713	0.0003177280142036851	27.867220666054525
0.8394599865193977	0.00029686349624316057	25.030028111401084
0.8472274141405968	0.00027678942715520205	22.50437012416723
0.8550667128846836	0.0002577787215330784	20.2689528521304
0.8629785477669706	0.00023997538384373302	18.29736319799918
0.870963589956081	0.00022343071646941209	16.5615590455352
0.8790225168308847	0.00020813398573917762	15.034069632542733
0.8871560120379608	0.00019403590690381076	13.689238586238723
0.8953647655495938	0.0001810654396477902	12.503818000695787
0.9036494737223014	0.0001691411809290534	11.457154123820827
0.9120108393559097	0.000158178736542553	10.531134556562908
0.9204495717531712	0.00014809525637195199	9.710009017096397
0.9289663867799363	0.0001388120468630871	8.980153595574594
0.9375620069258802	0.00013025592235511895	8.32981985850872
0.946237161365793	0.00012235975521504024	7.748891740273535
0.9549925860214359	0.00011506253516853976	7.22866175492037
0.9638290236239705	0.00010830914238456976	6.761631274640016
0.9727472237769651	0.0001020499662228596	6.341335762083291
0.9817479430199844	0.00009624045277987578	5.962193786640657
0.9908319448927676	0.00009084063218351176	5.619377674403697
1.	0.00008581465566728732	5.308703283159202
1.0092528860766845	0.00008113035906338733	5.02653637889461
1.0185913880541169	0.00007675886093111852	4.7697132517500105
1.0280162981264735	0.00007267419836160626	4.535473449736211
1.0375284158180127	0.00006885300041478454	4.321402772222499
1.0471285480508996	0.0000652741974028771	4.125384922998265
1.0568175092136585	0.000061918763333642	3.945560459635734
1.066596121230258	0.00005876948844755164	3.7802918862487185
1.076465213629835	0.00005581077871504854	3.6281339191525905
1.0864256236170655	0.000053028479274479405	3.4878081110227823
1.096478196143185	0.00005040971899957889	3.3581811511692186
1.1066237839776665	0.00004794277363833869	3.238246270605188
1.1168632477805611	0.000045616945230816536	3.1271072735716943
1.1271974561755105	0.00004342245577265619	3.023964794817604
1.1376272858234309	0.00004135035333351181	2.9281044466069788
1.1481536214968828	0.00003939242906307454	2.8388865733911177
1.1587773561551262	0.00003754114371475751	2.7557373769231592
1.1694993910198712	0.00003578956249562267	2.678141212073715
1.1803206356517297	0.00003413129720522232	2.6056338847868608
1.191242008027375	0.000032560454762658933	2.5377968097154304
1.2022644346174132	0.00003107159133871778	2.4742519068541857
1.2133888504649775	0.000029659671413005697	2.414657134778964
1.224616199265049	0.000028320031164314307	2.358702573396718
1.2359474334445106	0.000027048345679774975	2.3061069820184477
1.2473835142429432	0.000025840599534172633	2.2566147693859997
1.2589254117941675	0.000024693060348838623	2.2099933214628042
1.270574105208542	0.000023602254988576652	2.166030640509436
1.2823305826560218	0.000022564948098421257	2.124533255535865
1.2941958414499863	0.000021578122718956144	2.085324369771975
1.3061708881318417	0.000020638962751190467	2.048242215532099
1.3182567385564075	0.00001974483706993906	2.0131385908754185
1.3304544179780915	0.000018893285108874423	1.979877555906744
1.3427649611378643	0.000018082003761400968	1.9483342694961547
1.3551894123510364	0.00001730883546010441	1.9183939497287306
1.3677288255958495	0.0000165717573132464	1.8899509435477597
1.3803842646028852	0.000015868871190932912	1.862907892924266
1.3931568029453034	0.00001519839466572786	1.8371749864863052
1.4060475241299142	0.000014558652723161196	1.8126692869274825
1.4190575216890926	0.000013948070167053023	1.78931412571168
1.432187899273544	0.000013365164652624329	1.7670385576261385
1.4454397707459279	0.000012808540287864234	1.7457768686404456
1.4588142602753489	0.000012276881749745634	1.7254681313046136
1.4723125024327193	0.000011768948867694986	1.7060558026065915
1.4859356422870074	0.000011283571631603452	1.6874873597999926
1.499684835502374	0.000010819645586089025	1.6697139702336126
1.5135612484362087	0.000010376127576633575	1.652690191667419
1.5275660582380732	9.952031816621922e-6	1.6363736999567182
1.54170045294956	9.546426247491037e-6	1.6207250413380687
1.555965631605075	9.158429166760572e-6	1.6057074068510897
1.5703628043335531	8.787206101375811e-6	1.591286426708793
1.584893192461114	8.43196690574133e-6	1.5774299826575389
1.5995580286146696	8.091963065938276e-6	1.5641080365843787
1.6143585568264869	7.766485193272534e-6	1.5512924738119747
1.629296032639723	7.4548606918650775e-6	1.5389569596848922
1.6443717232149324	7.156451586416232e-6	1.5270768081976858
1.6595869074375613	6.870652497516664e-6	1.51562886154351
1.6749428760264382	6.596888753005245e-6	1.5045913795761618
1.690440931643265	6.334614624887516e-6	1.4939439382804436
1.7060823890031243	6.0833116822548405e-6	1.4836673364364708
1.7218685749860079	5.842487251455163e-6	1.4737435097438811
1.7378008287493762	5.611672975528652e-6	1.4641554517444049
1.753880501841762	5.390423465586202e-6	1.4548871409455284
1.770108958317422	5.178315037425846e-6	1.445923473605226
1.7864875748520517	4.974944527227467e-6	1.4372502016894761
1.803017740859568	4.779928180685304e-6	1.4288538755606917
1.8197008586099825	4.592900610381331e-6	1.4207217909963417
1.8365383433483455	4.4135138166219775e-6	1.4128419401742667
1.8535316234148105	4.241436267345752e-6	1.4052029662949617
1.8706821403657996	4.0763520330417846e-6	1.397794121540726
1.8879913490962925	3.9179599729451936e-6	1.3906052280991232
1.9054607179632463	3.7659729690586804e-6	1.3836266420025258
1.9230917289101574	3.620117204812163e-6	1.3768492195575655
1.9408858775927773	3.480131485407574e-6	1.3702642861580283
1.958844673505989	3.3457665971324485e-6	1.363863607293524
1.97696964011186	3.2167847030995615e-6	1.357639361581268
1.9952623149688788	3.0929587730877023e-6	1.3515841156646073
2.0137242498623875	2.9740720453008625e-6	1.3456908008341066
2.032357010936221	2.859917518036365e-6	1.3399526912398512
2.0511621788255647	2.7502974693840856e-6	1.3343633835741808
2.0701413487910414	2.6450230032246537e-6	1.3289167781147615
2.0892961308540388	2.543913619901698e-6	1.3236070610262507
2.108628149933289	2.4467968100630977e-6	1.318428687827582
2.1281390459827114	2.3535076702713234e-6	1.3133763679394808
2.147830474130533	2.263888539072941e-6	1.30844505023346
2.167704104819694	2.1777886523078533e-6	1.3036299095099828
2.1877616239495516	2.0950638165222645e-6	1.2989263338392303
2.208004733018899	2.0155760994231243e-6	1.2943299127032097
2.228435149270303	1.9391935363797764e-6	1.2898364258824728
2.2490546058357803	1.8657898520488802e-6	1.2854418330355377
2.2698648518838214	1.795244196250371e-6	1.281142263922614
2.2908676527677723	1.7274408932885422e-6	1.2769340092294739
2.312064790175594	1.6622692039523032e-6	1.272813511950119
2.333458062281002	1.5996230994869912e-6	1.2687773592904625
2.355049283896009	1.5394010468670727e-6	1.2648222750577574
2.376840286624876	1.4815058047478158e-6	1.2609451125034379
2.39883291901949	1.4258442295033085e-6	1.257142847588958
2.4210290467361775	1.372327090804654e-6	1.2534125726470375
2.4434305526939712	1.320868896217422e-6	1.2497514904121863
2.4660393372343385	1.2713877243335406e-6	1.2461569083966804
2.48885731828239	1.2238050659791035e-6	1.242626233589553
2.5118864315095797	1.1780456730692244e-6	1.239156967458062
2.535128630497907	1.1340374147038893e-6	1.2357467012322327
2.5585858869056453	1.091711140125696e-6	1.2323931114548334
2.582260190634596	1.0510005481784242e-6	1.2290939557799112
2.6061535499988953	1.0118420629309035e-6	1.2258470690046477
2.6302679918953813	9.741747151453678e-7	1.2226503593199585
2.654605561975539	9.379400292924893e-7	1.2195018047666468
2.6791683248190314	9.030819158268419e-7	1.2163994498843556
2.703958364108843	8.695465684577462e-7	1.2133414025418852
2.7289777828080406	8.372823661626278e-7	1.210325830937987
2.7542287033381663	8.062397797037959e-7	1.207350960762423
2.7797132677592886	7.763712824241506e-7	1.2044150725079037
2.805433637951713	7.476312651091156e-7	1.201516498924101
2.831391995799379	7.199759547134705e-7	1.198653622605459
2.8575905433749464	6.93363336762455e-7	1.1958248737050825
2.8840315031266055	6.67753081248304e-7	1.1930287277676024
2.910717118066605	6.431064718506079e-7	1.1902637036741848
2.9376496519615305	6.193863383202491e-7	1.1875283616934589
2.9648313895243423	5.965569918739029e-7	1.184821301632463
2.992264636608189	5.745841634543824e-7	1.1821411610820964
3.019951720402016	5.53434944719962e-7	1.1794866137519153
3.047894989627983	5.330777316330925e-7	1.1768563678894945
3.076096814740708	5.134821705245025e-7	1.1742491647797424
3.1045595881283554	4.946191065170253e-7	1.171663777320049
3.1332857243155856	4.7646053419746905e-7	1.1690990086672044
3.162277660168379	4.5897955043189544e-7	1.1665536909524434
3.1915378551007616	4.4215030922423507e-7	1.1640266840610705
3.2210687912834346	4.259479785238237e-7	1.1615168744734747
3.250872973854344	4.1034869889140054e-7	1.1590231741643902
3.2809529311311905	3.9532954393859177e-7	1.1565445195576203
3.311311214825911	3.808684824592308e-7	1.154079870533469
3.3419504002611427	3.6694434217563133e-7	1.151628209486408
3.372873086588689	3.5353677502625593e-7	1.1491885404305966
3.404081897010009	3.406262239249076e-7	1.1467598881510428
3.4355794789987466	3.281938909253443e-7	1.144341297398347
3.4673685045253166	3.1622170672777595e-7	1.141931832125078
3.499451670283573	3.046923014675395e-7	1.1395305747619704
3.53183169791957	2.935889767284461e-7	1.1371366255322526
3.5645113342624426	2.82895678726444e-7	1.134749101802491
3.5974933515574232	2.725969726118225e-7	1.1323671374685107
3.630780547701014	2.626780178403586e-7	1.129989882374968
3.664375746478333	2.5312454456662793e-7	1.1276165017673105
3.6982817978026628	2.439228310143754e-7	1.1252461757749184
3.732501577957206	2.3505968178134961e-7	1.122878098924301
3.767037989839089	2.2652240703791557e-7	1.1205114796813322
3.801893963205613	2.1829880258046775e-7	1.1181455400215565
3.8370724549227884	2.103771307027506e-7	1.1157795150276841
3.8725764492161727	2.0274610184964292e-7	1.113412652513474
3.908408957924021	1.9539485701981016e-7	1.1110442126732454
3.944573020752785	1.8831295088503638e-7	1.1086734677563719
3.981071705534973	1.814903355954795e-7	1.1062997017661163
4.0179081084894	1.7491734524171373e-7	1.1039222101822797
4.055085354483839	1.685846809454657e-7	1.1015402997071893
4.09260659730011	1.624833965523958e-7	1.0991532880345827
4.130475019901614	1.56604884901434e-7	1.096760503641034
4.168693834703355	1.509408646463422e-7	1.0943612855996476
4.207266283844442	1.4548336760614013e-7	1.091954983415735
4.24619563946313	1.4022472662231517e-7	1.0895409568843484
4.285485203974396	1.3515756390141598e-7	1.0871185759695199
4.325138310350088	1.3027477982285128e-7	1.084687220705184
4.365158322401661	1.2556954219242194e-7	1.0822462811177933
4.405548635065534	1.2103527592300425e-7	1.0797951571707045
4.446312674691089	1.1666565312474014e-7	1.0773332587305229
4.487453899331323	1.1245458358761531e-7	1.0748600055556166
4.528975799036209	1.0839620564033918e-7	1.0723748273071416
4.570881896148752	1.0448487736986276e-7	1.069877163582962
4.613175745603791	1.0071516818677387e-7	1.0673664639749836
4.655860935229586	9.708185072227069e-8	1.0648421881505006
4.698941086052151	9.357989304313501e-8	1.062303805958238
4.742419852602444	9.020445117167314e-8	1.0597507975599665
4.7863009232263805	8.695086189811242e-8	1.0571826535885958
4.830588020397723	8.381463587353395e-8	1.0545988753338806
4.875284901033861	8.079145097186197e-8	1.0519989749570051
4.920395356814506	7.787714590996378e-8	1.0493824757354517
4.965923214503357	7.506771411533344e-8	1.046748912339824
5.01187233627272	7.23592978312925e-8	1.0440978311444382
5.058246620031137	6.974818245005041e-8	1.0414287905738213
5.105049999754059	6.723079106434999e-8	1.0387413614874246
5.152286445817562	6.480367922884859e-8	1.036035127605304
5.1999599653351565	6.246352992266585e-8	1.033309685977723
5.248074602497723	6.020714870497198e-8	1.0305646475021417
5.296634438916575	5.8031459055731746e-8	1.0277996374914384
5.345643593969713	5.5933497894079266e-8	1.025014296297729
5.395106225151273	5.3910411267085886e-8	1.0222082799967442
5.445026528424209	5.1959450201953374e-8	1.0193812611383484
5.495408738576242	5.0077966714944905e-8	1.016532929569563
5.5462571295791046	4.826340997061963e-8	1.013662993337301
5.597576014951099	4.651332258516556e-8	1.0107711796790093
5.649369748123022	4.482533706786517e-8	1.0078572361105427
5.701642722807472	4.319717239493798e-8	1.0049209316219205
5.754399373371567	4.1626630710199275e-8	1.0019620579930946
5.807644175213118	4.0111594147180536e-8	0.9989804312436267
5.861381645140285	3.865002176750246e-8	0.9959758932322066
5.9156163417547365	3.723994661049654e-8	0.9929483134242667
5.9703528658383656	3.5879472849178453e-8	0.9898975908487344
6.025595860743575	3.4566773047846567e-8	0.9868236562681385
6.081350012787176	3.330008551668169e-8	0.9837264745900894
6.137620051647939	3.207771175884683e-8	0.9806060475525208
6.194410750767812	3.089801400567231e-8	0.9774624167203226
6.251726927756856	2.975941283559251e-8	0.9742956668371209
6.30957344480193	2.866038487256106e-8	0.9711059295832367
6.367955209079155	2.759946055971953e-8	0.9678933877995135
6.426877173170194	2.6575222004111216e-8	0.9646582802469781
6.486344335482381	2.558630088823834e-8	0.9614009069846592
6.546361740672747	2.463137644422876e-8	0.9581216354625917
6.6069344800759575	2.3709173486344672e-8	0.9548209074448936
6.668067692136219	2.2818460497458278e-8	0.9514992468992071
6.729766562843175	2.195804776502253e-8	0.9481572690148893
6.792036326171843	2.1126785561892768e-8	0.9447956905440118
6.854882264526613	2.0323562367147725e-8	0.9414153416980005
6.918309709189362	1.9547303121799593e-8	0.9380171798803042
6.9823240407717115	1.8796967513945875e-8	0.9346023055941585
7.046930689671467	1.8071548287510292e-8	0.9311719809371839
7.112135136533288	1.7370069568223597e-8	0.9277276511850487
7.177942912713615	1.6691585199878482e-8	0.92427097007967
7.244359600749899	1.6035177083156495e-8	0.9208038295799071
7.311390834834173	1.5399953508422362e-8	0.9173283950130379
7.379042301291007	1.4785047472789563e-8	0.913847146794806
7.447319739059888	1.4189614970434475e-8	0.910362930179935
7.516228940182053	1.3612833243528441e-8	0.9068790148842552
7.585775750291836	1.3053898979192662e-8	0.9033991669121698
7.655966069112561	1.2512026435492184e-8	0.8999277355677817
7.726805850957022	1.1986445476556565e-8	0.8964697594782455
7.798301105232586	1.1476399493321375e-8	0.8930310965888038
7.870457896950985	1.0981143181955953e-8	0.8896185846069534
7.943282347242813	1.0499940146566125e-8	0.8862402404301578
8.01678063387679	1.0032060285945342e-8	0.882905509907855
8.090958991783822	9.576776915647619e-9	0.87962558318715
8.165823713585922	9.133363565972681e-9	0.8764137963528508
8.241381150130021	8.701090382976013e-9	0.8732861478213432
8.317637711026709	8.279220042492414e-9	0.8702619690954944
8.394599865193973	7.867003065282938e-9	0.867364805768399
8.472274141405963	7.463672393259474e-9	0.864623588833472
8.550667128846833	7.068437050255314e-9	0.8620742128895568
8.629785477669701	6.6804746631663885e-9	0.8597616941437566
8.709635899560805	6.2989225565630975e-9	0.8577431698365618
8.790225168308842	5.922867050580692e-9	0.8560921439154926
8.871560120379607	5.5513304802622404e-9	0.8549046212514536
8.953647655495937	5.183255303427319e-9	0.8543081786379655
9.036494737223014	4.817484457436773e-9	0.854475739114629
9.120108393559097	4.452736839237286e-9	0.8556471382959383
9.204495717531712	4.087576382520281e-9	0.8581641185365386
9.289663867799362	3.7203726374019835e-9	0.8625295629902432
9.375620069258803	3.349249939831489e-9	0.869512989144169
9.462371613657929	2.9720210620670334e-9	0.8803505227090838
9.549925860214358	2.586099458837805e-9	0.8971549312642068
9.638290236239705	2.1883815384805797e-9	0.9238467960409232
9.727472237769652	1.7750862630719263e-9	0.9685848876095496
9.817479430199844	1.34153299565369e-9	1.051537878778336
9.908319448927676	8.818291726605427e-10	1.23958254891139
10.	3.8843986123410555e-10	1.9652352156852393
10.092528860766844	1.4901883285910042e-10	177.19943323589067
10.18591388054117	7.428206521245883e-10	179.93301790441916
10.280162981264736	1.4120145928236616e-9	-179.75530923719558
10.375284158180126	2.182333505485954e-9	-179.64397240894942
10.471285480508996	3.091818125150752e-9	-179.59394305675065
10.568175092136585	4.198809286496225e-9	-179.57253089425586
10.665961212302578	5.597654399175581e-9	-179.56905848783526
10.76465213629835	7.451688165971035e-9	-179.58062635545
10.864256236170656	1.007059007654886e-8	-179.60928360946613
10.964781961431852	1.4121910739051197e-8	-179.66393055129117
11.066237839776663	2.1358629206105612e-8	-179.77117800022378
11.168632477805613	3.8337617575939234e-8	179.9663949251536
11.271974561755105	1.286587565632827e-7	178.54774399406315
11.37627285823431	1.1474012743542572e-7	2.3819709401018754
11.481536214968829	4.205745202256271e-8	1.2391034584131893
11.587773561551263	2.6497702351886614e-8	0.9949202933770548
11.694993910198711	1.9670838019411873e-8	0.8876064576065342
11.803206356517286	1.5809672121146922e-8	0.826471650277752
11.912420080273739	1.3310224957268624e-8	0.7863418547924934
12.022644346174118	1.1549337860616356e-8	0.7574673378994954
12.133888504649763	1.0234344849549669e-8	0.7352893519116629
12.246161992650476	9.209598340004508e-9	0.7173973061797033
12.359474334445094	8.384665062723413e-9	0.702400440330388
12.47383514242942	7.703393652950363e-9	0.6894423551935633
12.589254117941662	7.12906367220303e-9	0.6779683241029004
12.705741052085406	6.636639818730024e-9	0.6676041894140482
12.823305826560205	6.208458275599806e-9	0.6580890958808016
12.941958414499851	5.831692959613839e-9	0.6492361016614082
13.061708881318404	5.496799959302548e-9	0.6409080819600358
13.182567385564061	5.196526198878628e-9	0.6330024342992894
13.304544179780901	4.925257164591447e-9	0.625441059623695
13.427649611378628	4.67857568343232e-9	0.6181636179771166
13.551894123510351	4.4529561512939135e-9	0.6111228790200716
13.67728825595848	4.2455480525675615e-9	0.6042814486553979
13.803842646028839	4.054019755644951e-9	0.5976094210371261
13.931568029453022	3.8764438667020995e-9	0.5910826659725146
14.060475241299129	3.7112117850149584e-9	0.5846815608286094
14.190575216890911	3.55696913116845e-9	0.5783900386841179
14.321878992735424	3.4125663282205884e-9	0.5721948649368295
14.454397707459265	3.277020339972455e-9	0.5660850812579201
14.588142602753473	3.1494847311742862e-9	0.5600515736993638
14.723125024327178	3.029226009172444e-9	0.5540867339918097
14.859356422870059	2.915604759068568e-9	0.5481841915496225
14.996848355023726	2.8080604741961476e-9	0.5423385996614208
15.135612484362072	2.706099262245099e-9	0.5365454635908077
15.275660582380716	2.6092838088582737e-9	0.5308010013731776
15.417004529495584	2.5172251279510827e-9	0.5251020303261277
15.559656316050734	2.4295757370193045e-9	0.5194458739349245
15.703628043335515	2.346023977109404e-9	0.5138302849973113
15.848931924611126	2.2662892584841916e-9	0.5082533818298427
15.995580286146678	2.190118059665781e-9	0.5027135950329064
16.143585568264854	2.1172805432939303e-9	0.4972096228419586
16.292960326397214	2.0475676798561163e-9	0.4917403935003772
16.443717232149307	1.9807887918327857e-9	0.4863050334052329
16.595869074375596	1.916769447633932e-9	0.48090284002359823
16.749428760264365	1.8553496479747526e-9	0.4755332587703252
16.90440931643263	1.7963822578669544e-9	0.47019586319083145
17.060823890031227	1.7397316458039895e-9	0.4648903379136352
17.21868574986006	1.6852724984601262e-9	0.4596164639341479
17.378008287493746	1.6328887846613647e-9	0.45437410586889626
17.5388050184176	1.5824728467953765e-9	0.4491632008820023
17.701089583174202	1.5339246014192296e-9	0.44398374903652593
17.864875748520497	1.4871508337632823e-9	0.438835804864625
18.03017740859568	1.442064573245808e-9	0.4337194699842948
18.197008586099827	1.3985845391075167e-9	0.4286348866182227
18.365383433483455	1.3566346469281822e-9	0.4235822318931955
18.535316234148105	1.31614356816296e-9	0.4185617128174503
18.706821403657997	1.2770443359845827e-9	0.4135735618491323
18.879913490962927	1.239273991680189e-9	0.4086180329821625
19.054607179632463	1.2027732666610868e-9	0.4036953982868357
19.230917289101576	1.167486295826758e-9	0.3988059448517387
19.408858775927772	1.13336035860252e-9	0.39394997208138915
19.58844673505989	1.1003456444610928e-9	0.3891277893106305
19.769696401118598	1.0683950401562875e-9	0.38433971370245995
19.952623149688787	1.0374639362538727e-9	0.3795860684008009
20.137242498623873	1.0075100508503286e-9	0.3748671809138783
20.32357010936221	9.784932686325148e-10	0.37018338170745635
20.511621788255646	9.503754936570947e-10	0.3655350029903314
20.701413487910415	9.231205144233877e-10	0.36092237767721647
20.892961308540386	8.966938799817951e-10	0.35634583851660734
21.086281499332888	8.710627859659643e-10	0.3518057173733983
21.28139045982711	8.46195969563712e-10	0.3473023446580121
21.47830474130533	8.220636125520721e-10	0.3428360488956401
21.67704104819694	7.986372516181301e-10	0.33840715643091634
21.87761623949552	7.758896952713607e-10	0.3340159912649948
22.080047330188993	7.537949467267326e-10	0.3296628750236147
22.28435149270303	7.323281322023356e-10	0.32534812705634364
22.490546058357804	7.11465434131804e-10	0.32107206466884675
22.698648518838212	6.911840288414701e-10	0.31683500349172755
22.908676527677724	6.71462028285841e-10	0.31263725799133374
23.12064790175594	6.522784254733499e-10	0.3084791421299017
23.33458062281002	6.336130432480692e-10	0.3043609701846037
23.55049283896009	6.154464861227236e-10	0.30028305773753217
23.76840286624876	5.977600948843484e-10	0.2962457228514388
23.9883291901949	5.805359037167253e-10	0.29224928744926726
24.210290467361776	5.637565996035941e-10	0.288294078919225
24.434305526939713	5.47405483793917e-10	0.28438043197149804
24.660393372343385	5.314664351253488e-10	0.2805086907778308
24.888573182823905	5.159238750147506e-10	0.27667921143126056
25.118864315095795	5.007627339352639e-10	0.27289236477053025
25.351286304979073	4.859684192082e-10	0.26914853962238644
25.58585886905645	4.715267839449434e-10	0.265448146525409
25.82260190634596	4.574240969792245e-10	0.26179162201169026
26.06153549998895	4.436470136335506e-10	0.258179433538083
26.302679918953814	4.301825471652521e-10	0.25461208517758754
26.54605561975539	4.170180407375034e-10	0.25109012420461774
26.791683248190314	4.041411397586744e-10	0.2476141487365152
27.039583641088434	3.9153976442943693e-10	0.24418481662924948
27.289777828080403	3.792020823309091e-10	0.2408028558696497
27.542287033381662	3.6711648087868347e-10	0.23746907676231777
27.797132677592884	3.5527153945647615e-10	0.23418438627985763
28.05433637951713	3.4365600102907187e-10	0.23094980503469253
28.31391995799379	3.322587430167993e-10	0.22776648744544442
28.575905433749465	3.2106874719238995e-10	0.22463574581867005
28.84031503126606	3.100750683351604e-10	0.22155907925861837
29.10717118066605	2.99266801346191e-10	0.21853820856867776
29.376496519615305	2.886330464905868e-10	0.2155751186392228
29.648313895243422	2.7816287238783077e-10	0.2126721102570171
29.92264636608189	2.678452763171808e-10	0.2098318638627965
30.19951720402016	2.5766914134022573e-10	0.20705751858588514
30.4789498962798	2.4762318966487275e-10	0.20435277098441187
30.76096814740705	2.37695931581363e-10	0.2017219994445945
31.045595881283525	2.2787560918802173e-10	0.19917042233320684
31.332857243155825	2.1815013398785914e-10	0.1967043010426778
31.62277660168376	2.0850701727157848e-10	0.19433120346356234
31.91537855100758	1.9893329200092762e-10	0.19206034986304668
32.21068791283432	1.8941542466005267e-10	0.18990307275870769
32.50872973854341	1.7993921524030503e-10	0.187873436981461
32.80952931131187	1.7048968315155588e-10	0.18598908877888132
33.11311214825908	1.6105093639196168e-10	0.18427243877217048
33.41950400261139	1.5160602073433314e-10	0.182752342129724
33.72873086588685	1.4213674496943068e-10	0.1814665373972632
34.040818970100055	1.326234773434765e-10	0.1804652750738171
34.35579478998743	1.230449071843294e-10	0.17981687138362049
34.67368504525313	1.1337776425543618e-10	0.17961649209689956
34.994516702835696	1.0359648651103647e-10	0.18000058957578194
35.318316979195664	9.367282451786265e-11	0.1811717419033626
35.64511334262439	8.357536767717424e-11	0.18344382160335407
35.9749335155742	7.326897327861648e-11	0.1873299551981824
36.3078054770101	6.27140740033542e-11	0.1937294050385169
36.64375746478329	5.186583230649996e-11	0.20437304649008356
36.98281797802659	4.0673100577674686e-11	0.2230699091066312
37.32501577957203	2.9077133837549006e-11	0.26015420716955795
37.670379898390856	1.700999236896924e-11	0.3568889479069288
38.01893963205609	4.3927938599363925e-12	1.0442726356837544
38.370724549227845	8.869175801853424e-12	179.64943970147687
38.72576449216169	2.2883794106250848e-11	179.92866856563649
39.08408957924017	3.778395142586833e-11	179.9959885804402
39.44573020752781	5.37284595749516e-11	-179.9750908347556
39.81071705534969	7.091104011876005e-11	-179.95991137375702
40.17908108489396	8.957055342209283e-11	-179.95124483859917
40.55085354483835	1.1000518502709665e-10	-179.94621677288424
40.92606597300105	1.3259234351055763e-10	-179.94346985649352
41.304750199016105	1.5781713255217835e-10	-179.94229351734427
41.68693834703351	1.8631403924429336e-10	-179.94229617541947
42.07266283844438	2.1892959597388217e-10	-179.94326505693283
42.46195639463126	2.56819453730055e-10	-179.94510284276876
42.85485203974392	3.016041358557711e-10	-179.94780174122707
43.251383103500835	3.556294940314326e-10	-179.95144119536116
43.65158322401656	4.2242434318519804e-10	-179.95620802276687
44.0554863506553	5.075545778947851e-10	-179.9624493012379
44.46312674691084	6.20342154390581e-10	-179.97078917395268
44.87453899331318	7.776780844285708e-10	-179.9823954734801
45.28975799036204	1.0136635840082693e-9	-179.99965978539257
45.708818961487474	1.4090250719719086e-9	179.97172258219624
46.13175745603791	2.2121918148423538e-9	179.91418589865313
46.55860935229586	4.74536483652944e-9	179.7341781828217
46.98941086052151	6.04025091407675e-8	4.347356851715137
47.42419852602443	4.318190113012252e-9	0.3739134388007893
47.8630092322638	2.293251866355538e-9	0.2297668423735536
48.30588020397723	1.5840124900426409e-9	0.17870050789842581
48.7528490103386	1.2218127120942973e-9	0.15217358306332146
49.20395356814506	1.0015230578043742e-9	0.13567436702397254
49.65923214503358	8.53086422644792e-10	0.12424864976492958
50.118723362727195	7.460554873714984e-10	0.11574459678799515
50.58246620031137	6.650653892884106e-10	0.10907740043453032
51.0504999975406	6.015235010815439e-10	0.1036414442677019
51.52286445817562	5.502484004319669e-10	0.09907138894735089
51.99959965335157	5.079297806433298e-10	0.09513448263591542
52.48074602497723	4.72353654261867e-10	0.09167542463154824
52.966344389165755	4.4198310875180147e-10	0.08858661380161763
53.45643593969714	4.1571778650038207e-10	0.08579117729959053
53.95106225151273	3.9274909664526753e-10	0.08323275334199598
54.450265284242086	3.7246947031401474e-10	0.08086908920937289
54.95408738576243	3.5441350334594294e-10	0.07866789148643111
55.462571295791044	3.382186370115771e-10	0.07660405623058542
55.97576014951099	3.235982066909279e-10	0.0746577723830377
56.49369748123023	3.103225458288475e-10	0.07281319364338677
57.01642722807472	2.9820546959632747e-10	0.07105748975320383
57.543993733715666	2.87094432333825e-10	0.06938015668240728
58.07644175213118	2.768632442996504e-10	0.06777250702135044
58.61381645140285	2.674066035881959e-10	0.06622728805658207
59.15616341754737	2.5863593649831726e-10	0.0647383917843964
59.70352865838366	2.5047619510065165e-10	0.06330063209867713
60.255958607435744	2.428633645412227e-10	0.06190957171860721
60.81350012787176	2.3574250313541723e-10	0.060561386399308643
61.37620051647939	2.2906618699494566e-10	0.05925275740355448
61.94410750767812	2.2279326504873382e-10	0.05798078561850734
62.51726927756855	2.1688785455566514e-10	0.05674292240943381
63.0957344480193	2.1131852464342694e-10	0.055536913530248706
63.67955209079155	2.060576280996162e-10	0.05436075330384859
64.26877173170195	2.0108075098109574e-10	0.0532126469418567
64.86344335482381	1.9636625655110159e-10	0.052090979361111706
65.46361740672747	1.9189490526507148e-10	0.050994289219887606
66.06934480075958	1.8764953647282038e-10	0.04992124717339846
66.68067692136219	1.836148005187479e-10	0.0488706375590529
67.29766562843174	1.7977693224194662e-10	0.04784134288400676
67.92036326171844	1.7612355867759328e-10	0.046832330613022735
68.54882264526613	1.7264353516664638e-10	0.0458426418524041
69.18309709189363	1.6932680518633423e-10	0.04487138160242037
69.82324040771712	1.6616428008896362e-10	0.04391771031108407
70.46930689671467	1.6314773563355202e-10	0.04298083651003861
71.12135136533288	1.6026972275331883e-10	0.042060010351456595
71.77942912713615	1.5752349045229117e-10	0.0411545178953232
72.44359600749898	1.5490291908935646e-10	0.04026367602090076
73.11390834834172	1.524024626058518e-10	0.039386827855775686
73.79042301291008	1.500170984971534e-10	0.038523338631622626
74.47319739059888	1.4774228453053987e-10	0.03767259188842101
75.16228940182053	1.4557392137945525e-10	0.03683398595889588
75.85775750291836	1.435083204849721e-10	0.036006930672861336
76.55966069112561	1.4154217657421273e-10	0.035190844227260945
77.26805850957021	1.396725443671253e-10	0.03438515017227731
77.98301105232578	1.378968190909446e-10	0.033589274467108216
78.70457896950977	1.3621272049888455e-10	0.03280264256100979
79.43282347242805	1.3461828015865144e-10	0.03202467645607022
80.16780633876782	1.3311183183941908e-10	0.03125479170793186
80.90958991783813	1.3169200488495745e-10	0.03049239431932573
81.65823713585914	1.3035772051744558e-10	0.02973687747876299
82.41381150130013	1.2910819107290907e-10	0.02898761809295386
83.176377110267	1.279429222269697e-10	0.028243973056344917
83.94599865193965	1.2686171833056276e-10	0.0275052751943783
84.72274141405954	1.2586469104154653e-10	0.026770828808403816
85.50667128846823	1.2495227151206806e-10	0.026039904739253304
86.29785477669692	1.2412522647598827e-10	0.025311734852844867
87.09635899560797	1.233846786789956e-10	0.02458550583421046
87.90225168308834	1.227321322104835e-10	0.023860352155244634
88.71560120379598	1.2216950343610852e-10	0.023135348055231583
89.53647655495928	1.2169915839993523e-10	0.022409498340497113
90.36494737223005	1.2132395777386676e-10	0.02168172776861913
91.20108393559087	1.2104731069092657e-10	0.020950868731249066
92.04495717531702	1.2087323912266275e-10	0.020215646884755568
92.89663867799354	1.208064548690212e-10	0.019474664295634735
93.75620069258792	1.2085245174752043e-10	0.01872637956262946
94.6237161365792	1.2101761623249142e-10	0.01796908424261993
95.4992586021435	1.2130936065204614e-10	0.017200874732881098
96.38290236239695	1.217362841653969e-10	0.016419618534949578
97.2747223776964	1.2230836820612362e-10	0.015622913526712261
98.17479430199833	1.2303721501360776e-10	0.014808038473731893
99.08319448927665	1.2393634046238912e-10	0.013971892482007047
99.9999999999999	1.250215358907003e-10	0.013110920380567043