0.01000000000000001	0.004521484360541599	-1.3967804677695186
0.010092528860766855	0.004521594472974557	-1.3974678390995303
0.01018591388054118	0.0045217066467827405	-1.398162010064501
0.010280162981264745	0.004521820920604046	-1.3988630528415757
0.010375284158180138	0.004521937333788491	-1.3995710404734687
0.010471285480509006	0.00452205592644453	-1.4002860468943368
0.010568175092136596	0.004522176739429397	-1.401008146931562
0.01066596121230259	0.004522299814387513	-1.4017374163294394
0.010764652136298361	0.004522425193708235	-1.4024739317442885
0.010864256236170667	0.004522552920627772	-1.4032177707828608
0.010964781961431863	0.0045226830391567295	-1.4039690119920103
0.011066237839776675	0.004522815594179241	-1.4047277349008553
0.011168632477805623	0.004522950631365993	-1.4054940199930115
0.011271974561755117	0.00452308819733111	-1.4062679487817678
0.011376272858234322	0.004523228339505259	-1.4070496037639593
0.01148153621496884	0.00452337110622314	-1.4078390684670214
0.011587773561551273	0.004523516546762618	-1.4086364274706624
0.011694993910198724	0.004523664711293059	-1.409441766396706
0.01180320635651731	0.004523815650985044	-1.4102551719605516
0.011912420080273762	0.00452396941792419	-1.411076731949
0.012022644346174144	0.004524126065206192	-1.411906535263249
0.012133888504649786	0.004524285646935073	-1.4127446719314187
0.012246161992650502	0.0045244482182262725	-1.4135912331201697
0.01235947433444512	0.004524613835243628	-1.4144463111552763
0.012473835142429446	0.004524782555228418	-1.4153099995461165
0.012589254117941687	0.0045249544364830046	-1.416182392992235
0.012705741052085433	0.004525129538427513	-1.4170635874108781
0.012823305826560232	0.004525307921603578	-1.4179536799535226
0.01294195841449987	0.0045254896477177125	-1.4188527690314023
0.013061708881318424	0.004525674779625894	-1.4197609543248944
0.013182567385564082	0.0045258633813756825	-1.420678336807929
0.01330454417978092	0.004526055518255025	-1.4216050187786076
0.013427649611378649	0.00452625125677202	-1.422541103867356
0.01355189412351037	0.0045264506646999205	-1.4234866970623905
0.013677288255958502	0.0045266538111005195	-1.4244419047348318
0.013803842646028859	0.004526860766373036	-1.425406834671097
0.013931568029453043	0.004527071602210193	-1.4263815960621056
0.01406047524129915	0.004527286391709699	-1.4273662995741627
0.014190575216890933	0.004527505209332283	-1.4283610573283625
0.014321878992735446	0.004527728130982149	-1.4293659829619307
0.014454397707459286	0.0045279552339927	-1.430381191627165
0.014588142602753497	0.004528186597165752	-1.4314068000266496
0.014723125024327202	0.004528422300836335	-1.4324429264493215
0.014859356422870082	0.004528662426836134	-1.4334896907767039
0.014996848355023748	0.004528907058566467	-1.4345472145204008
0.015135612484362095	0.004529156281057731	-1.4356156208669615
0.015275660582380739	0.00452941018090738	-1.436695034667578
0.015417004529495607	0.004529668846423835	-1.4377855825117043
0.015559656316050758	0.004529932367560417	-1.4388873927142942
0.01570362804333554	0.0045302008360171096	-1.4400005953821846
0.015848931924611148	0.0045304743452298886	-1.4411253224161837
0.015995580286146702	0.004530752990456292	-1.4422617075726796
0.016143585568264878	0.004531036868733737	-1.4434098864563614
0.016292960326397238	0.004531326079002751	-1.444569996598012
0.01644371723214933	0.004531620722088756	-1.445742177459114
0.016595869074375623	0.004531920900747454	-1.4469265704705772
0.01674942876026439	0.004532226719695106	-1.4481233190677465
0.016904409316432657	0.004532538285682444	-1.449332568735385
0.017060823890031253	0.0045328557075080345	-1.4505544670421922
0.017218685749860088	0.004533179096070781	-1.4517891636731763
0.017378008287493772	0.004533508564380554	-1.453036810463554
0.01753880501841763	0.00453384422764363	-1.4542975614520905
0.01770108958317423	0.00453418620327428	-1.4555715729065344
0.017864875748520526	0.004534534610964242	-1.4568590033803972
0.018030177408595707	0.004534889572731702	-1.458160013752811
0.018197008586099853	0.004535251212897475	-1.4594747672421928
0.018365383433483484	0.004535619658238759	-1.4608034294984895
0.018535316234148135	0.004535995037955315	-1.4621461686105828
0.018706821403658026	0.004536377483762031	-1.4635031551693085
0.018879913490962956	0.00453676712992682	-1.464874562315266
0.019054607179632494	0.004537164113302158	-1.466260565772661
0.019230917289101597	0.004537568573409571	-1.4676613439167232
0.019408858775927792	0.004537980652476036	-1.4690770778145126
0.01958844673505991	0.004538400495492862	-1.4705079512764263
0.01976969640111862	0.004538828250261654	-1.4719541509128125
0.01995262314968881	0.0045392640674764805	-1.473415866187245
0.020137242498623895	0.004539708100748163	-1.4748932894712339
0.02032357010936223	0.004540160506703861	-1.4763866161033647
0.020511621788255666	0.004540621444993185	-1.4778960444372011
0.020701413487910436	0.004541091078415408	-1.4794217759199408
0.02089296130854041	0.004541569572928214	-1.4809640151348207
0.02108628149933291	0.0045420570977560875	-1.4825229698776725
0.021281390459827135	0.004542553825404159	-1.4840988512056232
0.021478304741305354	0.004543059931795567	-1.4856918735216122
0.02167704104819696	0.00454357559627122	-1.4873022546246828
0.02187761623949554	0.004544101001724652	-1.4889302157973483
0.022080047330189013	0.004544636334615994	-1.4905759818487128
0.022284351492703053	0.004545181785073555	-1.4922397812105
0.022490546058357826	0.0045457375469833625	-1.4939218460045778
0.022698648518838235	0.00454630381805714	-1.495622412121969
0.022908676527677748	0.004546880799877727	-1.497341719282455
0.023120647901755963	0.00454746869804188	-1.4990800111422409
0.023334580622810044	0.004548067722194158	-1.500837535357926
0.023550492838960112	0.004548678086125454	-1.50261454366887
0.023768402866248782	0.004549300007881688	-1.5044112920021262
0.02398832919019492	0.004549933709819369	-1.5062280405341124
0.0242102904673618	0.00455057941870699	-1.5080650537997653
0.02443430552693974	0.004551237365831613	-1.5099226007790492
0.024660393372343412	0.004551907787092994	-1.5118009549997486
0.02488857318282393	0.004552590923064536	-1.5137003946155911
0.025118864315095822	0.00455328701914703	-1.5156212025300047
0.025351286304979098	0.004553996325634903	-1.5175636664860155
0.02558585886905648	0.004554719097816777	-1.5195280791670325
0.025822601906345985	0.0045554555961323006	-1.5215147383294412
0.026061535499988978	0.0045562060862060095	-1.5235239468790165
0.026302679918953843	0.004556970839012655	-1.5255560130086308
0.026546055619755416	0.004557750130990035	-1.5276112503178763
0.026791683248190343	0.004558544244120433	-1.529689977913409
0.027039583641088463	0.004559353466081746	-1.5317925205453398
0.027289777828080432	0.004560178090383962	-1.5339192087467353
0.02754228703338169	0.004561018416428264	-1.5360703789275387
0.02779713267759291	0.004561874749732689	-1.5382463735548013
0.02805433637951716	0.004562747401980572	-1.540447541250961
0.028313919957993816	0.004563636691200077	-1.5426742369567132
0.028575905433749497	0.0045645429418885155	-1.5449268220691514
0.028840315031266085	0.0045654664851545075	-1.5472056645889234
0.02910717118066608	0.004566407658864608	-1.5495111392760545
0.029376496519615335	0.004567366807824181	-1.5518436278223837
0.029648313895243455	0.004568344283851795	-1.5542035189775878
0.02992264636608192	0.004569340446035545	-1.5565912087563494
0.030199517204020192	0.004570355660807088	-1.5590071005779422
0.03047894989627986	0.004571390302150015	-1.561451605455457
0.03076096814740711	0.0045724447517793455	-1.5639251421869795
0.031045595881283587	0.004573519399276412	-1.5664281375176219
0.03133285724315589	0.004574614642313737	-1.56896102636011
0.031622776601683826	0.004575730886783216	-1.5715242519626882
0.03191537855100765	0.004576868547033315	-1.5741182661331123
0.03221068791283438	0.0045780280460262085	-1.5767435294380159
0.03250872973854347	0.004579209815550421	-1.5794005114182659
0.03280952931131194	0.004580414296426135	-1.5820896908122446
0.03311311214825915	0.004581641938710496	-1.5848115557924702
0.03341950400261146	0.004582893201879308	-1.5875666041634569
0.03372873086588692	0.004584168555097171	-1.590355343655593
0.034040818970100126	0.004585468477428132	-1.5931782921409239
0.0343557947899875	0.004586793458017267	-1.5960359778826987
0.0346736850452532	0.004588143996399918	-1.598928939828528
0.034994516702835765	0.004589520602688421	-1.601857727850103
0.035318316979195734	0.004590923797853973	-1.60482290304619
0.03564511334262446	0.004592354113970222	-1.607825038021942
0.03597493351557427	0.004593812094467352	-1.610864717178599
0.03630780547701017	0.004595298294418202	-1.613942537028171
0.03664375746478335	0.004596813280810157	-1.6170591065117264
0.03698281797802665	0.004598357632849927	-1.620215047324603
0.037325015779572084	0.0045999319422034375	-1.6234109942334791
0.037670379898390914	0.004601536813345934	-1.626647595440234
0.038018939632056145	0.004603172863874832	-1.629925512943314
0.0383707245492279	0.004604840724798193	-1.633245422891759
0.038725764492161745	0.004606541040872626	-1.636608015961442
0.03908408957924023	0.004608274470942785	-1.6400139977590993
0.03944573020752787	0.004610041688315771	-1.643464089232854
0.039810717055349755	0.004611843381083188	-1.6469590270721854
0.04017908108489402	0.0046136802524777976	-1.6504995641333569
0.040550853544838415	0.004615553021295231	-1.6540864699129512
0.040926065973001115	0.004617462422256708	-1.6577205309754282
0.041304750199016166	0.004619409206413322	-1.6614025514523343
0.04168693834703357	0.0046213941415580145	-1.6651333535085842
0.04207266283844444	0.004623418012668555	-1.668913777876203
0.04246195639463132	0.004625481622294954	-1.6727446843386702
0.042854852039743985	0.004627585791089218	-1.6766269523150017
0.04325138310350091	0.0046297313581857725	-1.6805614813777885
0.04365158322401663	0.004631919181770611	-1.6845491918694813
0.044055486350655364	0.004634150139471097	-1.6885910254535725
0.04446312674691091	0.004636425128960198	-1.6926879457695716
0.04487453899331325	0.004638745068415506	-1.696840939050309
0.04528975799036211	0.004641110897105377	-1.7010510147944444
0.04570881896148754	0.00464352357590355	-1.7053192064252698
0.04613175745603798	0.004645984087910229	-1.709646572029849
0.04655860935229591	0.004648493439002966	-1.7140341950643243
0.04698941086052156	0.0046510526585134	-1.7184831851379183
0.04742419852602448	0.0046536627997622645	-1.7229946787467454
0.04786300923226385	0.004656324940788106	-1.7275698401290627
0.04830588020397728	0.0046590401850152615	-1.732209862097398
0.04875284901033865	0.004661809661926635	-1.7369159668944556
0.04920395356814511	0.004664634527775046	-1.7416894070984272
0.04965923214503363	0.004667515966361559	-1.7465314665634102
0.05011872336272725	0.00467045518978875	-1.7514434613912624
0.05058246620031143	0.0046734534392238606	-1.7564267409021423
0.051050499997540646	0.004676511985771471	-1.7614826887228918
0.05152286445817567	0.004679632131282796	-1.7666127238307021
0.05199959965335162	0.004682815209225757	-1.7718183016672
0.052480746024977286	0.004686062585663809	-1.777100915351881
0.05296634438916581	0.0046893756600791285	-1.782462096799571
0.05345643593969719	0.004692755866459809	-1.7879034180585769
0.05395106225151279	0.0046962046741927934	-1.7934264925300893
0.05445026528424214	0.004699723589209539	-1.7990329763715631
0.05495408738576248	0.004703314154986699	-1.8047245698685346
0.0554625712957911	0.004706977953709253	-1.8105030188922016
0.05597576014951104	0.004710716607411706	-1.8163701164178336
0.05649369748123028	0.004714531779119656	-1.822327704053553
0.05701642722807478	0.004718425174202039	-1.8283776737299822
0.05754399373371572	0.004722398541563435	-1.8345219693466182
0.05807644175213124	0.004726453675019689	-1.8407625885541474
0.05861381645140291	0.004730592414670034	-1.8471015845805816
0.05915616341754743	0.004734816648337451	-1.8535410681421367
0.05970352865838372	0.004739128313043231	-1.860083209418454
0.06025595860743581	0.004743529396570289	-1.8667302401243393
0.060813500127871824	0.004748021939045295	-1.873484455645116
0.061376200516479455	0.004752608034647783	-1.880348217306747
0.06194410750767818	0.004757289833289978	-1.8873239546738594
0.06251726927756862	0.004762069542414007	-1.8944141679717028
0.06309573444801936	0.004766949428905668	-1.9016214306554124
0.06367955209079162	0.004771931821007004	-1.9089483920204195
0.064268771731702	0.00477701911031758	-1.916397779953367
0.06486344335482389	0.0047822137539187985	-1.9239724037983708
0.06546361740672754	0.004787518276556756	-1.9316751573704916
0.06606934480075964	0.004792935272893734	-1.9395090220467524
0.06668067692136226	0.004798467409924472	-1.9474770700708823
0.06729766562843183	0.004804117429330305	-1.9555824678741867
0.0679203632617185	0.004809888150168492	-1.963828479717225
0.0685488226452662	0.004815782471477962	-1.9722184713609707
0.0691830970918937	0.004821803375076245	-1.9807559139441406
0.06982324040771719	0.004827953928427669	-1.9894443880278148
0.07046930689671474	0.00483423728773199	-1.9982875878628146
0.07112135136533296	0.004840656701046962	-2.0072893258156346
0.07177942912713622	0.004847215511544641	-2.0164535369698893
0.07244359600749906	0.004853917161045751	-2.025784284051816
0.0731139083483418	0.004860765193489956	-2.03528576243025
0.07379042301291015	0.004867763258790157	-2.0449623055166746
0.07447319739059896	0.004874915116672326	-2.054818390288537
0.07516228940182061	0.004882224640780077	-2.0648586431233977
0.07585775750291844	0.004889695822972675	-2.075087845964555
0.07655966069112569	0.004897332777808922	-2.0855109427315734
0.07726805850957029	0.004905139747188016	-2.09613304603371
0.07798301105232593	0.004913121105214593	-2.10695944422073
0.07870457896950993	0.004921281363480617	-2.1179956088985743
0.07943282347242822	0.004929625176217374	-2.1292472025827935
0.08016780633876798	0.004938157346100246	-2.140720087007309
0.0809095899178383	0.004946882830051872	-2.1524203316455583
0.0816582371358593	0.004955806745388964	-2.1643542227532993
0.0824138115013003	0.00496493437645213	-2.1765282729554003
0.08317637711026717	0.004974271181226378	-2.1889492311388534
0.08394599865193982	0.004983822798581766	-2.201624093050507
0.08472274141405972	0.004993595055783204	-2.2145601123842424
0.08550667128846841	0.005003593976294713	-2.227764812409478
0.0862978547766971	0.005013825788108242	-2.2412459983199073
0.08709635899560814	0.005024296932436326	-2.2550117701870365
0.08790225168308852	0.005035014072852665	-2.2690705366425594
0.08871560120379617	0.005045984104940976	-2.2834310293175664
0.08953647655495947	0.005057214166396622	-2.2981023180454314
0.09036494737223023	0.0050687116477720895	-2.313093827017625
0.09120108393559107	0.005080484203666132	-2.3284153517255772
0.09204495717531722	0.005092539764647181	-2.344077076966027
0.09289663867799372	0.005104886549727529	-2.360089595833908
0.09375620069258811	0.005117533079576206	-2.376463929835084
0.09462371613657934	0.00513048819047015	-2.3932115501502587
0.09549925860214364	0.005143761049047001	-2.4103444002449277
0.0963829023623971	0.005157361167807763	-2.4278749196750273
0.09727472237769656	0.0051712984216368395	-2.4458160694757916
0.09817479430199849	0.005185583065181789	-2.4641813590054022
0.09908319448927681	0.005200225751320136	-2.4829848744743095
0.10000000000000005	0.005215237550610112	-2.502241309196357
0.10092528860766849	0.005230629972067339	-2.5219659957939355
0.10185913880541175	0.005246414985006524	-2.5421749403743368
0.10280162981264741	0.005262605042425436	-2.5628848589643902
0.10375284158180131	0.005279213105571195	-2.5841132161463474
0.10471285480509002	0.005296252670317945	-2.605878266403427
0.1056817509213659	0.005313737794916674	-2.6281990979650582
0.10665961212302584	0.005331683129741389	-2.6510956797302856
0.10764652136298355	0.005350103948852896	-2.6745889112912042
0.10864256236170661	0.005369016183530771	-2.6987006762437566
0.10964781961431856	0.005388436458173652	-2.7234538993008104
0.1106623783977667	0.005408382128416155	-2.748872607223481
0.11168632477805618	0.005428871321904682	-2.774981994086404
0.1127197456175511	0.005449922981772125	-2.8018084911185817
0.11376272858234315	0.005471556913179149	-2.8293798415464493
0.11481536214968835	0.00549379383298914	-2.8577251808451143
0.11587773561551268	0.0055166554229503385	-2.886875122795177
0.11694993910198717	0.005540164386730163	-2.916861852016201
0.11803206356517304	0.0055643445108677966	-2.9477192231967875
0.11912420080273756	0.00558922073045792	-2.979482868140958
0.12022644346174137	0.005614819199275263	-3.012190310628648
0.1213388850464978	0.005641167365451921	-3.045881090452013
0.12246161992650495	0.005668294052685698	-3.0805968970200115
0.12359474334445113	0.005696229547784501	-3.1163817136512204
0.12473835142429439	0.0057250056946733805	-3.153281973210216
0.1258925411794168	0.005754655996233817	-3.191346726747972
0.12705741052085426	0.005785215723793018	-3.2306278257135905
0.12823305826560225	0.0058167220356100825	-3.2711801194176333
0.1294195841449987	0.005849214105051997	-3.3130616693321464
0.13061708881318423	0.005882733259204524	-3.356333981465601
0.1318256738556408	0.005917323129193011	-3.4010622590724826
0.13304544179780922	0.00595302981316101	-3.4473156774127003
0.13427649611378642	0.005989902053410902	-3.4951676831624634
0.13551894123510363	0.006027991428843127	-3.5446963207014965
0.13677288255958495	0.006067352564499229	-3.595984588343973
0.13803842646028852	0.006108043359931134	-3.6491208276910676
0.13931568029453034	0.006150125238319899	-3.7041991496589524
0.14060475241299142	0.006193663418688619	-3.7613199012540415
0.14190575216890927	0.006238727213679327	-3.820590177723693
0.1432187899273544	0.006285390355700397	-3.882124385231852
0.1445439770745928	0.0063337313546028215	-3.9460448596802795
0.1458814260275349	0.006383833890584821	-4.012482548724938
0.14723125024327194	0.0064357872464450355	-4.0815777641435504
0.14859356422870074	0.0064896867836491505	-4.153481013313276
0.1499684835502374	0.0065456344675331865	-4.228353919338199
0.15135612484362088	0.00660373944781133	-4.306370241306785
0.15275660582380732	0.0066641187007691095	-4.387717006839812
0.154170045294956	0.006726897741793386	-4.472595772686721
0.1555965631605075	0.006792211415956877	-4.5612240285303045
0.15703628043335532	0.006860204778256792	-4.653836765195947
0.15848931924611143	0.006931034074244579	-4.750688228271833
0.15995580286146696	0.007004867835336928	-4.852053883905732
0.1614358556826487	0.007081888104242039	-4.958232626735826
0.1629296032639723	0.0071622918089643	-5.069549265065738
0.16443717232149324	0.007246292306287497	-5.186357324179894
0.16595869074375613	0.007334121119731366	-5.309042216144969
0.16749428760264382	0.007426029900872255	-5.4380248326362635
0.1690440931643265	0.007522292647183026	-5.573765626530946
0.17060823890031243	0.0076232082169456735	-5.716769262158441
0.17218685749860077	0.007729103187399581	-5.867589926687177
0.17378008287493762	0.007840335110867363	-6.026837413419385
0.1753880501841762	0.00795729623549527	-6.195184111177204
0.1770108958317422	0.008080417766667927	-6.373373056828522
0.17864875748520517	0.008210174762715	-6.5622272440928135
0.180301774085957	0.008347091775104893	-6.7626604191595225
0.18197008586099844	0.008491749366164543	-6.975689644673378
0.18365383433483473	0.00864479166334293	-7.202449973319212
0.18535316234148125	0.008806935143986484	-7.444211651705293
0.18706821403658017	0.008978978883247956	-7.702400368751571
0.18879913490962946	0.009161816549828509	-7.978621187292196
0.19054607179632482	0.009356450494585717	-8.27468694931151
0.19230917289101596	0.009564008356307744	-8.592652145659324
0.19408858775927793	0.009785762701608957	-8.93485349044699
0.19588446735059908	0.010023154335933305	-9.303958768777147
0.1976969640111862	0.010277820068988197	-9.703025949597512
0.19952623149688808	0.010551625896716373	-10.135575105539132
0.20137242498623895	0.010846706785326194	-10.605676408774341
0.2032357010936223	0.011165514510456708	-11.118058427424865
0.20511621788255666	0.011510875323565638	-11.678242214667366
0.20701413487910436	0.011886059588647439	-12.292708379027921
0.2089296130854041	0.012294865928465237	-12.969106580159277
0.2108628149933291	0.012741722815652862	-13.716519947917098
0.21281390459827135	0.013231810805104828	-14.545800992553124
0.21478304741305343	0.013771208537405008	-15.470001054769316
0.21677041048196952	0.014367064779685784	-16.50492261873572
0.2187761623949553	0.015027796230034913	-17.66983332585193
0.22080047330189004	0.015763304876827897	-18.988392573093243
0.22284351492703042	0.016585196058323454	-20.489855835193456
0.22490546058357816	0.017506952707535953	-22.210636298172265
0.22698648518838224	0.01854397077122361	-24.196311775920666
0.22908676527677735	0.019713263832794453	-26.504150928612553
0.23120647901755953	0.021032464065290902	-29.206158094309988
0.23334580622810033	0.022517423719358432	-32.39241542444968
0.23550492838960102	0.024177190681189398	-36.173959617479824
0.23768402866248772	0.026004407136856488	-40.683251291405305
0.2398832919019491	0.027958668855801116	-46.068046569789196
0.2421029046736179	0.02994167264616422	-52.47108085790303
0.24434305526939726	0.03176987694041213	-59.98543926525936
0.246603933723434	0.03316700996188404	-68.58134397471088
0.24888573182823917	0.03381620859000749	-78.02663524283258
0.25118864315095807	0.03348952677975806	-87.86493636514524
0.2535128630497908	0.03218294632087219	-97.51421683842355
0.25585858869056466	0.030129448314224823	-106.4517192564072
0.2582260190634597	0.02767170417490818	-114.35662799930982
0.26061535499988964	0.02511586638006444	-121.1299665096618
0.2630267991895383	0.022663611677357202	-126.82770272471913
0.26546055619755404	0.020416889963370745	-131.58024766491923
0.2679168324819033	0.018410095690829995	-135.53657102021452
0.2703958364108845	0.016640376823877187	-138.8358071613115
0.2728977782808042	0.015087800041174547	-141.59681569211097
0.27542287033381674	0.013726635421368639	-143.9167909010827
0.277971326775929	0.012530941594820119	-145.8735375287242
0.2805433637951715	0.0114769796896794	-147.52876267599217
0.28313919957993805	0.010544014808000374	-148.93126957038987
0.2857590543374948	0.009714361763867939	-150.11967693919775
0.2884031503126607	0.008973115041199024	-151.124603164175
0.29107171180666064	0.00830777692476747	-151.9703708591592
0.2937649651961532	0.00770788137171461	-152.6763181636177
0.2964831389524344	0.007164653495982766	-153.2578003320467
0.29922646366081906	0.006670717058005718	-153.72695184979875
0.30199517204020176	0.006219850014686262	-154.09326445548487
0.30478949896279844	0.005806783236373556	-154.36402331750023
0.307609681474071	0.005427036036700796	-154.54463295653045
0.3104559588128357	0.005076782246981534	-154.6388561947039
0.3133285724315587	0.004752741265519513	-154.64898301706614
0.3162277660168381	0.00445208937752089	-154.57594131941968
0.31915378551007634	0.004172387485902323	-154.41935769099223
0.3221068791283436	0.0039115221376851755	-154.1775733424573
0.32508729738543457	0.0036676573620437317	-153.8476178033903
0.3280952931131192	0.003439195352109345	-153.42514090432013
0.3311311214825913	0.003224744450886225	-152.90430173481897
0.33419504002611444	0.003023093245140079	-152.27761167317186
0.3372873086588691	0.0028331898606795518	-151.53572728625113
0.34040818970100106	0.002654125791616701	-150.66718807573955
0.34355794789987465	0.0024851238047199063	-149.6580941197859
0.34673685045253166	0.0023255296438777283	-148.49172042428663
0.3499451670283573	0.0021748074255671574	-147.14806968501586
0.353183169791957	0.002032538765117517	-145.60337566179564
0.35645113342624424	0.001898425792446921	-143.8295895940968
0.3597493351557423	0.0017722982800514988	-141.79391863890987
0.36307805477010135	0.0016541250485370151	-139.4585478248701
0.36643757464783333	0.0015440295239944177	-136.7807779798754
0.3698281797802663	0.0014423085952293944	-133.71396285837486
0.3732501577957206	0.0013494524630283712	-130.2098268834464
0.37670379898390893	0.0012661606474529583	-126.22294406185688
0.38018939632056126	0.0011933455681247575	-121.71821320517655
0.38370724549227886	0.0011321107727322792	-116.6817699905679
0.3872576449216173	0.0010836883693947565	-111.13450319729773
0.3908408957924021	0.0010493243545405628	-105.1449813582015
0.39445730207527846	0.0010301167005107162	-98.83593736659785
0.3981071705534973	0.0010268386100505743	-92.37786746095647
0.40179081084894	0.0010398039397870797	-85.96738598208758
0.40550853544838394	0.001068830122010012	-79.79595004187816
0.40926065973001097	0.0011133168531600453	-74.02065813043083
0.41304750199016144	0.0011724088646944803	-68.74746457162159
0.4168693834703355	0.001245183755962117	-64.02964199428385
0.4207266283844442	0.0013308141284185321	-59.877205451190406
0.424619563946313	0.0014286809039882249	-56.27063369272752
0.4285485203974396	0.0015384395632355738	-53.173834656701835
0.43251383103500884	0.0016600533526812697	-50.54404912945582
0.4365158322401661	0.0017938093183045521	-48.338409243187755
0.44055486350655343	0.0019403299140816378	-46.5178078932873
0.4446312674691088	0.002100588991203911	-45.048940429326215
0.4487453899331323	0.002275937943330881	-43.905257357331934
0.4528975799036209	0.0024681459603465763	-43.067364480068925
0.4570881896148752	0.0026794574073720125	-42.523231017772005
0.46131757456037953	0.0029126687739251395	-42.26844461479407
0.4655860935229591	0.0031712267402180315	-42.30668113138687
0.4698941086052156	0.003459346599311904	-42.65052474084269
0.4742419852602448	0.0037821445442939076	-43.32276767963615
0.47863009232263853	0.0041457641980619546	-44.3583258851106
0.48305880203977286	0.004557449287986608	-45.80690648872187
0.4875284901033865	0.005025455087753306	-47.73651312927178
0.4920395356814511	0.005558572866397974	-50.237677406147476
0.49659232145033627	0.006164819201874282	-53.42774090697604
0.5011872336272725	0.006848470659436973	-57.45313708128892
0.5058246620031143	0.007604163660748799	-62.48469935743323
0.5105049999754064	0.008406756903391648	-68.6959686658841
0.5152286445817567	0.009197824810058501	-76.2092898313685
0.5199959965335162	0.009877002246339571	-84.99991145500748
0.5248074602497729	0.010317221569908063	-94.78597465661402
0.5296634438916581	0.010417440824264755	-104.99889274205647
0.5345643593969719	0.010163541787478738	-114.92765843819782
0.5395106225151278	0.009636340016321649	-123.97312168606332
0.5445026528424215	0.008958307537184313	-131.81511897606734
0.5495408738576248	0.00823594235582246	-138.40240546209313
0.5546257129579107	0.007536802680900064	-143.84657459279236
0.5597576014951101	0.006893930293963912	-148.32142169254888
0.5649369748123025	0.006318339246569847	-152.00373395263776
0.5701642722807475	0.005809477952189836	-155.04837242724633
0.5754399373371569	0.005361706571403066	-157.58215819494495
0.580764417521312	0.004967734857911247	-159.70575248810283
0.5861381645140288	0.004620252265575227	-161.49801706234948
0.591561634175474	0.004312604100630353	-163.02053072373266
0.5970352865838369	0.004039002210473777	-164.32147070051013
0.6025595860743578	0.0037945253963103096	-165.4387069593054
0.6081350012787179	0.0035750356115856422	-166.40218629856835
0.6137620051647943	0.0033770692531165268	-167.23574179836817
0.6194410750767815	0.003197729697391159	-167.95845922286279
0.6251726927756859	0.0030345912908246874	-168.58570945666
0.6309573444801934	0.0028856176264257117	-169.12993171238654
0.6367955209079159	0.0027490937374166366	-169.6012314588574
0.6426877173170198	0.002623570623435411	-170.00784083981026
0.6486344335482385	0.0025078202211123637	-170.35647735516253
0.654636174067275	0.0024007990171008467	-170.65262799090874
0.6606934480075961	0.002301618730441428	-170.9007800884602
0.6668067692136223	0.0022095227478168803	-171.1046164897783
0.6729766562843178	0.00212386722914842	-171.26719051212703
0.6792036326171846	0.00204410598956481	-171.3910958696977
0.6854882264526617	0.0019697783952557246	-171.47864763104704
0.6918309709189366	0.0019004995733656255	-171.53209251592264
0.6982324040771715	0.001835952213865986	-171.5538698994749
0.7046930689671471	0.0017758791098634	-171.54694779931336
0.7112135136533292	0.0017200753133947467	-171.51525858335842
0.7177942912713619	0.0016683783567763562	-171.46425254567086
0.7244359600749902	0.0016206544335865527	-171.40156566788525
0.7311390834834176	0.001576777907824282	-171.3377484648898
0.7379042301291011	0.0015366014537720608	-171.2869118931641
0.7447319739059892	0.0014999153764106168	-171.26700920981125
0.7516228940182057	0.001466398477676044	-171.29931869826873
0.758577575029184	0.0014355702153304847	-171.4066198063025
0.7655966069112565	0.0014067637767731242	-171.60974382258047
0.7726805850957026	0.0013791464197761445	-171.92280128420316
0.7798301105232589	0.0013518068374965039	-172.34836414010982
0.7870457896950989	0.0013239022352346359	-172.87464924175165
0.7943282347242817	0.0012948196065963409	-173.47647150970502
0.8016780633876793	0.0012642848435555415	-174.12012859472446
0.8090958991783825	0.0012323736509291846	-174.77037829947133
0.8165823713585927	0.0011994290582019835	-175.39677356869834
0.8241381150130026	0.0011659327214320857	-175.97739403103697
0.8317637711026713	0.001132383969061903	-176.49961499541715
0.8394599865193977	0.0010992184160210229	-176.9587740038202
0.8472274141405968	0.0010667708829872034	-177.35593296143458
0.8550667128846836	0.0010352712942732598	-177.69564592873016
0.8629785477669706	0.0010048586484226213	-177.9841854095839
0.870963589956081	0.0009756014307424434	-178.22833028851707
0.8790225168308847	0.000947517671700455	-178.43463813626883
0.8871560120379608	0.0009205916745063945	-178.6090689735159
0.8953647655495938	0.0008947867141520518	-178.7568359223621
0.9036494737223014	0.0008700540892705118	-178.88238835864152
0.9120108393559097	0.0008463392715572488	-178.98946417814122
0.9204495717531712	0.000823585910331871	-179.08117214418178
0.9289663867799363	0.0008017383273042602	-179.1600820707069
0.9375620069258802	0.0007807429856485932	-179.2283112406978
0.946237161365793	0.000760549282296388	-179.28760179089096
0.9549925860214359	0.0007411099058115652	-179.3393873375916
0.9638290236239705	0.0007223809238256872	-179.38484896360058
0.9727472237769651	0.0007043217086785842	-179.4249615456216
0.9817479430199844	0.0006868947719184103	-179.46053171572603
0.9908319448927676	0.0006700655527365285	-179.49222878096037
1.	0.000653802188457163	-179.52060982128472
1.0092528860766845	0.0006380752840911193	-179.54614002962268
1.0185913880541169	0.0006228576907909757	-179.56920919152742
1.0280162981264735	0.0006081242984707389	-179.59014504629457
1.0375284158180127	0.0005938518449919368	-179.60922413467824
1.0471285480508996	0.0005800187425640841	-179.62668062271658
1.0568175092136585	0.0005666049209842577	-179.64271349554988
1.066596121230258	0.0005535916867617645	-179.65749243721214
1.076465213629835	0.000540961596896195	-179.67116264951179
1.0864256236170655	0.0005286983459678453	-179.68384881269657
1.096478196143185	0.0005167866652031299	-179.69565835030917
1.1066237839776665	0.0005052122322372017	-179.70668412851265
1.1168632477805611	0.0004939615903917544	-179.71700669456138
1.1271974561755105	0.0004830220763885816	-179.72669613868996
1.1376272858234309	0.00047238175553262313	-179.7358136474189
1.1481536214968828	0.0004620293635040089	-179.74441280327298
1.1587773561551262	0.0004519542539934959	-179.7525406755137
1.1694993910198712	0.000442146351511449	-179.76023873814455
1.1803206356517297	0.00043259610877754696	-179.76754364475144
1.191242008027375	0.0004232944681722763	-179.77448788434424
1.2022644346174132	0.00041423282679550776	-179.7811003380089
1.2133888504649775	0.00040540300473117274	-179.78740675265468
1.224616199265049	0.00039679721616911695	-179.79343014527706
1.2359474334445106	0.00038840804307515604	-179.79919114883052
1.2473835142429432	0.00038022841113963284	-179.80470830890303
1.2589254117941675	0.0003722515677658447	-179.80999833883172
1.270574105208542	0.0003644710618893392	-179.81507633962255
1.2823305826560218	0.0003568807254424105	-179.81995598998978
1.2941958414499863	0.00034947465630086924	-179.82464971096502
1.3061708881318417	0.00034224720256750054	-179.8291688088128
1.3182567385564075	0.0003351929480649706	-179.8335235993954
1.3304544179780915	0.0003283066989228967	-179.83772351663956
1.3427649611378643	0.00032158347115849337	-179.84177720734638
1.3551894123510364	0.0003150184791597497	-179.8456926142445
1.3677288255958495	0.0003086071249906277	-179.84947704890064
1.3803842646028852	0.0003023449884456841	-179.85313725586005
1.3931568029453034	0.00029622781778970096	-179.8566794691896
1.4060475241299142	0.00029025152112316767	-179.8601094624249
1.4190575216890926	0.00028441215832278246	-179.86343259277885
1.432187899273544	0.00027870593350803955	-179.8666538403493
1.4454397707459279	0.00027312918799266196	-179.86977784295854
1.4588142602753489	0.0002676783936816542	-179.87280892717104
1.4723125024327193	0.0002623501468792415	-179.87575113596074
1.4859356422870074	0.0002571411624763118	-179.87860825343586
1.499684835502374	0.0002520482684881244	-179.8813838269747
1.5135612484362087	0.00024706840091675186	-179.88408118707946
1.5275660582380732	0.00024219859891382256	-179.88670346521494
1.54170045294956	0.0002374360002223165	-179.88925360986502
1.555965631605075	0.00023277783687726238	-179.89173440101013
1.5703628043335531	0.000228221431147228	-179.89414846320264
1.584893192461114	0.00022376419169993514	-179.89649827739674
1.5995580286146696	0.00021940360997687238	-179.89878619166836
1.6143585568264869	0.00021513725676256795	-179.9010144309459
1.629296032639723	0.00021096277893584633	-179.90318510585652
1.6443717232149324	0.00020687789639111545	-179.9053002207816
1.6595869074375613	0.00020288039911866461	-179.90736168120338
1.6749428760264382	0.00019896814443394294	-179.9093713004155
1.690440931643265	0.00019513905434634488	-179.91133080566132
1.7060823890031243	0.0001913911130589787	-179.91324184375807
1.7218685749860079	0.00018772236459128506	-179.91510598625638
1.7378008287493762	0.00018413091051724514	-179.91692473418112
1.753880501841762	0.00018061490781199837	-179.91869952239335
1.770108958317422	0.0001771725668008251	-179.92043172360917
1.7864875748520517	0.00017380214920422658	-179.9221226521078
1.803017740859568	0.00017050196627377195	-179.92377356715707
1.8197008586099825	0.00016727037701343568	-179.9253856761824
1.8365383433483455	0.00016410578648163847	-179.92696013770203
1.8535316234148105	0.0001610066441695705	-179.9284980640491
1.8706821403657996	0.00015797144245150978	-179.93000052389945
1.8879913490962925	0.00015499871510325273	-179.93146854462154
1.9054607179632463	0.00015208703588502767	-179.93290311446384
1.9230917289101574	0.00014923501718541987	-179.93430518459334
1.9408858775927773	0.00014644130872308597	-179.93567567099691
1.958844673505989	0.0001437045963033164	-179.93701545625765
1.97696964011186	0.0001410236006265056	-179.9383253912155
1.9952623149688788	0.0001383970761460271	-179.93960629652145
2.0137242498623875	0.00013582380997284612	-179.94085896409416
2.032357010936221	0.00013330262082469565	-179.9420841584858
2.0511621788255647	0.00013083235801748854	-179.9432826181646
2.0701413487910414	0.00012841190049695574	-179.94445505672002
2.0892961308540388	0.00012604015590856764	-179.94560216399654
2.108628149933289	0.0001237160597038183	-179.9467246071613
2.1281390459827114	0.0001214385742812368	-179.94782303170996
2.147830474130533	0.00011920668816044647	-179.9488980624156
2.167704104819694	0.00011701941518767047	-179.94995030422496
2.1877616239495516	0.00011487579377135449	-179.95098034310448
2.208004733018899	0.00011277488614638628	-179.9519887468413
2.228435149270303	0.00011071577766570027	-179.95297606580053
2.2490546058357803	0.0001086975761180257	-179.9539428336433
2.2698648518838214	0.00010671941107052908	-179.9548895680069
2.2908676527677723	0.00010478043323538444	-179.9558167711502
2.312064790175594	0.00010287981385908424	-179.9567249305665
2.333458062281002	0.00010101674413359698	-179.95761451956568
2.355049283896009	0.00009919043462836375	-179.95848599782772
2.376840286624876	0.00009740011474231342	-179.95933981192948
2.39883291901949	0.0000956450321749666	-179.96017639584608
2.4210290467361775	0.00009392445241587134	-179.96099617142872
2.4434305526939712	0.00009223765825162995	-179.9617995488602
2.4660393372343385	0.00009058394928970412	-179.96258692708957
2.48885731828239	0.00008896264149841569	-179.96335869424706
2.5118864315095797	0.00008737306676239483	-179.9641152280405
2.535128630497907	0.0000858145724529225	-179.964856896134
2.5585858869056453	0.00008428652101251011	-179.96558405651072
2.582260190634596	0.00008278828955318847	-179.96629705781956
2.6061535499988953	0.00008131926946797956	-179.96699623970736
2.6302679918953813	0.00007987886605498467	-179.9676819331375
2.654605561975539	0.0000784664981536567	-179.9683544606949
2.6791683248190314	0.00007708159779274799	-179.96901413687917
2.703958364108843	0.00007572360984951244	-179.96966126838578
2.7289777828080406	0.00007439199171973774	-179.97029615437614
2.7542287033381663	0.00007308621299817792	-179.9709190867375
2.7797132677592886	0.00007180575516904078	-179.9715303503325
2.805433637951713	0.00007055011130611025	-179.97213022323982
2.831391995799379	0.00006931878578220824	-179.97271897698553
2.8575905433749464	0.0000681112939876069	-179.97329687676637
2.8840315031266055	0.00006692716205711242	-179.9738641816647
2.910717118066605	0.00006576592660547287	-179.9744211448562
2.9376496519615305	0.0000646271344708617	-179.97496801381044
2.9648313895243423	0.00006351034246611706	-179.97550503048424
2.992264636608189	0.00006241511713748534	-179.97603243150914
3.019951720402016	0.00006134103453062049	-179.9765504483726
3.047894989627983	0.00006028767996357834	-179.97705930759315
3.076096814740708	0.000059254647806575125	-179.9775592308906
3.1045595881283554	0.00005824154126830313	-179.97805043535067
3.1332857243155856	0.00005724797218855669	-179.97853313358513
3.162277660168379	0.00005627356083699844	-179.9790075338869
3.1915378551007616	0.000055317935717844075	-179.97947384038116
3.2210687912834346	0.00005438073338029199	-179.97993225317225
3.250872973854344	0.00005346159823451403	-179.98038296848668
3.2809529311311905	0.00005256018237303426	-179.98082617881252
3.311311214825911	0.00005167614539733767	-179.98126207303548
3.3419504002611427	0.00005080915424954777	-179.98169083657172
3.372873086588689	0.000049958883049032204	-179.9821126514976
3.404081897010009	0.000049125012933773066	-179.9825276966769
3.4355794789987466	0.000048307231906398304	-179.98293614788523
3.4673685045253166	0.00004750523468471497	-179.98333817793227
3.499451670283573	0.000046718722556638087	-179.98373395678158
3.53183169791957	0.00004594740323939628	-179.98412365166865
3.5645113342624426	0.00004519099074289326	-179.98450742721704
3.5974933515574232	0.000044449205237133665	-179.98488544555283
3.630780547701014	0.00004372177292359839	-179.98525786641778
3.664375746478333	0.000043008425910491004	-179.98562484728103
3.6982817978026628	0.000042308902091746844	-179.98598654345
3.732501577957206	0.00004162294502973918	-179.98634310818014
3.767037989839089	0.000040950303841591284	-179.98669469278397
3.801893963205613	0.0000402907330890257	-179.98704144673997
3.8370724549227884	0.00003964399267168125	-179.98738351780054
3.8725764492161727	0.00003900984772383049	-179.9877210521004
3.908408957924021	0.00003838806851444911	-179.98805419426472
3.944573020752785	0.00003777843035056882	-179.98838308751752
3.981071705534973	0.00003718071348387927	-179.98870787379064
4.0179081084894	0.00003659470302052958	-179.9890286938335
4.055085354483839	0.00003602018883408812	-179.9893456873234
4.09260659730011	0.00003545696548163546	-179.9896589929774
4.130475019901614	0.000034904832122957375	-179.98996874866523
4.168693834703355	0.00003436359244282065	-179.99027509152404
4.207266283844442	0.00003383305457631048	-179.99057815807495
4.24619563946313	0.000033313031037226464	-179.99087808434186
4.285485203974396	0.000032803338649526936	-179.99117500597256
4.325138310350088	0.00003230379848182995	-179.99146905836284
4.365158322401661	0.000031814235784976176	-179.99176037678345
4.405548635065534	0.00003133447993267395	-179.9920490965108
4.446312674691089	0.00003086436436524942	-179.9923353529613
4.487453899331323	0.00003040372653653351	-179.99261928182975
4.528975799036209	0.00002995240786392729	-179.99290101923276
4.570881896148752	0.000029510253681695937	-179.99318070185697
4.613175745603791	0.000029077113197550125	-179.99345846711287
4.655860935229586	0.000028652839452585297	-179.99373445329488
4.698941086052151	0.000028237289284657966	-179.99400879974763
4.742419852602444	0.000027830323295295323	-179.99428164704008
4.7863009232263805	0.000027431805820242116	-179.99455313714722
4.830588020397723	0.000027041604903763958	-179.99482341364003
4.875284901033861	0.000026659592276844112	-179.9950926218855
4.920395356814506	0.000026285643339425305	-179.99536090925622
4.965923214503357	0.00002591963714686649	-179.99562842535133
5.01187233627272	0.000025561456400803057	-179.99589532222916
5.058246620031137	0.000025210987444624722	-179.9961617546535
5.105049999754059	0.000024868120263804516	-179.99642788035362
5.152286445817562	0.00002453274849134054	-179.99669386029973
5.1999599653351565	0.000024204769418601264	-179.9969598589957
5.248074602497723	0.000023884084011896764	-179.99722604478964
5.296634438916575	0.00002357059693513237	-179.9974925902048
5.345643593969713	0.000023264216578941304	-179.99775967229206
5.395106225151273	0.000022964855096734427	-179.99802747300603
5.445026528424209	0.00002267242844815704	-179.99829617960725
5.495408738576242	0.000022386856450487873	-179.9985659850927
5.5462571295791046	0.000022108062838585073	-179.99883708865698
5.597576014951099	0.000021835975334041592	-179.9991096961874
5.649369748123022	0.000021570525724289347	-179.9993840207961
5.701642722807472	0.000021311649952476103	-179.9996602833928
5.754399373371567	0.00002105928821902863	-179.9999387133019
5.807644175213118	0.00002081338509592213	179.9997804510717
5.861381645140285	0.000020573889654790566	179.99949696152265
5.9156163417547365	0.00002034075561014894	179.99921055926663
5.9703528658383656	0.00002011394147914211	179.99892097409634
6.025595860743575	0.000019893410759407767	179.99862792346585
6.081350012787176	0.000019679132126830228	179.99833111149565
6.137620051647939	0.000019471079655177945	179.99803022788976
6.194410750767812	0.00001926923305986603	179.99772494675594
6.251726927756856	0.000019073577968363583	179.99741492531774
6.30957344480193	0.0000188841062200871	179.99709980250722
6.367955209079155	0.000018700816198989035	179.99677919742413
6.426877173170194	0.000018523713202468615	179.99645270764682
6.486344335482381	0.00001835280985071564	179.9961199073773
6.546361740672747	0.000018188126541154087	179.99578034540139
6.6069344800759575	0.000018029691953292817	179.99543354284089
6.668067692136219	0.000017877543610032634	179.99507899067365
6.729766562843175	0.00001773172850233749	179.9947161469911
6.792036326171843	0.000017592303785177674	179.99434443396171
6.854882264526613	0.000017459337553816933	179.99396323446138
6.918309709189362	0.000017332909710873705	179.99357188832747
6.9823240407717115	0.00001721311293618222	179.9931696881864
7.046930689671467	0.00001710005377334812	179.9927558747964
7.112135136533288	0.00001699385384910172	179.99232963183826
7.177942912713615	0.00001689465124415563	179.99189008007625
7.244359600749899	0.000016802602037366885	179.9914362707974
7.311390834834173	0.000016717882048678457	179.9909671784236
7.379042301291007	0.000016640688810705383	179.9904816921708
7.447319739059888	0.000016571243804088156	179.9899786066097
7.516228940182053	0.000016509794998057468	179.989456610954
7.585775750291836	0.00001645661974528725	179.98891427687153
7.655966069112561	0.000016412028089360134	179.9883500445749
7.726805850957022	0.000016376366554427393	179.98776220690075
7.798301105232586	0.000016350022500405084	179.98714889102996
7.870457896950985	0.000016333429143947064	179.9865080374298
7.943282347242813	0.000016327071366289995	179.9858373755131
8.01678063387679	0.000016331492454927256	179.98513439539994
8.090958991783822	0.00001634730195831897	179.98439631503433
8.165823713585922	0.000016375184873276384	179.9836200417385
8.241381150130021	0.000016415912435653483	179.9828021270749
8.317637711026709	0.000016470354849686557	179.98193871361565
8.394599865193973	0.00001653949637397533	179.98102547187455
8.472274141405963	0.000016624453288394357	179.98005752521226
8.550667128846833	0.0000167264954039282	179.979029359951
8.629785477669701	0.000016847071957198304	179.97793471718393
8.709635899560805	0.000016987842968074526	179.9767664617772
8.790225168308842	0.000017150717452945822	179.9755164227499
8.871560120379607	0.00001733790030727446	179.9741751974604
8.953647655495937	0.000017551950240948253	179.9727319096467
9.036494737223014	0.00001779585192953444	179.9711739081154
9.120108393559097	0.000018073106623209747	179.96948638836813
9.204495717531712	0.00001838784696606211	179.96765191314847
9.289663867799362	0.00001874498392305945	179.96564979893563
9.375620069258803	0.000019150396799982443	179.96345532252073
9.462371613657929	0.00001961118185783283	179.96103868294415
9.549925860214358	0.00002013598174136114	179.95836362602407
9.638290236239705	0.000020735428122578032	179.95538559619757
9.727472237769652	0.00002142274570845063	179.95204921464472
9.817479430199844	0.000022214590678572177	179.94828477863462
9.908319448927676	0.000023132237044141346	179.9440033082506
10.	0.000024203291876916298	179.9390893850053
10.092528860766844	0.000025464236541894374	179.93339054176573
10.18591388054117	0.000026964298502553467	179.92670109733126
10.280162981264736	0.000028771544194972464	179.91873671769207
10.375284158180126	0.000030982836580729545	179.9090928416087
10.471285480508996	0.00003374085534602847	179.8971736184067
10.568175092136585	0.000037264807457102043	179.88206368599225
10.665961212302578	0.00004190966424947283	179.86228084488022
10.76465213629835	0.000048290501590068525	179.83525691252606
10.864256236170656	0.000057574136253465705	179.79612007383153
10.964781961431852	0.00007227657368040794	179.7343653156908
11.066237839776663	0.00009900586935335045	179.62240197867405
11.168632477805613	0.00016248051051341299	179.35701868711925
11.271974561755105	0.0005024635131148925	177.93674486575605
11.37627285823431	0.000415653375248554	1.7703842126862732
11.481536214968829	0.000142118469436542	0.6277497276336486
11.587773561551263	0.00008392915755806497	0.38446150298306214
11.694993910198711	0.00005864875010246443	0.2785847140508795
11.803206356517286	0.000044535005947564835	0.21933679528856997
11.912420080273739	0.000035541301503427196	0.1814714884271281
12.022644346174118	0.000029318753914426486	0.1551816431642324
12.133888504649763	0.000024764439428543373	0.13586226002730267
12.246161992650476	0.000021291984800339783	0.12106503500889981
12.359474334445094	0.000018560862823141997	0.10936811390853578
12.47383514242942	0.000016359776257290913	0.09988919932677437
12.589254117941662	0.000014550669523924575	0.09205179022760517
12.705741052085406	0.000013039527260929736	0.08546326134543832
12.823305826560205	0.000011760112163746169	0.0798469662244934
12.941958414499851	0.000010664413105406325	0.07500235671673681
13.061708881318404	9.7167810496424e-6	0.07078049956628085
13.182567385564061	8.890192100282992e-6	0.06706847409537216
13.304544179780901	8.16378881240987e-6	0.06377910681348653
13.427649611378628	7.52121716331127e-6	0.060844028016065484
13.551894123510351	6.9494741582146125e-6	0.05820886035294185
13.67728825595848	6.438092054039127e-6	0.05582981282224097
13.803842646028839	5.978549812156412e-6	0.05367122347564012
13.931568029453022	5.563841214606468e-6	0.051703756214262965
14.060475241299129	5.188153058895538e-6	0.04990305717712758
14.190575216890911	4.846622032600224e-6	0.04824873962809476
14.321878992735424	4.535148703864902e-6	0.046723607309134434
14.454397707459265	4.250253563734489e-6	0.045313053365487
14.588142602753473	3.988964432045655e-6	0.044004590217758356
14.723125024327178	3.748727534530658e-6	0.04278747826438989
14.859356422870059	3.527336641967813e-6	0.04165242999549002
14.996848355023726	3.3228761315051843e-6	0.04059137223349834
15.135612484362072	3.1336748803213254e-6	0.039597253600193075
15.275660582380716	2.9582686614091735e-6	0.038663887481069956
15.417004529495584	2.7953692670622103e-6	0.03778582307862645
15.559656316050734	2.64383899661626e-6	0.03695823886195252
15.703628043335515	2.502669451903996e-6	0.036176854001389216
15.848931924611126	2.3709638151920456e-6	0.035437854342774196
15.995580286146678	2.247921960228908e-6	0.034737830210022004
16.143585568264854	2.132827881823811e-6	0.034073723887557104
16.292960326397214	2.0250390334882875e-6	0.03344278506879489
16.443717232149307	1.9239772436710316e-6	0.032842532895042416
16.595869074375596	1.8291209445668702e-6	0.032270723474100975
16.749428760264365	1.7399984975071119e-6	0.03172532197671509
16.90440931643263	1.6561824386244254e-6	0.031204478574703477
17.060823890031227	1.5772845001522612e-6	0.030706507616815426
17.21868574986006	1.5029512881276158e-6	0.030229869544438008
17.378008287493746	1.4328605177609648e-6	0.029773155134842806
17.5388050184176	1.366717724352603e-6	0.0293350717290286
17.701089583174202	1.3042533811690355e-6	0.028914431157717482
17.864875748520497	1.245220366768961e-6	0.028510139125300704
18.03017740859568	1.1893917333717422e-6	0.028121185849529978
18.197008586099827	1.1365587353751667e-6	0.02774663778611616
18.365383433483455	1.0865290833559728e-6	0.02738563029338555
18.535316234148105	1.0391253940667067e-6	0.02703736111376345
18.706821403657997	9.941838112677272e-7	0.02670108456690466
18.879913490962927	9.515527758575622e-7	0.026376106364411667
19.054607179632463	9.110919268123033e-7	0.026061778968795288
19.230917289101576	8.726711170155438e-7	0.02575749743005317
19.408858775927772	8.361695302359446e-7	0.025462695642312523
19.58844673505989	8.014748873562502e-7	0.025176842970678917
19.769696401118598	7.684827315298022e-7	0.02489944120498217
19.952623149688787	7.370957832828528e-7	0.024630021802696904
20.137242498623873	7.07223357730141e-7	0.0243681433880943
20.32357010936221	6.787808370575542e-7	0.024113389478779442
20.511621788255646	6.516891922745351e-7	0.023865366414289182
20.701413487910415	6.258745489711846e-7	0.023623701464458472
20.892961308540386	6.012677924482671e-7	0.023388041097878436
21.086281499332888	5.778042081372023e-7	0.023158049393031316
21.28139045982711	5.55423153703957e-7	0.02293340657664369
21.47830474130533	5.340677596458793e-7	0.022713807675495707
21.67704104819694	5.136846555527117e-7	0.02249896126939438
21.87761623949552	4.9422371951966e-7	0.022288588334295457
22.080047330188993	4.7563784847776413e-7	0.022082421165664917
22.28435149270303	4.5788274745030186e-7	0.021880202373131534
22.490546058357804	4.4091673595804627e-7	0.021681683938312362
22.698648518838212	4.247005699848059e-7	0.021486626328410127
22.908676527677724	4.0919727808117885e-7	0.021294797658798405
23.12064790175594	3.943720103316463e-7	0.021105972898337513
23.33458062281002	3.801918990405029e-7	0.020919933111609727
23.55049283896009	3.6662593010781385e-7	0.020736464732636545
23.76840286624876	3.5364482416939617e-7	0.020555358864945857
23.9883291901949	3.41220926666362e-7	0.02037641060310156
24.210290467361776	3.293281060913804e-7	0.020199418370992317
24.434305526939713	3.179416597317457e-7	0.020024183272305873
24.660393372343385	3.07038226294595e-7	0.019850508448689335
24.888573182823905	2.965957048581111e-7	0.019678198441116103
25.118864315095795	2.865931796450957e-7	0.01950705854994603
25.351286304979073	2.770108501625792e-7	0.01933689418907473
25.58585886905645	2.6782996629377174e-7	0.019167510229419295
25.82260190634596	2.590327679671978e-7	0.018998710326775924
26.06153549998895	2.506024290627836e-7	0.018830296228805755
26.302679918953814	2.4252300524639e-7	0.01866206705555251
26.54605561975539	2.3477938545321737e-7	0.018493818547459753
26.791683248190314	2.2735724676696682e-7	0.01832534227432759
27.039583641088434	2.202430124659705e-7	0.018156424798016327
27.289777828080403	2.1342381302995596e-7	0.01798684678095145
27.542287033381662	2.0688744992198325e-7	0.017816382031593817
27.797132677592884	2.0062236197961911e-7	0.01764479647698762
28.05433637951713	1.946175942678337e-7	0.01747184705126099
28.31391995799379	1.8886276926366616e-7	0.017297280487496833
28.575905433749465	1.8334806025962242e-7	0.017120831998676655
28.84031503126606	1.7806416688929043e-7	0.01694222383137943
29.10717118066605	1.7300229269503779e-7	0.01676116367353465
29.376496519615305	1.6815412467413998e-7	0.016577342894712424
29.648313895243422	1.635118147566051e-7	0.01639043459409947
29.92264636608189	1.5906796318560417e-7	0.01620009142735196
30.19951720402016	1.548156037902025e-7	0.016005943178806756
30.4789498962798	1.5074819116044143e-7	0.015807594039910385
30.76096814740705	1.4685958975728697e-7	0.015604619547994261
31.045595881283525	1.4314406501519183e-7	0.0153965631314377
31.332857243155825	1.3959627652376885e-7	0.015182932197509184
31.62277660168376	1.3621127340837972e-7	0.014963193687375354
31.91537855100758	1.329844920684501e-7	0.014736769008426147
32.21068791283432	1.2991175647861633e-7	0.01450302823656482
32.50872973854341	1.269892813132912e-7	0.014261283459661449
32.80952931131187	1.2421367822239843e-7	0.014010781106954475
33.11311214825908	1.2158196566804339e-7	0.01375069307649767
33.41950400261139	1.190915828328718e-7	0.013480106432091816
33.72873086588685	1.1674040823619934e-7	0.013198011390292039
34.040818970100055	1.1452678385071913e-7	0.012903287254127515
34.35579478998743	1.1244954571003806e-7	0.012594685869244646
34.67368504525313	1.1050806224790972e-7	0.012270812075136863
34.994516702835696	1.0870228193052904e-7	0.01193010049202166
35.318316979195664	1.0703279215630252e-7	0.011570787813376077
35.64511334262439	1.0550089193409339e-7	0.011190879552296534
35.9749335155742	1.0410868155382498e-7	0.010788109898975225
36.3078054770101	1.0285917339211735e-7	0.010359892961963943
36.64375746478329	1.0175642923428154e-7	0.009903263152709696
36.98281797802659	1.0080573116207123e-7	0.009414801781506115
37.32501577957203	1.0001379532642058e-7	0.008890545992032753
37.670379898390856	9.938904104754209e-8	0.008325874866717911
38.01893963205609	9.89419320334668e-8	0.0077153657318569345
38.370724549227845	9.86854126413992e-8	0.007052611147888877
38.72576449216169	9.863547087699422e-8	0.006329983432732455
39.08408957924017	9.881187255854058e-8	0.005538328285575549
39.44573020752781	9.923912985912082e-8	0.004666561286851943
39.81071705534969	9.994779565758905e-8	0.0037011293464351003
40.17908108489396	1.0097621835120112e-7	0.0026252812449879363
40.55085354483835	1.02372959430539e-7	0.0014180633550937166
40.92606597300105	1.0420018455627484e-7	0.00005291165135557834
41.304750199016105	1.0653851739992177e-7	-0.0015043629277338522
41.68693834703351	1.0949414833865801e-7	-0.0032985243084523836
42.07266283844438	1.132095214633074e-7	-0.0053893452414899515
42.46195639463126	1.1787989245157187e-7	-0.007858476288061725
42.85485203974392	1.2377989768898728e-7	-0.010820467161188509
43.251383103500835	1.313079861215551e-7	-0.014441197022278949
43.65158322401656	1.4106449070345306e-7	-0.018970257582298273
44.0554863506553	1.5399734119239413e-7	-0.024801392088608494
44.46312674691084	1.7169532634849307e-7	-0.032594134086172975
44.87453899331318	1.970386024005866e-7	-0.04354362310160805
45.28975799036204	2.358435061599796e-7	-0.06006283386819531
45.708818961487474	3.01880858426293e-7	-0.08786405068369402
46.13175745603791	4.375322385191277e-7	-0.1445266352689541
46.55860935229586	8.683683914022756e-7	-0.3236136268946643
46.98941086052151	0.000010247564134219025	-175.7094766613925
47.42419852602443	6.804593405172721e-7	-179.68193167660283
47.8630092322638	3.36217017914902e-7	-179.8250659845661
48.30588020397723	2.1640357129989979e-7	-179.87510133456794
48.7528490103386	1.5576267304265853e-7	-179.90058294758782
49.20395356814506	1.1929943062102895e-7	-179.91602621329662
49.65923214503358	9.506282178565494e-8	-179.92638845862507
50.118723362727195	7.785937942731172e-8	-179.93382413156814
50.58246620031137	6.506872996468565e-8	-179.9394204137302
51.0504999975406	5.522583553413478e-8	-179.94378527121205
51.52286445817562	4.744759150574676e-8	-179.9472852878868
51.99959965335157	4.117008241278746e-8	-179.95015464537107
52.48074602497723	3.601639864921065e-8	-179.952549949694
52.966344389165755	3.172511313881908e-8	-179.95457989774238
53.45643593969714	2.8109248748476124e-8	-179.95632229690955
53.95106225151273	2.5031577836876052e-8	-179.95783431057882
54.450265284242086	2.2389141777649244e-8	-179.9591588793833
54.95408738576243	2.0103210571435325e-8	-179.9603288860427
55.462571295791044	1.8112575676936904e-8	-179.96136993765262
55.97576014951099	1.6368952825006845e-8	-179.9623022727937
56.49369748123023	1.4833759056320992e-8	-179.9631420986359
57.01642722807472	1.347580752074478e-8	-179.96390254736602
57.543993733715666	1.2269629002104499e-8	-179.96459437265415
58.07644175213118	1.1194230035186542e-8	-179.96522646502157
58.61381645140285	1.0232160663469972e-8	-179.96580623876682
59.15616341754737	9.36880539003197e-9	-179.96633992630655
59.70352865838366	8.591837397504783e-9	-179.96683280478672
60.255958607435744	7.890793819602526e-9	-179.9672893724752
60.81350012787176	7.256741877066197e-9	-179.96771348745708
61.37620051647939	6.682013997222661e-9	-179.96810847770865
61.94410750767812	6.159995856965259e-9	-179.96847722921171
62.51726927756855	5.684955423768856e-9	-179.9688222570549
63.0957344480193	5.251904043937285e-9	-179.96914576323533
63.67955209079155	4.856482792437589e-9	-179.96944968397452
64.26877173170195	4.494868891948925e-9	-179.96973572870377
64.86344335482381	4.1636981931928584e-9	-179.97000541238035
65.46361740672747	3.860000597546094e-9	-179.97026008242958
66.06934480075958	3.5811459760732658e-9	-179.97050094132695
66.68067692136219	3.324798653133034e-9	-179.970729065622
67.29766562843174	3.088878918328801e-9	-179.97094542204118
67.92036326171844	2.871530337340397e-9	-179.97115088118036
68.54882264526613	2.6710918717169494e-9	-179.9713462291972
69.18309709189363	2.486074006011178e-9	-179.97153217783668
69.82324040771712	2.3151382295884567e-9	-179.97170937306012
70.46930689671467	2.157079338976866e-9	-179.97187840249995
71.12135136533288	2.010810121487298e-9	-179.97203980192228
71.77942912713615	1.875348057162075e-9	-179.97219406084807
72.44359600749898	1.7498037378440263e-9	-179.97234162745812
73.11390834834172	1.6333707523318728e-9	-179.97248291288616
73.79042301291008	1.5253168275576458e-9	-179.97261829498692
74.47319739059888	1.424976049325724e-9	-179.97274812165324
75.16228940182053	1.3317420138335657e-9	-179.97287271374336
75.85775750291836	1.2450617840887224e-9	-179.97299236767134
76.55966069112561	1.1644305443470358e-9	-179.97310735770458
77.26805850957021	1.0893868615416307e-9	-179.9732179380067
77.98301105232578	1.0195084759261669e-9	-179.97332434445786
78.70457896950977	9.54408554280814e-10	-179.97342679628048
79.43282347242805	8.937323483990718e-10	-179.97352549749428
80.16780633876782	8.37154209489388e-10	-179.9736206382209
80.90958991783813	7.843749158347379e-10	-179.9737123958563
81.65823713585914	7.351192767558747e-10	-179.97380093612608
82.41381150130013	6.8913398078533e-10	-179.97388641403725
83.176377110267	6.461856601147305e-10	-179.9739689747381
83.94599865193965	6.060591469396643e-10	-179.97404875429632
84.72274141405954	5.685559003868549e-10	-179.97412588040436
85.50667128846823	5.334925853448051e-10	-179.9742004730199
86.29785477669692	5.006997867957237e-10	-179.97427264494817
87.09635899560797	4.700208452168859e-10	-179.97434250237222
87.90225168308834	4.413108003288921e-10	-179.97441014533666
88.71560120379598	4.1443543195416346e-10	-179.9744756681893
89.53647655495928	3.892703880435668e-10	-179.9745391599851
90.36494737223005	3.657003910590626e-10	-179.9746007048561
91.20108393559087	3.436185148887278e-10	-179.9746603823506
92.04495717531702	3.2292552533668894e-10	-179.97471826774455
92.89663867799354	3.035292779910402e-10	-179.97477443232765
93.75620069258792	2.853441679417433e-10	-179.97482894366698
94.6237161365792	2.6829062640988236e-10	-179.97488186584937
95.4992586021435	2.52294659869873e-10	-179.97493325970547
96.38290236239695	2.372874277060854e-10	-179.97498318301626
97.2747223776964	2.2320485485256812e-10	-179.97503169070413
98.17479430199833	2.099872762256828e-10	-179.9750788350096
99.08319448927665	1.9757911008022628e-10	-179.97512466565507
99.9999999999999	1.8592855770492186e-10	-179.97516922999645