0.01000000000000001	0.005683215327346087	-4.814929216425974
0.010092528860766855	0.005684773130034062	-4.816634267235225
0.01018591388054118	0.005686360832792841	-4.81837165177638
0.010280162981264745	0.005687979027685495	-4.820142007066754
0.010375284158180138	0.005689628319191674	-4.821945983475002
0.010471285480509006	0.005691309324494755	-4.823784245030135
0.010568175092136596	0.005693022673775842	-4.825657469739147
0.01066596121230259	0.005694769010515736	-4.827566349912924
0.010764652136298361	0.005696548991805932	-4.829511592500682
0.010864256236170667	0.005698363288666454	-4.831493919433899
0.010964781961431863	0.005700212586373412	-4.833514067979503
0.011066237839776675	0.005702097584795107	-4.835572791102054
0.011168632477805623	0.005704018998737376	-4.8376708578370105
0.011271974561755117	0.005705977558297883	-4.839809053673155
0.011376272858234322	0.005707974009231178	-4.841988180946501
0.01148153621496884	0.0057100091133229156	-4.844209059244089
0.011587773561551273	0.005712083648774546	-4.846472525820853
0.011694993910198724	0.005714198410599861	-4.848779436025822
0.01180320635651731	0.005716354211031075	-4.851130663742613
0.011912420080273762	0.0057185518799376545	-4.853527101840698
0.012022644346174144	0.005720792265255884	-4.855969662641094
0.012133888504649786	0.0057230762334320034	-4.858459278393634
0.012246161992650502	0.005725404669877279	-4.860996901769432
0.01235947433444512	0.005727778479435356	-4.863583506367566
0.012473835142429446	0.005730198586865227	-4.866220087235125
0.012589254117941687	0.005732665937336243	-4.868907661403994
0.012705741052085433	0.005735181496938601	-4.871647268443007
0.012823305826560232	0.005737746253208451	-4.874439971025907
0.01294195841449987	0.005740361215669449	-4.877286855516659
0.013061708881318424	0.005743027416388731	-4.8801890325722574
0.013182567385564082	0.00574574591055093	-4.883147637763619
0.01330454417978092	0.005748517777048758	-4.886163832215164
0.013427649611378649	0.0057513441190918755	-4.88923880326367
0.01355189412351037	0.005754226064833254	-4.89237376513813
0.013677288255958502	0.005757164768016717	-4.895569959658415
0.013803842646028859	0.0057601614086413774	-4.898828656958552
0.013931568029453043	0.005763217193649503	-4.902151156229985
0.01406047524129915	0.005766333357634025	-4.905538786488805
0.014190575216890933	0.005769511163567997	-4.908992907367904
0.014321878992735446	0.005772751903558893	-4.912514909932162
0.014454397707459286	0.005776056899623901	-4.916106217522908
0.014588142602753497	0.005779427504492624	-4.919768286624992
0.014723125024327202	0.005782865102432555	-4.923502607765854
0.014859356422870082	0.005786371110104427	-4.927310706440705
0.014996848355023748	0.005789946977442077	-4.93119414406957
0.015135612484362095	0.005793594188562487	-4.935154518984895
0.015275660582380739	0.005797314262705746	-4.939193467451725
0.015417004529495607	0.005801108755205226	-4.943312664721722
0.015559656316050758	0.005804979258489952	-4.947513826122228
0.01570362804333554	0.005808927403121012	-4.951798708182062
0.015848931924611148	0.005812954858861688	-4.956169109794969
0.015995580286146702	0.005817063335784379	-4.9606268734227195
0.016143585568264878	0.005821254585415154	-4.965173886338948
0.016292960326397238	0.005825530401916032	-4.9698120819162925
0.01644371723214933	0.005829892623309963	-4.9745434409572065
0.016595869074375623	0.005834343132746025	-4.97936999307207
0.01674942876026439	0.005838883859810222	-4.984293818104117
0.016904409316432657	0.005843516781880747	-4.989317047605886
0.017060823890031253	0.00584824392553182	-4.994441866367199
0.017218685749860088	0.005853067367987411	-4.999670513997254
0.017378008287493772	0.005857989238625459	-5.005005286565081
0.01753880501841763	0.005863011720537602	-5.010448538296984
0.01770108958317423	0.0058681370521442905	-5.016002683337429
0.017864875748520526	0.005873367528868667	-5.021670197573197
0.018030177408595707	0.005878705504871794	-5.027453620525714
0.018197008586099853	0.005884153394852033	-5.033355557312486
0.018365383433483484	0.0058897136759100775	-5.03937868068209
0.018535316234148135	0.005895388889484886	-5.045525733125857
0.018706821403658026	0.005901181643361167	-5.05179952906879
0.018879913490962956	0.005907094613753253	-5.058202957144129
0.019054607179632494	0.005913130547468208	-5.064738982554979
0.019230917289101597	0.005919292264151411	-5.071410649527069
0.019408858775927792	0.005925582658619708	-5.078221083856279
0.01958844673505991	0.005932004703283543	-5.085173495556428
0.01976969640111862	0.005938561450665296	-5.092271181610703
0.01995262314968881	0.005945256036016182	-5.0995175288322
0.020137242498623895	0.00595209168003593	-5.106916016838398
0.02032357010936223	0.0059590716917033056	-5.114470221146053
0.020511621788255666	0.00596619947121738	-5.1221838163899935
0.020701413487910436	0.005973478513060616	-5.130060579673511
0.02089296130854041	0.005980912409184968	-5.138104394057056
0.02108628149933291	0.0059885048523292805	-5.1463192521896906
0.021281390459827135	0.005996259639474788	-5.154709260092707
0.021478304741305354	0.006004180675442623	-5.163278641101205
0.02167704104819696	0.00601227197664428	-5.172031739972568
0.02187761623949554	0.00602053767498853	-5.180973027169496
0.022080047330189013	0.006028982021956687	-5.190107103326567
0.022284351492703053	0.006037609392851095	-5.199438703909072
0.022490546058357826	0.006046424291227818	-5.208972704075605
0.022698648518838235	0.006055431353521721	-5.2187141237522585
0.022908676527677748	0.0060646353538754616	-5.228668132931821
0.023120647901755963	0.006074041209180394	-5.238840057207905
0.023334580622810044	0.006083653984343192	-5.249235383558138
0.023550492838960112	0.006093478897787983	-5.259859766386532
0.023768402866248782	0.006103521327207211	-5.270719033843238
0.02398832919019492	0.006113786815575239	-5.281819194432254
0.0242102904673618	0.006124281077437158	-5.2931664439253545
0.02443430552693974	0.006135010005489342	-5.30476717259718
0.024660393372343412	0.0061459796774669525	-5.31662797280188
0.02488857318282393	0.006157196363354284	-5.328755646906199
0.025118864315095822	0.006168666532938695	-5.341157215602053
0.025351286304979098	0.006180396863723885	-5.353839926619001
0.02558585886905648	0.00619239424922507	-5.3668112638588195
0.025822601906345985	0.006204665807666706	-5.380078956976633
0.026061535499988978	0.006217218891107436	-5.393650991433958
0.026302679918953843	0.006230061095013237	-5.40753561905245
0.026546055619755416	0.006243200268309857	-5.42174136909538
0.026791683248190343	0.006256644523938212	-5.436277059909494
0.027039583641088463	0.00627040224994504	-5.4511518111608455
0.027289777828080432	0.006284482121140214	-5.466375056699097
0.02754228703338169	0.006298893111354815	-5.481956558088995
0.02779713267759291	0.006313644506335479	-5.49790641885001
0.02805433637951716	0.006328745917315588	-5.514235099446674
0.028313919957993816	0.006344207295303786	-5.530953433078607
0.028575905433749497	0.006360038946135638	-5.548072642315933
0.028840315031266085	0.0063762515463352005	-5.56560435663947
0.02910717118066608	0.006392856159839073	-5.58356063093801
0.029376496519615335	0.006409864255636748	-5.601953965027251
0.029648313895243455	0.006427287726387965	-5.620797324257076
0.02992264636608192	0.00644513890807939	-5.640104161275217
0.030199517204020192	0.006463430600790527	-5.659888439028922
0.03047894989627986	0.006482176090640052	-5.6801646550823
0.03076096814740711	0.006501389172995158	-5.700947867341571
0.031045595881283587	0.006521084177025624	-5.722253721282547
0.03133285724315589	0.006541275991697546	-5.744098478783934
0.031622776601683826	0.006561980093304427	-5.7664990486777725
0.03191537855100765	0.006583212574642836	-5.7894730191378185
0.03221068791283438	0.0066049901759492125	-5.813038692035666
0.03250872973854347	0.006627330317721534	-5.837215119406095
0.03280952931131194	0.006650251135562921	-5.862022142171613
0.03311311214825915	0.006673771517192285	-5.88748043129518
0.03341950400261146	0.006697911141781368	-5.913611531536904
0.03372873086588692	0.006722690521790678	-5.9404379080094785
0.034040818970100126	0.006748131047490566	-5.96798299574475
0.0343557947899875	0.006774255034371683	-5.996271252498369
0.0346736850452532	0.006801085773663178	-6.0253282150437535
0.034994516702835765	0.006828647586202193	-6.055180559225518
0.035318316979195734	0.006856965879913396	-6.085856164069261
0.03564511334262446	0.006886067211185057	-6.117384180269307
0.03597493351557427	0.006915979350451658	-6.14979510340738
0.03630780547701017	0.0069467313523252855	-6.18312085228739
0.03664375746478335	0.00697835363064414	-6.217394852806398
0.03698281797802665	0.007010878038846522	-6.252652127824962
0.037325015779572084	0.007044337956114573	-6.288929393540023
0.037670379898390914	0.007078768379777096	-6.3262651629173385
0.038018939632056145	0.007114206024505537	-6.364699856791346
0.0383707245492279	0.007150689428893161	-6.404275923303204
0.038725764492161745	0.007188259070064323	-6.445037966414929
0.03908408957924023	0.007226957487027092	-6.4870328843126845
0.03944573020752787	0.007266829413555804	-6.530310018597927
0.039810717055349755	0.007307921921470494	-6.574921315254579
0.04017908108489402	0.007350284575274153	-6.620921498494008
0.040550853544838415	0.0073939695992057825	-6.668368258688677
0.040926065973001115	0.007439032057889318	-6.717322455745325
0.041304750199016166	0.00748553005187848	-6.767848339410112
0.04168693834703357	0.007533524929550076	-6.820013788175837
0.04207266283844444	0.007583081516954213	-6.873890568638698
0.04246195639463132	0.007634268367418818	-6.929554617376262
0.042854852039743985	0.007687158032909904	-6.987086347653809
0.04325138310350091	0.0077418273593844785	-7.046570983540704
0.04365158322401663	0.007798357808639246	-7.108098924332916
0.044055486350655364	0.00785683580945855	-7.17176614252732
0.04446312674691091	0.007917353141210049	-7.237674618997171
0.04487453899331325	0.007980007353425012	-7.3059328194807955
0.04528975799036211	0.008044902225347364	-7.376656217015951
0.04570881896148754	0.008112148269945878	-7.449967865559932
0.04613175745603798	0.008181863287464914	-7.525999030723157
0.04655860935229591	0.008254172974265582	-7.604889884342362
0.04698941086052156	0.008329211593469537	-7.6867902705341375
0.04742419852602448	0.008407122714821327	-7.771860551934426
0.04786300923226385	0.008488060032194608	-7.860272546051376
0.04830588020397728	0.00857218826837109	-7.952210563092158
0.04875284901033865	0.00865968417808646	-8.047872558276287
0.04920395356814511	0.008750737661953514	-8.147471413592367
0.04965923214503363	0.008845553005729267	-8.25123636621177
0.05011872336272725	0.008944350261589547	-8.359414603439308
0.05058246620031143	0.009047366790622005	-8.472273047196227
0.051050499997540646	0.009154858988766668	-8.590100354729442
0.05152286445817567	0.009267104221965337	-8.713209166589474
0.05199959965335162	0.009384403000472403	-8.841938638109466
0.052480746024977286	0.009507081427230318	-8.976657296771952
0.05296634438916581	0.009635493961102587	-9.117766275212665
0.05345643593969719	0.009770026542777515	-9.265702978440139
0.05395106225151279	0.00991110013953287	-9.420945254452876
0.05445026528424214	0.01005917477512743	-9.584016150251665
0.05495408738576248	0.010214754123164343	-9.755489350769826
0.0554625712957911	0.01037839075690324	-9.935995417124792
0.05597576014951104	0.010550692166169799	-10.12622896366418
0.05649369748123028	0.010732327673542411	-10.326956941580526
0.05701642722807478	0.010924036408216816	-10.539028231731658
0.05754399373371572	0.011126636528091394	-10.763384792464008
0.05807644175213124	0.011341035920081352	-11.00107466190427
0.05861381645140291	0.01156824465737459	-11.253267181266256
0.05915616341754743	0.01180938955261272	-11.521270889984315
0.05970352865838372	0.012065731220891109	-11.806554649893473
0.06025595860743581	0.012338684159854785	-12.11077269082296
0.060813500127871824	0.012629840471038193	-12.435794442532568
0.061376200516479455	0.012940997993268635	-12.783740239648084
0.06194410750767818	0.01327419380358682	-13.157024272808485
0.06251726927756862	0.013631744274043189	-13.558406531963987
0.06309573444801936	0.014016293166994136	-13.991055975686281
0.06367955209079162	0.014430869623320838	-14.458627803256334
0.064268771731702	0.014878958367131828	-14.965358559099354
0.06486344335482389	0.01536458503989044	-15.516183937845163
0.06546361740672754	0.015892420311286997	-16.116885688832195
0.06606934480075964	0.0164679073154375	-16.774276088875446
0.06668067692136226	0.017097418038092376	-17.49643126802884
0.06729766562843183	0.017788445506238343	-18.29298852216384
0.0679203632617185	0.018549839894942494	-19.175528025383365
0.0685488226452662	0.019392097674187647	-20.158066602716374
0.0691830970918937	0.020327712994928856	-21.257701142616117
0.06982324040771719	0.02137159819491157	-22.49545267154141
0.07046930689671474	0.02254157252198355	-23.897379934782332
0.07112135136533296	0.023858898612066644	-25.49605389647497
0.07177942912713622	0.025348802102337753	-27.33251039943309
0.07244359600749906	0.02704081534751644	-29.458820475293336
0.0731139083483418	0.0289685912948092	-31.941415806294632
0.07379042301291015	0.031168443890428832	-34.865226476990784
0.07447319739059896	0.033675125591604405	-38.33839901554236
0.07516228940182061	0.036512033145203814	-42.49657534978182
0.07585775750291844	0.03967107210035509	-47.50386151801117
0.07655966069112569	0.04307579074300195	-53.54386843435357
0.07726805850957029	0.0465246913687079	-60.7883832495973
0.07798301105232593	0.049631515639068806	-69.32758233279515
0.07870457896950993	0.0518266293396486	-79.06007150934828
0.07943282347242822	0.05251909045890682	-89.59476808438578
0.08016780633876798	0.0514119248181743	-100.27806589225264
0.0809095899178383	0.04871547491110667	-110.40140775258315
0.0816582371358593	0.04501524778442481	-119.45280184880036
0.0824138115013003	0.040940358223405936	-127.2205805078262
0.08317637711026717	0.03694118345044865	-133.73159672860834
0.08394599865193982	0.03325660040212986	-139.13545750260437
0.08472274141405972	0.029974393060919237	-143.61657144921307
0.08550667128846841	0.027098767903477088	-147.34897443838173
0.0862978547766971	0.024596190301160937	-150.4801269569472
0.08709635899560814	0.022420523210781838	-153.12893604050092
0.08790225168308852	0.02052501289900892	-155.38919388224878
0.08871560120379617	0.0188672112993147	-157.3343127605542
0.08953647655495947	0.017410470104311886	-159.0217556092678
0.09036494737223023	0.016123916293505645	-160.4966945542354
0.09120108393559107	0.014981841119995357	-161.79487370630426
0.09204495717531722	0.013962930711161847	-162.9447954622358
0.09289663867799372	0.013049520287740422	-163.96937390869968
0.09375620069258811	0.012226938620650461	-164.88718277044575
0.09462371613657934	0.01148295779969103	-165.71339963707123
0.09549925860214364	0.010807342138584537	-166.46052394010098
0.0963829023623971	0.01019148272915355	-167.13892638397323
0.09727472237769656	0.00962810295834315	-167.75727240286182
0.09817479430199849	0.009111021546273851	-168.3228509712063
0.09908319448927681	0.008634961681822354	-168.8418318559092
0.10000000000000005	0.008195396904298147	-169.31946839219273
0.10092528860766849	0.007788426228242275	-169.76025848934037
0.10185913880541175	0.00741067255550131	-170.16807337648277
0.10280162981264741	0.007059199671270209	-170.54626125401055
0.10375284158180131	0.006731444116482842	-170.89773128689052
0.10471285480509002	0.006425159012612393	-171.22502209284394
0.1056817509213659	0.006138367528718098	-171.53035791985425
0.10665961212302584	0.005869324160428169	-171.81569498681097
0.10764652136298355	0.005616482365790616	-172.08275991564344
0.10864256236170661	0.005378467396839442	-172.33308176772056
0.10964781961431856	0.005154053396524712	-172.56801887860018
0.1106623783977667	0.004942144012464777	-172.78878143926025
0.11168632477805618	0.004741755922702098	-172.99645058094907
0.1127197456175511	0.004552004782701336	-173.19199457159885
0.11376272858234315	0.004372093193694427	-173.37628261449575
0.11481536214968835	0.004201300365165507	-173.55009664726788
0.11587773561551268	0.004038973202653422	-173.71414146563717
0.11694993910198717	0.0038845185991342917	-173.8690534376036
0.11803206356517304	0.003737396746372419	-174.0154080265172
0.11912420080273756	0.003597115313625173	-174.15372630342938
0.12022644346174137	0.0034632243663797013	-174.28448059822756
0.1213388850464978	0.0033353119185286694	-174.40809941392106
0.12246161992650495	0.0032130000284273314	-174.5249717078471
0.12359474334445113	0.0030959413633441374	-174.63545062665312
0.12473835142429439	0.002983816168461757	-174.73985676791384
0.1258925411794168	0.002876329586267652	-174.83848102963378
0.12705741052085426	0.002773209280246711	-174.93158709919376
0.12823305826560225	0.0026742033235393754	-175.01941362516123
0.1294195841449987	0.002579078318899205	-175.10217610852192
0.13061708881318423	0.0024876177210527966	-175.18006854404533
0.1318256738556408	0.0023996203365931955	-175.25326483749436
0.13304544179780922	0.002314898979951746	-175.32192002006406
0.13427649611378642	0.0022332792668846627	-175.38617127763985
0.13551894123510363	0.002154598529381718	-175.44613880911544
0.13677288255958495	0.002078704838006654	-175.50192652498293
0.13803842646028852	0.0020054561194819097	-175.55362259462913
0.13931568029453034	0.0019347193588757506	-175.6012998481655
0.14060475241299142	0.001866369877081687	-175.64501603611453
0.14190575216890927	0.0018002906754229725	-175.68481394778485
0.1432187899273544	0.0017363718402101799	-175.7207213866584
0.1445439770745928	0.0016745100009336472	-175.7527509984601
0.1458814260275349	0.0016146078365212272	-175.78089994475846
0.14723125024327194	0.0015565736247361984	-175.8051494118065
0.14859356422870074	0.0015003208303585884	-175.82546394082468
0.1499684835502374	0.0014457677282826763	-175.84179056186636
0.15135612484362088	0.0013928370580992186	-175.8540577086919
0.15275660582380732	0.001341455707106333	-175.86217388646256
0.154170045294956	0.0012915544190297546	-175.86602605735828
0.1555965631605075	0.0012430675260236797	-175.86547770106424
0.15703628043335532	0.0011959327017850654	-175.86036649711565
0.15848931924611143	0.0011500907338443584	-175.85050156379182
0.15995580286146696	0.001105485313298894	-175.83566017295882
0.1614358556826487	0.0010620628404399864	-175.81558384111585
0.1629296032639723	0.0010197722448882175	-175.78997367273183
0.16443717232149324	0.0009785648190006756	-175.75848480124895
0.16595869074375613	0.0009383940634494529	-175.72071973380585
0.16749428760264382	0.0008992155439993215	-175.6762203550243
0.1690440931643265	0.0008609867586280146	-175.62445827924537
0.17060823890031243	0.0008236670142520695	-175.5648231541953
0.17218685749860077	0.0007872173124341647	-175.49660840480334
0.17378008287493762	0.000751600243566842	-175.41899375348345
0.1753880501841762	0.0007167798891615422	-175.33102364795315
0.1770108958317422	0.000682721732014245	-175.23158044833116
0.17864875748520517	0.0006493925742029644	-175.11935084108475
0.180301774085957	0.0006167604630894138	-174.99278341260182
0.18197008586099844	0.0005847946257960603	-174.85003456149826
0.18365383433483473	0.0005534654130213755	-174.68889885189213
0.18535316234148125	0.0005227442536195613	-174.50671834871355
0.18706821403658017	0.0004926036221745587	-174.3002631763386
0.18879913490962946	0.0004630170229945139	-174.06557209496796
0.19054607179632482	0.00043395899576757725	-173.79773662429164
0.19230917289101596	0.0004054051509423244	-173.49060403353528
0.19408858775927793	0.0003773322474040514	-173.13636141697071
0.19588446735059908	0.00034971833240915256	-172.72494163690374
0.1976969640111862	0.0003225429762230801	-172.24315583537657
0.19952623149688808	0.0002957876557017691	-171.67339454859467
0.20137242498623895	0.00026943638051855537	-170.99162669879473
0.2032357010936223	0.00024347673026713996	-170.16421458156486
0.20511621788255666	0.00021790161829247226	-169.14264919780194
0.20701413487910436	0.00019271240720610685	-167.85445644075494
0.2089296130854041	0.0001679246914304015	-166.18665556232406
0.2108628149933291	0.0001435797258184713	-163.95377725057142
0.21281390459827135	0.00011976886320713737	-160.83143685549186
0.21478304741305343	0.00009669117144050776	-156.20672283148357
0.21677041048196952	0.0000748061206757253	-148.81432664539437
0.2187761623949553	0.000055287531612428796	-135.85628978818423
0.22080047330189004	0.000041328314370418465	-112.00153754762458
0.22284351492703042	0.00003913133731600248	-77.3018754039232
0.22490546058357816	0.000050125456090271485	-49.42436171904452
0.22698648518838224	0.00006813923055850682	-33.90971286946643
0.22908676527677735	0.0000889856385216832	-25.278226705113237
0.23120647901755953	0.0001110862344073981	-20.01756647034181
0.23334580622810033	0.0001338450908351758	-16.537126495600635
0.23550492838960102	0.00015701429174711485	-14.085779356175767
0.23768402866248772	0.0001804851589970901	-12.275907988815892
0.2398832919019491	0.00020421238892824747	-10.890538902217452
0.2421029046736179	0.0002281829766181259	-9.799767868921874
0.24434305526939726	0.00025240213025147826	-8.92143771155586
0.246603933723434	0.00027688636382957644	-8.20120096171905
0.24888573182823917	0.0003016599131366036	-7.601742617353313
0.25118864315095807	0.00032675281527162655	-7.096629605907918
0.2535128630497908	0.00035219988075497344	-6.666635090833481
0.25585858869056466	0.0003780401770535451	-6.2974534250290795
0.2582260190634597	0.0004043168255470452	-5.978230461276377
0.26061535499988964	0.0004310770053932216	-5.700589904845833
0.2630267991895383	0.00045837210595753796	-5.457971360209688
0.26546055619755404	0.0004862579963312195	-5.245169897198662
0.2679168324819033	0.0005147953962453997	-5.058009246246563
0.2703958364108845	0.0005440503427083502	-4.893105633677279
0.2728977782808042	0.0005740947535367602	-4.747694365992753
0.27542287033381674	0.0006050070942401528	-4.619500667898693
0.277971326775929	0.0006368731592532505	-4.506642266325526
0.2805433637951715	0.000669786982896679	-4.40755511108822
0.28313919957993805	0.0007038519001157809	-4.320936211541332
0.2857590543374948	0.0007391817823233583	-4.245699319529932
0.2884031503126607	0.0007759024798845697	-4.180940393932494
0.29107171180666064	0.0008141535104003214	-4.125910625036675
0.2937649651961532	0.0008540900413217139	-4.079995397084806
0.2964831389524344	0.0008958852272508409	-4.042698001949139
0.29922646366081906	0.0009397329772814237	-4.013627238388703
0.30199517204020176	0.0009858512469570774	-3.992488275264807
0.30478949896279844	0.0010344859742963538	-3.9790763484853597
0.307609681474071	0.0010859158117681985	-3.9732730187022867
0.3104559588128357	0.0011404578488236291	-3.9750448540202394
0.3133285724315587	0.001198474576353657	-3.9844445312825405
0.3162277660168381	0.0012603824206346339	-4.001614482222802
0.31915378551007634	0.0013266622777638516	-4.026793359026553
0.3221068791283436	0.0013978726215312903	-4.060325772682903
0.32508729738543457	0.0014746659550682148	-4.10267598648564
0.3280952931131192	0.0015578096547503096	-4.154446554581962
0.3311311214825913	0.0016482126528285178	-4.216403323570349
0.33419504002611444	0.0017469599840884142	-4.289508829509688
0.3372873086588691	0.0018553580795561148	-4.37496702838826
0.34040818970100106	0.001974994988304816	-4.474283671240418
0.34355794789987465	0.0021078217239911905	-4.5893487892376905
0.34673685045253166	0.002256264177852911	-4.722551333013508
0.3499451670283573	0.0024233806854549933	-4.876942979125984
0.353183169791957	0.002613094217728982	-5.056495331206516
0.35645113342624424	0.002829306703739436	-5.286064813928988
0.3597493351557423	0.0030822021830075445	-5.513051903692025
0.36307805477010135	0.003377774801553933	-5.806776653136469
0.36643757464783333	0.00373008720998297	-6.160663484071243
0.3698281797802663	0.004158212185572236	-6.594542429031797
0.3732501577957206	0.004691426361539748	-7.139072219427963
0.37670379898390893	0.005377680750435462	-7.8448980396150025
0.38018939632056126	0.006302775841793761	-8.803589719444094
0.38370724549227886	0.007641166190210095	-10.203768327560004
0.3872576449216173	0.009825654873119849	-12.521514333089394
0.3908408957924021	0.014381616527351	-17.483328749362826
0.39445730207527846	0.03309038932834307	-40.332325416015685
0.3981071705534973	0.01441738318047011	-165.15799564737537
0.40179081084894	0.0008592739751971279	-5.705471944427579
0.40550853544838394	0.007661563077549303	-9.331352182227482
0.40926065973001097	0.015955077339231502	-17.520511797344952
0.41304750199016144	0.033343645142071235	-35.29248386760954
0.4168693834703355	0.06273291678193768	-95.55118170846163
0.4207266283844442	0.03681703327080222	-147.25806372132354
0.424619563946313	0.02315418585691638	-161.65326560802512
0.4285485203974396	0.017248204379861933	-167.53453874435948
0.43251383103500884	0.014118459676903764	-170.72014101350973
0.4365158322401661	0.012268271301782102	-172.7439002846878
0.44055486350655343	0.011136995065509822	-174.17433281834855
0.4446312674691088	0.010485868742854327	-175.27654295625547
0.4487453899331323	0.010220889050741483	-176.20200360116155
0.4528975799036209	0.01034275849634529	-177.0632153173307
0.4570881896148752	0.010961691335508696	-177.98300729093782
0.46131757456037953	0.012411788229846064	-179.17273635080645
0.4655860935229591	0.015739815436208882	178.80002280802591
0.4698941086052156	0.025791564914169916	172.90426559085626
0.4742419852602448	0.11033674213994264	111.76014272857856
0.47863009232263853	0.021004574280212285	16.95729698826077
0.48305880203977286	0.008714008734999893	10.887735235099475
0.4875284901033865	0.004802773301745611	9.220334075014515
0.4920395356814511	0.0029403888273090784	8.798771244069782
0.49659232145033627	0.0018792797232439094	9.105771026322534
0.5011872336272725	0.00120998005503917	10.154023562963904
0.5058246620031143	0.000759664399868537	12.348775648477519
0.5105049999754064	0.0004439490170838907	17.004036336632133
0.5152286445817567	0.00022040427050686387	29.360182971172577
0.5199959965335162	0.00009483672067610938	79.48123064435167
0.5248074602497729	0.00014354452867041228	144.6129695670518
0.5296634438916581	0.00023500161657376522	161.03265987234158
0.5345643593969719	0.0003144591331215376	166.72501009880074
0.5395106225151278	0.00038042381693566225	169.377340262292
0.5445026528424215	0.0004353587492883736	170.76191577796914
0.5495408738576248	0.00048170118494993	171.47361628408333
0.5546257129579107	0.000521455513536387	171.75545602479326
0.5597576014951101	0.0005562006406555114	171.71354138689045
0.5649369748123025	0.0005871328394538924	171.38945268941055
0.5701642722807475	0.0006150726532625061	170.79063989781568
0.5754399373371569	0.0006404211275722848	169.9094096631115
0.580764417521312	0.0006630952008526401	168.7451645500963
0.5861381645140288	0.0006825850239933723	167.33960109102074
0.591561634175474	0.0006984831133414774	165.82154875036304
0.5970352865838369	0.0007118837170006472	164.41955308928743
0.6025595860743578	0.0007272950341111137	163.36074958323525
0.6081350012787179	0.0007536143357918578	162.64650391309044
0.6137620051647943	0.000804365612457355	161.85955112200324
0.6194410750767815	0.000902680823375653	160.0179320481164
0.6251726927756859	0.0011057688603270024	154.66961982955894
0.6309573444801934	0.0015668452285918482	135.17034659193936
0.6367955209079159	0.0012957174970397284	80.4691317423587
0.6426877173170198	0.0007993864359645245	62.92066951959744
0.6486344335482385	0.0002186248871447796	21.70139969025614
0.654636174067275	0.0002949617796817941	-171.45971669098094
0.6606934480075961	0.00021590481002433566	9.288218027310752
0.6668067692136223	0.000055109200824311327	-174.3929888944624
0.6729766562843178	0.00014330333680837408	-175.94455566909895
0.6792036326171846	0.00019367219026771178	-176.9556900471373
0.6854882264526617	0.00022721610893460022	-177.65969371936075
0.6918309709189366	0.000251248972859752	-178.15752070400723
0.6982324040771715	0.0002692857084037089	-178.50431920429813
0.7046930689671471	0.0002833154762963222	-178.73885827786825
0.7112135136533292	0.00029456699128666203	-178.8916584626804
0.7177942912713619	0.00030383798786601983	-178.9866833288153
0.7244359600749902	0.0003116651854997215	-179.0419290185189
0.7311390834834176	0.000318422176073399	-179.07029420532882
0.7379042301291011	0.00032437882037689213	-179.08069203203283
0.7447319739059892	0.00032973827291544127	-179.079128226423
0.7516228940182057	0.0003346607843766679	-179.0695864750802
0.758577575029184	0.0003392799710752442	-179.05468865349644
0.7655966069112565	0.0003437154568672915	-179.0361621102108
0.7726805850957026	0.0003480853007191031	-179.01516610870138
0.7798301105232589	0.00035252288359483524	-178.99253243330358
0.7870457896950989	0.00035720833051224103	-178.96898616374273
0.7943282347242817	0.00036244406725641627	-178.94548180373295
0.8016780633876793	0.00036888767053131107	-178.92416462560848
0.8090958991783825	0.00037856039884096943	-178.91324550881845
0.8165823713585927	0.000403530591145223	-178.98721307215976
0.8241381150130026	0.00023112988736506319	178.8456707872931
0.8317637711026713	0.00034930989371831784	-178.80484765973858
0.8394599865193977	0.00036477372779295566	-178.74466349389797
0.8472274141405968	0.0003736128436148751	-178.7043421749659
0.8550667128846836	0.0003807765041399335	-178.6651502506595
0.8629785477669706	0.0003874502888701082	-178.62461058338454
0.870963589956081	0.0003940869419984334	-178.5820060833157
0.8790225168308847	0.00040091705628440025	-178.53694826459744
0.8871560120379608	0.00040808738165072644	-178.48911195449364
0.8953647655495938	0.0004157097668747689	-178.43816489162214
0.9036494737223014	0.0004238821065114738	-178.38374171141115
0.9120108393559097	0.00043269891796719745	-178.32542949532046
0.9204495717531712	0.00044225767271063843	-178.26275580341365
0.9289663867799363	0.00045266335103344023	-178.19517601773754
0.9375620069258802	0.0004640323661325639	-178.1220584529403
0.946237161365793	0.0004764964849970543	-178.04266607800915
0.9549925860214359	0.0004902071729329128	-177.95613362812512
0.9638290236239705	0.0005053407336376465	-177.8614385794596
0.9727472237769651	0.0005221046455595446	-177.75736394239252
0.9817479430199844	0.0005407455905472544	-177.64245005043813
0.9908319448927676	0.0005615598387980011	-177.51493137081107
1.	0.000584906920211065	-177.37265264604991
1.0092528860766845	0.0006112279253772965	-177.21295607724718
1.0185913880541169	0.0006410704253796087	-177.032527249631
1.0280162981264735	0.0006751230280340392	-176.82718118105993
1.0375284158180127	0.0007142642657164186	-176.5915596734602
1.0471285480508996	0.0007596333258649278	-176.3186942461038
1.0568175092136585	0.0008127350219702009	-175.99936009710007
1.066596121230258	0.0008756002147125397	-175.62109572480634
1.076465213629835	0.0009510395065164633	-175.16666995925385
1.0864256236170655	0.0010430610382407186	-174.61160128748625
1.096478196143185	0.0011575930048453584	-173.91998173979843
1.1066237839776665	0.0013038106536674683	-173.0371177036652
1.1168632477805611	0.0014967660405998014	-171.87585883304803
1.1271974561755105	0.0017631425743518403	-170.28963782196104
1.1376272858234309	0.002155659018499453	-168.01586768828093
1.1481536214968828	0.002796735201347259	-164.55183858090277
1.1587773561551262	0.004055532864150469	-158.91112307858089
1.1694993910198712	0.00770690693479359	-149.87689938819852
1.1803206356517297	0.034781893676057836	-149.9069965773643
1.191242008027375	0.06019025004951455	-16.721649002527293
1.2022644346174132	0.010672775744651667	-21.260480755760383
1.2133888504649775	0.00531837453317697	-17.077467318581423
1.224616199265049	0.0035329824431739373	-13.872783349069161
1.2359474334445106	0.002665124708351179	-11.675647385230532
1.2473835142429432	0.0021581024231167516	-10.137846287972861
1.2589254117941675	0.0018290995266256932	-9.02895797132853
1.270574105208542	0.0016013426187632086	-8.211095184714926
1.2823305826560218	0.001437207542713052	-7.600676795259785
1.2941958414499863	0.001316259352957205	-7.1457772624957165
1.3061708881318417	0.0012266252509244122	-6.8137508995588965
1.3182567385564075	0.0011611587875799702	-6.58449463163348
1.3304544179780915	0.0011155925662937117	-6.446850728857684
1.3427649611378643	0.0010876286263724764	-6.396933214265554
1.3551894123510364	0.001076545299509459	-6.437891476268626
1.3677288255958495	0.0010831718447434394	-6.5811503527644355
1.3803842646028852	0.0011102516852908003	-6.84978576965912
1.3931568029453034	0.001163416873022625	-7.285869645478022
1.4060475241299142	0.0012534214047777857	-7.966542637423891
1.4190575216890926	0.0014014842940013868	-9.04227195740736
1.432187899273544	0.0016537681351092702	-10.841851623797707
1.4454397707459279	0.002129304482277424	-14.231283934519885
1.4588142602753489	0.003235448181971962	-22.373097991395134
1.4723125024327193	0.006719260072536226	-55.72141343964763
1.4859356422870074	0.005214379263520159	-140.9322665553315
1.499684835502374	0.0022445314587409997	-164.27699391818123
1.5135612484362087	0.0013143208769454298	-170.77300690114131
1.5275660582380732	0.0008875752453136437	-173.71110684278406
1.54170045294956	0.0006473008745637279	-175.36401110522655
1.555965631605075	0.000495236459979151	-176.41325884491724
1.5703628043335531	0.00039151238348927305	-177.1322980530345
1.584893192461114	0.00031699013547680524	-177.65177869744335
1.5995580286146696	0.0002613705312827135	-178.04187221516997
1.6143585568264869	0.0002186333997740329	-178.34357395346572
1.629296032639723	0.0001850324831989531	-178.58240270274092
1.6443717232149324	0.00015811945595854012	-178.7750508780953
1.6595869074375613	0.00013622995784871847	-178.9328809476043
1.6749428760264382	0.00011819538359782405	-179.063884246059
1.690440931643265	0.0001031727553580508	-179.17383669208022
1.7060823890031243	0.00009053991348190169	-179.26701068087377
1.7218685749860079	0.00007982857114688185	-179.3466298469129
1.7378008287493762	0.00007068020923457099	-179.41516876794864
1.753880501841762	0.00006281622897178198	-179.4745558851589
1.770108958317422	0.00005601727389783354	-179.52631417634834
1.7864875748520517	0.00005010860491429748	-179.5716607285983
1.803017740859568	0.00004494956473560418	-179.6115785345986
1.8197008586099825	0.000040425862611413824	-179.64686912445757
1.8365383433483455	0.00003644384032030674	-179.6781917269056
1.8535316234148105	0.00003292615339720357	-179.70609280221876
1.8706821403657996	0.000029808478635857948	-179.73102858798433
1.8879913490962925	0.00002703697609565783	-179.75338250381398
1.9054607179632463	0.000024566312813634104	-179.77347872527218
1.9230917289101574	0.000022358109529131006	-179.79159287007545
1.9408858775927773	0.000020379709366425662	-179.80796048410699
1.958844673505989	0.00001860319397084571	-179.82278383448437
1.97696964011186	0.000017004591566152223	-179.83623738802677
1.9952623149688788	0.000015563235121101062	-179.8484722602124
2.0137242498623875	0.000014261238845852643	-179.8596198514938
2.032357010936221	0.00001308306865150941	-179.8697948374014
2.0511621788255647	0.000012015187735900453	-179.87909764122
2.0701413487910414	0.00001104576262140803	-179.8876164896633
2.0892961308540388	0.000010164418130789959	-179.8954291304294
2.108628149933289	9.362032205166034e-6	-179.9026042740229
2.1281390459827114	8.63056333270028e-6	-179.90920280949848
2.147830474130533	7.962904804036219e-6	-179.91527883389242
2.167704104819694	7.352761141939191e-6	-179.92088052736835
2.1877616239495516	6.794542942489438e-6	-179.92605090001348
2.208004733018899	6.28327706929016e-6	-179.93082843139624
2.228435149270303	5.814529702449901e-6	-179.93524762015403
2.2490546058357803	5.384340192340898e-6	-179.93933945780148
2.2698648518838214	4.989164028576217e-6	-179.9431318384729
2.2908676527677723	4.625823525896606e-6	-179.9466499143084
2.312064790175594	4.291465065087833e-6	-179.94991640456405
2.333458062281002	3.9835219198339646e-6	-179.9529518651975
2.355049283896009	3.699681858268323e-6	-179.9557749245894
2.376840286624876	3.437858837767771e-6	-179.95840249016553
2.39883291901949	3.1961682186500183e-6	-179.96084992993949
2.4210290467361775	2.9729050111677113e-6	-179.963131232385
2.4434305526939712	2.7665247439614813e-6	-179.96525914753093
2.4660393372343385	2.5756266036697244e-6	-179.96724531174684
2.48885731828239	2.398938546894822e-6	-179.9691003583266
2.5118864315095797	2.2353041289624566e-6	-179.97083401567795
2.535128630497907	2.083670830321718e-6	-179.97245519466932
2.5585858869056453	1.943079692184274e-6	-179.97397206647227
2.582260190634596	1.812656099044805e-6	-179.9753921320547
2.6061535499988953	1.691601567841526e-6	-179.97672228432364
2.6302679918953813	1.5791864223472362e-6	-179.97796886378646
2.654605561975539	1.4747432474552109e-6	-179.9791377084838
2.6791683248190314	1.3776610317785679e-6	-179.98023419885197
2.703958364108843	1.2873799187781132e-6	-179.98126329808883
2.7289777828080406	1.2033864967745997e-6	-179.9822295885253
2.7542287033381663	1.1252095669376318e-6	-179.9831373044426
2.7797132677592886	1.0524163358860758e-6	-179.98399036172205
2.805433637951713	9.846089860602398e-7	-179.9847923846678
2.831391995799379	9.214215826827799e-7	-179.9855467303021
2.8575905433749464	8.625172810381516e-7	-179.98625651039796
2.8840315031266055	8.07585802075669e-7	-179.9869246114838
2.910717118066605	7.563411480681004e-7	-179.9875537130266
2.9376496519615305	7.085195333123567e-7	-179.9881463039789
2.9648313895243423	6.638775077060799e-7	-179.9887046978519
2.992264636608189	6.221902535286761e-7	-179.9892310464611
3.019951720402016	5.832500379450769e-7	-179.98972735247395
3.047894989627983	5.468648056752877e-7	-179.99019548087477
3.076096814740708	5.128568979673816e-7	-179.99063716945116
3.1045595881283554	4.810618855057939e-7	-179.99105403839383
3.1332857243155856	4.5132750420603214e-7	-179.99144759909294
3.162277660168379	4.2351268401357705e-7	-179.99181926220558
3.1915378551007616	3.974866618576046e-7	-179.99217034506074
3.2210687912834346	3.7312817082612366e-7	-179.99250207846228
3.250872973854344	3.50324698442077e-7	-179.99281561294356
3.2809529311311905	3.2897180764282273e-7	-179.993112024523
3.311311214825911	3.0897251470860326e-7	-179.99339232000392
3.3419504002611427	2.9023671895884986e-7	-179.99365744185914
3.372873086588689	2.7268067954656157e-7	-179.9939082727354
3.404081897010009	2.562265351377084e-7	-179.99414563961088
3.4355794789987466	2.4080186267108305e-7	-179.99437031763478
3.4673685045253166	2.2633927175954003e-7	-179.99458303367598
3.499451670283573	2.1277603162122895e-7	-179.99478446960495
3.53183169791957	2.0005372772327004e-7	-179.99497526533074
3.5645113342624426	1.8811794558420127e-7	-179.9951560216134
3.5974933515574232	1.769179794187497e-7	-179.9953273026701
3.630780547701014	1.6640656352185482e-7	-179.99548963859098
3.664375746478333	1.5653962448108312e-7	-179.9956435275809
3.6982817978026628	1.4727605247980907e-7	-179.99578943804008
3.732501577957206	1.385774901098553e-7	-179.99592781049643
3.767037989839089	1.3040813725341837e-7	-179.99605905940163
3.801893963205613	1.2273457072171063e-7	-179.9961835748009
3.8370724549227884	1.1552557745312724e-7	-179.99630172388655
3.8725764492161727	1.0875200017825314e-7	-179.99641385244396
3.908408957924021	1.0238659455368495e-7	-179.99652028619846
3.944573020752785	9.640389685249374e-8	-179.99662133207005
3.981071705534973	9.07801013770722e-8	-179.9967172793437
4.0179081084894	8.549294683086461e-8	-179.9968084007605
4.055085354483839	8.052161094980426e-8	-179.99689495353687
4.09260659730011	7.584661275277909e-8	-179.99697718031598
4.130475019901614	7.144972182371863e-8	-179.99705531005762
4.168693834703355	6.731387408639937e-8	-179.99712955887085
4.207266283844442	6.342309357732644e-8	-179.99720013079434
4.24619563946313	5.976241976241989e-8	-179.99726721852954
4.285485203974396	5.631783998014146e-8	-179.99733100413147
4.325138310350088	5.307622662748742e-8	-179.99739165966403
4.365158322401661	5.002527873630352e-8	-179.99744934782785
4.405548635065534	4.715346761605076e-8	-179.9975042225739
4.446312674691089	4.4449986265978755e-8	-179.99755642972508
4.487453899331323	4.19047022854831e-8	-179.99760610765026
4.528975799036209	3.9508114037933036e-8	-179.9976533880853
4.570881896148752	3.7251309854598966e-8	-179.99769839732693
4.613175745603791	3.512593011317994e-8	-179.99774125840324
4.655860935229586	3.31241321283686e-8	-179.99778209606805
4.698941086052151	3.123855810141055e-8	-179.99782105140474
4.742419852602444	2.9462307651995172e-8	-179.9978583384399
4.7863009232263805	2.778892427748427e-8	-179.99789458081958
4.830588020397723	2.6212508453666952e-8	-179.99793601458416
4.875284901033861	2.4724657710228803e-8	-179.99803185863684
4.920395356814506	2.3325806955820526e-8	-179.99799190205388
4.965923214503357	2.200646290954058e-8	-179.99801870622798
5.01187233627272	2.076288822835299e-8	-179.99804583512096
5.058246620031137	1.95906921028391e-8	-179.9980719876107
5.105049999754059	1.8485704874413482e-8	-179.9980970112245
5.152286445817562	1.7443999033872914e-8	-179.99812090741472
5.1999599653351565	1.6461880152146354e-8	-179.9981437122074
5.248074602497723	1.5535874054297003e-8	-179.99816547083685
5.296634438916575	1.4662713770041272e-8	-179.99818623048156
5.345643593969713	1.383932699193929e-8	-179.9982060377828
5.395106225151273	1.3062824212600966e-8	-179.9982249379125
5.445026528424209	1.2330487566201491e-8	-179.99824297422043
5.495408738576242	1.1639760355158723e-8	-179.99826018812087
5.5462571295791046	1.0988237228565693e-8	-179.998276619086
5.597576014951099	1.0373654974957918e-8	-179.99829230468853
5.649369748123022	9.793883891786425e-9	-179.99830728066758
5.701642722807472	9.246919695237413e-9	-179.9983215810044
5.754399373371567	8.73087593587496e-9	-179.99833523800217
5.807644175213118	8.243976887596445e-9	-179.99834828236567
5.861381645140285	7.784550879417868e-9	-179.99836074327962
5.9156163417547365	7.351024041568765e-9	-179.99837264848446
5.9703528658383656	6.941914439244018e-9	-179.99838402434887
6.025595860743575	6.555826569120703e-9	-179.99839489593947
6.081350012787176	6.191446195397383e-9	-179.99840528708677
6.137620051647939	5.847535503655956e-9	-179.99841522044832
6.194410750767812	5.522928552285488e-9	-179.99842471756847
6.251726927756856	5.216527002549108e-9	-179.99843379893483
6.30957344480193	4.9272961096254724e-9	-179.9984424840325
6.367955209079155	4.654260958121041e-9	-179.99845079139453
6.426877173170194	4.3965029266347905e-9	-179.99845873865067
6.486344335482381	4.15315636696753e-9	-179.99846634257298
6.546361740672747	3.923405484510221e-9	-179.9984736191192
6.6069344800759575	3.706481407223197e-9	-179.99848058347396
6.668067692136219	3.501659431436257e-9	-179.99848725008772
6.729766562843175	3.3082564334623257e-9	-179.9984936327136
6.792036326171843	3.1256284367282924e-9	-179.99849974444263
6.854882264526613	2.9531683247900383e-9	-179.99850559773665
6.918309709189362	2.790303691217142e-9	-179.99851120445993
6.9823240407717115	2.6364948179100995e-9	-179.99851657590898
7.046930689671467	2.4912327739517007e-9	-179.99852172284074
7.112135136533288	2.354037627596983e-9	-179.9985266554995
7.177942912713615	2.2244567644759566e-9	-179.99853138364227
7.244359600749899	2.102063305521754e-9	-179.99853591656293
7.311390834834173	1.9864546185465694e-9	-179.998540263115
7.379042301291007	1.877250917770531e-9	-179.99854443173362
7.447319739059888	1.7740939459664777e-9	-179.99854843045586
7.516228940182053	1.676645734217876e-9	-179.99855226694035
7.585775750291836	1.5845874345998589e-9	-179.99855594848597
7.655966069112561	1.4976182213856977e-9	-179.9985594820493
7.726805850957022	1.4154542566545138e-9	-179.99856287426144
7.798301105232586	1.3378277164318316e-9	-179.99856613144385
7.870457896950985	1.264485873734009e-9	-179.99856925962334
7.943282347242813	1.1951902351115962e-9	-179.9985722645466
8.01678063387679	1.129715727496418e-9	-179.99857515169356
8.090958991783822	1.0678499323535057e-9	-179.99857792629044
8.165823713585922	1.0093923643229174e-9	-179.99858059332195
8.241381150130021	9.541537917086454e-10	-179.99858315754307
8.317637711026709	9.019555963332112e-10	-179.99858562348993
8.394599865193973	8.526291704276171e-10	-179.99858799549054
8.472274141405963	8.060153483680303e-10	-179.99859027767462
8.550667128846833	7.619638712033252e-10	-179.99859247398322
8.629785477669701	7.203328820420316e-10	-179.99859458817772
8.709635899560805	6.809884504839298e-10	-179.99859662384839
8.790225168308842	6.438041243909838e-10	-179.9985985844226
8.871560120379607	6.086605073948436e-10	-179.99860047317264
8.953647655495937	5.754448606344918e-10	-179.998602293223
9.036494737223014	5.440507273078376e-10	-179.9986040475574
9.120108393559097	5.143775787058526e-10	-179.99860573902558
9.204495717531712	4.863304804773119e-10	-179.9986073703496
9.289663867799362	4.598197779468856e-10	-179.99860894412987
9.375620069258803	4.3476079937933465e-10	-179.99861046285085
9.462371613657929	4.110735761483885e-10	-179.9986119288867
9.549925860214358	3.886825788306053e-10	-179.99861334450628
9.638290236239705	3.6751646830254244e-10	-179.9986147118783
9.727472237769652	3.475078609740329e-10	-179.99861603307588
9.817479430199844	3.2859310734152526e-10	-179.99861731008116
9.908319448927676	3.107120830935436e-10	-179.9986185447895
10.	2.9380799204547583e-10	-179.9986197390136
10.092528860766844	2.778271802233593e-10	-179.9986208944874
10.18591388054117	2.6271896045622073e-10	-179.99862201286962
10.280162981264736	2.484354468740311e-10	-179.99862309574752
10.375284158180126	2.349313987435843e-10	-179.99862414464002
10.471285480508996	2.2216407310775398e-10	-179.99862516100106
10.568175092136585	2.1009308572473857e-10	-179.99862614622253
10.665961212302578	1.986802798332156e-10	-179.9986271016372
10.76465213629835	1.8788960229688432e-10	-179.99862802852155
10.864256236170656	1.776869867077995e-10	-179.99862892809827
10.964781961431852	1.6804024305227643e-10	-179.9986298015388
11.066237839776663	1.5891895356610612e-10	-179.99863064996583
11.168632477805613	1.5029437442738304e-10	-179.9986314744555
11.271974561755105	1.4213934295557756e-10	-179.99863227603944
11.37627285823431	1.3442819000458224e-10	-179.99863305570707
11.481536214968829	1.2713665725546888e-10	-179.9986338144075
11.587773561551263	1.2024181913160486e-10	-179.9986345530513
11.694993910198711	1.1372200907473679e-10	-179.99863527251233
11.803206356517286	1.0755674993563945e-10	-179.99863597362966
11.912420080273739	1.0172668824705995e-10	-179.9986366572089
12.022644346174118	9.621353216000427e-11	-179.998637324024
12.133888504649763	9.099999283690906e-11	-179.99863797481854
12.246161992650476	8.606972910707443e-11	-179.99863861030732
12.359474334445094	8.140729520081672e-11	-179.9986392311776
12.47383514242942	7.699809138928463e-11	-179.9986398380905
12.589254117941662	7.282831736672988e-11	-179.9986404316821
12.705741052085406	6.888492822131575e-11	-179.9986410125647
12.823305826560205	6.515559284929814e-11	-179.998641581328
12.941958414499851	6.162865467565565e-11	-179.99864213854008
13.061708881318404	5.829309455201644e-11	-179.99864268474846
13.182567385564061	5.513849571004982e-11	-179.9986432204811
13.304544179780901	5.215501065539066e-11	-179.99864374624735
13.427649611378628	4.9333329893667905e-11	-179.99864426253887
13.551894123510351	4.6664652386336774e-11	-179.99864476983032
13.67728825595848	4.414065763979412e-11	-179.99864526858042
13.803842646028839	4.1753479336700976e-11	-179.9986457592327
13.931568029453022	3.949568042357345e-11	-179.998646242216
14.060475241299129	3.736022957354257e-11	-179.9986467179456
14.190575216890911	3.534047894774977e-11	-179.99864718682352
14.321878992735424	3.343014318314897e-11	-179.99864764923947
14.454397707459265	3.1623279538544826e-11	-179.9986481055713
14.588142602753473	2.991426913452495e-11	-179.99864855618577
14.723125024327178	2.8297799226554018e-11	-179.99864900143905
14.859356422870059	2.6768846453902938e-11	-179.99864944167714
14.996848355023726	2.5322661010297727e-11	-179.99864987723672
15.135612484362072	2.395475168520237e-11	-179.99865030844543
15.275660582380716	2.2660871727507848e-11	-179.9986507356225
15.417004529495584	2.1437005486095817e-11	-179.9986511590791
15.559656316050734	2.0279355784288774e-11	-179.9986515791189
15.703628043335515	1.9184331987598503e-11	-179.99865199603852
15.848931924611126	1.814853872644903e-11	-179.99865241012793
15.995580286146678	1.716876523768698e-11	-179.99865282167082
16.143585568264854	1.6241975290708196e-11	-179.99865323094508
16.292960326397214	1.5365297665932538e-11	-179.99865363822317
16.443717232149307	1.4536017155153819e-11	-179.99865404377243
16.595869074375596	1.3751566054987156e-11	-179.99865444785553
16.749428760264365	1.300951612623476e-11	-179.99865485073076
16.90440931643263	1.2307570993501164e-11	-179.9986552526524
17.060823890031227	1.1643558960813846e-11	-179.998655653871
17.21868574986006	1.1015426220350295e-11	-179.9986560546338
17.378008287493746	1.0421230432641863e-11	-179.998656455185
17.5388050184176	9.859134657824216e-12	-179.99865685576597
17.701089583174202	9.3274016186349e-12	-179.99865725661564
17.864875748520497	8.824388276927747e-12	-179.9986576579709
18.03017740859568	8.348540706481845e-12	-179.99865806006665
18.197008586099827	7.898389245835613e-12	-179.99865846313614
18.365383433483455	7.472543915775684e-12	-179.9986588674115
18.535316234148105	7.0696900869593466e-12	-179.99865927312362
18.706821403657997	6.68858438395124e-12	-179.99865968050275
18.879913490962927	6.3280508127121415e-12	-179.99866008977844
19.054607179632463	5.986977099292747e-12	-179.99866050118018
19.230917289101576	5.664311228160663e-12	-179.9986609149373
19.408858775927772	5.359058169226689e-12	-179.99866133127944
19.58844673505989	5.070276783238536e-12	-179.99866175043678
19.769696401118598	4.797076895779584e-12	-179.99866217264017
19.952623149688787	4.5386165306469245e-12	-179.99866259812154
20.137242498623873	4.2940992938912995e-12	-179.99866302711405
20.32357010936221	4.062771900280261e-12	-179.99866345985234
20.511621788255646	3.843921834399275e-12	-179.99866389657285
20.701413487910415	3.636875139033102e-12	-179.99866433751404
20.892961308540386	3.44099432387391e-12	-179.9986647829166
21.086281499332888	3.2556763879845377e-12	-179.9986652330238
21.28139045982711	3.08035094980584e-12	-179.99866568808162
21.47830474130533	2.9144784788379495e-12	-179.9986661483392
21.67704104819694	2.757548623447228e-12	-179.99866661404891
21.87761623949552	2.6090786295548487e-12	-179.99866708546676
22.080047330188993	2.468611845250343e-12	-179.99866756285263
22.28435149270303	2.3357163066450714e-12	-179.9986680464705
22.490546058357804	2.2099834005371546e-12	-179.9986685365888
22.698648518838212	2.0910265997018203e-12	-179.99866903348075
22.908676527677724	1.978480266850263e-12	-179.99866953742458
23.12064790175594	1.8719985235166944e-12	-179.99867004870376
23.33458062281002	1.7712541803376777e-12	-179.99867056760758
23.55049283896009	1.6759377253813437e-12	-179.99867109443116
23.76840286624876	1.5857563673667161e-12	-179.99867162947606
23.9883291901949	1.5004331307860867e-12	-179.99867217305038
24.210290467361776	1.4197060001064885e-12	-179.9986727254694
24.434305526939713	1.3433271103806537e-12	-179.99867328705562
24.660393372343385	1.2710619817435338e-12	-179.9986738581394
24.888573182823905	1.2026887954082264e-12	-179.99867443905927
25.118864315095795	1.137997708905388e-12	-179.9986750301623
25.351286304979073	1.0767902084332677e-12	-179.99867563180453
25.58585886905645	1.0188784963018337e-12	-179.99867624435157
25.82260190634596	9.640849115643802e-13	-179.9986768681787
26.06153549998895	9.122413820340038e-13	-179.99867750367184
26.302679918953814	8.631889059804866e-13	-179.99867815122752
26.54605561975539	8.167770618960789e-13	-179.99867881125385
26.791683248190314	7.728635448063709e-13	-179.99867948417074
27.039583641088434	7.31313727685505e-13	-179.99868017041064
27.289777828080403	6.920002466133464e-13	-179.99868087041907
27.542287033381662	6.548026083864498e-13	-179.9986815846552
27.797132677592884	6.196068193647231e-13	-179.9986823135926
28.05433637951713	5.863050344019736e-13	-179.9986830577198
28.31391995799379	5.547952247711821e-13	-179.99868381754095
28.575905433749465	5.24980864054576e-13	-179.99868459357674
28.84031503126606	4.967706310245707e-13	-179.9986853863651
29.10717118066605	4.700781285946046e-13	-179.99868619646185
29.376496519615305	4.448216179689287e-13	-179.99868702444172
29.648313895243422	4.209237671677602e-13	-179.9986878708993
29.92264636608189	3.9831141314893395e-13	-179.9986887364497
30.19951720402016	3.76915336789508e-13	-179.99868962172994
30.4789498962798	3.5667005003076584e-13	-179.9986905273995
30.76096814740705	3.3751359452788703e-13	-179.9986914541419
31.045595881283525	3.1938735118133513e-13	-179.99869240266548
31.332857243155825	3.0223585996077314e-13	-179.99869337370478
31.62277660168376	2.860066494643566e-13	-179.99869436802177
31.91537855100758	2.7065007568643536e-13	-179.99869538640726
32.21068791283432	2.5611916949530816e-13	-179.9986964296822
32.50872973854341	2.423694923496952e-13	-179.99869749869927
32.80952931131187	2.293589998081566e-13	-179.99869859434446
33.11311214825908	2.1704791240986013e-13	-179.99869971753867
33.41950400261139	2.0539859352795258e-13	-179.99870086923957
33.72873086588685	1.9437543381840374e-13	-179.99870205044337
34.040818970100055	1.8394474190763927e-13	-179.99870326218687
34.35579478998743	1.7407464098159387e-13	-179.99870450554957
34.67368504525313	1.647349709571086e-13	-179.99870578165581
34.994516702835696	1.558971959338725e-13	-179.9987070916772
35.318316979195664	1.4753431664146035e-13	-179.99870843683507
35.64511334262439	1.396207876114753e-13	-179.99870981840314
35.9749335155742	1.3213243881942637e-13	-179.99871123771032
36.3078054770101	1.2504640155480036e-13	-179.99871269614368
36.64375746478329	1.1834103829085423e-13	-179.99871419515165
36.98281797802659	1.1199587633803556e-13	-179.99871573624748
37.32501577957203	1.0599154507661876e-13	-179.9987173210126
37.670379898390856	1.0030971657521926e-13	-179.99871895110073
38.01893963205609	9.493304941229987e-14	-179.9987206282417
38.370724549227845	8.984513552768423e-14	-179.998722354246
38.72576449216169	8.503044994044544e-14	-179.99872413100934
39.08408957924017	8.047430317839284e-14	-179.99872596051748
39.44573020752781	7.616279627274636e-14	-179.99872784485174
39.81071705534969	7.208277817950849e-14	-179.99872978619445
40.17908108489396	6.822180549653169e-14	-179.99873178683515
40.55085354483835	6.456810435235905e-14	-179.99873384917692
40.92606597300105	6.111053434961905e-14	-179.99873597574336
41.304750199016105	5.783855445208872e-14	-179.99873816918597
41.68693834703351	5.474219071053299e-14	-179.9987404322922
42.07266283844438	5.181200572809657e-14	-179.9987427679939
42.46195639463126	4.903906977138836e-14	-179.99874517937644
42.85485203974392	4.641493343846652e-14	-179.9987476696887
43.251383103500835	4.393160179973163e-14	-179.99875024235348
43.65158322401656	4.158150993227292e-14	-179.9987529009791
44.0554863506553	3.9357499772503065e-14	-179.99875564937156
44.46312674691084	3.7252798215977564e-14	-179.9987584915477
44.87453899331318	3.526099639713514e-14	-179.99876143174964
45.28975799036204	3.337603008532723e-14	-179.9987644744602
45.708818961487474	3.159216113694167e-14	-179.99876762441932
46.13175745603791	2.990395994667437e-14	-179.99877088664243
46.55860935229586	2.8306288844078828e-14	-179.99877426643974
46.98941086052151	2.6794286384430256e-14	-179.99877776943742
47.42419852602443	2.5363352485693444e-14	-179.99878140160058
47.8630092322638	2.4009134365984543e-14	-179.99878516925816
48.30588020397723	2.2727513238379438e-14	-179.99878907913003
48.7528490103386	2.1514591722250303e-14	-179.99879313835635
49.20395356814506	2.0366681932514398e-14	-179.99879735452976
49.65923214503358	1.928029421026302e-14	-179.99880173573047
50.118723362727195	1.8252126460210872e-14	-179.99880629056452
50.58246620031137	1.727905406226978e-14	-179.99881102820683
51.0504999975406	1.6358120326316706e-14	-179.998815958452
51.52286445817562	1.548652746089228e-14	-179.99882109180746
51.99959965335157	1.4661628028037635e-14	-179.99882643953856
52.48074602497723	1.3880916858663123e-14	-179.99883201282216
52.966344389165755	1.3142023402404767e-14	-179.99883782529554
53.45643593969714	1.2442704489906406e-14	-179.99884389044342
53.95106225151273	1.1780837484695372e-14	-179.9988502229275
54.450265284242086	1.1154413803620718e-14	-179.99885683852258
54.95408738576243	1.0561532786195606e-14	-179.9988637541898
55.462571295791044	1.0000395894012621e-14	-179.99887098818115
55.97576014951099	9.469301222472823e-15	-179.99887856015806
56.49369748123023	8.966638308029447e-15	-179.9988864913243
57.01642722807472	8.49088321505368e-15	-179.9988948045732
57.543993733715666	8.040593887289946e-15	-179.99890352465232
58.07644175213118	7.614405749681263e-15	-179.99891267834636
58.61381645140285	7.2110275471147e-15	-179.99892229468225
59.15616341754737	6.829237407366427e-15	-179.9989324051583
59.70352865838366	6.467879116215836e-15	-179.9989430440014
60.255958607435744	6.125858593351849e-15	-179.99895424845573
60.81350012787176	5.802140558313994e-15	-179.99896605910794
61.37620051647939	5.495745376297975e-15	-179.99897852025404
61.94410750767812	5.205746074211606e-15	-179.99899168031408
62.51726927756855	4.9312655178954234e-15	-179.99900559230187
63.0957344480193	4.6714737419233244e-15	-179.99902031435835
63.67955209079155	4.425585423874985e-15	-179.99903591035908
64.26877173170195	4.1928574954248794e-15	-179.99905245060654
64.86344335482381	3.9725868830246015e-15	-179.99907001262306
65.46361740672747	3.764108371367079e-15	-179.99908868205938
66.06934480075958	3.56679258321577e-15	-179.99910855374006
66.68067692136219	3.3800440695602338e-15	-179.99912973286905
67.29766562843174	3.203299504423963e-15	-179.9991523364245
67.92036326171844	3.036025979003751e-15	-179.99917649477692
68.54882264526613	2.877719390163591e-15	-179.99920235357365
69.18309709189363	2.7279029186439997e-15	-179.99923007593964
69.82324040771712	2.5861255926830927e-15	-179.99925984505788
70.46930689671467	2.4519609330817427e-15	-179.99929186720547
71.12135136533288	2.3250056760882887e-15	-179.9993263753404
71.77942912713615	2.2048785708332615e-15	-179.99936363335527
72.44359600749898	2.0912192484201903e-15	-179.99940394114526
73.11390834834172	1.9836871601844655e-15	-179.9994476406718
73.79042301291008	1.88196058308174e-15	-179.99949512325344
74.47319739059888	1.7857356906775306e-15	-179.99954683837612
75.16228940182053	1.6947256888039938e-15	-179.9996033043955
75.85775750291836	1.6086600156592591e-15	-179.99966512161228
76.55966069112561	1.5272836069918341e-15	-179.99973298834013
77.26805850957021	1.4503562280964176e-15	-179.99980772077822
77.98301105232578	1.3776518757298705e-15	-179.99989027775374
78.70457896950977	1.308958254853022e-15	-179.99998179175014
79.43282347242805	1.2440763374811527e-15	179.99991639188292
80.16780633876782	1.1828200141224468e-15	179.9998026649728
80.90958991783813	1.1250158526514491e-15	179.99967509231104
81.65823713585914	1.0705029855251666e-15	179.9995313283302
82.41381150130013	1.0191331547923847e-15	179.9993685078705
83.176377110267	9.707709565825534e-16	179.99918310138173
83.94599865193965	9.252943445817407e-16	179.99897072065335
84.72274141405954	8.825954784234815e-16	179.998725854719
85.50667128846823	8.425820428451521e-16	179.99844150562572
86.29785477669692	8.051792250482162e-16	179.99810867806474
87.09635899560797	7.703326348894936e-16	179.99771565156252
87.90225168308834	7.380126097943166e-16	179.99724692210833
88.71560120379598	7.082206079639402e-16	179.99668162901273
89.53647655495928	6.809988427625025e-16	179.9959911581281
90.36494737223005	6.564451105867946e-16	179.99513538604455
91.20108393559087	6.34736245944084e-16	179.99405660128087
92.04495717531702	6.161665151341653e-16	179.99266928871506
92.89663867799354	6.012131671534131e-16	179.99084218388288
93.75620069258792	5.906543105828951e-16	179.9883650263872
94.6237161365792	5.857950330642433e-16	179.98488282314023
95.4992586021435	5.889383012260438e-16	179.9797547773167
96.38290236239695	6.044773179460575e-16	179.97171743222526
97.2747223776964	6.418351864697435e-16	179.95795345163472
98.17479430199833	7.253255581888497e-16	179.9308935054938
99.08319448927665	9.422171928442008e-16	179.86233397600202
99.9999999999999	2.0163937251368253e-15	179.5116053936427