0.01000000000000001	0.006648444272637032	-4.116554633002529
0.010092528860766855	0.006650064692912612	-4.11817542629831
0.01018591388054118	0.006651716207040773	-4.119827033824342
0.010280162981264745	0.006653399430404027	-4.121510064467298
0.010375284158180138	0.00665511499127868	-4.123225139930527
0.010471285480509006	0.006656863531132392	-4.124972895032709
0.010568175092136596	0.006658645704929239	-4.126753978014515
0.01066596121230259	0.00666046218144295	-4.128569050853396
0.010764652136298361	0.006662313643578843	-4.130418789587222
0.010864256236170667	0.006664200788703857	-4.132303884646308
0.010964781961431863	0.006666124328986027	-4.13422504119498
0.011066237839776675	0.006668084991742594	-4.136182979482038
0.011168632477805623	0.006670083519798332	-4.138178435201535
0.011271974561755117	0.0066721206718527324	-4.140212159862772
0.011376272858234322	0.006674197222858317	-4.14228492117151
0.01148153621496884	0.006676313964408311	-4.144397503420902
0.011587773561551273	0.006678471705136086	-4.146550707894423
0.011694993910198724	0.006680671271125056	-4.148745353279394
0.01180320635651731	0.0066829135063303955	-4.150982276092825
0.011912420080273762	0.0066851992730124245	-4.153262331119019
0.012022644346174144	0.006687529452182451	-4.15558639186016
0.012133888504649786	0.006689904944061118	-4.157955350999465
0.012246161992650502	0.006692326668550119	-4.16037012087829
0.01235947433444512	0.00669479556571712	-4.162831633986777
0.012473835142429446	0.006697312596295004	-4.16534084346899
0.012589254117941687	0.006699878742195354	-4.167898723642995
0.012705741052085433	0.006702495007037219	-4.170506270536486
0.012823305826560232	0.0067051624166909705	-4.1731645024379675
0.01294195841449987	0.006707882019838857	-4.175874460465066
0.013061708881318424	0.006710654888551365	-4.178637209149289
0.013182567385564082	0.006713482118881476	-4.181453837039049
0.01330454417978092	0.006716364831476329	-4.184325457320771
0.013427649611378649	0.006719304172207517	-4.187253208459051
0.01355189412351037	0.0067223013128203685	-4.190238254856664
0.013677288255958502	0.006725357451603055	-4.193281787534661
0.013803842646028859	0.006728473814076167	-4.196385024834099
0.013931568029453043	0.006731651653703856	-4.199549213139541
0.01406047524129915	0.006734892252626356	-4.202775627625101
0.014190575216890933	0.006738196922415865	-4.206065573024422
0.014321878992735446	0.006741567004855977	-4.2094203844249325
0.014454397707459286	0.00674500387274595	-4.212841428088184
0.014588142602753497	0.006748508930729725	-4.21633010229537
0.014723125024327202	0.006752083616151962	-4.219887838221313
0.014859356422870082	0.006755729399941741	-4.223516100836674
0.014996848355023748	0.006759447787524098	-4.227216389839406
0.015135612484362095	0.006763240319761524	-4.230990240617181
0.015275660582380739	0.006767108573926361	-4.234839225241779
0.015417004529495607	0.006771054164704751	-4.238764953496452
0.015559656316050758	0.006775078745233772	-4.242769073937715
0.01570362804333554	0.0067791840081735414	-4.2468532749933985
0.015848931924611148	0.006783371686814451	-4.251019286097443
0.015995580286146702	0.0067876435562221745	-4.2552688788638315
0.016143585568264878	0.0067920014344212435	-4.259603868300771
0.016292960326397238	0.006796447183618607	-4.2640261140666516
0.01644371723214933	0.006800982711469817	-4.2685375217701145
0.016595869074375623	0.006805609972388253	-4.27314004431539
0.01674942876026439	0.006810330968899946	-4.2778356832949145
0.016904409316432657	0.00681514775304566	-4.2826264904315146
0.017060823890031253	0.006820062427832328	-4.287514569071965
0.017218685749860088	0.006825077148735696	-4.2925020757340535
0.017378008287493772	0.006830194125256495	-4.29759122170988
0.01753880501841763	0.006835415622532171	-4.302784274726818
0.01770108958317423	0.006840743963006914	-4.308083560669886
0.017864875748520526	0.006846181528161905	-4.313491465366935
0.018030177408595707	0.006851730760309214	-4.319010436440608
0.018197008586099853	0.006857394164451329	-4.324642985228965
0.018365383433483484	0.006863174310209062	-4.330391688778026
0.018535316234148135	0.00686907383382221	-4.336259191910297
0.018706821403658026	0.006875095440224228	-4.342248209371269
0.018879913490962956	0.006881241905195627	-4.34836152805844
0.019054607179632494	0.0068875160775992055	-4.35460200933626
0.019230917289101597	0.006893920881700482	-4.360972591440747
0.019408858775927792	0.006900459319577867	-4.367476291978256
0.01958844673505991	0.006907134473625701	-4.374116210522221
0.01976969640111862	0.006913949509155586	-4.380895531313062
0.01995262314968881	0.0069209076770996355	-4.387817526065553
0.020137242498623895	0.006928012316820201	-4.394885556888416
0.02032357010936223	0.006935266859033162	-4.402103079323353
0.020511621788255666	0.006942674828846393	-4.409473645505867
0.020701413487910436	0.00695023984892259	-4.417000907457003
0.02089296130854041	0.00695796564277047	-4.424688620510661
0.02108628149933291	0.006965856038170279	-4.432540646882839
0.021281390459827135	0.006973914970741846	-4.440560959391216
0.021478304741305354	0.006982146487659688	-4.448753645330495
0.02167704104819696	0.006990554751525071	-4.457122910513336
0.02187761623949554	0.006999144044400268	-4.465673083483299
0.022080047330189013	0.007007918772015442	-4.4744086199101165
0.022284351492703053	0.007016883468154648	-4.483334107174849
0.022490546058357826	0.00702604279923191	-4.492454269156458
0.022698648518838235	0.007035401569065381	-4.501773971228185
0.022908676527677748	0.007044964723861561	-4.511298225476713
0.023120647901755963	0.007054737357418332	-4.52103219615372
0.023334580622810044	0.007064724716560697	-4.530981205374046
0.023550492838960112	0.0070749322068185605	-4.5411507390712265
0.023768402866248782	0.0070853653983621945	-4.551546453226712
0.02398832919019492	0.007096030032207202	-4.5621741803855045
0.0242102904673618	0.007106932026704054	-4.573039936474533
0.02443430552693974	0.007118077484327492	-4.584149927940053
0.024660393372343412	0.007129472698783257	-4.595510559222775
0.02488857318282393	0.007141124162446935	-4.60712844058697
0.025118864315095822	0.007153038574156551	-4.619010396326165
0.025351286304979098	0.007165222847376271	-4.631163473364786
0.02558585886905648	0.007177684118753196	-4.643594950278918
0.025822601906345985	0.007190429757089125	-4.656312346759971
0.026061535499988978	0.007203467372751666	-4.669323433547309
0.026302679918953843	0.007216804827548985	-4.682636242856336
0.026546055619755416	0.007230450245096378	-4.696259079332024
0.026791683248190343	0.007244412021702181	-4.710200531557869
0.027039583641088463	0.007258698837805017	-4.724469484154659
0.027289777828080432	0.007273319669994471	-4.739075130503642
0.02754228703338169	0.007288283803650584	-4.754026986132433
0.02779713267759291	0.007303600846239365	-4.769334902803857
0.02805433637951716	0.007319280741304752	-4.785009083351297
0.028313919957993816	0.007335333783200496	-4.801060097307736
0.028575905433749497	0.007351770632606423	-4.817498897376413
0.028840315031266085	0.007368602332880682	-4.834336836799158
0.02910717118066608	0.007385840327298913	-4.85158568767741
0.029376496519615335	0.007403496477237779	-4.869257660308365
0.029648313895243455	0.007421583081364841	-4.887365423603189
0.02992264636608192	0.007440112895897805	-4.905922126656067
0.030199517204020192	0.007459099156007015	-4.924941421543763
0.03047894989627986	0.007478555598433044	-4.944437487434321
0.03076096814740711	0.007498496485404443	-4.964425056096836
0.031045595881283587	0.0075189366299408655	-4.984919438905276
0.03133285724315589	0.00753989142263783	-5.005936555440982
0.031622776601683826	0.007561376860034365	-5.027492963804076
0.03191537855100765	0.007583409574674176	-5.0496058927541965
0.03221068791283438	0.007606006866979325	-5.072293275810541
0.03250872973854347	0.007629186739065181	-5.095573787451342
0.03280952931131194	0.00765296793063523	-5.11946688156424
0.03311311214825915	0.007677369957108115	-5.143992832313685
0.03341950400261146	0.007702413150138566	-5.169172777602489
0.03372873086588692	0.007728118700710156	-5.195028765321589
0.034040818970100126	0.00775450870499239	-5.221583802599064
0.0343557947899875	0.007781606213170546	-5.248861908276357
0.0346736850452532	0.007809435281475016	-5.276888168860549
0.034994516702835765	0.00783802102765833	-5.3056887982242795
0.035318316979195734	0.007867389690187814	-5.335291201348063
0.03564511334262446	0.007897568691447527	-5.365724042426923
0.03597493351557427	0.007928586705268989	-5.397017317693008
0.03630780547701017	0.007960473729141496	-5.429202433339719
0.03664375746478335	0.007993261161481881	-5.462312288965795
0.03698281797802665	0.008026981884383496	-5.496381367001909
0.037325015779572084	0.008061670352300546	-5.5314458286227834
0.037670379898390914	0.008097362687171364	-5.567543616700552
0.038018939632056145	0.008134096780529591	-5.604714566406446
0.0383707245492279	0.008171912403209828	-5.643000524130872
0.038725764492161745	0.008210851323312621	-5.682445475458695
0.03908408957924023	0.00825095743316211	-5.7230956830118185
0.03944573020752787	0.008292276886065137	-5.764999835056413
0.039810717055349755	0.008334858243761454	-5.808209205862974
0.04017908108489402	0.008378752635554364	-5.852777828918506
0.040550853544838415	0.008424013930208156	-5.898762684200897
0.040926065973001115	0.00847069892182491	-5.946223900865471
0.041304750199016166	0.008518867531036058	-5.995224976834788
0.04168693834703357	0.008568583023002467	-6.045833016959427
0.04207266283844444	0.008619912243873798	-6.098118991597011
0.04246195639463132	0.008672925877554829	-6.1521580176785
0.042854852039743985	0.00872769872483423	-6.208029664567633
0.04325138310350091	0.008784310007172648	-6.26581828729381
0.04365158322401663	0.008842843697722057	-6.325613390051788
0.044055486350655364	0.008903388882454951	-6.387510023212153
0.04446312674691091	0.008966040154635526	-6.451609217490619
0.04487453899331325	0.009030898046266026	-6.518018459384392
0.04528975799036211	0.009098069500597201	-6.586852212507212
0.04570881896148754	0.009167668390317294	-6.658232490059714
0.04613175745603798	0.009239816086629694	-6.732289484360149
0.04655860935229591	0.009314642085121175	-6.809162260159776
0.04698941086052156	0.009392284695106333	-6.888999519378786
0.04742419852602448	0.009472891800055016	-6.971960445967446
0.04786300923226385	0.009556621697749571	-7.058215640814533
0.04830588020397728	0.009643644030048502	-7.147948158061277
0.04875284901033865	0.009734140813535035	-7.241354655828614
0.04920395356814511	0.009828307583982713	-7.338646676311449
0.04965923214503363	0.009926354669474231	-7.440052072448463
0.05011872336272725	0.010028508609258023	-7.545816601043367
0.05058246620031143	0.010135013738037896	-7.6562057053278
0.051050499997540646	0.010246133958480591	-7.771506513654013
0.05152286445817567	0.010362154728341087	-7.892030085355507
0.05199959965335162	0.010483385292897746	-8.018113940000848
0.052480746024977286	0.010610161198453863	-8.150124912421271
0.05296634438916581	0.010742847128687005	-8.288462383255276
0.05345643593969719	0.010881840112809913	-8.433561943580939
0.05395106225151279	0.01102757316307238	-8.585899562809077
0.05445026528424214	0.01118051940942765	-8.745996341830368
0.05495408738576248	0.011341196811542586	-8.91442394892454
0.0554625712957911	0.011510173543264366	-9.091810854831275
0.05597576014951104	0.011688074162716118	-9.278849506441425
0.05649369748123028	0.011875586703163972	-9.476304606875143
0.05701642722807478	0.012073470846562202	-9.685022704569612
0.05754399373371572	0.01228256737446081	-9.905943337163317
0.05807644175213124	0.012503809131198801	-10.14011202962718
0.05861381645140291	0.01273823378392852	-10.388695513176643
0.05915616341754743	0.012986998725397427	-10.652999615757919
0.05970352865838372	0.013251398541637425	-10.934490381316666
0.06025595860743581	0.013532885561688813	-11.234819110191463
0.060813500127871824	0.013833094125220857	-11.555852185548417
0.061376200516479455	0.014153869352814126	-11.899706772488317
0.06194410750767818	0.014497301390887873	-12.268793763018667
0.06251726927756862	0.01486576633913877	-12.665869712803831
0.06309573444801936	0.01526197536593402	-13.094100003531176
0.06367955209079162	0.015689033892426676	-13.557136107628272
0.064268771731702	0.01615051319870462	-14.059210684870527
0.06486344335482389	0.016650537397298226	-14.605255379125895
0.06546361740672754	0.017193889454360387	-15.201047714018618
0.06606934480075964	0.017786140836321428	-15.853395556292657
0.06668067692136226	0.018433810424474454	-16.570370431566193
0.06729766562843183	0.019144559536754147	-17.361604826250396
0.0679203632617185	0.019927431100016338	-18.23867388860532
0.0685488226452662	0.02079314190869445	-19.215589189322674
0.0691830970918937	0.021754436764891125	-20.309442121101046
0.06982324040771719	0.022826510573322526	-21.541247959430983
0.07046930689671474	0.024027495940506443	-22.93705942867923
0.07112135136533296	0.025378992909026978	-24.529441186345135
0.07177942912713622	0.02690657082070742	-26.359422466032637
0.07244359600749906	0.02864007338337319	-28.47906736954584
0.0731139083483418	0.03061335501650176	-30.954800309330903
0.07379042301291015	0.0328626727551125	-33.87154373945608
0.07447319739059896	0.03542218903566945	-37.337436174657746
0.07516228940182061	0.03831368846902298	-41.488111122519705
0.07585775750291844	0.04152562245674794	-46.48766576860128
0.07655966069112569	0.04497501576861648	-52.51970171418248
0.07726805850957029	0.04844936134086086	-59.75599630739358
0.07798301105232593	0.051546387455224406	-68.2867155928023
0.07870457896950993	0.0536782588502012	-78.01045451498497
0.07943282347242822	0.05424190763691215	-88.53611890465815
0.08016780633876798	0.05294443811491836	-99.21009048793664
0.0809095899178383	0.0500181223717662	-109.32379929891098
0.0816582371358593	0.04607741079745362	-118.3652400110796
0.0824138115013003	0.041774452421769644	-126.12273066607594
0.08317637711026717	0.03757180144587361	-132.62310914691497
0.08394599865193982	0.033711736500612155	-138.0159664384767
0.08472274141405972	0.030280582104437164	-142.48569419774572
0.08550667128846841	0.02727915162092096	-146.20631030550828
0.0862978547766971	0.02467016010021436	-149.32525615548033
0.08709635899560814	0.02240403715817895	-151.96141850199973
0.08790225168308852	0.020431121779200628	-154.20856797701907
0.08871560120379617	0.018706590894422694	-156.14009391726378
0.08953647655495947	0.017191886677015867	-157.81343482473403
0.09036494737223023	0.015854609164609772	-159.27373678290073
0.09120108393559107	0.014667828175144601	-160.55671611774156
0.09204495717531722	0.013609249272417226	-161.6908455537037
0.09289663867799372	0.012660416235473322	-162.69900745826453
0.09375620069258811	0.011806014982976254	-163.59974161449526
0.09462371613657934	0.011033291899506654	-164.40818925411207
0.09549925860214364	0.010331578418306793	-165.13681082054347
0.0963829023623971	0.00969190673969431	-165.7959351631067
0.09727472237769656	0.009106700710645886	-166.39418273136846
0.09817479430199849	0.00856952743276949	-166.93879409429263
0.09908319448927681	0.008074897421954361	-167.43588686838933
0.10000000000000005	0.0076181033985414925	-167.89065813254047
0.10092528860766849	0.007195089774379072	-168.30754503076068
0.10185913880541175	0.006802346554732305	-168.69035306730726
0.10280162981264741	0.006436822703808641	-169.0423592530691
0.10375284158180131	0.00609585507695816	-169.36639553177582
0.10471285480509002	0.005777109850302279	-169.6649166299826
0.1056817509213659	0.005478534025478169	-169.94005551477312
0.10665961212302584	0.005198315092139364	-170.19366892065472
0.10764652136298355	0.0049348473251891525	-170.42737485950357
0.10864256236170661	0.004686703502241141	-170.642583609239
0.10964781961431856	0.004452611068830692	-170.8405233550771
0.1106623783977667	0.004231431969393522	-171.02226140746674
0.11168632477805618	0.004022145512504616	-171.1887217252092
0.1127197456175511	0.0038238337582033543	-171.34069931742783
0.11376272858234315	0.0036356690102516847	-171.4788719739126
0.11481536214968835	0.003456903072138629	-171.60380967221977
0.11587773561551268	0.0032868579866401197	-171.71598192577454
0.11694993910198717	0.0031249180279098922	-171.8157632653438
0.11803206356517304	0.0029705227548831883	-171.90343698266398
0.11912420080273756	0.002823160967123107	-171.97919720633112
0.12022644346174137	0.002682365430641115	-172.04314932311027
0.1213388850464978	0.0025477082628528377	-172.0953086994743
0.12246161992650495	0.0024187968836224642	-172.13559759504017
0.12359474334445113	0.002295270454043667	-172.16384008771678
0.12473835142429439	0.0021767967367916706	-172.17975474496137
0.1258925411794168	0.0020630693220312552	-172.1829446703223
0.12705741052085426	0.0019538051713625187	-172.17288442104996
0.12823305826560225	0.0018487424394370774	-172.1489031195016
0.1294195841449987	0.0017476385389408515	-172.11016285224682
0.13061708881318423	0.0016502684198275548	-172.0556311432148
0.1318256738556408	0.0015564230381849866	-171.98404586762274
0.13304544179780922	0.0014659079940936546	-171.89387039278887
0.13427649611378642	0.001378542321451852	-171.7832359170707
0.13551894123510363	0.0012941574161698163	-171.64986681797666
0.13677288255958495	0.0012125960925739177	-171.49098314350127
0.13803842646028852	0.001133711761577457	-171.30317191746272
0.13931568029453034	0.001057367728541235	-171.08221524840513
0.14060475241299142	0.0009834366143441303	-170.8228576263133
0.14190575216890927	0.0009117999109456825	-170.51848608019847
0.1432187899273544	0.0008423476942339071	-170.16068302498158
0.1445439770745928	0.0007749785349913768	-169.7385890729044
0.1458814260275349	0.0007095996784461473	-169.2379753265937
0.14723125024327194	0.0006461276136738276	-168.63985950396074
0.14859356422870074	0.0005844892449235893	-167.9183838822249
0.1499684835502374	0.0005246240465138887	-167.0374571867253
0.15135612484362088	0.00046648791510485574	-165.9452445432097
0.15275660582380732	0.0004100601196965247	-164.564740104253
0.154170045294956	0.00035535625855633604	-162.77683481404074
0.1555965631605075	0.0003024536910840058	-160.38814649079845
0.15703628043335532	0.0002515450118684446	-157.06587071202094
0.15848931924611143	0.0002030605474901143	-152.1966569012882
0.15995580286146696	0.00015797776345815502	-144.56527031517373
0.1614358556826487	0.00011866691470667862	-131.6724763202405
0.1629296032639723	0.00009097458731423946	-109.32551016672387
0.16443717232149324	0.00008507513602991004	-77.98320321724927
0.16595869074375613	0.00010339259740616578	-51.32422278023437
0.16749428760264382	0.00013557996911616233	-35.30860117633825
0.1690440931643265	0.00017345118847133777	-26.037218395082085
0.17060823890031243	0.00021352626337078312	-20.287351504375607
0.17218685749860077	0.0002544005709678289	-16.452561373145468
0.17378008287493762	0.00029545870268249614	-13.74067348209103
0.1753880501841762	0.0003364098207164257	-11.733859859062573
0.1770108958317422	0.00037711118720885206	-10.195386941733727
0.17864875748520517	0.00041749407845368113	-8.982493343791415
0.180301774085957	0.00045752960431855763	-8.00447804745585
0.18197008586099844	0.0004972116309522383	-7.201159779702785
0.18365383433483473	0.0005365476711398943	-6.531130109666665
0.18535316234148125	0.0005755537584737933	-5.965009325783008
0.18706821403658017	0.0006142514362131513	-5.481399008649773
0.18879913490962946	0.0006526659272868476	-5.0643581944500085
0.19054607179632482	0.0006908249935349608	-4.701776384153405
0.19230917289101596	0.0007287582127847318	-4.384293768268557
0.19408858775927793	0.0007664965179390831	-4.104566050781002
0.19588446735059908	0.000804071905478824	-3.856752426384754
0.1976969640111862	0.0008415172566854473	-3.636151702907214
0.19952623149688808	0.000878866235974528	-3.4389389847577014
0.20137242498623895	0.0009161532434869584	-3.2619719961401508
0.2032357010936223	0.0009534134070166238	-3.1026465102265015
0.20511621788255666	0.0009906826034115984	-2.9587869778845635
0.20701413487910436	0.001027997502888787	-2.828562768032795
0.2089296130854041	0.001065395631910857	-2.7104233002768523
0.2108628149933291	0.0011029154517863155	-2.6030472897934125
0.21281390459827135	0.001140596451216573	-2.5053026568724706
0.21478304741305343	0.001178479251782527	-2.4162145827608548
0.21677041048196952	0.001216605725938271	-2.334939850477496
0.2187761623949553	0.0012550191275279212	-2.260746079807375
0.22080047330189004	0.0012937642352068694	-2.192994806688921
0.22284351492703042	0.001332887509463407	-2.1311276071009884
0.22490546058357816	0.0013724372642217272	-2.0746546505847565
0.22698648518838224	0.0014124638542795218	-2.023145206878479
0.22908676527677735	0.001453019880107544	-1.9762197335290415
0.23120647901755953	0.0014941604118221758	-1.933543251795411
0.23334580622810033	0.001535943234448959	-1.8948197791274244
0.23550492838960102	0.0015784291169314124	-1.859787633659103
0.23768402866248772	0.001621682107716331	-1.8282154629035015
0.2398832919019491	0.0016657698601751528	-1.7998988776842246
0.2421029046736179	0.0017107639916110753	-1.7746575951501256
0.24434305526939726	0.0017567404801659568	-1.75233301288969
0.246603933723434	0.0018037801046000734	-1.7327861507422506
0.24888573182823917	0.0018519689326811557	-1.715895908698362
0.25118864315095807	0.0019013988648205352	-1.7015575989050151
0.2535128630497908	0.0019521682406484248	-1.6896817177220584
0.25585858869056466	0.002004382517470607	-1.6801929303864627
0.2582260190634597	0.0020581550310288786	-1.6730292464279393
0.26061535499988964	0.0021136078507501075	-1.6681413687815485
0.2630267991895383	0.002170872743771744	-1.6654922037562085
0.26546055619755404	0.0022300922645598826	-1.6650565228075653
0.2679168324819033	0.0022914209899702327	-1.6668207705744629
0.2703958364108845	0.0023550269232819744	-1.6707830170006235
0.2728977782808042	0.002421093095191182	-1.676953054703006
0.27542287033381674	0.0024898193951949617	-1.6853526461923038
0.277971326775929	0.0025614246734632106	-1.6960159292338621
0.2805433637951715	0.0026361491615025773	-1.7089899927104713
0.28313919957993805	0.002714257270079101	-1.7243356399893108
0.2857590543374948	0.0027960408355093046	-1.7421283622191588
0.2884031503126607	0.0028818229012468337	-1.7624595504578313
0.29107171180666064	0.002971962141616226	-1.7854379833977447
0.2937649651961532	0.0030668580597775414	-1.8111916371603225
0.2964831389524344	0.0031669571241956895	-1.839869875752834
0.29922646366081906	0.003272760049234982	-1.871646096099775
0.30199517204020176	0.0033848304790119006	-1.9067209211217884
0.30478949896279844	0.0035038054034545667	-1.945326059563807
0.307609681474071	0.003630407727378127	-1.987728984132554
0.3104559588128357	0.003765461535364033	-2.0342386227257534
0.3133285724315587	0.003909910758779758	-2.0852123149706983
0.3162277660168381	0.004064842172862066	-2.141064363428815
0.31915378551007634	0.004231513955415582	-2.2022766136056586
0.3221068791283436	0.004411391459765137	-2.2694116409596434
0.32508729738543457	0.004606192446328896	-2.3431293237517266
0.3280952931131192	0.004817944860590398	-2.4242078640306572
0.3311311214825913	0.0050490614662674444	-2.5135707257548976
0.33419504002611444	0.005302437440526733	-2.612321552742797
0.3372873086588691	0.005581579736405212	-2.7217900129132735
0.34040818970100106	0.005890781153851276	-2.8435928617004027
0.34355794789987465	0.006235358560666511	-2.9797166323208675
0.34673685045253166	0.006621985253931892	-3.1326318577818517
0.3499451670283573	0.007059165613597733	-3.3054553823511665
0.353183169791957	0.007557940062647684	-3.5022011632250023
0.35645113342624424	0.008130391463049577	-3.741553787327492
0.3597493351557423	0.008803316232327727	-3.9895784718334655
0.36307805477010135	0.009597350069436126	-4.2968674783255185
0.36643757464783333	0.010554132735120677	-4.663006657536168
0.3698281797802663	0.01173292144217448	-5.107683249254095
0.3732501577957206	0.013227317271820669	-5.661316845846023
0.37670379898390893	0.015195547827786584	-6.37416809097513
0.38018939632056126	0.017930590759206975	-7.337195107848662
0.38370724549227886	0.022049786158502983	-8.738048068593402
0.3872576449216173	0.02913942997196607	-11.05129525830362
0.3908408957924021	0.04497356098509959	-16.00139774623963
0.39445730207527846	0.11589518642941685	-38.831896580786946
0.3981071705534973	0.06942372167382681	-163.68641711050117
0.40179081084894	0.01717787699513686	-179.5569752435446
0.40550853544838394	0.0003863888476502126	-62.36658525064633
0.40926065973001097	0.015380202244188394	-17.37366002941456
0.41304750199016144	0.04175355316718618	-34.607556271141675
0.4168693834703355	0.08542296289109437	-94.7255984250521
0.4207266283844442	0.05128581824925319	-146.3781270064721
0.424619563946313	0.031954949214153976	-160.75450705516943
0.4285485203974396	0.023060213718191218	-166.6362577374656
0.43251383103500884	0.01792696493504904	-169.83482769582307
0.4365158322401661	0.014487450956780118	-171.88076609176088
0.44055486350655343	0.011923776688196799	-173.34070136591373
0.4446312674691088	0.009833790013886333	-174.47802192774114
0.4487453899331323	0.00797128317222463	-175.441037290481
0.4528975799036209	0.006134450358373414	-176.3328265291783
0.4570881896148752	0.004079315467205148	-177.2350312836158
0.46131757456037953	0.0013620144787880781	-177.84653706396912
0.4655860935229591	0.0032115499392686288	-1.5050623846789262
0.4698941086052156	0.015030698578896586	-7.222481756365027
0.4742419852602448	0.11536373043013702	-68.4990937109241
0.47863009232263853	0.034028076425453795	-163.5311101865494
0.48305880203977286	0.020454910594824613	-169.9274308745453
0.4875284901033865	0.01580906341581356	-172.0477780602634
0.4920395356814511	0.013403265157309443	-173.1073164750315
0.49659232145033627	0.011902143599864372	-173.73312970538154
0.5011872336272725	0.010862098409146172	-174.13069271494737
0.5058246620031143	0.010092797566377522	-174.3862745644433
0.5105049999754064	0.009498585830328959	-174.54130636871193
0.5152286445817567	0.009025886736902989	-174.61679311481947
0.5199959965335162	0.008642231577845324	-174.62283863854006
0.5248074602497729	0.008326746464601662	-174.5627257658373
0.5296634438916581	0.008065407429723661	-174.4346466331348
0.5345643593969719	0.007848504567660893	-174.2322315797399
0.5395106225151278	0.007669230644136059	-173.94432613113327
0.5445026528424215	0.0075229055782529645	-173.55418882993177
0.5495408738576248	0.007406622093584327	-173.03819472478088
0.5546257129579107	0.007319249271464847	-172.36420694466952
0.5597576014951101	0.007261839974113664	-171.49015017550659
0.5649369748123025	0.007238580020279808	-170.36432084629516
0.5701642722807475	0.0072584454681754165	-168.93117471860452
0.5754399373371569	0.007337475669373931	-167.15000215017758
0.580764417521312	0.007500434477907098	-165.03597463103074
0.5861381645140288	0.007777886868741097	-162.71965367988895
0.591561634175474	0.008191990655128767	-160.46898622166316
0.5970352865838369	0.008730419697348278	-158.55717300749538
0.6025595860743578	0.009329338843691231	-156.94565504846915
0.6081350012787179	0.009893454279832088	-154.96613586844325
0.6137620051647943	0.01034952173713159	-151.0007954790851
0.6194410750767815	0.010819216901197882	-141.3111576246899
0.6251726927756859	0.01318508282367952	-118.24583223201668
0.6309573444801934	0.031719437500653994	-98.6161851639555
0.6367955209079159	0.06856234210802822	-140.1026219305339
0.6426877173170198	0.08446868312818126	-157.78190768969483
0.6486344335482385	0.11608474398381663	-177.55413177853933
0.654636174067275	0.28900955280274704	177.0222524945595
0.6606934480075961	0.22349968920943733	1.1796502059120124
0.6668067692136223	0.06991187498582305	-0.36017336937602595
0.6729766562843178	0.03904745820945749	-0.5759522817436493
0.6792036326171846	0.026191158626171385	-0.5771984327469605
0.6854882264526617	0.01926959606678742	-0.5189733818589203
0.6918309709189366	0.014996564130646614	-0.4501478987242288
0.6982324040771715	0.01212083602236105	-0.3894847223884772
0.7046930689671471	0.010066357991060055	-0.3429841412472909
0.7112135136533292	0.00853282735868626	-0.3106376235527993
0.7177942912713619	0.007349174360350324	-0.29001728666313975
0.7244359600749902	0.0064111638281379845	-0.27818637311038275
0.7311390834834176	0.005651806851289078	-0.2725457179019671
0.7379042301291011	0.005026138068177847	-0.27108332752303366
0.7447319739059892	0.00450285670215241	-0.2723514107182218
0.7516228940182057	0.004059478786789243	-0.2753519414883152
0.758577575029184	0.0036793854118069885	-0.2794121169984759
0.7655966069112565	0.003349935365422088	-0.2840761581023324
0.7726805850957026	0.0030611797741134446	-0.28901238812852953
0.7798301105232589	0.0028048810066661762	-0.2939148659187164
0.7870457896950989	0.0025735576846862536	-0.29833826069539754
0.7943282347242817	0.0023590524890157167	-0.3012426196647508
0.8016780633876793	0.0021489579393139174	-0.29912669921656765
0.8090958991783825	0.0019120451715991954	-0.27376846586042264
0.8165823713585927	0.001474256198695962	0.039903562078055455
0.8241381150130026	0.003872183365833053	1.9444642739189828
0.8317637711026713	0.002131002519495647	-0.18234495203042136
0.8394599865193977	0.0018732734724722514	-0.28057192951636756
0.8472274141405968	0.0017231895343450534	-0.31210111378660804
0.8550667128846836	0.0016097142350406102	-0.3297373426213581
0.8629785477669706	0.001515667256843425	-0.342799448294962
0.870963589956081	0.001434486192859717	-0.35408457780927566
0.8790225168308847	0.001362934646088915	-0.3647194653054395
0.8871560120379608	0.0012991261685251514	-0.37526455381181184
0.8953647655495938	0.0012418276215293467	-0.3860531034797242
0.9036494737223014	0.0011901666281944588	-0.39731821624282143
0.9120108393559097	0.0011434919699365898	-0.40924817791803875
0.9204495717531712	0.0011013000948548813	-0.42201402691481116
0.9289663867799363	0.001063193358162976	-0.43578535297676796
0.9375620069258802	0.0010288548963745872	-0.4507409322830928
0.946237161365793	0.0009980329462187932	-0.4670772696595881
0.9549925860214359	0.0009705309698148814	-0.48501669100660433
0.9638290236239705	0.0009462016745933273	-0.5048160516064745
0.9727472237769651	0.0009249439279689702	-0.5267769401999859
0.9817479430199844	0.000906702099249575	-0.5512582940715206
0.9908319448927676	0.0008914677214035933	-0.5786925458772858
1.	0.0008792836644935138	-0.609606811272261
1.0092528860766845	0.0008702513258253508	-0.6446512619395618
1.0185913880541169	0.0008645417394643983	-0.6846378404712248
1.0280162981264735	0.0008624120802724397	-0.7305940940501464
1.0375284158180127	0.0008642299273790352	-0.7838395488410105
1.0471285480508996	0.0008705091070157616	-0.8460964766718957
1.0568175092136585	0.0008819634139611167	-0.9196545556909008
1.066596121230258	0.0008995889058723398	-1.007622616355409
1.076465213629835	0.0009247935908945875	-1.1143261850308646
1.0864256236170655	0.0009596090818645926	-1.2459594265862266
1.096478196143185	0.001007051047791911	-1.4117031871194157
1.1066237839776665	0.0010717657640575667	-1.6257484498716415
1.1168632477805611	0.0011612665107279257	-1.9112087931871393
1.1271974561755105	0.0012884964175650796	-2.3083419734323174
1.1376272858234309	0.0014777260587615058	-2.8937991183157648
1.1481536214968828	0.001780180449566666	-3.832793309554593
1.1587773561551262	0.0023246588063323996	-5.55332929127368
1.1694993910198712	0.0035398160500821484	-9.54135717651284
1.1803206356517297	0.007645813639331482	-22.454585344408795
1.191242008027375	0.008614200442835911	-169.9056801154312
1.2022644346174132	0.0029455223258234263	-171.85706255145135
1.2133888504649775	0.0016953375860834091	-174.33565043508503
1.224616199265049	0.0011442797253208294	-175.59104985752307
1.2359474334445106	0.0008372411465617105	-176.31106757538498
1.2473835142429432	0.0006430047540784816	-176.75750319927877
1.2589254117941675	0.0005099059574874677	-177.04310075201857
1.270574105208542	0.00041354078253262746	-177.22235062731062
1.2823305826560218	0.00034089587434538453	-177.3231291646492
1.2941958414499863	0.00028439931652865036	-177.3591572380664
1.3061708881318417	0.00023934291706406087	-177.3351480551009
1.3182567385564075	0.00020263946124415917	-177.24854567071975
1.3304544179780915	0.00017217150657074647	-177.08904878871414
1.3427649611378643	0.0001464255944668748	-176.83578079156763
1.3551894123510364	0.0001242729949227924	-176.45059357273507
1.3677288255958495	0.00010482815129330049	-175.86320700359897
1.3803842646028852	0.00008734699998561733	-174.93613656292405
1.3931568029453034	0.00007114137378975928	-173.37126352300663
1.4060475241299142	0.00005549728538551588	-170.4113327994342
1.4190575216890926	0.000039661357844889597	-163.58494550311937
1.432187899273544	0.000024021468410914185	-140.9359771648532
1.4454397707459279	0.000025602209833642063	-72.11851886163721
1.4588142602753489	0.0000765372369546746	-45.764812687892714
1.4723125024327193	0.0002526681499895923	-69.41764740007392
1.4859356422870074	0.0002668974476205583	-149.8697755239967
1.499684835502374	0.00014612936598946746	-170.6538969397622
1.5135612484362087	0.00010336395354977066	-175.6331051530486
1.5275660582380732	0.00008149452199085897	-177.55540668413175
1.54170045294956	0.00006772841417978294	-178.48479599353084
1.555965631605075	0.000057990900990221665	-178.99655973976533
1.5703628043335531	0.000050591932440317725	-179.30357505177076
1.584893192461114	0.000044700227870718485	-179.49937142855396
1.5995580286146696	0.000039855187273307556	-179.630119151823
1.6143585568264869	0.000035778042693813635	-179.7206282976927
1.629296032639723	0.00003228817877503271	-179.7851241829727
1.6443717232149324	0.000029262074438209647	-179.83219281876697
1.6595869074375613	0.000026611482268089026	-179.86723728915
1.6749428760264382	0.000024271058450023547	-179.89377748677785
1.690440931643265	0.00002219096483073055	-179.91417447464346
1.7060823890031243	0.000020332239984299127	-179.93005210135422
1.7218685749860079	0.000018663788309077494	-179.94255163099032
1.7378008287493762	0.000017160354469000273	-179.95249049164786
1.753880501841762	0.000015801119854772154	-179.9604640251665
1.770108958317422	0.000014568704332121415	-179.96691230999696
1.7864875748520517	0.000013448439587546675	-179.97216500295414
1.803017740859568	0.000012427829115775984	-179.97647201524876
1.8197008586099825	0.000011496139403611528	-179.98002486375555
1.8365383433483455	0.000010644085243733691	-179.98297176588164
1.8535316234148105	9.863583851989862e-6	-179.9854284636376
1.8706821403657996	9.147560135349478e-6	-179.98748608621497
1.8879913490962925	8.489790579892656e-6	-179.98921692933197
1.9054607179632463	7.884776713760569e-6	-179.99067874976237
1.9230917289101574	7.327641514307629e-6	-179.9919179886893
1.9408858775927773	6.814043828649022e-6	-179.99297221361505
1.958844673505989	6.34010709210433e-6	-179.993871984265
1.97696964011186	5.90235951024563e-6	-179.9946422898163
1.9952623149688788	5.497683517694048e-6	-179.99530366423258
2.0137242498623875	5.123272808381658e-6	-179.99587305785948
2.032357010936221	4.776595594345447e-6	-179.99636452301286
2.0511621788255647	4.455363025722316e-6	-179.9967897565741
2.0701413487910414	4.1575019163650926e-6	-179.99715853190068
2.0892961308540388	3.881131083746728e-6	-179.9974790445038
2.108628149933289	3.6245407403599875e-6	-179.99775819013158
2.1281390459827114	3.386174475263679e-6	-179.99800178956212
2.147830474130533	3.1646134451192403e-6	-179.99821477115339
2.167704104819694	2.9585624587262997e-6	-179.99840131973343
2.1877616239495516	2.7668376912497904e-6	-179.9985649985396
2.208004733018899	2.588355806721224e-6	-179.99870884947632
2.228435149270303	2.422124302045621e-6	-179.9988354758551
2.2490546058357803	2.267232914232727e-6	-179.9989471109194
2.2698648518838214	2.122845956122472e-6	-179.99904567478941
2.2908676527677723	1.988195465446634e-6	-179.9991328219364
2.312064790175594	1.8625750684140775e-6	-179.99920998088373
2.333458062281002	1.7453344727216987e-6	-179.9992783875055
2.355049283896009	1.635874516450524e-6	-179.99933911303424
2.376840286624876	1.5336427090874246e-6	-179.99939308768137
2.39883291901949	1.4381292092221679e-6	-179.99944112061013
2.4210290467361775	1.348863190555864e-6	-179.99948391686576
2.4434305526939712	1.265409553920898e-6	-179.9995220917606
2.4660393372343385	1.1873659482197227e-6	-179.999556183125
2.48885731828239	1.114360067675282e-6	-179.99958666176337
2.5118864315095797	1.0460471966614922e-6	-179.99961394039735
2.535128630497907	9.821079767404533e-7	-179.99963838133064
2.5585858869056453	9.222463734510378e-7	-179.99966030303085
2.582260190634596	8.661878229356716e-7	-179.99967998579243
2.6061535499988953	8.136775407121898e-7	-179.99969767661742
2.6302679918953813	7.644789768412483e-7	-179.99971359342976
2.654605561975539	7.183724034450983e-7	-179.99972792872026
2.6791683248190314	6.751536220330776e-7	-179.99974085270406
2.703958364108843	6.346327794104396e-7	-179.99975251606043
2.7289777828080406	5.96633282113818e-7	-179.9997630523136
2.7542287033381663	5.609908003485369e-7	-179.99977257990457
2.7797132677592886	5.275523533175172e-7	-179.99978120399692
2.805433637951713	4.961754686434132e-7	-179.99978901805244
2.831391995799379	4.667274093076017e-7	-179.99979610520828
2.8575905433749464	4.3908446217267246e-7	-179.99980253948146
2.8840315031266055	4.1313128272873726e-7	-179.99980838682455
2.910717118066605	3.887602912163837e-7	-179.99981370605113
2.9376496519615305	3.658711157376407e-7	-179.99981854964844
2.9648313895243423	3.443700783771519e-7	-179.99982296449195
2.992264636608189	3.241697207243294e-7	-179.99982699247354
3.019951720402016	3.051883655183426e-7	-179.99983067105524
3.047894989627983	2.8734971143559733e-7	-179.999834033757
3.076096814740708	2.705824583075106e-7	-179.99983711058695
3.1045595881283554	2.548199602981627e-7	-179.99983992842147
3.1332857243155856	2.3999990478960025e-7	-179.99984251134046
3.162277660168379	2.260640149197468e-7	-179.99984488092392
3.1915378551007616	2.1295777389618586e-7	-179.99984705651391
3.2210687912834346	2.006301693705861e-7	-179.99984905544585
3.250872973854344	1.890334563048421e-7	-179.9998508932532
3.2809529311311905	1.7812293689280435e-7	-179.9998525838477
3.311311214825911	1.6785675622199593e-7	-179.9998541396784
3.3419504002611427	1.5819571246929774e-7	-179.99985557187128
3.372873086588689	1.491030805242372e-7	-179.9998568903517
3.404081897010009	1.4054444802425434e-7	-179.99985810395097
3.4355794789987466	1.324875628690008e-7	-179.99985922049808
3.4673685045253166	1.24902191356102e-7	-179.99986024689852
3.499451670283573	1.1775998614962118e-7	-179.99986118919972
3.53183169791957	1.1103436335528808e-7	-179.9998620526445
3.5645113342624426	1.0470038803396211e-7	-179.99986284171186
3.5974933515574232	9.873466753731633e-8	-179.99986356014597
3.630780547701014	9.311525209775461e-8	-179.9998642109712
3.664375746478333	8.782154214856279e-8	-179.99986479649345
3.6982817978026628	8.283420189056991e-8	-179.99986531828515
3.732501577957206	7.813507865850155e-8	-179.9998657771516
3.767037989839089	7.370712767401798e-8	-179.99986617307468
3.801893963205613	6.953434180341202e-8	-179.99986650512923
3.8370724549227884	6.560168596630166e-8	-179.99986677136408
3.8725764492161727	6.189503586759463e-8	-179.99986696863803
3.908408957924021	5.8401120748664245e-8	-179.99986709239644
3.944573020752785	5.5107469875178574e-8	-179.99986713636807
3.981071705534973	5.2002362498418275e-8	-179.99986709215338
4.0179081084894	4.907478104419168e-8	-179.99986694866237
4.055085354483839	4.6314367298488556e-8	-179.9998666913404
4.09260659730011	4.37113813715173e-8	-179.99986630108992
4.130475019901614	4.125666323120817e-8	-179.999865752748
4.168693834703355	3.8941596602632644e-8	-179.9998650129022
4.207266283844442	3.6758075029341544e-8	-179.99986403669817
4.24619563946313	3.4698469883183014e-8	-179.99986276307496
4.285485203974396	3.275560008498344e-8	-179.99986110748057
4.325138310350088	3.0922703248734963e-8	-179.99985895042633
4.365158322401661	2.9193407865615357e-8	-179.99985611892868
4.405548635065534	2.7561705958638522e-8	-179.99985235530534
4.446312674691089	2.6021925273121763e-8	-179.99984726243295
4.487453899331323	2.4568699317086056e-8	-179.99984020275704
4.528975799036209	2.3196931931665386e-8	-179.9998301003612
4.570881896148752	2.1901749244527446e-8	-179.99981502311306
4.613175745603791	2.067842201643358e-8	-179.99979121388282
4.655860935229586	1.952221282971097e-8	-179.9997505523186
4.698941086052151	1.8428005178630784e-8	-179.99967269178913
4.742419852602444	1.7389153696953536e-8	-179.9994938700304
4.7863009232263805	1.6392410133784027e-8	-179.99891945062285
4.830588020397723	1.5371569437498955e-8	-179.99449127605723
4.875284901033861	1.5211951131009976e-8	-179.96012690862435
4.920395356814506	1.3989074883846027e-8	-179.99809063666245
4.965923214503357	1.3172643047893922e-8	-179.99932009793653
5.01187233627272	1.2428436975995894e-8	-179.99961039762783
5.058246620031137	1.173343909824541e-8	-179.99972218648693
5.105049999754059	1.1080413169356161e-8	-179.99977674757167
5.152286445817562	1.0465412046559661e-8	-179.99980744217737
5.1999599653351565	9.885596743401596e-9	-179.99982643695358
5.248074602497723	9.338633687938313e-9	-179.99983902735113
5.296634438916575	8.822478074906114e-9	-179.99984781857447
5.345643593969713	8.33528028272635e-9	-179.99985421348697
5.395106225151273	7.875339109098155e-9	-179.9998590219339
5.445026528424209	7.4410752982915265e-9	-179.99986273801258
5.495408738576242	7.031014819158743e-9	-179.99986567708262
5.5462571295791046	6.64377725361274e-9	-179.99986804811317
5.597576014951099	6.278067077718145e-9	-179.99986999403285
5.649369748123022	5.932666700144629e-9	-179.99987161529054
5.701642722807472	5.606430641533583e-9	-179.99987298416147
5.754399373371567	5.29828050197581e-9	-179.99987415373124
5.807644175213118	5.00720050470235e-9	-179.99987516370643
5.861381645140285	4.73223348279476e-9	-179.99987604427125
5.9156163417547365	4.472477221447765e-9	-179.999876818706
5.9703528658383656	4.22708109585575e-9	-179.99987750520273
6.025595860743575	3.995242961942662e-9	-179.99987811814654
6.081350012787176	3.776206268175696e-9	-179.99987866903592
6.137620051647939	3.5692573640065245e-9	-179.9998791671531
6.194410750767812	3.3737229854707015e-9	-179.99987962005963
6.251726927756856	3.1889679019824055e-9	-179.99988003396723
6.30957344480193	3.014392710901211e-9	-179.9998804140185
6.367955209079155	2.849431768339218e-9	-179.99988076450154
6.426877173170194	2.6935512461264096e-9	-179.99988108901636
6.486344335482381	2.5462473059919395e-9	-179.99988139060412
6.546361740672747	2.4070443829384657e-9	-179.99988167184912
6.6069344800759575	2.2754935705446057e-9	-179.9998819349596
6.668067692136219	2.1511711015687047e-9	-179.9998821818324
6.729766562843175	2.03367691777364e-9	-179.99988241410475
6.792036326171843	1.922633323367868e-9	-179.99988263319665
6.854882264526613	1.8176837168769658e-9	-179.9998828403449
6.918309709189362	1.7184913966332845e-9	-179.99988303663142
6.9823240407717115	1.6247384354070116e-9	-179.99988322300635
7.046930689671467	1.5361246200061689e-9	-179.99988340030734
7.112135136533288	1.4523664519502573e-9	-179.99988356927554
7.177942912713615	1.3731962055764613e-9	-179.999883730569
7.244359600749899	1.2983610401710398e-9	-179.99988388477396
7.311390834834173	1.2276221629344996e-9	-179.99988403241431
7.379042301291007	1.1607540397890575e-9	-179.99988417395969
7.447319739059888	1.0975436512225515e-9	-179.99988430983234
7.516228940182053	1.0377897905355718e-9	-179.99988444041298
7.585775750291836	9.81302402019423e-10	-179.99988456604592
7.655966069112561	9.279019567426131e-10	-179.99988468704308
7.726805850957022	8.7741886376373e-10	-179.99988480368816
7.798301105232586	8.296929147195928e-10	-179.99988491623944
7.870457896950985	7.845727598602459e-10	-179.9998850249329
7.943282347242813	7.41915413717175e-10	-179.9998851299845
8.01678063387679	7.015857886987689e-10	-179.9998852315924
8.090958991783822	6.634562550079256e-10	-179.99988532993865
8.165823713585922	6.274062253713882e-10	-179.99988542519114
8.241381150130021	5.93321763159166e-10	-179.99988551750468
8.317637711026709	5.61095212555828e-10	-179.9998856070226
8.394599865193973	5.306248495237241e-10	-179.99988569387762
8.472274141405963	5.018145523717549e-10	-179.999885778193
8.550667128846833	4.745734908124541e-10	-179.99988586008342
8.629785477669701	4.488158324550685e-10	-179.9998859396556
8.709635899560805	4.2446046574340826e-10	-179.99988601700923
8.790225168308842	4.01430738404684e-10	-179.9998860922375
8.871560120379607	3.796542105295003e-10	-179.99988616542757
8.953647655495937	3.590624214540273e-10	-179.99988623666127
9.036494737223014	3.395906696631197e-10	-179.99988630601533
9.120108393559097	3.211778049781451e-10	-179.99988637356196
9.204495717531712	3.037660323355834e-10	-179.99988643936922
9.289663867799362	2.8730072650231075e-10	-179.99988650350116
9.375620069258803	2.7173025711094295e-10	-179.99988656601838
9.462371613657929	2.57005823433945e-10	-179.99988662697803
9.549925860214358	2.430812983484182e-10	-179.99988668643434
9.638290236239705	2.2991308097479702e-10	-179.99988674443864
9.727472237769652	2.174599575021436e-10	-179.99988680103965
9.817479430199844	2.0568296974049853e-10	-179.99988685628358
9.908319448927676	1.9454529096689343e-10	-179.99988691021449
10.	1.8401210865626607e-10	-179.99988696287417
10.092528860766844	1.7405051371172754e-10	-179.99988701430254
10.18591388054117	1.6462939583049866e-10	-179.99988706453766
10.280162981264736	1.557193446624434e-10	-179.99988711361587
10.375284158180126	1.4729255643754279e-10	-179.99988716157182
10.471285480508996	1.3932274575696145e-10	-179.9998872084387
10.568175092136585	1.31785062259603e-10	-179.99988725424834
10.665961212302578	1.2465601189231937e-10	-179.99988729903112
10.76465213629835	1.1791338252726553e-10	-179.99988734281618
10.864256236170656	1.1153617368434452e-10	-179.99988738563158
10.964781961431852	1.0550453013030925e-10	-179.99988742750415
11.066237839776663	9.97996791389477e-11	-179.99988746845975
11.168632477805613	9.440387120887797e-11	-179.99988750852316
11.271974561755105	8.930032404691816e-11	-179.99988754771826
11.37627285823431	8.447316963576044e-11	-179.99988758606816
11.481536214968829	7.990740421485228e-11	-179.9998876235949
11.587773561551263	7.558884101295902e-11	-179.9998876603199
11.694993910198711	7.150406557993892e-11	-179.99988769626373
11.803206356517286	6.764039357377718e-11	-179.9998877314463
11.912420080273739	6.398583086697787e-11	-179.99988776588685
12.022644346174118	6.052903584400962e-11	-179.9998877996038
12.133888504649763	5.725928376864522e-11	-179.9998878326152
12.246161992650476	5.416643310681326e-11	-179.99988786493836
12.359474334445094	5.124089369694136e-11	-179.99988789659002
12.47383514242942	4.8473596665794964e-11	-179.99988792758646
12.589254117941662	4.585596599349102e-11	-179.9998879579434
12.705741052085406	4.337989163672412e-11	-179.99988798767606
12.823305826560205	4.103770412430238e-11	-179.99988801679916
12.941958414499851	3.882215054386016e-11	-179.9998880453271
13.061708881318404	3.672637184312276e-11	-179.99988807327375
13.182567385564061	3.4743881373349435e-11	-179.99988810065253
13.304544179780901	3.286854460659561e-11	-179.99988812747657
13.427649611378628	3.109455996222475e-11	-179.99988815375855
13.551894123510351	2.941644068167748e-11	-179.9998881795108
13.67728825595848	2.782899769388311e-11	-179.99988820474533
13.803842646028839	2.6327323416887012e-11	-179.99988822947373
13.931568029453022	2.490677644427852e-11	-179.99988825370738
14.060475241299129	2.356296706784575e-11	-179.99988827745727
14.190575216890911	2.229174359056807e-11	-179.99988830073414
14.321878992735424	2.1089179386591887e-11	-179.99988832354836
14.454397707459265	1.995156066722807e-11	-179.9998883459101
14.588142602753473	1.8875374914269776e-11	-179.99988836782927
14.723125024327178	1.7857299944063668e-11	-179.99988838931543
14.859356422870059	1.6894193567783596e-11	-179.999888410378
14.996848355023726	1.5983083815259213e-11	-179.99988843102605
15.135612484362072	1.512115969151012e-11	-179.9998884512685
15.275660582380716	1.4305762436834634e-11	-179.99988847111405
15.417004529495584	1.3534377262906422e-11	-179.9998884905711
15.559656316050734	1.280462553884681e-11	-179.99988850964786
15.703628043335515	1.2114257402672887e-11	-179.99988852835247
15.848931924611126	1.1461144774872481e-11	-179.99988854669263
15.995580286146678	1.084327475213517e-11	-179.9998885646761
16.143585568264854	1.025874336047433e-11	-179.99988858231026
16.292960326397214	9.705749648115762e-12	-179.9998885996024
16.443717232149307	9.18259009960463e-12	-179.99988861655967
16.595869074375596	8.687653353600554e-12	-179.99988863318896
16.749428760264365	8.219415207791324e-12	-179.99988864949705
16.90440931643263	7.776433895264526e-12	-179.99988866549054
17.060823890031227	7.357345617533788e-12	-179.9998886811759
17.21868574986006	6.9608603202281494e-12	-179.99988869655945
17.378008287493746	6.5857576982180965e-12	-179.99988871164732
17.5388050184176	6.230883417676816e-12	-179.99988872644556
17.701089583174202	5.895145543258552e-12	-179.99988874096002
17.864875748520497	5.577511159223003e-12	-179.99988875519645
18.03017740859568	5.277003173945119e-12	-179.99988876916052
18.197008586099827	4.992697297827365e-12	-179.99988878285765
18.365383433483455	4.723719185176964e-12	-179.99988879629325
18.535316234148105	4.469241731126214e-12	-179.99988880947257
18.706821403657997	4.228482515161403e-12	-179.99988882240072
18.879913490962927	4.000701383286316e-12	-179.99988883508274
19.054607179632463	3.7851981612817025e-12	-179.99988884752352
19.230917289101576	3.5813104919333893e-12	-179.9998888597279
19.408858775927772	3.38841178949071e-12	-179.99988887170048
19.58844673505989	3.205909304984306e-12	-179.99988888344598
19.769696401118598	3.03324229637996e-12	-179.99988889496882
19.952623149688787	2.8698802978732573e-12	-179.99988890627338
20.137242498623873	2.7153214829405173e-12	-179.99988891736402
20.32357010936221	2.5690911160546477e-12	-179.99988892824493
20.511621788255646	2.430740088252025e-12	-179.99988893892024
20.701413487910415	2.299843531998647e-12	-179.99988894939395
20.892961308540386	2.1759995110516788e-12	-179.99988895967002
21.086281499332888	2.058827781246761e-12	-179.99988896975236
21.28139045982711	1.9479686183629797e-12	-179.9998889796447
21.47830474130533	1.8430817094267357e-12	-179.99988898935078
21.67704104819694	1.7438451040137672e-12	-179.99988899887418
21.87761623949552	1.6499542222956825e-12	-179.99988900821853
22.080047330188993	1.5611209167542449e-12	-179.99988901738723
22.28435149270303	1.4770725846540142e-12	-179.9998890263837
22.490546058357804	1.3975513285220417e-12	-179.9998890352113
22.698648518838212	1.3223131620328086e-12	-179.9998890438733
22.908676527677724	1.2511272588380112e-12	-179.99988905237288
23.12064790175594	1.183775242014453e-12	-179.9998890607132
23.33458062281002	1.120050511929624e-12	-179.9998890688973
23.55049283896009	1.0597576104441138e-12	-179.99988907692818
23.76840286624876	1.0027116194828994e-12	-179.9998890848088
23.9883291901949	9.487375921144738e-13	-179.99988909254208
24.210290467361776	8.976700143776787e-13	-179.9998891001308
24.434305526939713	8.493522961917048e-13	-179.99988910757776
24.660393372343385	8.036362897750079e-13	-179.99988911488563
24.888573182823905	7.603818340842495e-13	-179.9998891220571
25.118864315095795	7.194563238651949e-13	-179.9998891290948
25.351286304979073	6.807343019837894e-13	-179.99988913600126
25.58585886905645	6.440970737779011e-13	-179.99988914277898
25.82260190634596	6.094323422384558e-13	-179.9998891494304
26.06153549998895	5.766338628932932e-13	-179.999889155958
26.302679918953814	5.456011173281124e-13	-179.999889162364
26.54605561975539	5.162390043366391e-13	-179.99988916865084
26.791683248190314	4.884575477467275e-13	-179.9998891748207
27.039583641088434	4.621716200207857e-13	-179.99988918087584
27.289777828080403	4.373006807777151e-13	-179.99988918681845
27.542287033381662	4.1376852942976834e-13	-179.9998891926506
27.797132677592884	3.9150307117139055e-13	-179.99988919837443
28.05433637951713	3.704360955984231e-13	-179.999889203992
28.31391995799379	3.5050306727511645e-13	-179.99988920950528
28.575905433749465	3.3164292760334293e-13	-179.9998892149163
28.84031503126606	3.1379790738333966e-13	-179.99988922022686
29.10717118066605	2.96913349488371e-13	-179.999889225439
29.376496519615305	2.809375411069338e-13	-179.99988923055452
29.648313895243422	2.6582155503571397e-13	-179.9998892355752
29.92264636608189	2.5151909953443965e-13	-179.99988924050288
30.19951720402016	2.3798637628023164e-13	-179.9998892453393
30.4789498962798	2.2518194598405592e-13	-179.99988925008614
30.76096814740705	2.130666012555306e-13	-179.99988925474514
31.045595881283525	2.0160324632474034e-13	-179.9998892593179
31.332857243155825	1.9075678325082148e-13	-179.9998892638061
31.62277660168376	1.8049400426714787e-13	-179.99988926821123
31.91537855100758	1.7078348993184335e-13	-179.99988927253494
32.21068791283432	1.6159551277026884e-13	-179.9998892767787
32.50872973854341	1.5290194611305874e-13	-179.99988928094407
32.80952931131187	1.4467617784930398e-13	-179.99988928503242
33.11311214825908	1.3689302882963489e-13	-179.99988928904526
33.41950400261139	1.2952867566828095e-13	-179.99988929298402
33.72873086588685	1.225605777067444e-13	-179.99988929685003
34.040818970100055	1.1596740791455187e-13	-179.99988930064464
34.35579478998743	1.0972898751466625e-13	-179.99988930436925
34.67368504525313	1.0382622413262667e-13	-179.99988930802513
34.994516702835696	9.824105327932595e-14	-179.99988931161357
35.318316979195664	9.295638298760614e-14	-179.99988931513582
35.64511334262439	8.795604143256108e-14	-179.9998893185931
35.9749335155742	8.322472737461875e-14	-179.99988932198664
36.3078054770101	7.874796327316884e-14	-179.99988932531764
36.64375746478329	7.451205092671166e-14	-179.99988932858724
36.98281797802659	7.050402950329e-14	-179.99988933179657
37.32501577957203	6.671163583230793e-14	-179.9998893349468
37.670379898390856	6.312326683580706e-14	-179.999889338039
38.01893963205609	5.972794398384485e-14	-179.99988934107427
38.370724549227845	5.651527966484908e-14	-179.9998893440536
38.72576449216169	5.347544536770834e-14	-179.9998893469781
39.08408957924017	5.05991415779309e-14	-179.99988934984876
39.44573020752781	4.787756929547382e-14	-179.9998893526666
39.81071705534969	4.530240308682804e-14	-179.99988935543257
40.17908108489396	4.286576558866254e-14	-179.99988935814767
40.55085354483835	4.0560203384790794e-14	-179.99988936081283
40.92606597300105	3.837866418244339e-14	-179.99988936342896
41.304750199016105	3.631447521782268e-14	-179.99988936599695
41.68693834703351	3.436132282469269e-14	-179.99988936851773
42.07266283844438	3.2513233103329006e-14	-179.99988937099218
42.46195639463126	3.0764553630535455e-14	-179.99988937342113
42.85485203974392	2.910993615463e-14	-179.99988937580545
43.251383103500835	2.754432022232755e-14	-179.99988937814592
43.65158322401656	2.606291768731043e-14	-179.99988938044342
44.0554863506553	2.4661198052982263e-14	-179.99988938269868
44.46312674691084	2.333487460446399e-14	-179.99988938491254
44.87453899331318	2.2079891287312346e-14	-179.99988938708572
45.28975799036204	2.0892410292734198e-14	-179.99988938921894
45.708818961487474	1.9768800311238288e-14	-179.99988939131305
46.13175745603791	1.8705625418716913e-14	-179.99988939336868
46.55860935229586	1.769963456089183e-14	-179.99988939538656
46.98941086052151	1.6747751603893974e-14	-179.9998893973674
47.42419852602443	1.584706592048432e-14	-179.99988939931188
47.8630092322638	1.499482348306596e-14	-179.99988940122068
48.30588020397723	1.4188418436192537e-14	-179.99988940309447
48.7528490103386	1.3425385122749291e-14	-179.99988940493384
49.20395356814506	1.2703390539374022e-14	-179.99988940673944
49.65923214503358	1.2020227198002073e-14	-179.99988940851196
50.118723362727195	1.137380637166527e-14	-179.99988941025197
50.58246620031137	1.076215170385228e-14	-179.99988941196003
51.0504999975406	1.018339316185382e-14	-179.99988941363677
51.52286445817562	9.635761315569789e-15	-179.99988941528275
51.99959965335157	9.117581924254071e-15	-179.99988941689855
52.48074602497723	8.627270814616413e-15	-179.99988941848474
52.966344389165755	8.163329034594067e-15	-179.9998894200418
53.45643593969714	7.72433826795097e-15	-179.99988942157034
53.95106225151273	7.308956495661626e-15	-179.9998894230709
54.450265284242086	6.915913890793461e-15	-179.9998894245439
54.95408738576243	6.544008934316676e-15	-179.99988942598992
55.462571295791044	6.1921047399481944e-15	-179.99988942740944
55.97576014951099	5.8591255767762736e-15	-179.99988942880296
56.49369748123023	5.544053579019063e-15	-179.99988943017092
57.01642722807472	5.245925632843206e-15	-179.99988943151385
57.543993733715666	4.963830430711388e-15	-179.99988943283213
58.07644175213118	4.69690568424108e-15	-179.99988943412626
58.61381645140285	4.444335487041982e-15	-179.9998894353967
59.15616341754737	4.2053478194595025e-15	-179.99988943664385
59.70352865838366	3.979212187586085e-15	-179.9998894378682
60.255958607435744	3.765237389313551e-15	-179.9998894390701
60.81350012787176	3.5627694005886774e-15	-179.99988944024997
61.37620051647939	3.371189375402535e-15	-179.99988944140827
61.94410750767812	3.189911753392238e-15	-179.9998894425453
62.51726927756855	3.0183824692634847e-15	-179.99988944366157
63.0957344480193	2.8560772585540276e-15	-179.99988944475737
63.67955209079155	2.702500054553196e-15	-179.99988944583313
64.26877173170195	2.557181471471754e-15	-179.99988944688917
64.86344335482381	2.4196773692205163e-15	-179.99988944792588
65.46361740672747	2.289567495405864e-15	-179.99988944894363
66.06934480075958	2.16645420038694e-15	-179.99988944994274
66.68067692136219	2.0499612214628034e-15	-179.99988945092358
67.29766562843174	1.9397325324694995e-15	-179.99988945188645
67.92036326171844	1.835431255267323e-15	-179.99988945283167
68.54882264526613	1.7367386297879307e-15	-179.99988945375964
69.18309709189363	1.643353039490203e-15	-179.99988945467058
69.82324040771712	1.5549890892434601e-15	-179.9998894555649
70.46930689671467	1.4713767328169725e-15	-179.99988945644282
71.12135136533288	1.392260447306641e-15	-179.99988945730468
71.77942912713615	1.3173984519733602e-15	-179.9998894581508
72.44359600749898	1.2465619691034479e-15	-179.99988945898141
73.11390834834172	1.1795345246301757e-15	-179.99988945979683
73.79042301291008	1.1161112863771329e-15	-179.99988946059733
74.47319739059888	1.0560984378992167e-15	-179.9998894613832
75.16228940182053	9.993125860060453e-16	-179.99988946215467
75.85775750291836	9.45580200155626e-16	-179.99988946291205
76.55966069112561	8.947370820036148e-16	-179.99988946365556
77.26805850957021	8.466278634858166e-16	-179.9998894643855
77.98301105232578	8.011055318988391e-16	-179.99988946510206
78.70457896950977	7.58030980526424e-16	-179.9998894658055
79.43282347242805	7.172725834371935e-16	-179.9998894664961
80.16780633876782	6.787057931533837e-16	-179.99988946717409
80.90958991783813	6.422127599602254e-16	-179.99988946783967
81.65823713585914	6.076819716917713e-16	-179.99988946849305
82.41381150130013	5.750079128916354e-16	-179.9998894691345
83.176377110267	5.440907423063561e-16	-179.99988946976424
83.94599865193965	5.148359877252044e-16	-179.99988947038244
84.72274141405954	4.871542572333038e-16	-179.99988947098933
85.50667128846823	4.609609659951215e-16	-179.99988947158513
86.29785477669692	4.361760777329322e-16	-179.99988947217005
87.09635899560797	4.127238601097619e-16	-179.99988947274426
87.90225168308834	3.9053265326887957e-16	-179.99988947330797
88.71560120379598	3.695346508221171e-16	-179.9998894738614
89.53647655495928	3.496656926174054e-16	-179.99988947440465
90.36494737223005	3.3086506865190504e-16	-179.99988947493802
91.20108393559087	3.1307533353122866e-16	-179.99988947546163
92.04495717531702	2.9624213090747563e-16	-179.99988947597564
92.89663867799354	2.803140273593436e-16	-179.99988947648023
93.75620069258792	2.652423552064446e-16	-179.99988947697562
94.6237161365792	2.5098106377726485e-16	-179.9998894774619
95.4992586021435	2.3748657867607985e-16	-179.99988947793923
96.38290236239695	2.2471766861857647e-16	-179.99988947840774
97.2747223776964	2.126353194290816e-16	-179.9998894788674
98.17479430199833	2.0120261481415326e-16	-179.999889479318
99.08319448927665	1.903846235477771e-16	-179.99988947975746
99.9999999999999	1.801482927188718e-16	-179.99988948014865