0.01000000000000001	0.0010622120085216756	-1.9100896658559385
0.010092528860766855	0.0010622257093868678	-1.9101143399492135
0.01018591388054118	0.0010622396657027039	-1.9101394746801066
0.010280162981264745	0.001062253882246322	-1.9101650786870779
0.010375284158180138	0.001062268363882129	-1.9101911607673563
0.010471285480509006	0.0010622831155702468	-1.9102177298923153
0.010568175092136596	0.0010622981423606228	-1.9102447951968573
0.01066596121230259	0.0010623134494010362	-1.910272365993988
0.010764652136298361	0.0010623290419345917	-1.9103004517703415
0.010864256236170667	0.0010623449253025783	-1.9103290621914344
0.010964781961431863	0.001062361104946345	-1.9103582071051122
0.011066237839776675	0.001062377586416932	-1.910387896558995
0.011168632477805623	0.0010623943753544885	-1.9104181407635596
0.011271974561755117	0.0010624114775253386	-1.9104489501588875
0.011376272858234322	0.0010624288987887988	-1.910480335355114
0.01148153621496884	0.0010624466451191392	-1.9105123071720411
0.011587773561551273	0.0010624647226075569	-1.9105448766428215
0.011694993910198724	0.00106248313745306	-1.9105780549976437
0.01180320635651731	0.0010625018959804617	-1.9106118536962875
0.011912420080273762	0.0010625210046267487	-1.9106462844037015
0.012022644346174144	0.0010625404699513316	-1.9106813590085971
0.012133888504649786	0.0010625602986400748	-1.9107170896308254
0.012246161992650502	0.0010625804975052543	-1.9107534886215047
0.01235947433444512	0.001062601073484794	-1.9107905685617503
0.012473835142429446	0.0010626220336505884	-1.910828342277864
0.012589254117941687	0.0010626433852082475	-1.9108668228409942
0.012705741052085433	0.001062665135497412	-1.9109060235679673
0.012823305826560232	0.001062687291997805	-1.910945958032244
0.01294195841449987	0.0010627098623314044	-1.9109866400681914
0.013061708881318424	0.001062732854264832	-1.9110280837754043
0.013182567385564082	0.0010627562757097178	-1.9110703035197045
0.01330454417978092	0.001062780134729503	-1.9111133139455754
0.013427649611378649	0.001062804439540686	-1.911157129978603
0.01355189412351037	0.0010628291985124733	-1.9112017668251458
0.013677288255958502	0.001062854420174769	-1.911247239986905
0.013803842646028859	0.0010628801132258397	-1.911293565275024
0.013931568029453043	0.001062906286513169	-1.911340758775894
0.01406047524129915	0.0010629329490723213	-1.9113888369214143
0.014190575216890933	0.0010629601100914303	-1.911437816425313
0.014321878992735446	0.0010629877789474725	-1.9114877143488371
0.014454397707459286	0.0010630159651878915	-1.9115385480678924
0.014588142602753497	0.001063044678543778	-1.9115903352972143
0.014723125024327202	0.001063073928933206	-1.9116430940966378
0.014859356422870082	0.0010631037264615451	-1.9116968428721244
0.014996848355023748	0.0010631340814226415	-1.9117516003781823
0.015135612484362095	0.0010631650043157216	-1.9118073857487539
0.015275660582380739	0.0010631965058304177	-1.9118642184706212
0.015417004529495607	0.0010632285968700831	-1.9119221184259045
0.015559656316050758	0.0010632612885339847	-1.9119811058604022
0.01570362804333554	0.0010632945921460958	-1.912041201435886
0.015848931924611148	0.0010633285192351422	-1.9121024261946937
0.015995580286146702	0.0010633630815616306	-1.9121648016089952
0.016143585568264878	0.0010633982910961772	-1.9122283495421082
0.016292960326397238	0.0010634341600529577	-1.9122930923095245
0.01644371723214933	0.0010634707008745424	-1.912359052652032
0.016595869074375623	0.0010635079262393341	-1.9124262537498058
0.01674942876026439	0.0010635458490690522	-1.912494719236499
0.016904409316432657	0.0010635844825325452	-1.912564473206724
0.017060823890031253	0.0010636238400575436	-1.9126355402380435
0.017218685749860088	0.0010636639353237389	-1.912707945379126
0.017378008287493772	0.0010637047822735152	-1.912781714169879
0.01753880501841763	0.0010637463951198838	-1.912856872656479
0.01770108958317423	0.001063788788343367	-1.912933447386711
0.017864875748520526	0.00106383197670948	-1.9130114654422
0.018030177408595707	0.0010638759752694279	-1.913090954440637
0.018197008586099853	0.0010639207993524305	-1.9131719425228482
0.018365383433483484	0.0010639664645965686	-1.9132544584093951
0.018535316234148135	0.0010640129869344682	-1.9133385313758038
0.018706821403658026	0.0010640603826059893	-1.9134241912764491
0.018879913490962956	0.0010641086681696243	-1.9135114685663135
0.019054607179632494	0.0010641578604970252	-1.9136003942921622
0.019230917289101597	0.0010642079767913433	-1.9136910001269332
0.019408858775927792	0.001064259034587252	-1.913783318370995
0.01958844673505991	0.0010643110517556972	-1.913877381962032
0.01976969640111862	0.00106436404651925	-1.9139732245041432
0.01995262314968881	0.0010644180374485863	-1.9140708802629038
0.020137242498623895	0.001064473043481003	-1.9141703842003266
0.02032357010936223	0.001064529083916132	-1.9142717719686115
0.020511621788255666	0.001064586178429984	-1.9143750799372317
0.020701413487910436	0.0010646443470835236	-1.9144803452100774
0.02089296130854041	0.0010647036103264259	-1.9145876056339903
0.02108628149933291	0.001064763989007241	-1.9146968998190592
0.021281390459827135	0.0010648255043809337	-1.9148082671541042
0.021478304741305354	0.0010648881781163163	-1.9149217478222218
0.02167704104819696	0.0010649520323080578	-1.9150373828245058
0.02187761623949554	0.0010650170894857492	-1.9151552139987424
0.022080047330189013	0.0010650833726092825	-1.9152752840133245
0.022284351492703053	0.0010651509050978926	-1.9153976364221503
0.022490546058357826	0.0010652197108262727	-1.915522315660204
0.022698648518838235	0.001065289814141314	-1.9156493670763604
0.022908676527677748	0.0010653612398610346	-1.9157788369343016
0.023120647901755963	0.00106543401329725	-1.9159107724563693
0.023334580622810044	0.001065508160260881	-1.9160452218361266
0.023550492838960112	0.0010655837070656165	-1.9161822342482704
0.023768402866248782	0.0010656606805540022	-1.9163218598989737
0.02398832919019492	0.0010657391080874106	-1.9164641500113107
0.0242102904673618	0.001065819017576129	-1.9166091568832186
0.02443430552693974	0.0010659004374783236	-1.9167569338894466
0.024660393372343412	0.001065983396821045	-1.9169075355234968
0.02488857318282393	0.0010660679252010694	-1.9170610174032514
0.025118864315095822	0.001066154052806655	-1.917217436314705
0.025351286304979098	0.001066241810426597	-1.9173768502328372
0.02558585886905648	0.0010663312294586	-1.9175393183415026
0.025822601906345985	0.0010664223419339276	-1.9177049010829876
0.026061535499988978	0.0010665151805151374	-1.9178736601591053
0.026302679918953843	0.0010666097785195232	-1.918045658578999
0.026546055619755416	0.0010667061699361888	-1.9182209606957665
0.026791683248190343	0.0010668043894291586	-1.9183996322179728
0.027039583641088463	0.001066904472356655	-1.9185817402507799
0.027289777828080432	0.0010670064547957509	-1.9187673533470861
0.02754228703338169	0.0010671103735382286	-1.918956541506785
0.02779713267759291	0.0010672162661273018	-1.9191493762504024
0.02805433637951716	0.0010673241708564812	-1.919345930624462
0.028313919957993816	0.0010674341267959528	-1.9195462792571139
0.028575905433749497	0.0010675461738063002	-1.9197504983910088
0.028840315031266085	0.0010676603525532728	-1.9199586659187378
0.02910717118066608	0.0010677767045281334	-1.9201708614284965
0.029376496519615335	0.0010678952720717429	-1.9203871662572265
0.029648313895243455	0.0010680160983787307	-1.92060766350778
0.02992264636608192	0.0010681392275294307	-1.9208324381171955
0.030199517204020192	0.001068264704502092	-1.9210615768894852
0.03047894989627986	0.001068392575193515	-1.9212951685442856
0.03076096814740711	0.0010685228864469743	-1.921533303779294
0.031045595881283587	0.00106865568605926	-1.9217760752952822
0.03133285724315589	0.0010687910228183522	-1.9220235778773946
0.031622776601683826	0.0010689289465111592	-1.9222759084226708
0.03191537855100765	0.0010690695079532734	-1.9225331660080935
0.03221068791283438	0.001069212759012626	-1.9227954519484884
0.03250872973854347	0.0010693587526292886	-1.9230628698478545
0.03280952931131194	0.0010695075428411563	-1.9233355256622635
0.03311311214825915	0.0010696591848185868	-1.9236135277798565
0.03341950400261146	0.0010698137348625358	-1.9238969870351508
0.03372873086588692	0.0010699712504686847	-1.9241860168443798
0.034040818970100126	0.0010701317903257037	-1.9244807332218206
0.0343557947899875	0.0010702954143508854	-1.9247812548650232
0.0346736850452532	0.0010704621837268988	-1.9250877032432814
0.034994516702835765	0.001070632160915939	-1.9254002026456987
0.035318316979195734	0.001070805409703246	-1.925718880284073
0.03564511334262446	0.001070981995222744	-1.9260438663642687
0.03597493351557427	0.001071161983984333	-1.926375294161753
0.03630780547701017	0.0010713454439102473	-1.926713300114998
0.03664375746478335	0.0010715324443726114	-1.9270580239224206
0.03698281797802665	0.0010717230562224116	-1.9274096086249761
0.037325015779572084	0.001071917351822145	-1.9277682006969479
0.037670379898390914	0.0010721154050857648	-1.928133950151638
0.038018939632056145	0.0010723172915194608	-1.928507010650188
0.0383707245492279	0.001072523088255113	-1.9288875395987144
0.038725764492161745	0.0010727328740841053	-1.9292756982477899
0.03908408957924023	0.001072946729508418	-1.9296716518255659
0.03944573020752787	0.0010731647367806308	-1.9300755696525262
0.039810717055349755	0.001073386979940414	-1.9304876252517713
0.04017908108489402	0.0010736135448568287	-1.9309079964722096
0.040550853544838415	0.0010738445192880082	-1.9313368656459267
0.040926065973001115	0.0010740799929066566	-1.9317744196852122
0.041304750199016166	0.0010743200573693097	-1.9322208502624598
0.04168693834703357	0.0010745648063453434	-1.9326763539187524
0.04207266283844444	0.0010748143355874418	-1.9331411322515633
0.04246195639463132	0.0010750687429636157	-1.9336153920344734
0.042854852039743985	0.0010753281285289641	-1.9340993454134134
0.04325138310350091	0.0010755925945680482	-1.93459321005171
0.04365158322401663	0.0010758622456626822	-1.9350972093258085
0.044055486350655364	0.0010761371887385135	-1.9356115724849854
0.04446312674691091	0.001076417533134043	-1.9361365348567563
0.04487453899331325	0.0010767033906620707	-1.9366723380418822
0.04528975799036211	0.0010769948756734794	-1.937219230118349
0.04570881896148754	0.0010772921051149078	-1.937777465837885
0.04613175745603798	0.0010775951986128564	-1.9383473068766885
0.04655860935229591	0.0010779042785338394	-1.9389290220462878
0.04698941086052156	0.0010782194700640244	-1.9395228875459172
0.04742419852602448	0.0010785409012680999	-1.94012918718159
0.04786300923226385	0.0010788687031841973	-1.9407482126580693
0.04830588020397728	0.001079203009899078	-1.941380263840242
0.04875284901033865	0.0010795439586253248	-1.9420256490243915
0.04920395356814511	0.0010798916897915606	-1.9426846852406086
0.04965923214503363	0.001080246347127425	-1.9433576985525811
0.05011872336272725	0.0010806080777608228	-1.944045024387669
0.05058246620031143	0.00108097703229404	-1.9447470078353168
0.051050499997540646	0.0010813533649253041	-1.9454640040390228
0.05152286445817567	0.0010817372335315406	-1.9461963785242395
0.05199959965335162	0.0010821287997702567	-1.9469445075714296
0.052480746024977286	0.0010825282292098435	-1.9477087786523912
0.05296634438916581	0.00108293569140217	-1.9484895907681672
0.05345643593969719	0.0010833513600363048	-1.9492873549509162
0.05395106225151279	0.0010837754130251316	-1.9501024946504018
0.05445026528424214	0.001084208032646151	-1.9509354462352664
0.05495408738576248	0.001084649405665635	-1.9517866594754412
0.0554625712957911	0.0010850997234635147	-1.9526565980396868
0.05597576014951104	0.0010855591821789768	-1.9535457400466725
0.05649369748123028	0.0010860279828358264	-1.9544545785925864
0.05701642722807478	0.0010865063315065753	-1.955383622368775
0.05754399373371572	0.0010869944394501115	-1.9563333962457523
0.05807644175213124	0.0010874925232738715	-1.957304441921935
0.05861381645140291	0.0010880008050943397	-1.9582973185880863
0.05915616341754743	0.00108851951270744	-1.9593126036308204
0.05970352865838372	0.001089048879760553	-1.9603508933604337
0.06025595860743581	0.0010895891459349108	-1.9614128037810812
0.060813500127871824	0.001090140557128962	-1.9624989713866208
0.061376200516479455	0.001090703365665778	-1.9636100540279886
0.06194410750767818	0.0010912778304840742	-1.9647467317756913
0.06251726927756862	0.0010918642173445934	-1.9659097078401517
0.06309573444801936	0.0010924627990642104	-1.96709970957576
0.06367955209079162	0.001093073855730993	-1.968317489479887
0.064268771731702	0.0010936976749438623	-1.969563826273179
0.06486344335482389	0.0010943345520518367	-1.9708395260149845
0.06546361740672754	0.0010949847904222912	-1.972145423313142
0.06606934480075964	0.0010956487016910198	-1.9734823825385799
0.06668067692136226	0.0010963266060563738	-1.9748512991689477
0.06729766562843183	0.0010970188325376451	-1.976253101107221
0.0679203632617185	0.0010977257193039802	-1.97768875018741
0.0685488226452662	0.0010984476139734498	-1.9791592436725483
0.0691830970918937	0.0010991848739342037	-1.980665615850838
0.06982324040771719	0.001099937866683099	-1.9822089397237024
0.07046930689671474	0.0011007069701831154	-1.9837903287931267
0.07112135136533296	0.0011014925732320388	-1.9854109389365793
0.07177942912713622	0.0011022950758312058	-1.9870719703513688
0.07244359600749906	0.0011031148896081286	-1.9887746696811754
0.0731139083483418	0.0011039524382083618	-1.9905203321591864
0.07379042301291015	0.0011048081577559907	-1.992310303973476
0.07447319739059896	0.0011056824972927894	-1.9941459846785579
0.07516228940182061	0.0011065759192472409	-1.9960288297623594
0.07585775750291844	0.001107488899950303	-1.9979603534094619
0.07655966069112569	0.0011084219301467004	-1.9999421313638246
0.07726805850957029	0.0011093755155324716	-2.0019758039600517
0.07798301105232593	0.0011103501773194577	-2.004063079332646
0.07870457896950993	0.0011113464528543955	-2.0062057368697404
0.07943282347242822	0.0011123648962054929	-2.0084056307388747
0.08016780633876798	0.0011134060788492105	-2.0106646937707624
0.0809095899178383	0.0011144705903275126	-2.0129849414415824
0.0816582371358593	0.0011155590389702855	-2.015368476161388
0.0824138115013003	0.0011166720526616647	-2.0178174918386964
0.08317637711026717	0.0011178102796013162	-2.0203342786287757
0.08394599865193982	0.0011189743891492766	-2.022921228068033
0.08472274141405972	0.0011201650726921936	-2.025580838478157
0.08550667128846841	0.0011213830445423385	-2.0283157206793683
0.0862978547766971	0.0011226290429083284	-2.0311286041141723
0.08709635899560814	0.0011239038308942842	-2.034022343307992
0.08790225168308852	0.0011252081975608866	-2.0369999247583785
0.08871560120379617	0.0011265429590383244	-2.040064474253999
0.08953647655495947	0.00112790895968828	-2.043219264640166
0.09036494737223023	0.0011293070733577135	-2.0464677241506615
0.09120108393559107	0.0011307382046612763	-2.049813445195319
0.09204495717531722	0.001132203290358518	-2.0532601937784722
0.09289663867799372	0.0011337033007988097	-2.0568119195213717
0.09375620069258811	0.0011352392414463513	-2.0604727663516536
0.09462371613657934	0.00113681215447822	-2.0642470838820355
0.09549925860214364	0.001138423120507792	-2.068139439637373
0.0963829023623971	0.0011400732603529067	-2.072154631993676
0.09727472237769656	0.0011417637369513156	-2.076297704109666
0.09817479430199849	0.0011434957573629504	-2.0805739587673373
0.09908319448927681	0.0011452705748959673	-2.0849889742635463
0.10000000000000005	0.0011470894913542084	-2.0895486214096737
0.10092528860766849	0.0011489538594222362	-2.0942590817468356
0.10185913880541175	0.0011508650851937197	-2.099126867062808
0.10280162981264741	0.0011528246308575413	-2.1041588403287346
0.10375284158180131	0.0011548340175257842	-2.109362238103254
0.10471285480509002	0.0011568948282777967	-2.114744694681233
0.1056817509213659	0.0011590087113485489	-2.1203142679181948
0.10665961212302584	0.0011611773835546997	-2.1260794670734477
0.10764652136298355	0.0011634026339340919	-2.1320492827400646
0.10864256236170661	0.0011656863275941764	-2.1382332189874718
0.10964781961431856	0.0011680304098486882	-2.144641328066641
0.1106623783977667	0.0011704369106001699	-2.1512842477376917
0.11168632477805618	0.0011729079490308187	-2.1581732415607906
0.1127197456175511	0.0011754457386059143	-2.1653202423617266
0.11376272858234315	0.001178052592414887	-2.1727378991583275
0.11481536214968835	0.0011807309288941596	-2.1804396279028775
0.11587773561551268	0.0011834832779297323	-2.188439666305062
0.11694993910198717	0.0011863122874243301	-2.1967531332531256
0.11803206356517304	0.001189220730283446	-2.205396093037325
0.11912420080273756	0.0011922115119798946	-2.214385625164759
0.12022644346174137	0.0011952876785953487	-2.223739899887802
0.1213388850464978	0.0011984524255179549	-2.2334782603758785
0.12246161992650495	0.0012017091067666264	-2.2436213119389685
0.12359474334445113	0.0012050612450422592	-2.2541910191246863
0.12473835142429439	0.0012085125425142329	-2.2652108113086076
0.1258925411794168	0.0012120668925113482	-2.276705697934649
0.12705741052085426	0.0012157283920891384	-2.2887023940648175
0.12823305826560225	0.0012195013556061036	-2.3012294574530583
0.1294195841449987	0.0012233903294477802	-2.314317438477345
0.13061708881318423	0.0012274001079026205	-2.3279990439767984
0.1318256738556408	0.0012315357504076633	-2.3423093168009563
0.13304544179780922	0.0012358026002186242	-2.357285832534259
0.13427649611378642	0.0012402063047178935	-2.3729689155043165
0.13551894123510363	0.0012447528374576362	-2.389401876006476
0.13677288255958495	0.001249448522156812	-2.4066312712664266
0.13803842646028852	0.0012543000588509075	-2.424707192840573
0.13931568029453034	0.0012593145524136744	-2.443683583491078
0.14060475241299142	0.0012644995436995926	-2.4636185869811564
0.14190575216890927	0.0012698630436109586	-2.4845749347730712
0.1432187899273544	0.0012754135704083401	-2.5066203740758755
0.1445439770745928	0.0012811601905747926	-2.5298281421250577
0.1458814260275349	0.0012871125637419158	-2.554277492800975
0.14723125024327194	0.0012932809920461646	-2.580054281845075
0.14859356422870074	0.001299676474504054	-2.607251618416738
0.1499684835502374	0.0013063107669448945	-2.6359705914074767
0.15135612484362088	0.0013131964482430232	-2.6663210806439612
0.15275660582380732	0.0013203469935196691	-2.6984226639690587
0.154170045294956	0.0013277768553831045	-2.7324056340454237
0.1555965631605075	0.0013355015539334612	-2.768412138931675
0.15703628043335532	0.0013435377769863296	-2.8065974651469583
0.15848931924611143	0.0013519034916107738	-2.847131482662156
0.15995580286146696	0.0013606180686353644	-2.890200276002179
0.1614358556826487	0.0013697024218632635	-2.9360079889941084
0.1629296032639723	0.0013791791640173899	-2.9847789153925124
0.16443717232149324	0.0013890727817791558	-3.03675987323599
0.16595869074375613	0.0013994098327108232	-3.0922229076571277
0.16749428760264382	0.0014102191672803576	-3.1514683747531693
0.1690440931643265	0.0014215321796291743	-3.214828468157066
0.17060823890031243	0.0014333830916552536	-3.2826712629082775
0.17218685749860077	0.0014458092754509554	-3.355405363874489
0.17378008287493762	0.0014588516201589055	-3.4334852634873707
0.1753880501841762	0.0014725549506256646	-3.5174175355323563
0.1770108958317422	0.0014869685061049856	-3.607768014925072
0.17864875748520517	0.0015021464893644337	-3.7051701473579017
0.180301774085957	0.001518148698130374	-3.8103347296693233
0.18197008586099844	0.0015350412533924587	-3.9240613111362506
0.18365383433483473	0.0015528974417119983	-4.047251584543031
0.18535316234148125	0.001571798692501905	-4.1809251728823105
0.18706821403658017	0.001591835715144727	-4.326238309945756
0.18879913490962946	0.0016131098263716282	-4.484506034545547
0.19054607179632482	0.0016357345043736416	-4.657228667926661
0.19230917289101596	0.0016598372143274405	-4.846123540404432
0.19408858775927793	0.0016855615592055314	-5.053163180112679
0.19588446735059908	0.0017130698216804828	-5.280621500409313
0.1976969640111862	0.0017425459771112804	-5.5311299408815735
0.19952623149688808	0.0017741992744872692	-5.807746062009174
0.20137242498623895	0.001808268502765329	-6.114037813505739
0.2032357010936223	0.0018450270835237033	-6.454187644573806
0.20511621788255666	0.001884789157046227	-6.833121883207384
0.20701413487910436	0.0019279168567755893	-7.256672496706125
0.2089296130854041	0.001974828990478242	-7.7317805907102235
0.2108628149933291	0.0020260113603326625	-8.266754040379647
0.21281390459827135	0.002082028936282939	-8.871595702752579
0.21478304741305343	0.002143540018645579	-9.55842411811217
0.21677041048196952	0.002211312319794645	-10.342015858658174
0.2187761623949553	0.002286240441166163	-11.240508168993234
0.22080047330189004	0.002369363294566139	-12.276312554147859
0.22284351492703042	0.0024618781925474496	-13.477304185618495
0.22490546058357816	0.002565144829417727	-14.878366395852314
0.22698648518838224	0.002680665768273228	-16.523377856866794
0.22908676527677735	0.0028100178169491305	-18.46771601731591
0.23120647901755953	0.0029546866308962096	-20.781275582552226
0.23334580622810033	0.003115718995659382	-23.55178010341195
0.23550492838960102	0.003293048082335912	-26.887623228427305
0.23768402866248772	0.003484273802348323	-30.918296783945614
0.2398832919019491	0.003682652515994868	-35.78821422329682
0.2421029046736179	0.003874270161223726	-41.63633820685253
0.24434305526939726	0.004035282123228922	-48.55148534919427
0.246603933723434	0.004132073422120621	-56.49903679046825
0.24888573182823917	0.004128881769263623	-65.24132940465324
0.25118864315095807	0.0040039498198164245	-74.3157158855107
0.2535128630497908	0.0037643330486620947	-83.13300569128636
0.25585858869056466	0.003444545946669916	-91.16225009290166
0.2582260190634597	0.0030891467871596444	-98.07324730899505
0.26061535499988964	0.002735182664925098	-103.75625310282332
0.2630267991895383	0.002405313037756311	-108.25487643459257
0.26546055619755404	0.0021096337479912363	-111.6853479382645
0.2679168324819033	0.0018502516825937905	-114.1803926930454
0.2703958364108845	0.0016251847820587077	-115.86059655844308
0.2728977782808042	0.0014308099723052883	-116.82375936257958
0.27542287033381674	0.0012631587473877412	-117.14337933723947
0.277971326775929	0.0011185124873983262	-116.87096750678616
0.2805433637951715	0.0009936263237389819	-116.03966735585446
0.28313919957993805	0.0008857740613567776	-114.66824830399428
0.2857590543374948	0.0007927151222123716	-112.76534306022768
0.2884031503126607	0.0007126323942159101	-110.33416187208708
0.29107171180666064	0.0006440625372150725	-107.3780158032829
0.2937649651961532	0.0005858267445286192	-103.90684653762395
0.2964831389524344	0.0005369638709163456	-99.94454290753673
0.29922646366081906	0.000496666045705438	-95.53610015776228
0.30199517204020176	0.00046421783738443637	-90.75280806274641
0.30478949896279844	0.00043894252523290345	-85.69312565696303
0.307609681474071	0.0004201613733432461	-80.4774123266309
0.3104559588128357	0.00040717186994096877	-75.23658045964149
0.3133285724315587	0.0003992474369615515	-70.0973180965996
0.3162277660168381	0.00039565526597624186	-65.16819495955795
0.31915378551007634	0.00039568393549197867	-60.53048751090247
0.3221068791283436	0.00039867114595930526	-56.23529711059985
0.32508729738543457	0.00040402444885604636	-52.30606712253264
0.3280952931131192	0.000411232094126279	-48.74425854877603
0.3311311214825913	0.00041986470880772436	-45.535930532243846
0.33419504002611444	0.0004295703681184633	-42.657707780103884
0.3372873086588691	0.00044006591846293316	-40.081449936847825
0.34040818970100106	0.00045112686073559444	-37.77752863663397
0.34355794789987465	0.0004625773153295142	-35.716917511645626
0.34673685045253166	0.0004742809010478802	-33.87239202803234
0.3499451670283573	0.00048613287508425854	-32.219118198873524
0.353183169791957	0.0004980535881559532	-30.7348508134784
0.35645113342624424	0.0005099831561865771	-29.399899196934708
0.3597493351557423	0.0005218771860764085	-28.196966270165024
0.36307805477010135	0.0005337033793612046	-27.110928004864373
0.36643757464783333	0.0005454388487978164	-26.128593736785714
0.3698281797802663	0.0005570680044530041	-25.238470345779145
0.3732501577957206	0.0005685808897490484	-24.430542324713812
0.37670379898390893	0.0005799718703534323	-23.696073089018824
0.38018939632056126	0.0005912385982370973	-23.027428988624806
0.38370724549227886	0.0006023811893310579	-22.417925333891077
0.3872576449216173	0.0006134015661669732	-21.86169265072376
0.3908408957924021	0.0006243029271076356	-21.353560908333236
0.39445730207527846	0.0006350893117376554	-20.888959336219994
0.3981071705534973	0.0006457652380843942	-20.463829507015976
0.40179081084894	0.0006563353919974981	-20.074549498753836
0.40550853544838394	0.0006668043524666142	-19.71786711048038
0.40926065973001097	0.0006771763392087558	-19.390840244916724
0.41304750199016144	0.0006874549706758902	-19.09078266952652
0.4168693834703355	0.0006976430218826007	-18.81521340417438
0.4207266283844442	0.0007077421723344378	-18.56180793631783
0.424619563946313	0.0007177527349903341	-18.32834931394977
0.4285485203974396	0.0007276733579041799	-18.112676877077895
0.43251383103500884	0.000737500691345334	-17.912629912290203
0.4365158322401661	0.0007472290154761354	-17.725982782621934
0.44055486350655343	0.0007568498282347849	-17.550366991211497
0.4446312674691088	0.000766351402056446	-17.38317403189614
0.4487453899331323	0.0007757183352163045	-17.221430541919077
0.4528975799036209	0.0007849311557085656	-17.06163389581654
0.4570881896148752	0.0007939660950732394	-16.899531553289954
0.46131757456037953	0.0008027952590051324	-16.72982070605264
0.4655860935229591	0.0008113876222544867	-16.545735635426766
0.4698941086052156	0.0008197116427960789	-16.338478834226283
0.4742419852602448	0.0008277409614438168	-16.09644050772297
0.47863009232263853	0.0008354658703950511	-15.804147541125317
0.48305880203977286	0.0008429154032272789	-15.440910955230311
0.4875284901033865	0.0008501986111431163	-14.979262606347199
0.4920395356814511	0.0008575793839340602	-14.383639063483976
0.49659232145033627	0.000865606231329444	-13.610712740619746
0.5011872336272725	0.0008753199328858129	-12.614854437468402
0.5058246620031143	0.0008885326199251543	-11.365810116286955
0.5105049999754064	0.0009080489763350091	-9.88844442762416
0.5152286445817567	0.0009374117807027519	-8.32474049621079
0.5199959965335162	0.0009794819248207613	-6.975391950143053
0.5248074602497729	0.001033816041792547	-6.223982407928402
0.5296634438916581	0.0010950226412559405	-6.3163527412065745
0.5345643593969719	0.0011549953791395544	-7.189465223268362
0.5395106225151278	0.0012075823936412997	-8.547910615110796
0.5445026528424215	0.001250946460717884	-10.075709671094632
0.5495408738576248	0.0012864465760272922	-11.564992188050411
0.5546257129579107	0.0013165474309654993	-12.922704369645626
0.5597576014951101	0.0013435384876623788	-14.128434583139988
0.5649369748123025	0.001369136077173614	-15.195855672891115
0.5701642722807475	0.0013945143368452098	-16.150181497925225
0.5754399373371569	0.0014204514238579716	-17.01773510038264
0.580764417521312	0.0014474669587948993	-17.82206813725984
0.5861381645140288	0.0014759220581774082	-18.583057665354826
0.591561634175474	0.0015060854585399002	-19.317168333186046
0.5970352865838369	0.00153817557888023	-20.038071833572054
0.6025595860743578	0.001572387037581738	-20.757300608496863
0.6081350012787179	0.0016089075472007636	-21.484826545351538
0.6137620051647943	0.0016479289771866759	-22.229542450725425
0.6194410750767815	0.0016896549188459488	-22.999655840942165
0.6251726927756859	0.0017343061587533875	-23.803013595313157
0.6309573444801934	0.0017821248856476355	-24.64737642245268
0.6367955209079159	0.0018333780843825646	-25.540659745748435
0.6426877173170198	0.0018883603161122526	-26.491154819386768
0.6486344335482385	0.0019473958845578716	-27.507741385847446
0.654636174067275	0.0020108401994633836	-28.60010112700436
0.6606934480075961	0.0020790799334439686	-29.778939406649904
0.6668067692136223	0.0021525312911985224	-31.056221075176897
0.6729766562843178	0.002231635329186643	-32.445424006898996
0.6792036326171846	0.002316848729984318	-33.96181098228178
0.6854882264526617	0.002408627689519826	-35.622715648686835
0.6918309709189366	0.0025074015551752866	-37.44783032046978
0.6982324040771715	0.002613531512169225	-39.4594704493087
0.7046930689671471	0.002727247976435857	-41.682770122046946
0.7112135136533292	0.002848558611262862	-44.1457316561988
0.7177942912713619	0.0029771176227562832	-46.879006887162966
0.7244359600749902	0.0031120475212881023	-49.915226472056155
0.7311390834834176	0.0032517093922334287	-53.287621090066224
0.7379042301291011	0.0033934310247610484	-57.02761422622551
0.7447319739059892	0.0035332292242357703	-61.161057671890504
0.7516228940182057	0.003665606547241527	-65.70291549080693
0.758577575029184	0.0037835570567118708	-70.65059924873388
0.7655966069112565	0.003878952251614324	-75.97690015468926
0.7726805850957026	0.003943441568368007	-81.62444140216324
0.7798301105232589	0.003969835054523355	-87.50429775576181
0.7870457896950989	0.003953654675816033	-93.50108799575327
0.7943282347242817	0.0038943013622801063	-99.48489862502801
0.8016780633876793	0.003795316992646863	-105.32744757414002
0.8090958991783825	0.003663596714688855	-110.91775345351276
0.8165823713585927	0.0035078953687533525	-116.17283615806946
0.8241381150130026	0.003337225298067783	-121.04143531484515
0.8317637711026713	0.0031596362340447384	-125.5016032045411
0.8394599865193977	0.002981567327647919	-129.55466471390653
0.8472274141405968	0.0028077009935274532	-133.21810682813137
0.8550667128846836	0.002641134387979981	-136.5191287383712
0.8629785477669706	0.0024836908635171347	-139.48962700002667
0.870963589956081	0.0023362513717825094	-142.1627149988909
0.8790225168308847	0.0021990445407096874	-144.57053939759217
0.8871560120379608	0.002071874725615949	-146.74305832090357
0.8953647655495938	0.00195428918945085	-148.70747091590084
0.9036494737223014	0.0018456945398509822	-150.4880563055223
0.9120108393559097	0.001745434453358463	-152.10625105021842
0.9204495717531712	0.0016528394752735724	-153.58085240375428
0.9289663867799363	0.0015672574548919681	-154.92827701234356
0.9375620069258802	0.0014880709582014643	-156.16283344357655
0.946237161365793	0.0014147061579009644	-157.2969854748315
0.9549925860214359	0.0013466362993606279	-158.34159455996087
0.9638290236239705	0.0012833818287046649	-159.3061367378324
0.9727472237769651	0.001224508561151177	-160.19889314349692
0.9817479430199844	0.0011696247836338125	-161.02711536372618
0.9908319448927676	0.00111837786017802	-161.79716787278608
1.	0.0010704506924886362	-162.51465014927848
1.0092528860766845	0.0010255582466328276	-163.18450109147292
1.0185913880541169	0.000983444265081022	-163.8110881854895
1.0280162981264735	0.0009438782249973141	-164.39828363670176
1.0375284158180127	0.0009066525671581487	-164.94952940599828
1.0471285480508996	0.0008715801977250896	-165.46789282913616
1.0568175092136585	0.0008384922521910685	-165.95611425450147
1.066596121230258	0.0008072361038717312	-166.41664791829828
1.076465213629835	0.0007776735960782395	-166.85169708790713
1.0864256236170655	0.0007496794762038902	-167.263244342601
1.096478196143185	0.0007231400103965327	-167.65307772356408
1.1066237839776665	0.0006979517587062683	-168.02281336929747
1.1168632477805611	0.0006740204922015214	-168.3739151551031
1.1271974561755105	0.0006512602353015984	-168.70771177368303
1.1376272858234309	0.0006295924183224315	-169.0254116255088
1.1481536214968828	0.0006089451269256089	-169.32811583041038
1.1587773561551262	0.0005892524367059201	-169.61682962392203
1.1694993910198712	0.0005704538225820984	-169.89247236182274
1.1803206356517297	0.0005524936339191429	-170.15588632266147
1.191242008027375	0.0005353206274466741	-170.4078444698284
1.2022644346174132	0.0005188875510285968	-170.64905731097505
1.2133888504649775	0.0005031507722209921	-170.88017897259934
1.224616199265049	0.0004880699463135313	-171.10181259071234
1.2359474334445106	0.000473607719224713	-171.31451510425174
1.2473835142429432	0.0004597294611958354	-171.5188015257914
1.2589254117941675	0.00044640302774232656	-171.71514875385478
1.270574105208542	0.0004335985447548329	-171.90399898238238
1.2823305826560218	0.0004212882150305662	-172.0857627554764
1.2941958414499863	0.0004094461438455439	-172.2608217091721
1.3061708881318417	0.0003980481814700403	-172.42953103654725
1.3182567385564075	0.0003870717807810924	-172.5922217078045
1.3304544179780915	0.0003764958683472912	-172.74920247295262
1.3427649611378643	0.0003663007275505755	-172.9007616712397
1.3551894123510364	0.0003564678924810188	-173.0471688685261
1.3677288255958495	0.0003469800514835081	-173.18867634118226
1.3803842646028852	0.0003378209593658599	-173.32552042287452
1.3931568029453034	0.0003289753573890904	-173.45792272864955
1.4060475241299142	0.00032042890025973556	-173.58609126904662
1.4190575216890926	0.00031216808943030174	-173.710221465489
1.432187899273544	0.0003041802120898596	-173.83049707692064
1.4454397707459279	0.0002964532852949984	-173.9470910465382
1.4588142602753489	0.00028897600474866075	-174.06016627647108
1.4723125024327193	0.00028173769778828213	-174.16987633740965
1.4859356422870074	0.00027472828018965177	-174.27636611941506
1.499684835502374	0.00026793821643448314	-174.3797724294794
1.5135612484362087	0.00026135848312546655	-174.48022454081323
1.5275660582380732	0.0002549805352646784	-174.57784469831458
1.54170045294956	0.0002487962751405892	-174.6727485842218
1.555965631605075	0.00024279802359245475	-174.765045747526
1.5703628043335531	0.00023697849344632985	-174.85484000038267
1.584893192461114	0.00023133076493408807	-174.94222978441326
1.5995580286146696	0.00022584826292711867	-175.02730850951977
1.6143585568264869	0.00022052473583160552	-175.1101648675747
1.629296032639723	0.0002153542360065035	-175.19088312311618
1.6443717232149324	0.00021033110157876923	-175.26954338298165
1.6595869074375613	0.0002054499395418221	-175.34622184662797
1.6749428760264382	0.0002007056100335397	-175.42099103872363
1.690440931643265	0.0001960932116995474	-175.49392002545127
1.7060823890031243	0.00019160806805603622	-175.56507461582993
1.7218685749860079	0.00018724571477383927	-175.63451754924475
1.7378008287493762	0.00018300188781245814	-175.70230867026973
1.753880501841762	0.00017887251233899616	-175.76850509177115
1.770108958317422	0.0001748536923723128	-175.8331613471921
1.7864875748520517	0.00017094170109797777	-175.8963295328419
1.803017740859568	0.00016713297180419317	-175.95805944094414
1.8197008586099825	0.00016342408939295944	-176.01839868413154
1.8365383433483455	0.00015981178242452555	-176.07739281201933
1.8535316234148105	0.0001562929156566946	-176.13508542043616
1.8706821403657996	0.00015286448304353747	-176.191518253843
1.8879913490962925	0.00014952360116104508	-176.2467313014284
1.9054607179632463	0.0001462675030297723	-176.30076288732874
1.9230917289101574	0.00014309353230692267	-176.35364975538607
1.9408858775927773	0.00013999913782236138	-176.40542714882292
1.958844673505989	0.00013698186843530533	-176.45612888518633
1.97696964011186	0.0001340393681897635	-176.50578742688054
1.9952623149688788	0.00013116937174898792	-176.55443394759044
2.0137242498623875	0.00012836970009029788	-176.6020983948685
2.032357010936221	0.00012563825644320968	-176.6488095491414
2.0511621788255647	0.00012297302245496076	-176.69459507936995
2.0701413487910414	0.00012037205456889102	-176.7394815955834
2.0892961308540388	0.0001178334806019197	-176.7834946984872
2.108628149933289	0.00011535549650854857	-176.82665902633303
2.1281390459827114	0.0001129363633196881	-176.86899829922496
2.147830474130533	0.00011057440424536943	-176.9105353610225
2.167704104819694	0.00010826800193123462	-176.95129221899094
2.1877616239495516	0.00010601559585935492	-176.99129008133727
2.208004733018899	0.00010381567988467443	-177.0305493927633
2.228435149270303	0.0001016667998988104	-177.06908986815415
2.2490546058357803	0.0000995675516136949	-177.1069305245166
2.2698648518838214	0.00009751657845787022	-177.14408971127028
2.2908676527677723	0.00009551256957890482	-177.18058513899098
2.312064790175594	0.00009355425794565277	-177.21643390669544
2.333458062281002	0.00009164041854465455	-177.25165252775437
2.355049283896009	0.00008976986666521927	-177.28625695451132
2.376840286624876	0.00008794145626821992	-177.32026260168414
2.39883291901949	0.00008615407843375949	-177.35368436861503
2.4210290467361775	0.00008440665988341064	-177.38653666043786
2.4434305526939712	0.00008269816157278316	-177.41883340822028
2.4660393372343385	0.00008102757735062534	-177.45058808814045
2.48885731828239	0.00007939393268073306	-177.48181373974927
2.5118864315095797	0.00007779628342333265	-177.51252298337008
2.535128630497907	0.00007623371467265585	-177.54272803668098
2.5585858869056453	0.0000747053396477866	-177.57244073052635
2.582260190634596	0.00007321029863385756	-177.60167252399606
2.6061535499988953	0.00007174775797101643	-177.63043451881305
2.6302679918953813	0.00007031690908860907	-177.65873747306557
2.654605561975539	0.0000689169675822935	-177.6865918143183
2.6791683248190314	0.00006754717233178602	-177.71400765213403
2.703958364108843	0.00006620678465722779	-177.7409947900375
2.7289777828080406	0.00006489508751219367	-177.76756273694897
2.7542287033381663	0.00006361138471147509	-177.7937207181156
2.7797132677592886	0.00006235500019190004	-177.81947768556432
2.805433637951713	0.00006112527730457151	-177.84484232810257
2.831391995799379	0.00005992157813694039	-177.86982308088744
2.8575905433749464	0.00005874328286325515	-177.89442813458524
2.8840315031266055	0.00005758978912203135	-177.91866544414216
2.910717118066605	0.00005646051141919889	-177.94254273718454
2.9376496519615305	0.000055354880555711604	-177.96606752206642
2.9648313895243423	0.000054272343078454505	-177.98924709558213
2.992264636608189	0.00005321236075333232	-178.01208855035946
3.019951720402016	0.00005217441005949698	-178.03459878194852
3.047894989627983	0.00005115798170374629	-178.05678449562126
3.076096814740708	0.000050162580154114296	-178.0786522128943
3.1045595881283554	0.0000491877231918127	-178.10020827778908
3.1332857243155856	0.00004823294148065323	-178.12145886284057
3.162277660168379	0.00004729777815316438	-178.14240997486655
3.1915378551007616	0.00004638178841264286	-178.16306746050842
3.2210687912834346	0.000045484539150435675	-178.18343701155402
3.250872973854344	0.00004460560857774922	-178.2035241700518
3.2809529311311905	0.00004374458587136776	-178.22333433322638
3.311311214825911	0.00004290107083264352	-178.24287275820393
3.3419504002611427	0.000042074673559195754	-178.26214456655595
3.372873086588689	0.00004126501412875333	-178.28115474866962
3.404081897010009	0.00004047172229461952	-178.2999081679517
3.4355794789987466	0.00003969443719226202	-178.31840956487434
3.4673685045253166	0.00003893280705654303	-178.33666356086835
3.499451670283573	0.00003818648894915379	-178.35467466207146
3.53183169791957	0.000037455148495806214	-178.37244726293767
3.5645113342624426	0.000036738459632781305	-178.38998564971283
3.5974933515574232	0.00003603610436244495	-178.4072940037831
3.630780547701014	0.00003534777251735193	-178.4243764049011
3.664375746478333	0.000034673161532595695	-178.4412368342949
3.6982817978026628	0.0000340119762260569	-178.45787917766495
3.732501577957206	0.00003336392858623015	-178.47430722807317
3.767037989839089	0.00003272873756733086	-178.49052468872924
3.801893963205613	0.00003210612889137786	-178.5065351756776
3.8370724549227884	0.00003149583485698271	-178.52234222038982
3.8725764492161727	0.00003089759415457249	-178.5379492722657
3.908408957924021	0.000030311151687794756	-178.55335970104713
3.944573020752785	0.000029736258400865732	-178.56857679914802
3.981071705534973	0.000029172671111618553	-178.5836037839034
4.0179081084894	0.00002862015235004392	-178.59844379974152
4.055085354483839	0.000028078470202103044	-178.61309992028146
4.09260659730011	0.000027547398158610824	-178.62757515035918
4.130475019901614	0.00002702671496899868	-178.6418724279851
4.168693834703355	0.000026516204499772793	-178.65599462623578
4.207266283844442	0.000026015655597484043	-178.66994455508188
4.24619563946313	0.000025524861956051065	-178.6837249631554
4.285485203974396	0.00002504362198826276	-178.697338539458
4.325138310350088	0.00002457173870131455	-178.71078791501324
4.365158322401661	0.00002410901957622589	-178.72407566446407
4.405548635065534	0.000023655276450993146	-178.73720430761833
4.446312674691089	0.00002321032540735173	-178.75017631094397
4.487453899331323	0.000022773986661003456	-178.76299408901554
4.528975799036209	0.00002234608445519783	-178.77566000591446
4.570881896148752	0.000021926446957534707	-178.78817637658395
4.613175745603791	0.0000215149061598836	-178.8005454681409
4.655860935229586	0.000021111297781301728	-178.81276950114616
4.698941086052151	0.00002071546117384938	-178.8248506508342
4.742419852602444	0.000020327239231200568	-178.83679104830463
4.7863009232263805	0.00001994647829994848	-178.84859278167593
4.830588020397723	0.000019573028093516863	-178.86025789720344
4.875284901033861	0.00001920674160858321	-178.8717884003624
4.920395356814506	0.00001884747504393038	-178.88318625689777
4.965923214503357	0.000018495087721642218	-178.89445339384164
5.01187233627272	0.00001814944201056487	-178.9055917004994
5.058246620031137	0.00001781040325195658	-178.91660302940596
5.105049999754059	0.000017477839687251126	-178.92748919725278
5.152286445817562	0.000017151622387868686	-178.93825198578733
5.1999599653351565	0.000016831625186999533	-178.94889314268462
5.248074602497723	0.000016517724613301766	-178.9594143823938
5.296634438916575	0.000016209799826446102	-178.9698173869583
5.345643593969713	0.000015907732554448453	-178.98010380681274
5.395106225151273	0.000015611407032733206	-178.99027526155538
5.445026528424209	0.000015320709944868876	-179.00033334069843
5.495408738576242	0.000015035530364924725	-179.01027960439606
5.5462571295791046	0.000014755759701394815	-179.02011558415145
5.597576014951099	0.000014481291642640092	-179.02984278350297
5.649369748123022	0.00001421202210380043	-179.0394626786908
5.701642722807472	0.000013947849175130365	-179.04897671930422
5.754399373371567	0.000013688673071712977	-179.0583863289104
5.807644175213118	0.000013434396084510753	-179.06769290566513
5.861381645140285	0.000013184922532709229	-179.07689782290643
5.9156163417547365	0.000012940158717316367	-179.0860024297311
5.9703528658383656	0.000012700012875976681	-179.09500805155508
6.025595860743575	0.000012464395138964485	-179.1039159906583
6.081350012787176	0.000012233217486319155	-179.1127275267139
6.137620051647939	0.000012006393706089033	-179.12144391730325
6.194410750767812	0.000011783839353649609	-179.13006639841612
6.251726927756856	0.000011565471712064285	-179.13859618493748
6.30957344480193	0.000011351209753456112	-179.14703447112095
6.367955209079155	0.00001114097410136109	-179.15538243104865
6.426877173170194	0.000010934686994033412	-179.16364121907952
6.486344335482381	0.000010732272248675462	-179.1718119702847
6.546361740672747	0.000010533655226563875	-179.17989580087135
6.6069344800759575	0.000010338762799048103	-179.18789380859522
6.668067692136219	0.000010147523314393404	-179.19580707316211
6.729766562843175	9.959866565445897e-6	-179.20363665661844
6.792036326171843	9.77572375809543e-6	-179.21138360373163
6.854882264526613	9.595027480512883e-6	-179.2190489423604
6.918309709189362	9.417711673140966e-6	-179.2266336838152
6.9823240407717115	9.243711599416329e-6	-179.2341388232093
7.046930689671467	9.072963817202481e-6	-179.24156533980073
7.112135136533288	8.905406150914042e-6	-179.24891419732512
7.177942912713615	8.74097766431256e-6	-179.25618634432018
7.244359600749899	8.579618633955256e-6	-179.26338271444163
7.311390834834173	8.421270523278918e-6	-179.2705042267711
7.379042301291007	8.265875957301173e-6	-179.27755178611616
7.447319739059888	8.113378697922085e-6	-179.2845262833027
7.516228940182053	7.963723619810261e-6	-179.2914285954599
7.585775750291836	7.8168566868568e-6	-179.29825958629795
7.655966069112561	7.672724929182228e-6	-179.30502010637898
7.726805850957022	7.531276420681375e-6	-179.31171099338104
7.798301105232586	7.392460257091636e-6	-179.3183330723556
7.870457896950985	7.256226534570622e-6	-179.3248871559788
7.943282347242813	7.122526328769958e-6	-179.3313740447961
8.01678063387679	6.991311674391439e-6	-179.33779452746177
8.090958991783822	6.8625355452133486e-6	-179.34414938097163
8.165823713585922	6.736151834574068e-6	-179.35043937089083
8.241381150130021	6.612115336301396e-6	-179.3566652515759
8.317637711026709	6.490381726075458e-6	-179.36282776639177
8.394599865193973	6.370907543214066e-6	-179.36892764792336
8.472274141405963	6.253650172869464e-6	-179.3749656181826
8.550667128846833	6.138567828625498e-6	-179.38094238881058
8.629785477669701	6.025619535484849e-6	-179.38685866127497
8.709635899560805	5.91476511323608e-6	-179.39271512706367
8.790225168308842	5.805965160190288e-6	-179.39851246787353
8.871560120379607	5.699181037277407e-6	-179.4042513557958
8.953647655495937	5.594374852492556e-6	-179.40993245349762
9.036494737223014	5.491509445682509e-6	-179.41555641440024
9.120108393559097	5.390548373662509e-6	-179.42112388285403
9.204495717531712	5.291455895653276e-6	-179.42663549431109
9.289663867799362	5.1941969590280985e-6	-179.43209187549556
9.375620069258803	5.098737185358735e-6	-179.43749364457244
9.462371613657929	5.00504285674798e-6	-179.44284141131607
9.549925860214358	4.913080902435146e-6	-179.4481357772785
9.638290236239705	4.822818885657878e-6	-179.45337733596068
9.727472237769652	4.734224990749184e-6	-179.4585666729872
9.817479430199844	4.647268010442005e-6	-179.46370436628905
9.908319448927676	4.561917333341711e-6	-179.46879098629807
10.	4.478142931507811e-6	-179.47382709616065
10.092528860766844	4.395915348052883e-6	-179.47881325198085
10.18591388054117	4.315205684606862e-6	-179.4837500031101
10.280162981264736	4.23598558838336e-6	-179.48863789250896
10.375284158180126	4.158227238367759e-6	-179.49347745722378
10.471285480508996	4.08190332969759e-6	-179.49826922904518
10.568175092136585	4.006987054315338e-6	-179.50301373545176
10.665961212302578	3.933452073603104e-6	-179.50771150097034
10.76465213629835	3.861272472428616e-6	-179.51236304896156
10.864256236170656	3.7904226650786734e-6	-179.51696890269622
10.964781961431852	3.720877155291659e-6	-179.52152957657827
11.066237839776663	3.652609734538387e-6	-179.52604548333
11.168632477805613	3.585589423517908e-6	-179.53051585001847
11.271974561755105	3.5197236127623784e-6	-179.53489209421562
11.37627285823431	3.4554323852952914e-6	-179.53922999086905
11.481536214968829	3.3919861257533565e-6	-179.54364543051452
11.587773561551263	3.3297687511423906e-6	-179.54795302176046
11.694993910198711	3.2687060013135917e-6	-179.55221266375034
11.803206356517286	3.2087703417133474e-6	-179.55642909756358
11.912420080273739	3.1499391685368045e-6	-179.56060373406876
12.022644346174118	3.0921913387058067e-6	-179.5647373399684
12.133888504649763	3.0355064545201874e-6	-179.56883048700988
12.246161992650476	2.9798646456019325e-6	-179.57288366979407
12.359474334445094	2.925246483408645e-6	-179.57689734576016
12.47383514242942	2.8716329403818143e-6	-179.58087195130378
12.589254117941662	2.819005366745539e-6	-179.58480790914206
12.705741052085406	2.76734547518233e-6	-179.5887056320226
12.823305826560205	2.716635329384939e-6	-179.59256552474673
12.941958414499851	2.6668573346825115e-6	-179.5963879853513
13.061708881318404	2.617994229865443e-6	-179.60017340584278
13.182567385564061	2.5700290797553455e-6	-179.60392217267992
13.304544179780901	2.522945268272171e-6	-179.60763466710884
13.427649611378628	2.476726491856371e-6	-179.61131126540747
13.551894123510351	2.431356753161023e-6	-179.61495233907266
13.67728825595848	2.3868203549610746e-6	-179.61855825496997
13.803842646028839	2.3431018942454904e-6	-179.62212937545777
13.931568029453022	2.3001862564694122e-6	-179.62566605849406
14.060475241299129	2.2580586099504325e-6	-179.62916865773053
14.190575216890911	2.2167044003974467e-6	-179.6326375225976
14.321878992735424	2.1761093455635888e-6	-179.6360729983825
14.454397707459265	2.1362594300165406e-6	-179.6394754263019
14.588142602753473	2.097140900020908e-6	-179.64284514357072
14.723125024327178	2.058740258528274e-6	-179.6461824834671
14.859356422870059	2.021044260271138e-6	-179.64948777539502
14.996848355023726	1.9840399069574955e-6	-179.65276134494417
15.135612484362072	1.9477144425630966e-6	-179.65600351394812
15.275660582380716	1.912055348718737e-6	-179.65921460054037
15.417004529495584	1.8770503401901327e-6	-179.6623949192092
15.559656316050734	1.8426873604480614e-6	-179.6655447808508
15.703628043335515	1.8089545773266306e-6	-179.66866449282114
15.848931924611126	1.7758403787676193e-6	-179.67175435898668
15.995580286146678	1.7433333686489262e-6	-179.67481467977402
16.143585568264854	1.7114223626952445e-6	-179.67784575221842
16.292960326397214	1.6800963844691688e-6	-179.68084787001106
16.443717232149307	1.6493446614409712e-6	-179.68382132354606
16.595869074375596	1.6191566211353508e-6	-179.68676639996562
16.749428760264365	1.589521887353543e-6	-179.6896833832052
16.90440931643263	1.5604302764691496e-6	-179.69257255403727
17.060823890031227	1.531871793796185e-6	-179.69543419011444
17.21868574986006	1.5038366300277975e-6	-179.69826856601196
17.378008287493746	1.4763151577442031e-6	-179.70107595326922
17.5388050184176	1.4492979279884113e-6	-179.70385662043066
17.701089583174202	1.4227756669083192e-6	-179.70661083308593
17.864875748520497	1.396739272463834e-6	-179.70933885390957
18.03017740859568	1.3711798111976736e-6	-179.7120409426995
18.197008586099827	1.3460885150685536e-6	-179.71471735641558
18.365383433483455	1.3214567783454856e-6	-179.71736834921694
18.535316234148105	1.2972761545619398e-6	-179.71999417249907
18.706821403657997	1.2735383535286772e-6	-179.72259507493015
18.879913490962927	1.2502352384040299e-6	-179.72517130248687
19.054607179632463	1.2273588228205136e-6	-179.72772309848958
19.230917289101576	1.2049012680665895e-6	-179.73025070363727
19.408858775927772	1.1828548803225166e-6	-179.73275435604134
19.58844673505989	1.1612121079491593e-6	-179.73523429125967
19.769696401118598	1.1399655388287337e-6	-179.73769074232968
19.952623149688787	1.1191078977564175e-6	-179.74012393980087
20.137242498623873	1.0986320438818395e-6	-179.74253411176733
20.32357010936221	1.0785309681994272e-6	-179.7449214838993
20.511621788255646	1.058797791086658e-6	-179.74728627947482
20.701413487910415	1.0394257598892585e-6	-179.74962871941045
20.892961308540386	1.0204082465524153e-6	-179.75194902229197
21.086281499332888	1.0017387452970904e-6	-179.75424740440445
21.28139045982711	9.83410870340553e-7	-179.7565240797623
21.47830474130533	9.65418353660241e-7	-179.75877926013848
21.67704104819694	9.477550428001156e-7	-179.76101315509382
21.87761623949552	9.304148987186566e-7	-179.76322597200584
22.080047330188993	9.133919936776906e-7	-179.76541791609725
22.28435149270303	8.966805091712394e-7	-179.76758919046432
22.490546058357804	8.80274733893616e-7	-179.7697399961048
22.698648518838212	8.641690617459889e-7	-179.77187053194584
22.908676527677724	8.483579898806656e-7	-179.7739809948716
23.12064790175594	8.328361167823614e-7	-179.77607157975064
23.33458062281002	8.175981403857265e-7	-179.7781424794632
23.55049283896009	8.026388562284276e-7	-179.78019388492854
23.76840286624876	7.87953155639092e-7	-179.78222598513173
23.9883291901949	7.735360239594366e-7	-179.784238967151
24.210290467361776	7.593825387999139e-7	-179.7862330161846
24.434305526939713	7.45487868328229e-7	-179.7882083155779
24.660393372343385	7.318472695900934e-7	-179.79016504685043
24.888573182823905	7.184560868615839e-7	-179.79210338972334
25.118864315095795	7.053097500325021e-7	-179.7940235221466
25.351286304979073	6.924037730201334e-7	-179.79592562032673
25.58585886905645	6.797337522128227e-7	-179.7978098587548
25.82260190634596	6.672953649427873e-7	-179.79967641023475
26.06153549998895	6.550843679876107e-7	-179.8015254459121
26.302679918953814	6.430965960998626e-7	-179.80335713530346
26.54605561975539	6.313279605643096e-7	-179.80517164632627
26.791683248190314	6.19774447782182e-7	-179.80696914532976
27.039583641088434	6.084321178819892e-7	-179.8087497971265
27.289777828080403	5.972971033563684e-7	-179.81051376502506
27.542287033381662	5.863656077244734e-7	-179.812261210864
27.797132677592884	5.756339042194224e-7	-179.81399229504711
28.05433637951713	5.650983345003212e-7	-179.81570717658022
28.31391995799379	5.547553073884043e-7	-179.81740601311014
28.575905433749465	5.446012976268348e-7	-179.81908896096542
28.84031503126606	5.346328446637145e-7	-179.82075617519956
29.10717118066605	5.248465514578794e-7	-179.82240780963753
29.376496519615305	5.152390833070374e-7	-179.8240440169248
29.648313895243422	5.058071666978508e-7	-179.82566494858062
29.92264636608189	4.965475881775397e-7	-179.82727075505545
30.19951720402016	4.874571932466219e-7	-179.8288615857933
30.4789498962798	4.785328852723941e-7	-179.8304375892998
30.76096814740705	4.6977162442277513e-7	-179.83199891321684
31.045595881283525	4.611704266201585e-7	-179.833545704405
31.332857243155825	4.527263625148915e-7	-179.83507810903455
31.62277660168376	4.444365564780558e-7	-179.83659627268722
31.91537855100758	4.362981856132023e-7	-179.83810034046928
32.21068791283432	4.283084787867177e-7	-179.8395904571393
32.50872973854341	4.204647156765101e-7	-179.84106676725207
32.80952931131187	4.1276422583871236e-7	-179.84252941532148
33.11311214825908	4.052043877921189e-7	-179.8439785460064
33.41950400261139	3.9778262812008456e-7	-179.84541430432338
33.72873086588685	3.904964205896294e-7	-179.8468368358905
34.040818970100055	3.83343285287518e-7	-179.84824628720972
34.35579478998743	3.7632078777309446e-7	-179.84964280599317
34.67368504525313	3.6942653824769073e-7	-179.85102654154426
34.994516702835696	3.6265819074043993e-7	-179.85239764520276
35.318316979195664	3.5601344231037597e-7	-179.85375627086842
35.64511334262439	3.494900322647264e-7	-179.8551025756191
35.9749335155742	3.430857413933626e-7	-179.8564367204447
36.3078054770101	3.367983912194314e-7	-179.8577588711223
36.64375746478329	3.306258432662508e-7	-179.85906919926524
36.98281797802659	3.2456599834066404e-7	-179.86036788358834
37.32501577957203	3.18616795833132e-7	-179.8616551114408
37.670379898390856	3.1277621303500586e-7	-179.86293108067554
38.01893963205609	3.0704226447358616e-7	-179.86419600194256
38.370724549227845	3.014130012658089e-7	-179.86545010152042
38.72576449216169	2.9588651049169143e-7	-179.86669362483622
39.08408957924017	2.9046091458905636e-7	-179.86792684087305
39.44573020752781	2.851343707715543e-7	-179.86915004773178
39.81071705534969	2.7990507047267115e-7	-179.87036357970555
40.17908108489396	2.74771238819295e-7	-179.8715678163591
40.55085354483835	2.697311341396106e-7	-179.8727631942891
40.92606597300105	2.6478304751169955e-7	-179.87395022251147
41.304750199016105	2.599253023614167e-7	-179.87512950281405
41.68693834703351	2.551562541210989e-7	-179.8763017569938
42.07266283844438	2.504742899647258e-7	-179.87746786377477
42.46195639463126	2.458778286406219e-7	-179.87862890954705
42.85485203974392	2.4136532042992773e-7	-179.87978625916773
43.251383103500835	2.3693524726766023e-7	-179.88094165641792
43.65158322401656	2.325861230711991e-7	-179.88209736918526
44.0554863506553	2.283164943200375e-7	-179.88325640360495
44.46312674691084	2.2412494089007273e-7	-179.88442282714698
44.87453899331318	2.2001007695203876e-7	-179.88560226848873
45.28975799036204	2.1597055093002775e-7	-179.8868027125008
45.708818961487474	2.1200503976653843e-7	-179.88803580038316
46.13175745603791	2.0811221021814968e-7	-179.88931898283107
46.55860935229586	2.0429037326211423e-7	-179.89067823508367
46.98941086052151	2.005660652582989e-7	-179.89164580074078
47.42419852602443	1.968632667386512e-7	-179.89384831524472
47.8630092322638	1.9325094929212566e-7	-179.89588246401928
48.30588020397723	1.8970782565413223e-7	-179.89855110298964
48.7528490103386	1.862337869729221e-7	-179.90250230204563
49.20395356814506	1.828298445145284e-7	-179.90938201400877
49.65923214503358	1.7949584468488164e-7	-179.92403895016648
50.118723362727195	1.7620269908081586e-7	-179.96014777098858
50.58246620031137	1.7279088186561991e-7	-179.99876341987596
51.0504999975406	1.6947795263479525e-7	-179.95441988732873
51.52286445817562	1.6637573843070377e-7	-179.92444622597006
51.99959965335157	1.6333805784830207e-7	-179.9134278548128
52.48074602497723	1.6034724412115796e-7	-179.90908411988033
52.966344389165755	1.5740465020964619e-7	-179.9072973492512
53.45643593969714	1.545116806408766e-7	-179.9066489838403
53.95106225151273	1.5166882385731227e-7	-179.9065719966411
54.450265284242086	1.4887598983785228e-7	-179.90680859481265
54.95408738576243	1.4613276726506719e-7	-179.90722907645764
55.462571295791044	1.434385670603762e-7	-179.90776277216747
55.97576014951099	1.4079270069953289e-7	-179.9083686467235
56.49369748123023	1.3819442405322821e-7	-179.90902160782557
57.01642722807472	1.356429628035838e-7	-179.90970564284754
57.543993733715666	1.3313752769263966e-7	-179.91041016177402
58.07644175213118	1.3067732395263017e-7	-179.91112794590302
58.61381645140285	1.2826155728837768e-7	-179.91185394585423
59.15616341754737	1.2588943774936565e-7	-179.91258455024368
59.70352865838366	1.2356018227179625e-7	-179.9133171259298
60.255958607435744	1.212730163600555e-7	-179.91404972057077
60.81350012787176	1.190271751980095e-7	-179.9147808652427
61.37620051647939	1.1682190437443579e-7	-179.9155094404612
61.94410750767812	1.1465646034226805e-7	-179.91623458337517
62.51726927756855	1.1253011069099672e-7	-179.91695562229066
63.0957344480193	1.1044213428581793e-7	-179.91767202970033
63.67955209079155	1.0839182131033802e-7	-179.91838338807062
64.26877173170195	1.0637847323849122e-7	-179.91908936456846
64.86344335482381	1.0440140275378432e-7	-179.91978969214662
65.46361740672747	1.0245993362879504e-7	-179.9204841552134
66.06934480075958	1.0055340057422561e-7	-179.921172578649
66.68067692136219	9.868114906423695e-8	-179.92185481929246
67.29766562843174	9.68425351429354e-8	-179.92253075927167
67.92036326171844	9.50369252155226e-8	-179.9232003007202
68.54882264526613	9.326369582660688e-8	-179.92386336154703
69.18309709189363	9.152223342740199e-8	-179.9245198720103
69.82324040771712	8.981193413294408e-8	-179.92516977190874
70.46930689671467	8.813220346997702e-8	-179.9258130082494
71.12135136533288	8.648245611576699e-8	-179.92644953328283
71.77942912713615	8.486211562777073e-8	-179.92707930282185
72.44359600749898	8.327061416378741e-8	-179.9277022747771
73.11390834834172	8.170739219194805e-8	-179.92831840785695
73.79042301291008	8.017189818963462e-8	-179.92892766038887
74.47319739059888	7.866358833015266e-8	-179.92952998922604
75.16228940182053	7.718192615570688e-8	-179.93012534871028
75.85775750291836	7.57263822349325e-8	-179.93071368966406
76.55966069112561	7.429643380290891e-8	-179.93129495838897
77.26805850957021	7.289156438121939e-8	-179.93186909564767
77.98301105232578	7.15112633752053e-8	-179.93243603560956
78.70457896950977	7.015502564508743e-8	-179.9329957047377
79.43282347242805	6.882235104707746e-8	-179.9335480205959
80.16780633876782	6.751274393995216e-8	-179.9340928905524
80.90958991783813	6.622571265180836e-8	-179.93463021035407
81.65823713585914	6.496076890081692e-8	-179.93515986254295
82.41381150130013	6.371742716272574e-8	-179.9356817146816
83.176377110267	6.249520397658979e-8	-179.9361956173493
83.94599865193965	6.129361717867577e-8	-179.93670140186435
84.72274141405954	6.011218505265072e-8	-179.9371988776789
85.50667128846823	5.8950425381935184e-8	-179.93768782938338
86.29785477669692	5.780785438739909e-8	-179.93816801324346
87.09635899560797	5.6683985530274414e-8	-179.93863915317658
87.90225168308834	5.557832815611269e-8	-179.93910093605504
88.71560120379598	5.4490385950625746e-8	-179.93955300619638
89.53647655495928	5.3419655172072226e-8	-179.93999495886843
90.36494737223005	5.236562261716202e-8	-179.94042633259562
91.20108393559087	5.132776326782579e-8	-179.94084659999902
92.04495717531702	5.03055375540765e-8	-179.94125515683209
92.89663867799354	4.929838815283869e-8	-179.94165130878602
93.75620069258792	4.830573622304881e-8	-179.94203425551808
94.6237161365792	4.73269769522065e-8	-179.9424030712017
95.4992586021435	4.636147425707973e-8	-179.94275668068826
96.38290236239695	4.540855443895801e-8	-179.9430938300908
97.2747223776964	4.446749853829073e-8	-179.94341305022147
98.17479430199833	4.3537533059962054e-8	-179.94371261079291
99.08319448927665	4.261781864210063e-8	-179.94399046257445
99.9999999999999	4.170743610857504e-8	-179.9442441636831